550
582
560
583
556
560
553
547
548
541
530
520
517
521
512
507
501
501
511
517
509
515
526
530
530
536
527
530
531
535
1061
530
529
532
533
529
524
522
521
525
528
537
533
537
549
548
548
549
554
558
554
555
559
564
561
572
573
568
564
571
570
568
564
561
555
546
538
529
524
529
535
549
560
557
577
595
599
578
585
586
574
574
576
572
561
564
564
567
565
563
571
568
579
582
587
575
571
574
569
559
565
569
561
575
583
598
595
571
576
570
572
564
564
563
564
573
563
560
563
563
563
556
557
558
562
554
554
552
553
558
568
572
564
580
583
585
572
579
580
581
572
571
580
582
572
590
588
576
584
589
592
587
592
605
615
596
603
612
629
627
604
643
646
667
647
646
625
598
590
579
567
567
565
566
557
563
573
580
585
587
608
615
623
608
620
616
607
595
602
600
597
582
588
596
605
609
595
603
611
618
611
615
617
620
605
611
613
607
596
603
605
610
592
597
601
595
594
601
606
602
597
603
608
612
604
606
617
624
623
609
622
624
628
610
621
616
611
602
610
609
602
589
592
596
601
593
603
609
611
600
604
604
594
590
599
599
594
588
595
601
598
585
592
598
605
595
597
605
605
604
589
592
595
598
593
586
593
594
592
587
594
599
608
598
601
608
611
603
599
603
609
602
595
602
603
608
598
602
604
610
601
605
604
608
602
596
601
602
594
590
592
596
596
585
587
587
591
588
594
594
589
596
600
605
602
602
600
591
580
585
583
578
582
570
565
569
576
590
600
593
598
604
595
600
594
600
605
593
603
599
587
592
582
573
566
563
571
571
595
631
658
675
654
645
622
606
600
600
588
572
571
568
562
558
553
554
551
551
549
555
560
560
563
572
582
604
615
606
609
603
593
582
587
593
599
601
599
592
599
604
608
600
607
617
626
616
620
634
645
636
631
640
642
646
622
627
625
609
598
604
607
615
607
603
614
621
614
606
620
633
638
625
637
646
647
621
627
628
633
610
612
622
615
605
611
620
634
624
620
629
636
639
626
620
627
630
619
614
630
640
659
646
643
649
660
657
642
650
641
639
635
636
623
617
618
609
618
597
597
603
603
609
623
634
638
639
629
618
610
603
593
577
578
583
593
606
614
620
630
615
626
638
651
630
638
646
658
652
646
641
630
621
617
594
592
596
580
587
595
642
675
690
687
667
637
641
641
636
622
631
627
637
646
655
655
653
638
644
646
652
657
642
645
652
658
650
640
643
648
634
613
602
596
613
632
646
662
664
657
639
648
650
649
646
650
646
632
639
632
640
634
651
647
657
638
645
649
641
627
632
635
638
640
633
637
641
645
628
634
633
637
636
626
637
644
645
637
622
630
636
637
632
621
629
636
637
621
619
623
629
623
613
626
632
640
622
627
628
618
612
626
638
642
653
658
668
679
672
662
640
627
623
624
621
625
624
621
615
608
610
619
626
637
620
626
637
643
624
621
627
634
644
633
635
643
643
642
627
640
638
638
622
629
645
652
658
645
652
660
660
646
655
656
654
638
644
642
642
624
625
629
636
625
623
635
644
642
629
642
651
655
639
634
646
649
646
615
619
608
603
595
597
596
590
592
594
599
592
594
605
616
627
618
615
618
624
610
595
599
602
611
608
601
609
621
628
631
617
632
637
643
626
632
636
645
635
618
629
628
621
608
616
619
624
611
619
625
634
631
629
644
654
660
643
640
646
654
651
631
635
639
643
633
636
652
661
660
642
645
645
636
618
629
638
644
637
644
657
663
641
650
646
642
623
626
627
631
619
615
629
634
640
625
633
644
650
629
631
622
626
610
607
598
606
613
617
613
610
618
624
633
630
615
620
617
612
596
601
605
608
603
607
625
635
642
641
662
666
673
655
657
654
646
623
607
612
623
638
634
614
623
612
629
643
646
628
625
644
648
645
633
643
650
649
636
640
646
651
650
640
656
655
643
647
656
664
655
646
660
660
647
630
645
643
643
618
628
637
641
633
649
659
659
630
638
630
620
623
636
650
654
640
657
651
646
639
652
661
663
665
680
671
667
655
667
683
694
691
649
627
623
609
611
612
615
623
607
600
600
606
610
619
607
605
612
622
636
627
642
649
643
631
613
618
616
622
624
612
625
639
658
660
653
652
644
618
618
628
634
614
606
618
636
643
660
657
644
636
623
593
594
587
583
584
582
580
581
579
576
575
564
551
559
565
580
583
603
612
626
638
645
634
632
620
600
591
583
579
586
591
606
607
625
639
678
708
697
714
686
692
684
666
656
620
603
600
597
600
604
602
611
630
641
655
655
642
632
631
620
591
592
589
601
620
650
676
675
677
681
666
660
644
649
643
634
625
618
597
591
591
587
578
585
604
621
640
647
636
258
354
614
638
648
649
641
650
658
639
637
644
649
647
628
631
636
642
636
626
621
616
615
624
621
619
628
635
634
624
635
643
652
640
635
646
653
646
624
632
640
661
671
669
668
685
696
705
683
669
674
682
672
658
666
673
681
675
664
680
679
678
667
669
668
663
643
654
656
664
644
646
664
676
687
673
661
673
670
667
645
667
683
684
662
660
688
691
686
664
659
672
688
690
679
690
685
673
653
657
663
670
652
646
659
668
642
630
636
646
640
629
642
647
650
646
657
659
660
646
656
660
653
635
633
641
657
643
644
658
670
647
631
634
643
643
636
652
664
680
685
674
673
681
688
677
667
674
684
684
663
671
675
676
659
655
669
671
676
659
674
666
660
645
656
657
653
630
609
593
607
612
628
638
646
651
654
645
631
628
629
631
633
626
639
650
657
656
642
654
657
654
638
650
644
642
631
637
638
646
637
628
641
633
632
624
633
635
631
626
640
636
626
619
624
628
632
624
632
638
640
632
621
631
634
640
625
626
628
626
618
616
624
632
623
620
625
634
628
632
638
644
626
624
641
645
646
642
654
653
655
643
663
672
700
708
729
727
717
733
730
712
720
702
674
646
633
630
612
614
621
634
641
631
643
646
653
643
648
661
667
667
647
648
659
672
690
679
659
668
670
667
653
660
670
677
667
651
666
673
676
668
675
695
702
698
670
653
649
651
644
630
642
655
666
655
648
662
680
672
645
641
646
657
661
646
650
659
663
675
660
668
674
679
665
653
657
659
659
650
665
674
674
659
665
668
674
666
655
658
660
660
647
665
668
671
653
652
656
659
632
627
645
654
649
641
652
655
662
655
658
657
641
625
626
623
607
600
599
592
584
579
575
570
571
567
573
580
591
597
596
601
610
623
620
607
612
608
610
606
614
622
638
656
644
630
607
604
604
609
614
607
610
628
634
627
638
648
650
639
630
643
646
649
646
628
632
627
619
606
603
614
620
635
635
646
666
671
650
649
644
627
604
597
604
613
614
605
614
639
638
627
620
618
611
601
605
610
610
608
598
593
598
604
611
615
611
614
622
627
618
623
619
609
608
609
613
620
628
627
626
629
630
636
635
621
623
625
633
631
632
636
646
660
634
643
633
618
616
602
594
588
598
600
595
592
585
583
579
576
571
576
608
658
672
644
626
623
630
633
623
630
645
639
625
627
635
646
622
614
625
625
619
612
622
634
640
622
606
608
607
598
590
594
603
609
602
602
610
619
608
600
603
602
590
582
590
596
605
601
605
617
624
613
602
600
609
619
614
608
618
621
609
599
598
604
607
598
600
610
613
602
590
596
604
608
604
605
611
613
602
605
604
602
592
588
597
600
591
589
595
604
616
604
611
624
628
617
615
634
644
641
628
630
641
648
636
621
628
635
646
631
616
618
627
628
618
630
645
650
639
649
655
653
636
621
619
615
609
614
625
632
624
612
621
634
641
643
634
640
648
640
617
616
625
636
646
628
645
654
673
655
643
647
657
623
597
583
589
606
616
639
649
657
663
658
648
637
626
619
633
640
650
663
662
674
666
650
639
637
637
630
619
628
633
641
621
629
609
598
595
594
589
578
577
574
564
562
564
563
566
576
586
604
604
594
603
611
615
602
606
615
621
625
615
603
608
620
625
620
630
625
630
624
626
626
627
632
620
625
634
641
646
631
634
627
630
616
622
627
635
624
623
629
641
646
623
630
650
662
661
651
619
614
603
610
621
637
650
638
623
625
633
639
644
655
640
641
638
650
638
628
642
647
658
651
650
666
682
673
660
661
665
653
643
659
679
692
675
677
683
688
673
647
641
636
627
609
620
632
645
646
638
654
663
665
645
654
644
632
615
616
627
636
636
618
632
642
662
672
652
656
673
674
681
665
652
661
666
661
649
654
655
648
620
618
640
659
665
656
681
695
703
679
687
681
666
624
619
627
635
646
627
634
643
657
639
632
647
660
662
649
671
683
690
674
659
660
665
652
636
649
653
650
644
656
668
687
669
674
673
674
659
649
656
663
657
651
668
664
655
644
657
661
667
648
655
649
650
634
639
640
642
620
614
626
641
629
612
625
640
645
633
645
655
652
633
639
639
646
642
633
648
657
669
651
670
677
672
636
640
643
646
624
615
622
628
610
610
613
624
611
604
608
616
608
594
608
608
602
582
585
592
599
597
590
594
597
600
588
583
591
595
589
597
599
607
603
594
596
598
594
577
572
576
581
582
583
597
610
624
613
613
620
626
622
608
624
635
642
626
609
617
624
634
621
612
619
623
613
598
600
605
610
604
604
619
633
628
611
606
604
607
595
597
612
617
607
581
575
574
576
574
567
568
572
574
568
562
557
553
548
545
545
543
543
552
566
579
576
564
576
590
598
599
587
599
613
626
608
591
602
611
615
610
638
649
660
646
644
643
652
634
627
651
647
634
631
651
670
666
646
664
675
685
663
639
632
625
602
593
605
632
647
641
679
705
714
674
662
649
657
648
620
635
655
677
662
632
636
646
651
638
643
646
631
604
600
599
601
604
614
634
640
626
632
646
658
644
645
631
616
595
582
583
573
576
587
603
619
610
632
649
670
677
645
644
644
641
624
596
594
597
609
622
617
639
649
659
635
660
683
701
651
611
606
609
623
624
609
600
608
618
626
621
604
613
607
607
594
585
586
598
617
601
607
614
620
616
601
615
634
650
649
632
614
622
629
634
640
628
630
635
635
620
603
608
615
631
612
599
615
628
619
609
623
636
649
628
625
622
624
613
598
606
614
604
595
607
618
630
626
616
623
630
646
646
646
651
645
630
604
604
616
630
632
627
639
658
681
674
654
646
648
647
637
618
640
637
630
603
617
630
628
613
603
602
607
594
600
616
633
628
617
623
618
606
254
925
582
567
562
560
561
555
547
546
548
555
556
569
579
598
610
630
661
646
637
630
600
603
606
595
597
605
611
584
582
584
592
597
586
604
626
634
609
599
607
623
616
597
602
601
613
624
614
622
625
631
617
618
633
643
636
635
654
642
638
616
606
613
625
629
617
638
659
676
654
652
651
649
626
625
639
658
632
612
625
643
644
623
623
637
647
647
628
631
629
630
613
616
626
635
616
616
626
632
623
612
622
625
627
612
619
628
642
643
627
628
640
643
621
614
619
627
612
603
611
622
645
625
621
620
633
633
606
609
612
620
604
608
623
645
638
613
616
622
624
604
608
617
626
612
616
620
634
625
621
642
649
651
637
609
620
631
639
623
619
630
641
633
615
628
626
623
604
608
617
630
643
625
624
625
630
629
611
625
639
666
670
650
648
665
672
670
639
629
641
649
652
624
608
609
608
593
606
610
612
604
595
607
620
629
606
608
613
618
624
623
633
646
658
649
645
648
651
645
625
634
642
649
639
624
628
615
606
634
662
691
679
665
670
689
671
648
652
645
646
626
614
615
625
627
625
657
694
729
729
697
704
677
660
640
637
643
653
648
618
646
668
668
651
632
646
668
702
709
705
721
716
705
695
668
643
646
656
656
636
638
646
653
634
629
654
665
661
646
642
659
661
666
656
644
648
657
663
667
655
656
666
672
671
644
634
649
660
668
667
640
645
648
651
650
633
641
658
675
679
656
654
637
629
616
623
625
630
609
610
622
623
611
598
609
628
638
630
621
635
645
637
615
627
633
644
633
634
646
657
646
625
644
654
679
680
661
666
667
662
643
625
634
634
625
608
610
620
598
580
565
573
588
602
615
621
614
593
594
589
589
584
571
568
570
567
570
570
568
572
575
570
571
572
570
563
565
566
568
564
562
565
573
579
582
577
584
593
601
604
597
593
600
602
616
628
611
611
604
594
580
572
579
586
595
591
593
611
621
623
625
639
643
644
631
640
641
643
632
631
645
645
652
645
647
656
660
646
632
644
643
646
632
636
634
616
602
601
604
617
619
618
625
632
624
613
620
620
633
624
613
614
615
613
605
601
610
623
645
629
629
639
638
632
617
623
632
630
617
616
630
636
643
646
647
640
651
657
669
662
649
664
666
667
657
650
662
657
656
643
634
644
646
662
656
652
659
660
654
655
665
669
666
650
652
644
633
614
613
625
638
643
648
669
692
689
694
662
644
636
629
617
610
619
638
662
672
652
660
647
617
608
611
609
599
587
587
589
589
585
577
578
581
583
583
576
585
592
593
582
577
583
594
610
637
633
624
641
643
653
628
612
611
612
600
592
604
630
654
648
633
653
656
662
649
636
659
655
661
652
626
630
647
651
643
639
646
664
648
630
636
637
633
620
627
644
655
646
634
649
664
675
672
647
657
644
638
612
604
611
610
619
607
610
633
651
633
633
642
642
613
609
611
608
604
597
601
602
609
602
589
600
612
646
658
646
624
638
644
650
644
649
675
694
692
673
662
672
658
650
629
634
640
651
636
632
645
655
650
628
636
646
646
629
614
616
613
608
597
592
601
613
622
609
619
629
644
633
646
646
652
636
623
630
645
669
656
660
666
662
640
623
624
630
617
604
621
643
700
700
695
705
705
677
656
646
637
612
598
607
629
681
662
645
647
658
664
642
650
662
669
646
673
670
663
643
638
651
658
670
650
642
646
636
623
605
606
615
631
612
610
626
648
655
655
680
668
683
660
636
645
637
616
598
606
619
648
637
634
646
670
667
641
653
651
631
613
624
629
633
622
638
651
679
667
642
630
629
614
607
607
600
600
579
567
566
564
568
576
585
577
584
597
608
616
606
626
649
663
674
680
664
657
657
656
649
629
643
644
645
646
630
644
662
691
702
675
671
691
695
695
672
645
653
660
679
661
637
639
644
652
628
617
625
645
641
625
627
624
636
621
624
628
642
649
632
646
636
645
626
621
639
652
676
684
645
638
639
650
651
626
629
638
649
640
642
663
666
655
641
653
655
648
630
656
669
666
648
641
642
646
641
629
631
646
655
641
632
642
656
663
661
659
673
678
659
635
632
640
649
644
647
669
703
701
667
657
664
672
675
647
634
634
638
643
631
643
656
674
641
622
628
622
604
603
605
592
596
615
628
618
605
624
633
641
630
628
652
673
689
680
657
654
667
669
668
646
633
642
645
633
628
649
672
688
673
685
702
705
696
667
666
656
662
658
637
639
643
657
675
650
667
685
709
691
675
687
692
696
664
668
656
626
600
584
572
585
620
652
671
686
692
683
636
643
639
647
641
641
645
649
643
647
654
631
612
622
620
629
621
607
612
629
646
664
635
627
619
624
608
597
602
610
626
620
612
626
639
648
624
614
614
621
611
610
623
630
615
620
620
605
621
626
632
631
625
605
589
568
557
546
539
534
528
524
524
517
519
522
530
543
549
547
537
534
540
537
550
554
562
569
567
561
564
561
549
545
547
553
563
575
568
573
574
552
551
552
556
557
555
567
583
588
609
616
621
609
608
610
614
604
594
600
612
621
634
619
620
633
652
660
647
630
632
629
626
614
605
612
636
645
635
618
623
642
655
646
625
628
627
635
621
603
595
590
578
593
605
602
613
629
640
650
648
627
624
614
618
612
607
617
631
651
649
647
653
663
670
675
680
663
657
639
642
651
674
674
653
671
658
688
657
642
655
661
633
625
638
656
663
656
651
642
628
617
582
570
567
565
566
564
570
569
563
566
575
574
588
577
581
576
576
559
548
550
565
609
607
612
599
582
564
555
558
559
561
560
533
529
532
545
571
589
605
608
596
593
580
571
586
584
592
579
566
563
571
574
572
574
564
561
548
553
556
568
586
583
573
576
581
572
564
563
556
556
544
534
540
555
585
595
609
600
565
562
555
558
568
580
586
581
585
584
582
579
570
547
540
534
529
529
537
542
574
613
627
632
646
648
635
634
607
595
582
574
570
550
546
557
564
600
611
635
634
623
617
595
575
542
538
539
545
586
613
625
622
625
620
633
622
622
620
602
564
551
549
553
563
573
590
582
583
582
577
568
554
548
545
551
547
554
560
572
582
617
599
602
590
607
593
602
584
588
579
576
574
550
535
532
538
541
552
565
571
565
555
550
555
543
540
540
532
526
531
554
566
576
591
581
567
548
553
561
560
554
553
540
528
526
534
561
586
601
604
598
593
584
577
563
556
543
525
523
532
551
592
641
668
668
659
652
632
618
604
586
580
569
561
536
536
536
533
549
561
583
606
624
623
586
574
571
582
590
589
596
603
600
596
590
589
586
580
589
597
602
603
596
568
545
545
552
559
580
596
591
582
583
569
574
563
565
546
529
533
551
603
655
678
694
664
645
641
616
608
583
563
547
551
552
532
532
530
537
555
552
577
572
588
600
593
588
580
568
558
534
528
526
528
547
549
574
580
603
639
651
657
648
634
617
588
593
597
610
612
615
627
628
622
604
592
574
557
536
538
546
562
589
637
684
699
688
699
638
600
604
618
644
662
670
656
641
623
598
584
566
545
547
553
571
600
612
649
637
630
616
593
559
542
547
562
596
628
656
690
726
704
703
674
653
638
620
582
574
574
587
604
592
577
574
589
598
617
636
639
633
602
604
583
586
584
589
610
618
627
620
625
609
625
626
622
609
599
585
587
578
576
566
544
544
550
561
586
620
621
622
624
634
622
615
602
569
559
552
557
580
616
639
644
641
597
588
587
602
612
624
609
609
587
586
583
585
587
572
579
577
589
602
601
606
611
619
613
599
589
582
574
569
564
569
569
548
550
564
584
595
599
590
591
587
584
577
568
569
569
560
563
560
562
556
559
560
559
560
554
581
602
615
614
577
558
573
587
601
621
639
638
658
641
622
611
602
575
569
565
583
598
612
620
646
649
625
620
608
602
580
563
559
568
578
599
624
621
631
625
598
588
586
604
619
624
631
618
606
596
587
577
569
553
543
543
554
581
620
705
693
733
736
722
699
655
651
624
588
578
572
585
616
621
626
622
617
589
588
582
585
607
612
630
645
621
592
590
600
619
644
664
664
651
631
619
611
619
596
586
593
613
642
658
675
685
655
643
626
615
596
578
572
564
564
576
589
596
592
582
581
596
599
607
613
603
603
613
622
637
661
644
641
641
642
653
662
654
644
628
614
610
609
609
604
631
661
660
661
676
661
631
650
671
696
691
669
665
657
667
679
621
600
601
604
605
570
558
556
554
559
566
572
597
599
601
588
589
592
585
599
587
581
581
554
545
545
545
548
552
548
546
550
556
558
559
563
559
557
549
552
562
563
572
572
572
559
563
566
585
591
597
582
584
565
563
561
568
591
608
618
623
622
614
616
607
595
584
576
574
573
571
566
564
569
578
590
588
588
609
645
668
673
657
615
612
600
591
589
595
618
658
646
645
660
692
712
757
739
717
683
653
625
604
591
576
566
561
555
555
551
558
569
585
604
619
616
624
638
652
650
654
665
672
661
654
646
626
626
631
622
604
604
616
615
621
632
638
641
638
631
640
646
659
653
658
696
702
690
658
615
604
603
617
633
648
659
674
664
654
639
620
616
611
615
634
630
628
622
636
627
609
608
619
656
661
687
679
675
654
635
621
595
590
590
602
637
670
681
683
685
701
709
706
702
668
669
673
684
681
670
682
717
716
699
672
659
644
620
629
657
653
639
611
615
1214
583
580
572
573
569
565
569
568
569
573
582
590
596
614
610
612
635
672
691
702
708
715
726
730
726
744
765
772
791
729
691
657
648
672
684
699
665
688
678
664
646
653
649
625
619
636
663
687
697
679
668
664
661
655
634
628
647
669
676
701
710
674
659
662
665
661
645
646
650
659
653
636
654
661
659
644
650
651
678
677
652
666
675
688
671
649
646
653
665
660
648
657
646
646
640
643
638
622
606
601
606
609
613
606
606
612
619
630
632
631
649
659
654
645
648
684
683
690
680
696
711
705
669
652
650
651
649
641
636
639
627
622
641
634
645
670
650
254
359
596
600
608
617
653
668
651
654
644
648
652
651
659
655
652
646
649
651
652
644
650
647
648
632
624
624
622
637
637
645
645
650
631
639
642
646
647
642
650
653
651
648
648
668
695
700
688
693
689
688
680
677
687
689
683
677
687
700
708
706
694
701
707
696
677
647
636
630
611
617
633
624
625
629
638
627
619
622
627
632
633
637
642
649
656
653
662
665
667
655
661
675
677
676
660
679
675
678
670
657
662
664
670
651
654
653
645
640
648
655
658
653
646
653
649
646
646
653
674
686
673
659
658
657
659
659
651
653
659
671
664
649
667
681
688
675
650
650
656
663
663
661
678
690
693
687
679
680
670
650
645
654
673
688
676
683
697
716
710
699
701
697
690
664
669
669
675
673
655
670
681
686
666
667
670
668
672
667
688
700
710
691
689
695
704
694
684
694
693
697
686
675
680
687
672
678
688
704
715
688
698
700
699
688
702
708
696
686
694
693
694
668
670
666
671
670
674
691
684
669
675
688
700
690
690
693
705
701
702
713
717
709
688
694
695
679
670
691
706
707
685
687
682
675
658
672
690
715
712
702
702
713
726
722
694
692
696
697
680
676
688
693
699
685
704
711
714
697
688
693
686
675
694
717
725
707
687
688
694
687
687
719
726
729
716
728
721
711
692
712
717
706
696
711
720
712
686
693
692
682
660
673
680
695
676
679
702
709
695
681
699
694
684
676
685
680
665
646
658
652
646
636
648
651
662
655
655
671
669
663
661
668
671
680
664
668
677
687
658
645
639
626
623
643
641
660
687
701
692
686
681
688
674
675
688
698
699
676
678
685
690
685
674
688
703
711
692
704
706
693
665
674
677
667
656
676
690
704
691
684
697
688
669
656
659
658
653
644
657
667
667
659
671
667
653
641
647
647
646
632
624
629
630
619
614
633
662
705
697
674
690
696
697
681
668
676
692
712
742
751
747
719
729
729
730
706
693
705
707
691
671
671
685
705
694
686
691
699
703
698
712
715
691
683
697
718
716
700
696
704
708
712
693
687
683
678
647
636
649
664
663
656
687
697
695
664
659
673
689
705
703
678
702
714
727
715
704
721
719
722
697
698
697
684
669
680
703
715
685
671
677
682
675
659
685
699
705
684
674
684
686
688
663
664
673
694
711
696
694
706
709
699
679
697
715
702
683
677
688
695
688
678
709
710
714
690
685
683
674
658
654
674
693
702
695
727
750
746
706
700
689
682
669
649
666
670
661
654
666
687
693
660
662
668
667
650
646
657
655
649
631
648
660
680
674
666
685
700
700
682
668
678
672
657
646
655
661
668
631
623
637
645
656
668
640
646
647
646
634
635
647
648
663
660
647
654
657
663
661
666
669
643
649
670
688
692
668
655
664
664
665
649
657
665
670
649
652
669
673
655
633
624
611
611
613
605
625
650
663
646
640
664
672
673
648
664
666
671
668
687
699
701
678
689
690
706
688
685
688
684
667
678
685
679
653
690
2300
739
610
598
590
582
581
594
605
631
623
613
626
643
654
650
652
654
662
657
643
659
666
689
688
679
700
714
692
687
696
700
694
676
687
689
676
660
661
659
651
636
622
626
644
662
650
639
654
677
688
693
681
688
678
677
667
660
677
690
683
666
685
701
726
688
658
672
671
681
690
709
734
729
713
665
659
655
662
652
647
669
709
740
704
707
708
696
667
676
677
684
672
672
696
707
716
705
695
710
707
693
664
670
679
707
692
700
717
719
686
664
667
658
663
655
681
686
662
650
670
689
701
672
677
673
665
649
678
694
705
718
696
695
683
672
654
666
684
710
729
714
730
734
727
697
681
694
701
720
712
698
712
712
706
663
682
699
708
685
693
698
690
660
658
675
676
672
661
680
693
693
677
687
708
697
663
676
679
689
671
691
708
710
668
654
675
680
669
649
664
668
686
657
649
657
671
675
647
662
666
676
677
662
681
691
701
689
691
687
665
652
632
622
616
611
629
624
636
665
684
689
676
663
673
678
677
654
643
652
668
677
662
680
708
711
683
678
695
687
677
653
652
678
734
729
692
709
477
854
637
635
655
658
634
639
640
629
613
617
619
629
621
615
628
634
642
633
647
672
706
693
672
693
690
682
649
645
644
641
616
611
632
657
643
644
661
703
715
673
653
635
639
648
651
619
612
600
601
610
629
632
609
601
598
612
631
650
664
665
648
621
626
630
646
658
665
639
617
619
626
644
638
661
665
665
669
649
646
636
626
606
609
629
660
695
717
745
709
649
642
646
640
634
621
636
659
670
648
632
633
653
692
711
697
682
696
720
738
701
676
700
738
749
715
729
738
741
713
738
753
780
742
744
724
711
678
695
716
762
743
765
790
828
768
724
738
749
760
755
735
759
760
760
730
759
763
760
720
736
746
771
760
729
739
738
729
697
721
746
790
743
703
723
748
786
767
727
740
751
752
720
771
757
750
731
753
746
698
671
669
692
742
737
712
724
734
740
705
704
713
719
694
695
714
731
724
696
714
732
719
688
698
717
726
711
701
716
735
748
713
729
737
759
718
697
709
719
728
688
684
700
709
698
704
751
774
775
713
697
714
738
756
774
753
724
738
737
728
722
728
767
787
766
714
729
734
751
709
729
729
721
695
704
718
719
694
698
713
698
691
718
722
693
677
698
726
742
701
695
711
723
726
704
736
733
767
729
688
674
665
677
676
654
669
711
780
796
744
738
735
737
730
726
752
755
751
703
688
702
725
737
685
679
688
705
713
678
690
704
700
675
677
708
719
710
694
724
734
750
720
730
748
752
732
767
767
780
751
743
746
733
710
715
717
710
688
720
729
742
714
727
740
758
742
756
752
744
703
688
710
729
715
704
727
743
738
694
712
719
725
704
699
722
726
687
670
685
698
702
698
728
346
347
665
660
646
624
606
592
589
593
592
603
613
611
622
641
646
649
646
640
660
686
710
733
750
701
720
723
730
700
698
710
716
695
686
712
714
712
690
714
718
731
717
707
721
718
698
689
726
766
806
747
756
755
761
736
751
741
719
727
737
738
715
724
725
717
688
704
710
711
688
707
717
715
684
701
715
723
695
729
741
754
716
704
708
708
694
703
731
768
750
759
780
792
771
761
747
710
691
695
702
695
688
715
743
737
729
753
749
723
722
717
701
677
688
717
743
761
733
764
766
749
710
715
714
725
708
676
679
697
729
715
714
723
720
698
688
699
723
713
689
705
716
715
693
709
741
771
741
728
761
762
750
721
723
752
756
774
736
761
771
771
746
735
758
755
709
706
742
754
740
693
703
724
746
744
721
733
731
716
696
706
720
707
695
719
724
709
694
719
724
720
724
746
736
694
662
639
627
630
650
649
639
659
662
671
670
662
679
701
708
677
672
679
688
688
681
710
738
729
690
729
741
738
701
729
726
728
702
701
729
757
776
758
741
785
771
740
716
729
741
726
688
692
717
744
712
730
735
719
703
709
716
684
690
705
717
692
703
723
700
668
655
667
698
733
753
731
729
725
728
718
718
739
750
726
718
740
734
709
699
718
728
725
723
745
751
718
696
712
732
737
713
741
749
723
708
724
714
691
688
703
704
688
695
715
737
730
721
748
748
751
706
708
688
681
663
694
731
729
700
728
738
738
714
703
720
729
725
701
735
760
771
734
764
747
731
696
718
724
745
719
712
730
735
716
706
722
738
729
701
725
723
702
672
676
682
678
661
682
701
729
715
705
718
736
718
711
715
714
706
694
729
759
773
748
751
763
765
738
703
729
729
727
686
689
707
716
692
690
722
742
745
716
723
747
746
706
709
720
721
702
709
731
745
712
729
748
757
739
718
730
739
724
712
738
756
738
716
725
735
704
699
725
742
746
712
730
731
728
698
716
738
746
714
720
732
744
720
700
724
716
717
697
705
718
724
691
694
715
719
683
666
691
706
713
693
706
713
711
688
690
715
720
717
689
703
707
694
672
683
688
676
663
692
706
712
690
713
714
721
685
704
716
730
731
710
730
742
721
710
720
716
692
659
669
670
660
656
676
708
710
689
701
717
714
694
697
724
741
742
723
728
745
763
753
723
741
742
717
681
678
660
659
639
644
660
659
656
682
691
704
700
676
688
681
670
666
688
724
765
762
759
791
785
771
770
764
762
725
734
742
746
729
754
766
769
741
752
751
735
716
731
739
759
724
729
742
732
695
696
698
701
689
719
735
750
732
727
747
750
746
711
720
733
740
733
709
725
729
718
690
714
714
717
692
663
655
657
680
698
682
654
652
684
699
707
712
710
713
708
690
701
708
729
719
709
684
681
684
686
702
688
690
698
693
684
675
708
708
705
684
680
690
688
666
652
656
653
661
657
666
676
679
664
658
675
679
695
681
670
678
686
684
689
662
659
678
674
670
659
674
688
692
690
688
708
708
693
683
708
713
718
704
708
727
748
751
744
739
694
676
677
684
679
670
702
729
744
718
717
720
710
696
707
718
719
689
680
705
717
717
688
688
706
711
682
681
708
707
684
673
692
704
697
687
708
721
711
686
712
730
727
701
681
683
685
669
661
683
683
672
673
699
699
713
693
711
702
682
655
651
666
669
672
669
706
718
723
693
703
717
724
700
706
713
706
672
674
696
714
698
663
651
646
638
646
655
656
668
682
675
665
689
687
691
672
689
702
721
694
723
734
732
679
667
646
644
653
662
728
769
808
776
762
775
741
744
764
711
721
698
664
668
674
637
640
645
653
645
659
680
701
710
698
718
721
730
742
707
703
715
729
725
692
693
704
720
725
710
730
739
741
719
710
715
727
709
699
727
716
696
672
696
712
734
734
721
738
733
719
693
712
717
717
710
721
728
723
703
725
730
725
701
719
715
674
665
675
672
669
662
675
689
693
689
707
726
729
691
692
693
681
662
651
654
647
636
637
626
628
609
610
626
636
634
630
617
621
610
602
586
583
590
601
615
612
640
677
713
730
707
700
713
708
702
679
706
723
716
689
721
736
726
698
733
746
750
705
722
728
717
687
698
717
726
711
721
750
767
738
710
734
733
698
699
739
733
679
673
697
673
647
653
667
697
714
686
681
695
691
670
656
673
679
660
650
660
657
693
735
772
813
803
777
759
740
704
677
668
658
665
646
646
663
671
670
647
665
681
698
688
683
694
690
673
692
717
714
700
714
729
702
689
706
700
682
695
711
717
696
711
724
712
692
728
721
692
692
714
701
674
685
708
703
696
710
718
708
667
664
675
685
695
680
685
695
695
679
683
714
703
688
712
706
679
661
672
686
679
664
673
694
702
693
704
696
677
653
666
683
688
686
688
701
705
687
688
689
680
654
646
669
677
696
685
679
695
691
691
681
656
662
658
655
638
655
677
691
694
698
689
678
665
680
665
652
641
652
651
649
653
671
670
642
624
606
657
4669
561
555
548
542
534
528
299
1156
362
678
616
1260
1169
358