548
541
541
541
537
531
533
547
534
548
539
544
540
532
529
550
530
561
525
534
554
535
532
519
523
523
516
512
514
515
518
514
514
519
528
540
533
547
571
583
567
560
567
562
551
537
532
543
550
554
547
549
559
562
557
563
571
595
573
583
588
599
581
592
588
581
571
547
540
536
533
542
563
571
543
540
539
541
558
569
568
577
572
579
554
544
533
528
532
536
538
534
536
547
561
561
558
568
576
585
567
573
580
577
566
564
568
572
572
561
562
563
566
562
562
568
576
577
566
572
573
575
563
566
562
558
555
560
563
565
560
555
561
564
563
555
561
565
563
556
560
563
563
552
550
557
558
553
549
559
561
559
553
554
555
547
549
546
543
544
546
548
539
536
536
540
546
545
552
564
579
581
581
589
589
587
573
574
574
574
570
562
563
564
568
563
565
575
579
577
575
584
590
592
583
584
586
587
572
572
573
574
570
573
575
572
566
568
574
573
567
570
573
576
565
563
564
565
560
557
566
571
573
567
576
585
585
575
576
579
581
573
569
572
573
574
563
563
573
573
574
568
574
578
582
572
575
577
577
570
569
578
582
585
575
577
580
581
579
572
579
582
582
574
572
580
583
578
570
573
574
575
569
574
586
583
564
554
545
544
544
544
542
539
540
546
548
548
549
552
553
553
551
556
558
557
555
547
555
556
557
555
551
557
559
557
552
556
559
558
549
551
557
559
555
550
554
557
560
557
547
549
556
561
564
555
563
569
571
568
583
588
584
578
586
584
583
566
569
569
567
562
558
563
561
558
552
549
563
563
570
563
564
570
567
563
556
564
566
574
574
570
580
588
591
576
585
588
587
581
573
578
574
571
560
565
565
567
562
559
568
572
577
573
576
580
583
579
573
580
582
579
570
574
575
579
576
564
570
579
585
572
571
589
603
609
625
627
610
583
587
583
581
574
563
564
565
565
560
563
560
559
551
553
549
548
554
553
553
545
543
537
532
526
525
535
544
558
564
562
556
574
617
639
659
650
631
632
620
605
611
603
591
575
577
576
569
557
553
551
552
557
547
548
555
556
557
557
564
571
581
582
573
584
588
590
584
569
570
570
572
572
561
562
567
569
569
563
564
573
578
577
579
567
576
580
577
574
578
580
585
576
580
585
585
584
575
586
583
583
571
573
581
594
602
587
589
600
612
612
598
612
612
633
628
606
605
604
610
604
591
593
594
598
604
591
604
605
615
610
617
614
611
592
589
587
594
596
592
593
600
612
604
594
601
611
609
593
596
597
593
575
567
567
570
574
574
579
589
611
632
628
611
609
601
605
610
604
598
586
587
587
582
586
579
582
589
594
591
587
588
586
591
574
573
573
569
571
577
585
584
597
607
620
617
606
612
619
619
621
612
614
612
609
597
602
609
620
606
596
603
611
615
604
597
604
610
611
604
588
588
595
601
606
590
599
599
602
598
587
596
599
610
608
599
599
613
620
608
600
604
606
606
605
594
596
604
610
604
597
607
615
610
599
603
604
612
605
591
597
611
629
646
649
630
614
623
620
611
602
609
621
628
623
630
639
646
642
616
622
626
623
614
600
605
607
608
595
587
589
589
596
584
582
591
605
617
610
590
592
598
604
590
575
565
569
557
556
562
562
558
553
548
546
542
539
539
538
543
544
547
553
559
558
556
556
562
565
573
575
577
568
568
573
575
578
585
579
579
587
591
595
597
596
600
599
588
576
575
578
585
588
582
583
583
583
574
566
563
567
568
568
570
562
561
561
557
563
565
566
573
578
582
574
572
573
574
574
571
571
578
585
591
599
596
598
610
604
590
593
594
597
591
579
581
581
583
580
577
576
579
581
576
569
575
575
575
578
575
582
587
592
584
579
583
587
588
590
583
589
585
588
576
579
583
586
587
578
580
586
581
572
579
583
585
586
599
604
605
599
598
595
594
590
576
578
576
568
571
583
587
596
589
584
586
588
587
585
571
573
572
568
558
560
562
565
571
580
577
582
587
583
575
576
578
580
581
578
568
566
567
565
560
561
570
575
580
572
575
580
580
576
567
568
569
569
574
576
574
582
587
593
591
577
583
593
587
583
592
593
593
588
579
579
575
575
565
568
572
574
578
573
576
580
581
579
572
576
575
572
559
569
573
576
577
570
572
575
576
571
563
563
561
557
557
552
555
555
555
558
562
571
564
568
575
575
569
560
563
562
558
550
552
553
553
548
545
545
548
541
541
543
547
553
563
569
560
554
552
561
563
574
572
576
585
589
594
592
579
580
583
585
585
571
570
574
577
580
575
583
583
579
586
588
590
584
587
591
593
586
593
593
602
602
587
583
587
588
592
591
581
580
582
573
566
570
578
584
593
595
604
606
612
604
1203
591
577
576
579
576
581
576
567
568
573
578
588
591
582
589
585
577
573
577
578
573
564
563
569
572
571
573
566
567
570
567
562
563
568
571
577
570
562
564
566
568
568
562
554
555
559
561
564
560
559
563
565
565
559
561
560
558
551
548
547
549
547
551
557
563
559
557
563
563
569
567
564
572
574
569
561
561
565
566
571
566
571
573
574
570
563
565
571
570
570
563
562
563
560
558
553
554
555
555
554
546
555
545
539
536
538
534
527
522
521
519
523
521
526
536
553
566
575
579
579
581
578
577
567
564
560
563
562
563
565
567
565
571
572
569
559
563
565
569
570
564
558
563
569
570
572
574
588
599
618
611
608
600
592
573
561
552
542
534
536
534
541
550
550
557
571
585
601
599
602
613
613
605
599
605
610
607
609
594
597
591
588
582
582
589
595
598
594
587
591
600
607
613
615
596
599
601
606
602
590
578
584
588
594
602
595
603
603
605
593
588
590
593
597
593
588
591
594
595
584
581
585
587
587
578
583
595
604
608
597
601
601
601
594
581
581
584
585
591
581
589
589
595
601
591
599
600
598
584
591
594
596
601
588
603
603
606
599
586
590
593
603
601
589
590
595
600
600
589
594
595
603
604
593
597
607
614
620
611
597
599
599
598
600
594
593
594
594
591
590
598
604
613
611
604
592
593
593
586
576
577
578
574
579
587
593
595
591
598
602
604
600
582
580
584
585
578
574
577
578
576
570
573
579
584
585
582
576
576
573
574
569
559
558
558
562
568
567
558
563
569
582
588
581
572
578
582
583
574
568
569
567
567
573
578
581
575
570
571
573
571
565
567
569
569
568
561
552
558
560
567
584
587
579
580
590
600
598
587
585
580
575
565
558
556
558
560
566
573
574
575
578
577
580
572
572
582
586
595
587
590
601
602
594
581
580
585
587
590
586
581
584
581
576
575
579
583
588
581
578
584
588
585
579
578
582
582
580
569
570
570
564
561
562
571
573
578
571
573
574
572
563
552
556
557
563
565
567
572
572
568
568
575
572
573
562
565
566
572
573
570
559
561
556
553
544
549
554
559
563
556
562
564
566
559
559
564
565
563
546
540
535
531
532
530
534
539
543
548
548
556
558
559
559
558
558
559
547
551
552
556
568
572
573
574
565
562
559
551
548
553
555
551
550
555
560
563
569
574
581
574
563
564
564
563
560
557
562
566
572
577
572
574
581
581
580
571
572
575
577
568
565
561
563
566
567
566
563
553
555
556
558
562
563
558
552
557
559
557
553
550
549
548
538
537
536
536
545
558
564
557
562
565
570
567
558
562
568
575
581
571
563
565
568
573
579
573
570
575
574
577
583
576
565
565
568
569
571
572
568
560
559
563
568
574
583
581
587
588
584
576
571
570
572
567
564
557
566
571
571
569
573
576
574
568
561
559
563
570
577
578
565
563
570
573
580
576
566
565
570
568
570
573
567
559
557
561
567
574
581
591
603
610
614
617
610
597
582
579
578
573
569
578
574
579
573
575
581
583
586
583
578
583
583
579
572
573
574
578
575
573
576
578
578
568
574
579
581
581
574
579
583
588
582
574
574
574
573
574
568
568
571
570
568
563
571
577
581
581
570
574
572
572
570
556
552
558
563
573
578
567
575
574
573
571
567
568
560
549
543
542
545
557
571
576
578
561
561
567
574
576
571
563
567
566
565
563
563
567
568
570
567
562
559
564
567
571
572
564
576
573
574
563
559
563
566
572
576
576
572
571
570
565
560
557
559
564
564
563
566
558
548
546
543
542
545
550
553
573
580
587
573
580
577
587
587
579
569
571
575
574
580
582
579
588
595
597
601
596
593
601
596
595
582
568
564
560
557
550
546
553
564
581
592
594
581
569
570
571
572
572
563
557
561
566
573
584
584
581
572
573
583
585
579
564
566
574
584
591
595
595
597
589
576
564
560
549
540
541
536
537
540
545
550
543
544
554
560
571
576
584
599
610
609
599
583
583
593
591
592
588
584
587
590
594
596
597
595
591
586
597
601
603
609
594
578
580
584
590
601
604
592
593
602
608
611
610
592
585
588
593
587
595
599
600
595
589
588
585
579
569
565
572
572
573
567
559
564
570
582
587
588
573
573
584
584
587
585
570
569
572
577
581
581
575
561
551
549
556
564
575
584
582
591
590
588
582
591
593
599
593
580
583
579
568
556
550
551
555
564
572
567
553
557
562
568
576
577
577
582
585
588
571
562
566
571
577
580
580
572
564
567
562
560
557
551
545
547
550
555
567
575
578
582
571
577
580
584
584
572
561
550
543
539
544
540
541
554
558
568
579
589
600
596
597
594
596
588
585
580
570
564
555
555
555
554
555
553
555
558
556
551
552
557
559
564
567
568
562
557
563
563
563
560
565
567
565
562
556
561
560
563
567
563
560
570
581
596
596
594
595
595
593
586
579
570
572
573
567
570
575
578
581
578
590
598
600
604
599
580
580
578
574
570
567
568
568
570
563
566
572
575
581
584
583
588
586
587
583
572
576
576
580
588
593
599
601
610
614
615
608
600
603
597
599
585
578
578
584
595
594
602
611
617
621
602
599
607
608
605
594
579
578
582
585
593
597
585
598
607
619
607
612
606
603
589
586
595
600
597
582
572
573
576
583
585
580
572
570
577
582
583
582
586
589
595
588
590
589
581
571
572
563
555
554
558
568
584
583
577
582
591
602
607
598
594
597
603
607
608
592
580
589
597
604
615
617
615
620
622
620
615
604
602
588
581
562
555
560
564
567
555
1103
549
546
551
547
544
544
542
535
528
532
527
522
517
516
521
521
526
535
542
554
563
577
587
574
567
571
572
576
571
564
561
566
565
571
576
563
565
566
568
571
564
564
570
571
571
556
560
563
570
567
564
571
577
578
578
572
556
558
557
561
568
563
561
570
579
599
613
597
594
603
603
601
594
589
593
599
598
595
601
605
605
593
598
597
599
604
612
604
591
563
555
555
554
560
569
574
576
570
574
578
581
579
563
555
548
551
563
568
583
599
604
605
601
593
588
594
602
614
616
601
589
596
607
627
639
645
615
617
610
616
598
587
589
585
586
574
582
592
605
615
612
602
607
610
601
588
588
589
594
595
583
580
589
597
590
593
597
595
579
565
557
555
553
559
572
584
599
576
578
579
585
577
584
591
605
618
604
610
608
607
604
586
583
584
581
578
568
556
552
552
552
555
541
551
576
578
580
599
614
629
625
602
588
580
573
560
550
553
552
557
547
555
561
571
571
567
574
592
606
615
605
585
582
568
561
547
540
544
542
540
547
559
576
596
598
584
591
584
578
570
562
560
558
544
540
543
551
565
575
582
581
576
567
574
589
610
619
620
597
591
590
596
594
583
584
584
584
585
596
593
599
591
583
583
584
589
586
586
581
577
568
569
572
573
565
569
574
584
601
607
599
608
612
615
604
591
582
582
586
593
593
578
579
580
579
571
570
576
586
592
590
579
583
588
589
590
580
576
578
570
562
560
567
576
585
596
595
605
607
591
570
570
567
560
548
535
528
525
525
534
547
568
587
592
598
598
601
603
588
586
578
573
568
562
561
560
562
560
560
565
571
569
567
573
582
591
595
584
585
584
582
579
577
580
586
588
586
577
582
582
586
590
581
582
584
583
581
584
584
590
588
571
564
566
573
578
583
594
601
604
595
582
577
577
573
576
565
564
566
563
567
570
566
559
563
568
570
571
566
572
575
580
583
577
562
557
560
568
578
588
592
584
591
584
585
577
582
589
589
587
575
568
573
575
573
560
560
564
563
560
556
548
541
544
536
535
536
548
567
582
595
583
569
570
576
579
585
577
584
585
595
596
590
591
584
584
583
567
571
575
584
596
599
584
580
591
597
604
595
603
601
595
594
593
598
595
582
579
581
590
587
582
582
569
561
553
548
543
533
532
532
535
543
551
563
577
599
623
649
667
670
653
641
604
592
586
584
583
598
594
592
608
624
662
679
648
678
680
689
676
648
648
651
650
652
640
612
581
559
543
534
528
529
530
1045
522
513
514
510
510
507
505
500
501
500
499
592
590
589
582
571
563
558
554
535
525
517
511
514
511
509
514
511
505
508
515
522
523
527
530
1096
548
537
525
523
516
518
516
517
513
515
519
523
529
540
550
546
549
557
560
567
563
569
578
588
594
598
582
599
602
597
600
590
577
562
560
563
578
590
590
596
613
624
643
648
634
605
603
592
592
584
582
588
604
610
606
617
621
629
609
621
618
627
604
603
606
607
616
600
605
608
611
613
610
621
624
607
587
592
602
612
604
592
590
584
597
584
585
596
597
597
599
602
608
613
601
597
596
597
588
581
591
597
604
602
600
603
594
596
590
597
593
592
579
560
551
549
547
552
548
557
565
575
589
596
585
588
603
612
634
630
616
597
594
596
594
592
583
566
562
568
580
601
633
633
642
634
625
608
606
599
605
605
601
591
588
583
585
576
569
571
585
607
620
606
608
605
602
603
590
584
584
591
593
583
580
586
589
596
582
592
596
593
596
583
578
578
582
595
600
582
585
581
587
588
579
583
594
608
624
635
625
610
590
585
586
587
574
563
563
568
576
575
577
593
602
613
615
612
610
590
592
599
608
613
613
607
619
615
627
617
603
603
611
621
608
594
584
591
594
604
588
595
597
603
608
606
602
596
604
608
627
630
631
617
608
611
621
629
629
622
641
646
649
652
644
633
631
624
612
594
592
604
617
629
661
697
696
698
720
702
694
672
632
632
620
618
616
605
612
609
604
591
580
571
563
556
553
549
547
539
534
537
534
537
536
540
546
555
565
576
574
584
587
594
598
590
576
576
578
585
598
598
601
606
614
622
624
603
659
642
630
611
603
572
560
554
549
560
587
590
579
590
606
637
645
664
676
693
685
686
672
660
652
631
605
595
592
589
586
569
557
557
566
587
601
593
604
606
614
619
621
617
610
614
616
618
616
602
602
612
616
624
611
629
628
647
631
619
628
638
650
641
617
622
622
626
601
603
611
612
609
587
577
579
587
598
603
594
605
605
605
607
599
585
597
594
597
594
587
587
578
575
582
590
604
624
604
605
600
593
578
569
571
563
559
562
565
568
563
561
568
573
579
571
580
583
585
582
575
574
579
587
586
578
589
591
605
629
626
608
612
609
607
608
595
595
602
606
612
624
603
606
604
616
615
608
594
600
600
603
599
579
579
583
597
604
589
591
598
605
614
619
611
615
604
598
588
590
606
627
665
685
678
668
642
619
620
628
632
640
616
599
588
592
598
611
604
629
630
643
645
637
617
624
613
610
604
592
582
588
604
633
646
625
632
631
636
627
609
612
613
619
622
628
625
627
630
631
638
638
646
647
640
622
604
606
606
609
596
580
572
584
599
614
620
610
589
589
587
582
570
577
592
610
629
631
629
618
626
629
621
611
605
607
612
625
619
620
612
607
594
580
588
596
610
623
620
627
636
648
663
676
653
682
688
685
676
659
646
644
648
654
628
611
611
612
621
623
640
666
675
675
650
670
664
642
624
637
646
679
692
695
651
642
631
623
604
607
620
635
648
669
689
703
668
643
629
619
604
602
597
596
596
580
575
581
591
606
599
601
602
600
582
581
590
599
609
627
641
660
663
649
617
605
601
608
631
646
638
661
665
694
691
646
624
622
644
666
668
660
635
646
631
646
634
613
618
621
624
620
599
599
607
614
629
626
615
624
639
652
648
642
638
635
630
618
601
590
594
602
619
622
610
619
635
657
655
656
627
633
624
630
627
613
599
605
608
619
608
596
580
586
601
623
606
591
593
605
604
596
594
592
594
593
588
571
559
553
548
560
569
591
608
621
620
613
599
588
572
566
562
556
558
559
561
561
565
558
554
554
559
561
559
561
564
567
571
570
567
573
578
582
596
602
601
594
577
578
581
591
610
623
622
608
621
616
627
627
618
609
608
604
601
577
572
574
578
591
602
601
614
615
632
629
605
615
605
614
616
606
605
612
612
604
581
586
584
589
595
594
602
608
606
596
603
597
602
597
595
604
610
614
619
609
612
620
622
631
623
614
609
605
601
608
614
602
595
599
598
599
585
574
580
586
607
625
625
598
576
567
575
584
596
607
616
613
616
617
617
608
596
604
607
619
615
598
600
596
600
606
601
579
578
580
584
586
580
597
601
617
629
608
618
614
611
607
598
583
593
603
607
607
606
610
610
618
602
602
597
599
601
588
585
595
604
616
616
591
593
593
605
595
576
579
587
607
626
619
618
619
624
634
620
605
610
608
600
603
597
597
604
597
605
592
587
568
554
560
570
604
631
653
645
622
604
573
564
567
568
563
551
547
548
542
548
562
576
576
577
585
591
599
596
588
569
556
547
544
545
541
538
536
540
540
540
535
537
536
532
529
532
538
546
567
578
583
601
613
633
635
626
629
632
627
608
597
582
586
590