587
559
594
615
590
657
630
576
574
573
575
563
568
559
550
555
560
553
543
534
532
526
529
533
546
542
535
541
545
545
541
550
559
560
552
563
564
569
566
575
579
583
574
580
578
564
563
573
564
563
561
562
557
547
540
534
525
516
509
503
497
495
492
492
488
490
499
520
530
521
522
532
559
568
582
586
602
595
604
608
610
596
572
568
567
559
550
538
527
521
519
521
527
543
563
581
589
573
590
594
623
618
633
626
610
603
601
598
591
570
568
558
561
563
562
575
604
618
597
608
619
635
607
608
610
616
628
627
623
604
607
598
595
580
576
571
561
568
569
578
570
571
586
597
597
590
605
607
614
604
619
617
601
608
605
611
596
598
606
616
611
613
618
621
602
608
614
611
596
603
608
628
608
612
620
624
611
627
629
623
611
625
629
627
620
635
639
615
629
632
638
620
633
633
620
621
628
631
612
634
625
610
620
619
619
608
627
628
625
612
619
621
615
609
616
618
605
608
615
620
609
618
617
623
607
613
616
612
611
624
635
621
625
628
616
604
612
612
602
598
604
603
607
600
615
635
643
626
644
639
633
627
634
636
614
628
633
634
615
631
639
636
628
645
641
627
636
632
634
629
646
646
638
645
663
653
645
657
650
621
622
622
629
618
639
649
636
652
648
652
630
644
646
627
632
638
641
625
638
644
632
630
642
646
631
635
636
635
616
621
627
636
619
626
627
631
632
632
620
618
599
599
608
620
617
615
627
644
652
633
646
650
656
636
645
644
638
620
631
634
643
643
683
710
696
707
698
702
642
638
635
610
593
593
590
597
589
604
618
643
647
634
656
651
646
643
650
646
616
603
591
600
634
648
676
672
674
662
656
655
650
641
630
634
629
634
643
626
619
617
616
635
662
680
677
673
659
653
638
627
616
595
585
580
588
606
652
685
702
713
719
688
672
671
685
677
646
643
646
659
678
688
662
675
686
708
709
679
686
704
714
703
699
691
655
654
655
677
678
684
695
691
688
674
673
654
625
616
613
623
638
671
668
667
654
655
652
624
624
622
628
644
642
631
642
663
693
715
699
700
682
679
671
652
647
615
606
603
611
636
656
667
667
666
663
646
628
627
598
593
581
582
596
618
646
659
658
665
674
657
625
622
622
618
616
651
673
690
687
667
640
639
646
649
615
613
616
623
644
660
690
697
697
688
678
665
655
614
603
599
604
627
662
667
677
732
729
706
688
639
636
631
638
646
658
678
674
684
675
646
638
645
624
626
628
655
697
739
734
729
712
695
689
671
638
614
605
604
629
656
697
743
742
669
692
690
662
713
723
684
674
668
653
635
646
658
673
642
646
660
655
653
667
677
658
678
667
660
679
654
637
616
608
597
595
625
609
627
646
663
643
648
636
636
632
623
641
653
636
629
642
648
633
635
668
704
693
703
716
693
665
681
676
646
654
658
674
658
689
698
694
666
683
706
674
670
671
656
643
658
680
664
664
683
691
664
687
707
698
689
697
676
645
638
629
635
638
649
643
644
653
658
646
659
661
658
658
681
676
648
650
657
667
646
624
628
615
622
614
619
613
626
630
646
659
646
659
666
670
656
665
668
670
668
646
667
677
661
660
676
677
653
661
658
658
641
675
676
688
673
695
700
678
672
665
653
646
647
646
639
646
664
688
677
699
694
680
664
678
677
651
659
661
656
647
673
670
657
672
677
686
663
668
670
669
654
665
674
677
661
674
681
672
656
672
684
676
667
688
703
700
660
666
656
663
635
646
650
658
645
673
681
673
663
673
668
642
644
644
637
631
642
649
648
629
645
649
654
646
663
668
663
650
664
659
647
641
655
651
647
648
653
667
660
674
670
669
657
659
656
657
643
653
647
652
635
640
635
643
627
645
645
646
635
642
652
654
634
638
638
630
617
631
633
630
628
647
659
680
656
666
665
659
645
651
662
663
647
664
661
657
641
651
656
661
650
646
652
654
645
631
645
656
663
647
655
644
615
612
609
607
597
587
594
596
595
587
595
599
611
615
609
628
636
643
636
656
663
667
646
660
662
666
646
657
646
641
636
648
658
646
653
669
654
651
671
680
663
672
672
669
646
657
658
647
662
662
672
657
677
681
660
653
663
677
667
657
676
681
662
670
674
660
645
658
663
654
638
649
650
648
638
657
662
660
659
670
670
652
673
677
663
665
670
677
668
672
688
690
664
684
690
700
675
696
690
699
676
688
678
671
675
682
668
640
668
673
694
660
656
641
654
628
610
607
602
591
574
564
553
551
555
553
563
562
566
567
577
593
607
622
615
646
645
655
664
660
672
680
658
647
623
602
607
612
615
623
637
628
618
607
624
634
636
629
646
659
650
646
673
669
643
647
668
677
671
642
646
661
670
670
665
661
654
642
630
627
626
616
616
614
591
600
608
611
595
598
605
600
611
627
659
666
685
692
669
687
673
671
654
659
615
604
610
631
667
705
736
725
696
694
695
691
672
677
656
620
620
611
624
655
691
723
707
698
695
702
673
666
670
706
739
715
700
685
660
643
631
613
612
583
594
610
649
711
705
700
688
675
657
650
645
652
663
627
632
637
655
673
701
676
687
683
726
725
709
705
688
649
637
635
650
706
728
737
702
664
678
671
635
635
638
653
658
623
627
635
664
688
688
657
646
683
692
702
677
689
692
678
682
676
656
654
650
662
665
664
654
641
652
671
690
704
699
690
694
703
699
653
657
669
677
664
646
641
627
627
616
615
614
607
618
621
617
634
647
671
685
655
670
680
666
643
650
668
688
676
668
696
701
710
682
687
678
688
698
678
695
705
718
691
696
687
694
673
689
693
705
675
696
699
697
677
699
725
728
687
710
712
689
669
686
710
710
688
706
709
689
690
705
720
707
689
721
750
725
695
714
715
711
684
706
715
721
688
700
701
691
663
682
689
707
681
697
699
701
691
704
704
676
662
673
680
675
692
693
692
688
700
707
692
703
694
673
669
688
720
725
698
726
726
690
686
696
700
697
721
729
746
702
723
722
734
703
711
721
703
683
692
693
682
688
710
731
713
688
701
710
715
692
698
704
717
695
707
725
729
703
723
707
692
672
684
685
683
676
692
706
688
669
665
650
634
620
641
655
668
647
662
666
669
663
676
668
650
643
669
699
705
691
717
746
762
729
737
738
720
682
691
700
714
678
689
706
738
694
696
716
742
717
690
716
742
751
722
699
717
735
721
686
697
710
711
686
685
704
710
694
686
706
734
718
700
716
712
670
646
660
670
680
659
679
685
686
668
688
693
682
662
678
682
674
666
684
698
701
691
708
716
688
664
680
688
666
663
669
669
643
652
663
676
666
668
696
720
745
713
718
728
732
722
706
733
741
748
729
704
714
713
702
696
713
743
741
707
719
730
709
680
696
696
688
708
723
733
709
717
733
749
729
694
713
716
717
681
696
706
702
679
701
698
674
675
685
687
670
663
688
700
687
688
701
706
688
721
729
733
703
727
725
709
698
705
727
733
707
721
722
711
680
692
704
717
691
705
707
716
683
672
670
666
640
620
634
641
649
641
675
701
742
710
738
732
748
742
707
711
705
711
728
714
741
751
735
710
726
742
724
724
745
741
704
715
717
711
687
712
704
693
663
678
683
686
673
690
704
706
691
712
723
693
699
709
716
690
703
702
712
685
695
715
722
691
718
728
719
688
710
723
720
692
713
727
714
699
719
717
699
680
703
707
704
681
706
723
710
695
714
710
719
670
669
677
691
678
691
713
738
735
728
744
752
725
707
717
725
716
681
693
693
692
660
671
670
670
655
675
722
750
729
719
728
737
723
695
681
666
653
668
656
677
682
700
686
671
685
688
700
694
680
705
725
742
716
736
739
746
708
725
726
719
697
711
713
678
670
681
704
713
688
698
689
670
681
690
670
671
679
640
650
652
657
668
683
673
692
707
711
685
686
695
698
695
682
697
716
695
698
706
730
697
682
696
709
693
718
735
733
712
714
706
688
676
685
685
677
707
712
674
672
688
703
684
683
700
714
705
685
701
702
684
688
698
707
699
695
694
680
655
673
695
695
684
672
685
658
667
679
679
666
694
703
689
701
703
702
674
680
696
720
688
675
703
717
700
688
700
707
677
654
654
646
635
607
596
603
614
615
620
607
604
613
613
616
602
608
619
637
637
632
614
642
654
654
643
665
671
656
656
668
660
652
650
655
655
679
710
709
699
678
696
694
689
660
641
636
611
617
609
613
607
608
632
650
693
695
702
694
671
668
678
686
680
648
653
660
676
680
684
680
670
660
683
703
721
682
698
684
667
649
659
665
665
650
678
696
690
707
675
658
645
657
663
664
639
646
672
689
690
697
696
688
655
682
670
681
689
665
698
697
669
679
679
666
646
661
677
702
680
691
692
698
671
686
681
673
686
682
650
632
631
656
668
683
667
669
672
665
648
675
682
690
685
646
646
654
657
646
638
656
650
645
629
644
648
650
644
668
685
700
659
642
644
629
618
601
605
598
584
588
591
588
579
571
576
581
589
602
593
573
576
585
604
637
688
715
675
665
683
699
709
711
702
689
696
702
676
660
681
718
736
727
716
744
751
720
731
728
700
668
674
680
686
652
681
710
704
684
710
736
707
710
712
717
683
698
714
746
706
729
750
762
713
713
705
684
647
652
655
650
672
684
701
684
708
751
702
716
724
707
693
704
712
689
714
725
736
706
704
713
724
700
693
704
710
676
698
713
743
727
722
744
742
706
700
706
721
694
689
711
731
718
675
686
692
655
651
666
682
678
691
719
749
712
727
714
729
710
727
744
730
710
733
748
714
718
731
730
698
723
728
706
693
710
721
692
702
700
692
657
668
671
688
673
703
714
715
718
757
780
721
710
718
705
686
721
742
739
709
731
733
689
698
705
724
700
721
733
729
686
696
699
688
653
682
688
686
675
682
692
725
689
686
707
729
696
689
704
707
688
686
712
741
739
701
722
716
666
665
685
705
662
661
676
676
647
650
668
678
658
681
700
708
686
697
697
665
652
678
706
703
704
735
776
745
758
762
727
740
746
756
741
729
743
755
730
726
748
745
710
688
690
696
686
649
674
687
654
670
691
731
731
713
720
715
728
688
693
700
719
715
688
716
725
738
695
711
710
724
709
711
721
718
676
667
669
685
674
686
696
732
704
719
726
726
718
716
700
699
672
675
688
715
686
695
728
723
666
648
656
649
669
709
734
731
706
726
729
729
708
721
740
738
710
705
717
737
741
710
728
728
720
689
703
724
718
698
727
729
708
696
709
714
688
696
699
729
703
722
740
719
687
701
720
716
685
706
712
721
692
697
718
722
686
681
697
717
694
704
727
746
707
710
716
698
677
697
720
747
722
738
731
707
677
688
695
718
689
679
706
713
691
687
694
674
649
670
687
700
692
714
739
749
703
708
699
699
688
716
737
734
688
656
684
678
652
655
683
724
715
713
742
735
724
691
696
688
663
678
688
689
685
706
735
741
708
716
723
701
681
704
709
701
679
699
715
714
688
694
688
646
630
629
624
633
608
626
647
667
654
641
650
642
612
593
597
608
610
643
718
746
713
742
755
725
729
727
732
696
699
691
692
666
672
690
719
712
705
730
766
747
720
737
733
731
687
690
698
711
687
704
724
742
763
740
740
757
715
688
692
691
646
638
643
680
710
699
725
704
681
662
682
685
656
684
676
690
690
655
654
657
639
653
640
638
628
626
630
636
626
636
644
674
679
692
701
700
679
639
623
654
665
701
713
699
682
675
673
679
677
663
677
695
682
661
681
703
686
688
699
711
696
686
650
640
650
657
637
656
677
669
692
693
686
654
660
665
639
632
638
645
636
599
604
636
658
660
653
614
604
602
595
588
585
584
581
596
609
625
643
653
646
665
681
699
687
654
662
666
681
684
672
683
699
693
674
672
679
692
692
672
681
677
667
658
664
666
653
634
643
649
667
686
672
699
734
733
735
708
722
735
747
711
686
703
752
753
727
731
750
758
746
713
696
713
729
753
697
687
670
688
701
714
729
748
733
740
746
721
729
735
727
704
722
721
690
681
710
764
707
697
710
734
728
690
733
720
699
692
722
751
743
703
703
685
668
691
683
690
643
654
644
615
595
575
587
601
613
623
640
662
671
646
655
664
667
662
690
691
724
751
745
766
766
729
663
650
694
744
723
700
688
681
697
712
720
729
719
722
726
713
688
700
700
680
687
697
690
722
720
707
694
700
711
718
693
714
703
683
673
685
703
691
703
739
763
758
719
724
728
738
712
688
694
705
710
686
670
692
733
720
734
711
735
711
688
688
696
709
740
721
741
740
738
729
687
686
683
688
668
680
693
722
699
701
708
670
674
653
656
666
676
654
639
638
629
624
647
671
662
690
689
669
654
675
692
698
673
652
672
696
702
700
731
751
725
692
703
711
720
697
700
707
710
690
722
740
736
707
721
727
699
700
725
734
693
689
688
681
654
664
671
674
684
709
729
705
739
736
718
717
679
678
734
729
759
771
771
714
719
687
693
688
699
723
707
675
682
687
689
677
692
702
680
661
695
702
761
770
742
717
726
742
753
746
744
707
735
729
727
713
707
713
721
729
699
705
715
719
692
687
690
714
689
678
699
714
697
682
697
688
678
678
699
710
682
704
736
736
707
717
722
691
694
700
691
665
662
649
646
628
623
652
677
689
720
739
743
719
735
733
736
714
717
704
694
671
695
691
725
744
774
732
729
722
715
708
678
688
685
709
710
677
698
683
662
638
643
658
650
664
657
647
626
622
620
623
627
623
617
625
640
639
644
651
665
647
658
661
671
654
656
675
677
635
630
638
661
701
740
749
739
749
737
718
725
728
706
729
758
754
715
749
763
768
758
779
762
714
736
736
730
728
754
779
742
763
756
720
731
689
658
659
671
681
657
685
705
700
688
713
700
677
699
702
707
697
726
733
715
720
722
698
649
651
656
652
614
633
636
636
634
645
644
640
619
632
644
650
640
668
676
694
689
695
704
714
687
715
718
702
701
711
722
696
729
723
717
714
725
732
703
712
714
723
695
724
732
716
702
723
740
717
729
738
748
703
727
710
679
677
688
711
700
683
711
723
680
666
667
683
708
689
736
757
731
737
729
713
704
728
731
720
735
751
760
720
743
752
744
724
738
743
708
712
722
729
720
704
729
737
703
716
710
706
689
728
741
724
747
757
728
704
712
718
696
715
706
674
661
686
694
687
678
702
714
693
716
725
713
657
651
648
654
639
640
685
718
738
710
740
739
717
710
718
740
714
724
739
739
727
769
786
727
715
745
771
733
716
717
725
686
683
703
731
720
726
712
689
691
694
694
674
681
669
656
641
650
657
661
639
647
652
663
660
660
677
687
677
673
690
697
698
675
691
707
726
697
699
702
724
686
684
688
696
676
701
720
709
686
714
718
698
688
707
714
729
771
786
744
753
771
786
740
735
740
744
716
739
755
763
718
740
730
708
715
741
757
713
752
771
785
734
755
753
753
734
711
746
772
789
737
744
740
738
696
720
732
756
733
729
752
756
714
724
715
734
704
687
701
716
697
695
704
717
710
698
713
713
681
689
681
696
668
673
687
691
664
676
671
661
643
648
657
686
689
674
691
703
698
688
704
724
695
683
702
710
693
677
702
716
715
685
714
719
731
707
688
704
709
677
676
688
723
745
711
694
682
662
649
656
636
636
644
672
660
676
679
694
678
678
650
639
665
687
659
665
659
642
647
651
635
631
645
630
646
666
650
668
689
711
732
715
723
723
729
703
709
699
694
676
695
699
712
681
696
698
723
708
713
726
729
729
695
710
705
714
714
690
722
714
684
688
708
720
695
721
732
738
704
710
716
726
710
714
725
732
698
700
712
734
749
743
753
728
718
732
764
778
701
707
699
681
704
727
729
726
694
692
677
660
664
667
682
698
704
722
736
734
723
699
706
716
721
679
688
693
673
639
648
661
699
703
709
717
719
702
672
685
705
701
701
750
771
785
733
708
702
716
729
738
729
745
744
737
727
707
720
727
727
689
675
661
696
718
700
704
674
728
773
841
826
797
773
738
700
665
645
639
641
653
643
637
647
661
676
658
655
664
643
649
649
658
669
714
724
677
658
667
703
727
719
688
709
692
665
668
669
697
712
693
698
701
700
683
695
692
697
659
664
680
696
706
691
729
738
705
683
695
688
686
662
679
685
698
672
666
688
713
722
728
725
690
696
710
724
737
723
729
746
733
729
734
739
703
716
706
664
649
665
692
687
725
743
747
727
758
768
738
729
724
706
670
685
702
728
717
743
771
787
741
744
758
755
708
715
713
716
687
693
707
698
660
617
606
643
654
671
673
646
661
667
665
667
664
649
657
659
669
683
681
660
663
664
666
672
656
649
660
655
664
675
699
717
696
719
714
694
692
698
714
695
722
707
688
670
680
688
681
657
685
702
729
719
732
694
669
675
656
659
644
639
629
615
609
603
591
592
583
589
604
636
668
708
731
756
740
740
703
669
658
661
646
637
649
663
681
667
675
687
691
673
683
683
684
676
698
702
674
647
653
656
648
629
650
662
685
690
708
708
691
688
700
694
671
688
699
695
674
642
641
642
645
651
665
657
652
667
679
668
664
678
685
681
654
669
677
680
671
684
686
683
659
678
677
660
656
678
691
678
666
700
696
672
677
688
704
695
695
691
694
695
690
662
672
668
677
681
656
675
684
685
661
676
682
700
681
681
679
671
643
631
640
648
654
630
645
647
642
648
667
688
693
705
692
656
651
663
678
683
708
697
698
694
676
669
677
684
680
660
683
697
688
669
683
687
678
686
706
717
691
712
704
693
671
686
687
657
637
644
650
673
652
685
725
711
715
757
772
731
754
734
687
685
686
672
662
657
643
669
666
645
650
660
701
696
688
698
712
696
678
691
692
682
693
681
658
653
684
698
728
731
729
745
730
702
706
713
710
688
714
710
713
684
690
689
679
659
661
663
652
635
641
661
685
691
667
676
658
627
616
631
638
646
682
677
656
656
673
683
664
658
667
669
656
660
667
680
671
694
715
735
708
729
741
724
689
692
681
684
671
691
697
692
646
648
638
632
645
645
663
673
692
674
697
717
720
709
703
698
678
655
657
671
662
657
680
689
672
685
686
674
665
685
693
681
710
724
710
697
656
661
663
668
641
643
647
647
632
627
646
675
680
663
670
672
662
664
676
685
664
669
667
648
622
607
599
631
646
652
654
644
637
651
662
690
703
705
708
716
723
725
709
681
655
675
640
624
628
632
619
634
631
633
640
630
617
608
608
604
615
627
636
638
643
639
630
619
601
602
601
599
601
607
604
602
619
631
634
656
639
659
681
688
672
654
677
688
687
668
648
634
615
604
611
621
641
646
679
676
675
702
702
675
658
666
669
665
644
649
648
648
628
647
654
663
636
649
661
667
650
665
660
646
631
642
642
631
657
648
632
655
679
696
684
700
692
686
673
680
680
679
668
688
688
693
675
689
700
688
702
707
708
676
672
683
664
636
624
623
642
674
688
668
671
677
683
672
669
654
630
616
602
595
609
621
641
630
658
672
681
661
669
676
674
662
676
689
678
654
661
655
633
645
648
668
653
667
677
684
675
719
721
698
724
725
692
723
691
677
653
620
624
620
619
621
657
664
672
665
691
686
678
658
677
677
662
667
678
688
671
665
669
662
643
663
677
678
649
680
689
681
660
678
684
672
673
682
678
649
661
662
658
645
658
668
685
666
672
681
679
652
661
669
672
649
667
669
656
630
642
637
629
654
676
691
712
703
692
647
627
616
608
611
609
623
617
596
592
594
592
587
602
595
582
579
566
556
551
555
549
544
551
563
587
604
622
625
630
620
605
613
603
619
625
617
613
613
626
643
641
661
695
711
718
736
726
711
708
717
703
717
682
686
674
680
649
635
642
661
681
682
718
715
686
680
670
664
646
663
700
688
694
681
665
685
726
702
715
733
699
753
751
729
672
673
648
630
601
585
569
574
588
587
604
623
615
614
632
650
682
701
715
738
756
776
769
756
711
721
716
690
687
715
737
734
753
761
738
716
718
720
694
711
711
699
687
712
715
671
655
658
635
640
656
667
650
669
657
633
627
633
627
608
600
595
597
602
621
672
712
719
736
759
737
751
752
746
726
665
646
662
697
732
760
732
775
733
682
697
707
728
699
752
774
746
749
766
757
704
724
724
705
724
730
711
728
718
704
687
694
700
693
706
720
705
722
730
739
716
736
748
718
729
736
742
712
729
729
709
716
728
728
704
717
714
733
723
683
689
674
681
683
678
692
687
713
701
714
709
698
687
643
643
653
661
692
734
733
733
721
677
639
640
646
672
711
725
707
737
749
758
784
785
741
700
703
696
683
690
711
714
706
723
740
700
701
683
658
671
651
679
696
688
658
657
664
646
651
665
683
653
683
700
730
694
696
698
708
686
700
728
738
723
733
740
714
729
732
728
701
728
743
709
709
713
699
665
664
682
702
696
721
741
752
733
749
741
727
695
716
718
723
712
703
725
740
706
713
736
748
715
691
714
718
730
704
721
720
707
703
732
732
703
752
771
750
742
751
752
708
680
691
673
635
646
653
656
644
654
654
649
633
634
640
646
640
646
662
668
668
636
646
669
699
694
692
712
712
672
694
707
729
729
707
714
713
727
703
722
732
738
703
715
720
736
708
726
742
729
693
723
738
710
698
701
665
656
644
700
740
764
771
745
731
696
666
639
620
602
582
580
578
574
576
575
580
584
597
608
629
628
632
639
610
615
630
641
620
618
624
628
624
649
668
663
682
689
690
679
672
676
678
685
671
689
696
697
665
674
694
714
684
702
707
679
660
643
646
664
643
666
695
728
711
737
733
686
684
699
722
755
715
737
752
775
740
768
773
777
723
726
728
720
687
712
738
760
733
748
753
742
740
745
727
720
714
699
687
704
714
707
710
735
735
702
729
748
770
745
775
781
758
763
749
702
694
690
703
692
723
729
735
731
769
789
742
718
720
728
721
697
725
735
726
709
736
750
729
722
732
722
688
699
709
725
694
715
735
760
724
735
734
734
712
730
722
728
704
724
722
715
695
720
723
693
681
684
669
666
659
703
727
722
730
739
753
721
736
739
717
670
676
696
735
734
688
708
699
704
704
687
693
709
720
739
724
740
739
748
701
712
708
691
711
740
731
702
729
715
672
647
625
636
636
633
660
661
661
637
638
646
646
637
625
625
614
607
589
574
569
584
583
584
605
611
603
607
623
637
659
679
691
710
695
700
688
679
664
666
669
671
681
674
684
691
689
662
666
659
664
663
697
720
705
731
749
746
694
689
688
665
622
620
634
686
704
695
724
739
742
766
758
744
723
674
684
664
660
640
649
652
669
646
655
645
638
635
646
653
663
666
660
674
680
682
688
701
693
692
693
690
666
663
658
661
652
653
646
633
627
631
646
654
646
669
679
660
655
664
660
646
654
669
667
635
634
635
634
611
618
624
622
620
642
669
682
698
671
673
654
637
625
611
601
600
619
646
666
691
689
658
654
679
671
673
683
687
679
679
686
692
671
676
679
672
659
672
682
687
670
689
702
685
691
698
707
682
680
676
670
668
674
686
671
656
670
669
664
663
676
672
672
672
655
641
653
659
651
641
644
639
646
638
649
646
631
643
645
648
631
636
631
613
603
596
593
588
592
618
656
676
692
679
679
690
715
708
683
701
703
713
697
722
727
701
684
688
696
681
689
720
719
693
707
705
699
676
689
690
677
682
700
710
679
686
674
664
649
670
688
689
716
720
677
675
670
665
661
675
666
643
653
649
640
636
636
679
684
703
724
714
665
670
661
642
652
649
647
634
633
643
660
666
666
706
732
732
707
719
721
713
703
724
739
719
694
688
683
646
639
637
659
684
687
732
741
707
748
756
742
743
732
699
684
693
690
670
693
698
683
689
707
700
695
721
720
697
726
723
703
707
697
681
663
657
678
730
758
751
754
744
724
728
723
704
669
668
650
634
639
658
670
668
657
685
713
710
684
701
704
686
666
676
680
667
676
686
708
698
714
703
687
712
717
683
693
701
706
664
678
665
649
646
665
666
646
662
679
680
664
675
683
665
657
672
669
662
685
700
677
694
684
648
641
651
657
660
652
670
689
679
688
717
731
708
720
709
680
649
634
655
663
661
657
685
703
728
704
718
729
722
691
701
691
671
665
684
692
692
683
708
700
683
659
667
671
689
685
710
711
678
683
684
668
664
684
666
632
630
645
654
646
659
683
701
685
675
683
669
647
663
671
657
645
663
669
673
667
693
701
674
700
697
677
668
676
673
655
670
676
674
664
682
674
660
660
683
698
679
653
665
662
638
643
685
717
726
706
738
747
731
727
700
658
653
638
630
614
625
634
612
606
604
634
707
749
781
775
733
746
746
734
691
704
698
695
669
690
694
692
666
690
676
657
678
687
686
673
695
688
671
692
680
647
653
655
651
635
647
662
675
656
676
683
682
663
686
682
659
649
657
666
649
669
689
677
712
721
696
681
673
644
646
657
675
668
694
702
707
685
656
649
681
673
668
659
625
624
615
619
629
632
628
624
620
596
604
597
600
619
638
652
607
615
632
659
679
677
668
657
637
614
601
590
586
587
597
586
576
589
618
696
730
683
720
721
729
683
687
673
684
675
658
642
613
603
589
588
597
604
615
589
593
601
624
642
644
646
623
604
609
615
626
620
611
603
612
608
585
591
594
608
634
646
659
652
632
610
602
589
589
590
581
569
576
576
597
650
671
718
740
751
743
716
672
636
620
603
621
658
665
671
674
674
636
611
614
610
635
661
623
654
654
658
647
662
644
644
644
621
611
594
609
622
596
586
591
604
628
643
647
634
629
610
594
588
588
587
592
620
643
655
631
628
626
644
661
671
665
646
631
617
602
574
581
587
599
614
605
598
575
582
572
573
572
576
580
564
567
576
585
606
637
658
665
686
674
691
678
667
657
645
642
633
629
625
619
598
601
604
636
685
699
693
657
665
639
629
614
613
628
637
605
622
629
644
652
644
634
607
614
615
625
647
653
668
656
624
631
630
622
659
679
698
697
688
688
693
714
697
682
668
644
627
604
589
588
591
605
606
634
694
736
723
740
718
699
671
647
611
590
591
604
657
715
737
759
778
777
775
765
762
755
734
708
698
682
648
631
626
636
646
669
665
648
669
682
684
676
657
687
683
663
657
650
656
648
633
649
656
671
669
660
624
630
637
654
672
653
662
680
695
706
690
714
717
717
694
683
696
712
711
728
734
745
742
731
740
737
712
678
682
661
650
677
686
677
704
720
718
710
681
706
706
720
692
683
687
700
677
691
702
705
697
724
731
737
708
729
735
723
700
727
710
703
712
661
646
660
646
676
693
706
703
685
694
693
667
652
662
665
675
672
667
699
722
726
712
695
671
622
621
619
630
636
638
651
664
684
675
671
667
644
603
603
600
606
614
629
639
648
660
679
688
686
682
676
648
662
687
708
729
701
727
745
763
744
714
732
729
699
694
684
672
644
618
593
613
631
672
688
692
688
679
688
692
693
697
692
691
692
694
688
688
688
677
676
688
688
669
690
700
704
693
682
701
700
683
667
673
676
681
670
655
669
675
685
672
697
709
704
692
710
710
688
700
704
715
687
694
703
707
694
720
744
760
721
733
724
689
697
692
689
668
698
708
729
712
711
707
688
673
684
687
697
671
687
676
636
625
614
605
592
591
601
619
648
634
655
665
649
656
657
649
638
653
663
693
687
661
658
659
665
658
639
626
614
606
598
592
582
576
574
577
573
577
589
589
586
584
522