553
561
577
583
589
583
581
586
591
578
571
579
588
594
595
575
580
573
563
567
567
563
563
570
575
576
563
565
565
560
549
551
553
553
563
566
560
565
566
568
563
553
551
553
553
557
543
541
542
542
552
559
566
557
561
562
563
551
558
561
568
566
572
584
592
589
590
597
598
581
578
581
583
578
584
584
579
572
579
579
577
565
566
569
575
579
572
575
583
591
590
588
608
619
637
619
613
616
616
607
604
624
621
629
666
659
661
654
660
674
658
663
656
665
676
668
637
605
601
594
578
577
580
587
590
576
579
589
604
616
607
604
618
633
646
634
617
625
624
622
612
612
607
596
589
592
592
589
580
591
594
597
599
593
602
600
598
589
592
593
599
594
594
600
603
601
590
593
595
602
593
587
591
592
599
587
584
583
583
579
566
572
571
573
568
571
581
594
601
595
588
590
588
586
580
581
592
599
614
605
604
614
626
631
614
621
623
627
627
616
608
614
618
622
623
607
622
620
630
620
610
618
619
624
609
603
613
615
620
604
618
619
623
630
607
615
613
620
605
604
605
606
603
598
611
621
625
613
622
617
618
608
620
618
622
613
605
611
610
594
595
603
616
622
605
608
604
597
594
600
610
613
604
598
603
604
601
595
589
592
595
601
607
601
615
618
626
616
626
629
635
634
623
631
627
622
610
622
621
621
613
627
626
632
617
633
631
620
609
617
618
626
616
617
622
622
616
613
624
625
620
615
625
635
638
622
623
625
624
611
595
593
585
588
574
571
582
587
589
590
601
608
619
610
615
618
627
626
618
624
626
620
605
617
620
637
631
643
647
650
644
622
621
625
630
635
641
631
633
641
641
637
645
651
652
646
640
650
647
640
631
644
653
653
636
646
645
645
632
649
642
625
631
634
620
625
637
637
632
641
640
646
640
629
637
640
645
628
638
641
653
646
648
652
653
634
633
646
660
661
652
664
646
641
642
640
636
638
627
604
606
602
592
602
603
612
619
623
622
619
618
610
605
591
582
585
587
591
592
607
615
616
603
610
617
623
610
596
595
598
601
603
604
611
615
625
622
610
625
625
627
628
630
621
625
629
634
638
639
643
652
653
636
640
647
646
621
619
624
626
624
609
614
620
622
622
619
629
633
636
622
631
636
644
635
650
654
659
656
642
654
654
660
649
652
669
669
668
654
666
668
663
653
669
666
664
647
658
654
657
637
645
646
649
640
643
654
656
652
639
650
646
647
645
655
657
663
646
646
649
651
644
638
648
648
641
637
648
653
646
635
651
649
649
644
658
658
658
641
644
649
652
641
630
639
644
653
641
649
644
647
631
637
636
643
630
645
648
649
635
645
644
648
640
628
635
638
644
640
642
651
658
666
653
645
651
655
641
627
632
632
632
618
617
627
637
646
642
646
648
647
628
627
631
627
626
624
632
637
628
622
630
627
625
616
624
622
629
608
608
614
611
616
616
627
632
629
621
631
632
640
636
625
639
636
631
628
637
644
646
637
647
648
654
640
632
643
652
652
646
665
659
646
636
646
649
653
647
656
654
650
637
647
650
656
641
654
659
666
665
647
648
645
645
636
630
641
645
649
642
646
659
667
666
657
662
655
641
620
631
645
647
644
628
606
586
589
596
595
596
600
591
593
596
607
615
623
627
628
631
632
633
640
642
641
643
640
641
646
627
637
640
634
640
657
664
665
650
653
655
658
643
653
650
648
631
630
638
643
634
622
639
651
676
680
663
672
678
667
638
637
633
623
608
614
616
623
637
646
644
646
642
637
628
624
646
640
641
627
634
634
640
646
638
651
657
672
659
677
673
673
644
654
657
646
646
654
660
661
654
673
679
676
675
683
685
680
673
683
683
684
672
688
688
697
678
695
697
707
682
690
687
682
661
678
679
673
661
682
674
656
650
666
672
681
658
664
676
679
665
648
651
659
679
663
673
681
684
673
667
686
688
683
649
669
676
672
680
686
696
676
679
689
698
703
679
686
688
698
693
688
714
725
725
697
672
683
683
676
660
671
682
689
665
682
691
696
672
668
677
684
663
649
657
646
634
643
649
669
671
686
708
717
707
681
689
693
693
679
672
686
670
664
676
686
691
675
694
690
697
665
655
666
679
660
669
675
674
656
665
662
679
662
649
662
678
668
653
668
673
679
665
671
680
676
655
656
646
658
663
687
698
702
678
674
682
683
662
683
691
697
677
674
683
689
665
674
685
692
686
702
715
717
689
705
701
691
660
656
663
668
689
691
680
699
706
709
699
676
698
693
681
667
692
700
706
681
691
693
708
697
686
697
696
693
669
676
684
691
675
670
683
683
686
673
681
683
677
666
677
673
664
679
681
687
678
652
663
660
671
661
645
652
648
630
641
646
641
643
660
678
686
669
686
695
702
674
694
673
654
646
642
632
641
638
628
633
638
645
640
653
670
682
680
688
694
684
667
679
678
671
657
651
661
668
675
661
649
656
667
681
673
661
683
685
678
674
671
678
669
649
660
664
660
646
638
631
652
652
666
672
673
672
653
657
661
662
667
674
675
689
698
672
678
673
660
649
638
643
642
647
639
649
653
659
660
643
645
648
647
639
653
662
672
670
694
694
696
678
691
702
697
692
671
665
669
673
669
662
680
689
701
689
707
710
690
674
674
678
673
658
676
687
707
690
706
715
716
702
678
685
680
679
671
679
691
701
699
682
708
710
695
673
681
680
680
669
688
688
671
665
674
688
676
670
685
689
686
680
692
688
669
686
682
679
668
681
688
687
672
688
689
689
687
708
713
718
686
675
679
685
673
664
687
704
709
688
706
714
721
695
690
698
690
674
685
681
674
663
672
684
666
661
678
696
701
671
1338
664
650
652
658
665
644
652
662
676
649
639
370
257
605
612
598
588
592
584
579
571
574
572
578
573
572
576
581
600
608
617
618
616
619
617
610
600
611
613
622
636
620
629
639
648
661
622
622
629
620
625
626
630
626
640
647
653
659
638
651
644
631
636
662
695
732
739
724
712
684
669
656
651
648
638
640
649
671
705
732
702
680
689
715
719
680
688
702
727
730
729
715
708
721
727
718
706
675
648
646
655
682
694
684
671
692
704
708
678
680
682
678
692
704
681
688
699
670
688
701
688
693
700
718
719
705
681
665
649
634
620
607
596
596
600
614
641
662
661
655
647
627
633
635
634
650
649
670
652
651
642
657
654
667
676
688
684
663
646
652
663
672
679
685
679
659
635
637
649
666
679
690
723
714
729
713
694
677
658
662
686
684
668
662
664
676
680
669
655
641
652
657
659
666
653
658
669
680
694
691
682
687
696
670
659
670
682
659
670
674
694
660
661
676
700
697
674
683
686
678
658
638
644
664
688
724
696
707
728
740
724
707
688
659
654
645
637
618
625
627
624
629
643
678
665
688
707
723
719
713
691
693
672
681
696
702
684
696
684
684
693
704
673
689
699
698
699
702
716
705
686
662
670
678
687
691
669
669
680
682
681
667
687
690
709
679
669
678
688
681
672
672
688
713
705
686
724
726
743
715
744
726
721
695
699
691
690
687
675
690
680
701
706
692
689
694
681
658
672
677
684
669
682
691
700
698
677
681
684
697
694
676
678
684
688
681
669
651
664
672
660
679
691
693
684
674
689
701
704
678
674
690
703
727
710
696
682
659
642
647
654
660
652
680
706
731
705
714
708
695
677
694
681
684
718
728
712
688
704
720
713
698
725
727
716
722
729
732
712
689
699
702
686
653
669
686
702
708
701
684
653
655
644
627
632
633
637
634
636
615
628
642
672
674
660
665
685
686
680
675
654
646
625
613
612
618
634
641
669
677
699
705
724
746
727
766
737
708
699
706
709
738
732
724
717
673
676
671
670
678
675
676
670
650
664
667
678
673
651
643
651
661
663
668
681
694
720
719
697
699
698
700
687
686
692
680
705
778
771
752
740
742
723
693
675
665
667
681
690
688
687
680
648
646
655
681
731
716
717
735
752
752
717
722
720
728
722
699
693
687
712
704
684
701
722
744
728
726
742
714
696
708
700
680
693
705
706
697
686
670
649
636
642
654
661
666
696
708
715
688
701
687
671
675
682
687
706
727
734
734
710
677
687
669
660
664
693
738
729
688
673
690
691
683
679
673
659
671
684
677
693
702
711
703
711
708
691
677
695
704
698
688
705
705
697
687
696
707
707
697
675
685
698
707
698
671
688
691
705
721
704
716
718
697
721
742
700
680
689
672
676
672
679
672
707
715
714
690
696
695
705
702
671
650
661
677
674
648
644
655
670
683
712
727
717
707
732
736
718
708
723
710
676
678
677
683
701
699
681
670
657
646
659
665
654
670
710
750
770
777
768
734
703
683
665
657
652
646
665
683
737
766
746
700
712
710
698
729
704
704
711
707
709
703
696
689
672
681
692
700
695
691
698
687
692
705
725
711
698
687
667
641
639
637
646
668
675
673
711
735
747
742
705
717
713
700
669
681
701
743
733
688
692
703
715
695
708
716
704
731
711
722
754
764
749
733
710
689
675
655
632
635
640
670
718
760
763
775
777
758
733
695
669
656
673
720
763
765
770
770
760
759
751
743
729
714
693
672
688
693
706
707
688
678
698
709
727
713
718
731
730
716
700
683
666
651
642
626
632
642
646
628
639
630
633
646
658
676
698
711
725
719
716
717
709
705
704
704
699
695
712
721
728
714
699
722
732
743
697
718
728
720
703
688
668
654
625
608
608
622
644
678
676
670
665
657
659
649
641
616
616
613
619
653
651
668
708
756
765
729
738
757
765
738
727
730
717
741
759
754
741
705
704
707
710
700
717
726
729
716
710
721
731
722
678
685
684
667
655
637
651
667
688
708
689
719
712
699
678
688
691
671
677
692
701
678
686
694
702
687
704
710
691
707
723
726
709
714
682
703
716
756
722
764
775
777
747
727
702
693
675
662
660
655
656
653
656
640
652
634
638
669
714
753
766
700
662
684
683
693
676
670
683
693
709
715
699
721
733
740
739
729
700
711
708
682
682
704
696
723
729
738
731
682
686
674
678
683
693
702
705
673
693
694
722
744
733
719
688
692
692
688
688
702
730
741
770
761
735
748
745
737
715
691
682
691
697
714
691
692
713
722
701
698
671
658
650
629
619
624
631
641
646
634
633
624
605
605
598
624
641
659
666
661
649
665
687
688
685
665
674
682
689
679
686
680
664
660
669
669
648
651
656
662
648
661
663
658
680
699
701
688
719
711
685
693
703
729
727
709
706
678
654
648
652
662
709
725
740
738
739
703
711
704
687
675
693
722
723
718
712
686
700
712
726
716
731
748
747
727
709
688
648
654
652
654
660
668
665
667
646
641
633
645
621
610
607
613
618
630
645
652
650
646
652
650
673
682
705
696
678
693
697
716
690
704
711
686
707
710
714
707
710
718
719
697
679
687
689
678
706
742
725
701
691
712
719
705
696
703
727
737
692
717
721
707
694
687
680
667
657
651
644
636
617
626
646
677
668
672
672
660
641
646
638
633
627
636
646
638
633
651
656
644
653
681
687
724
752
762
750
712
692
694
690
697
653
649
666
701
727
758
757
754
732
702
684
688
664
675
672
676
697
705
696
698
685
670
656
625
632
637
663
670
664
639
649
653
656
661
656
660
683
701
700
706
725
728
726
702
716
716
722
706
707
704
695
678
679
657
649
647
655
647
656
651
631
638
639
646
647
654
682
687
688
705
703
701
711
713
712
719
718
699
714
725
705
687
702
688
673
658
690
710
739
740
725
706
715
721
706
694
672
673
667
660
676
678
682
696
706
702
680
704
714
690
705
697
708
723
699
656
661
662
669
665
677
692
698
695
672
662
664
674
685
690
688
700
705
696
690
685
674
684
681
689
677
672
668
660
664
688
669
668
678
670
669
682
687
680
648
639
644
657
669
657
657
689
684
720
718
715
680
663
670
676
698
702
698
716
723
730
722
699
723
723
699
681
697
678
672
646
627
616
603
605
607
619
637
645
659
675
701
683
655
663
655
671
647
651
670
697
716
704
698
687
665
646
632
613
617
626
644
659
665
704
773
791
804
774
730
737
738
742
721
692
700
691
698
684
710
717
716
698
712
707
688
682
675
697
703
676
646
645
688
782
760
771
769
755
723
704
691
682
684
672
706
710
706
732
727
731
723
714
688
701
710
713
684
663
673
680
685
689
687
674
683
685
664
659
646
629
655
661
662
679
670
658
650
664
670
689
685
721
724
717
719
729
729
706
699
710
705
688
661
672
679
668
690
716
731
747
731
718
698
663
663
653
634
644
643
638
666
679
692
695
681
680
682
677
663
651
619
619
618
623
639
654
650
645
675
710
771
795
785
767
733
701
659
632
615
609
614
626
663
704
730
729
758
758
718
724
712
697
718
708
705
691
677
650
631
638
651
657
651
664
652
636
627
630
635
641
646
666
704
728
747
762
740
745
737
726
724
724
725
730
735
712
688
689
719
741
738
722
693
698
684
672
662
652
635
626
627
622
615
609
616
625
622
628
653
668
655
655
666
668
657
669
651
667
685
691
669
682
725
728
727
706
708
702
698
701
681
666
683
686
706
713
714
686
697
702
702
694
688
693
688
696
677
660
667
667
663
640
657
666
660
644
634
637
648
659
658
668
688
694
682
679
688
708
724
715
714
702
709
703
675
662
646
636
631
645
661
684
721
729
705
735
740
723
712
700
700
702
707
699
691
687
687
665
664
658
672
667
662
677
679
664
645
658
662
663
645
654
661
661
649
652
660
666
653
647
646
646
634
645
641
629
644
647
373
270
633
628
625
620
607
609
609
606
596
595
598
587
578
574
573
563
561
556
557
570
623
666
686
722
714
703
730
745
724
687
673
685
680
692
671
703
715
729
735
706
717
703
685
687
690
692
688
705
708
683
674
688
693
688
683
721
729
688
670
695
703
698
689
699
684
670
683
688
684
677
684
694
697
691
707
691
677
687
681
681
669
683
684
683
677
688
690
692
669
670
673
672
671
671
689
699
701
703
711
709
682
675
677
685
667
686
690
663
655
663
676
679
679
688
697
676
690
712
722
695
699
674
660
646
627
633
645
643
631
634
626
632
653
685
717
694
680
710
723
696
681
693
700
696
671
681
672
661
656
685
696
706
679
699
693
687
669
681
687
695
698
693
711
726
728
725
693
695
702
701
688
670
695
719
725
698
688
696
683
658
661
666
670
657
659
678
686
666
646
657
657
651
683
691
691
673
693
686
674
671
689
688
670
675
684
700
708
688
708
703
693
665
660
673
688
690
676
690
694
705
688
677
693
698
712
692
670
674
682
687
665
672
688
701
709
682
709
713
717
692
712
714
710
684
694
694
697
672
689
693
695
662
646
651
670
688
707
695
672
681
667
649
630
631
629
609
610
611
604
604
600
608
625
636
640
642
655
659
667
647
669
663
667
652
659
657
660
644
658
661
680
674
712
707
716
692
705
707
698
666
678
681
675
660
679
677
661
668
664
655
669
686
655
686
697
720
688
670
663
655
639
619
608
606
604
604
605
627
627
617
602
603
604
598
599
593
609
631
644
635
634
645
642
640
648
647
634
663
676
683
682
711
707
751
763
756
748
708
675
663
662
661
667
665
660
641
620
621
626
637
654
661
651
656
658
647
646
621
611
611
631
648
680
678
721
723
717
691
678
675
650
661
675
695
688
724
709
704
725
730
718
691
700
708
738
729
720
701
683
688
700
702
681
682
681
667
654
658
677
686
661
673
681
692
680
698
709
714
688
705
695
667
670
671
684
677
649
647
640
645
662
656
688
696
687
665
681
698
707
701
727
718
708
693
658
651
640
649
647
652
648
635
647
663
708
709
688
707
713
694
680
693
688
666
668
675
682
662
673
670
676
656
667
668
679
660
669
669
677
662
690
696
678
646
660
655
634
644
648
669
685
663
688
685
689
656
656
667
682
662
684
690
706
695
705
713
711
707
671
687
676
680
692
670
654
667
679
703
686
688
706
703
680
704
690
676
642
646
645
652
639
661
674
691
665
690
689
693
669
687
688
681
645
649
650
621
606
589
618
631
644
654
654
678
688
678
700
709
712
688
696
676
657
636
630
629
635
629
620
635
652
655
670
673
686
674
686
681
668
660
688
681
663
646
646
662
693
720
713
685
693
698
705
688
689
682
660
654
657
659
676
697
681
679
698
715
718
732
707
703
679
671
645
622
614
621
631
635
634
630
603
609
605
608
596
603
616
636
642
651
659
647
644
620
619
607
608
609
624
625
595
617
612
627
644
661
658
620
633
635
634
625
621
603
594
596
598
612
588
604
604
616
639
643
646
609
612
609
609
605
599
607
594
597
613
612
603
609
618
624
619
619
593
604
595
593
599
603
617
618
596
608
622
642
670
657
651
645
639
630
623
638
647
642
642
656
671
681
688
678
699
691
676
680
683
674
643
658
667
676
689
685
673
663
649
638
627
618
608
603
583
592
596
613
630
632
635
633
631
606
619
637
645
653
654
646
621
625
616
616
617
629
634
634
639
619
643
643
682
696
704
666
661
666
666
667
663
651
657
658
659
660
644
645
655
659
645
643
657
646
671
676
682
660
671
673
678
663
666
679
691
693
671
640
646
647
664
675
649
671
675
683
669
650
660
669
671
657
663
672
674
665
670
696
706
690
700
698
702
697
683
688
688
684
667
682
687
697
676
663
684
688
666
655
681
679
651
655
656
666
663
654
671
673
678
656
659
673
692
694
681
694
700
708
688
689
656
649
630
616
608
606
607
607
596
604
606
611
611
604
594
583
582
604
626
656
679
698
705
689
688
686
691
694
685
678
666
683
684
690
694
675
693
689
685
657
648
667
678
683
659
674
688
688
677
673
680
684
666
661
671
667
647
650
660
666
665
661
663
663
646
660
662
660
647
661
664
666
661
671
679
678
658
672
678
681
665
673
678
674
656
659
668
678
672
668
681
686
681
677
683
681
677
656
657
663
661
645
646
652
650
643
640
656
674
674
652
660
654
646
639
649
652
641
648
646
646
643
657
666
676
653
665
663
656
640
652
654
657
644
653
658
652
647
667
678
691
675
688
683
676
662
671
662
642
637
640
655
655
656
671
683
661
668
671
675
647
648
650
657
644
649
667
676
678
659
658
667
666
653
650
660
662
648
648
651
663
653
634
633
638
654
641
644
656
660
653
654
668
665
646
654
649
632
649
661
669
655
661
668
662
653
668
666
651
648
662
665
664
650
662
661
664
654
665
653
643
645
652
661
649
666
671
669
663
656
666
666
654
651
661
659
646
636
641
640
630
627
636
646
664
654
666
664
648
630
632
630
636
621
627
633
636
620
620
626
626
633
630
643
657
662
649
646
649
643
645
630
640
645
650
645
642
648
653
649
653
662
671
651
655
659
652
644
659
654
641
627
630
637
646
636
629
646
657
664
657
656
655
650
630
641
647
654
641
653
651
656
640
656
663
664
649
664
661
661
643
643
646
646
631
627
639
643
646
634
647
646
650
638
654
662
659
651
663
657
642
644
648
649
634
625
633
662
655
693
716
709
703
703
692
677
655
631
619
596
585
575
575
577
565
560
573
589
591
623
633
649
661
652
662
651
677
672
688
667
656
637
608
595
594
605
601
604
612
633
630
648
655
668
674
660
644
650
644
632
626
596
604
607
605
614
620
590
597
599
599
607
609
612
607
604
595
584
569
574
576
573
588
613
652
666
671
674
651
645
642
631
620
612
609
604
604
590
592
600
608
619
621
624
618
606
585
590
588
594
610
619
628
624
611
618
626
629
638
636
626
603
612
615
621
621
616
614
605
594
586
590
577
590
584
583
572
568
581
596
617
632
631
643
654
653
652
634
612
617
623
632
626
623
634
666
688
689
667
677
700
697
682
667
674
682
698
691
671
684
703
712
689
682
712
714
677
654
651
659
671
657
644
654
679
683
674
667
674
683
688
676
678
665
665
667
714
737
750
745
761
723
722
716
700
674
641
634
631
633
623
637
651
663
649
635
646
636
647
649
639
618
607
608
621
638
630
645
676
675
642
520
676
581
599
605
613
623
628
622
611
604
603
600
596
596
585
587
597
604
610
610
636
649
682
680
683
698
697
667
682
683
695
679
659
658
668
644
646
648
655
646
658
657
656
640
641
658
666
677
672
688
695
700
670
652
659
656
658
632
648
664
686
675
653
664
663
646
644
650
653
641
654
654
647
630
626
641
641
625
632
635
642
644
635
642
636
634
628
616
632
648
670
672
652
667
674
687
684
653
654
662
667
683
661
650
653
663
677
658
631
639
654
667
651
670
666
682
670
655
666
662
668
654
652
671
687
703
677
646
650
664
658
659
688
696
670
662
679
677
675
656
664
651
652
638
649
657
664
646
649
665
663
653
639
657
654
645
621
626
626
639
621
622
627
636
640
629
631
640
647
638
634
647
650
645
628
635
643
645
631
638
656
680
678
653
682
694
687
658
649
655
667
668
685
689
685
670
653
608
610
597
584
572
575
586
622
676
690
689
694
711
692
649
636
637
630
620
633
645
657
658
646
641
631
619
619
635
644
660
677
656
659
664
661
648
623
633
637
646
628
642
639
640
632
613
620
629
646
643
630
629
645
649
648
627
618
618
621
621
614
617
630
646
648
628
642
652
631
618
624
638
645
648
646
643
629
621
604
591
579
560
564
557
553
564
584
619
651
654
649
625
605
599
600
599
595
584
569
576
592
603
624
627
610
590
595
601
612
613
614
605
583
567
570
571
580
597
614
594
596
603
616
638
633
616
607
594
590
586
589
605
620
614
604
597
583
565
571
573
589
609
626
634
636
629
623
603
585
579
582
591
603
617
609
579
587
596
610
625
600
611
621
617
607
591
587
576
567
545
552
549
555
568
562
577
597
626
653
662
668
663
640
626
613
606
594
584
562
563
563
567
593
605
610
627
594
604
603
618
634
644
634
634
625
610
608
597
591
579
559
567
566
579
575
616
631
651
666
683
675
677
618
628
611
604
600
593
589
584
582
576
575
566
574
568
579
587
589
582
577
579
574
569
560
552
558
563
571
577
572
586
604
622
639
630
622
638
643
662
651
658
660
653
635
612
622
632
637
628
612
619
631
632
627
626
634
642
635
656
657
659
641
654
648
665
653
645
664
660
658
646
670
672
672
661
636
627
637
671
688
682
678
685
675
664
642
647
648
653
656
650
647
660
657
638
621
627
638
648
643
661
667
659
643
648
637
655
639
630
640
662
683
677
652
661
664
664
646
384
828
597
594
586
574
573
572
574
576
576
567
568
570
572
573
570
584
594
598
598
598
618
644
653
657
651
619
601
616
624
608
611
610
614
609
624
633
651
661
667
644
626
614
604
584
577
576
581
580
604
614
631
646
634
640
657
659
633
632
627
633
630
615
637
654
668
665
663
669
678
666
632
646
654
658
656
641
656
659
671
649
649
662
672
665
661
666
1273
610
598
584
577
573
572
574
580
583
596
620
646
632
641
646
629
621
629
627
628
613
622
625
637
644
631
632
641
659
664
650
640
651
650
653
647
645
659
654
645
637
645
654
663
656
646
660
655
643
621
627
634
654
648
636
652
657
656
641
656
655
659
639
632
642
652
652
641
635
625
620
608
608
620
624
613
599
598
603
613
608
614
620
633
626
626
641
637
625
633
652
662
649
646
648
663
664
646
662
654
656
639
649
648
655
646
665
672
679
660
653
655
656
657
638
652
671
676
707
694
686
676
653
651
662
649
620
616
622
612
600
610
613
622
620
638
645
645
634
644
650
656
643
644
649
652
650
643
665
676
685
665
665
660
660
647
644
647
650
626
638
659
674
658
675
676
677
657
665
660
658
633
647
645
618
624
624
619
623
633
634
626
641
640
640
628
637
637
636
620
616
630
634
650
645
656
667
678
649
663
679
683
659
664
670
679
663
667
669
673
649
661
667
667
654
666
664
646
645
649
650
635
632
643
658
662
656
673
673
677
673
668
682
688
687
673
679
684
665
658
678
682
672
666
677
657
624
614
601
608
640
660
668
677
664
652
636
633
634
643
642
648
646
641
633
627
628
627
608
628
619
612
610
599
610
611
613
605
604
608
619
608
606
620
629
616
597
597
593
578
568
573
576
576
577
585
586
584
579
583
584
583
584
581
589
594
596
591
592
604
615
634
634
631
636
635
629
609
610
614
614
605
605
620
635
652
639
633
639
641
643
632
643
641
653
624
623
628
609
603
590
597
603
614
617
606
616
617
621
618
630
637
629
629
632
643
625
634
636
640
622
628
631
634
618
613
629
628
619
627
632
638
639
626
645
647
671
655
638
648
651
638
657
657
656
641
651
653
662
638
647
659
663
649
642
653
655
650
635
646
649
646
638
658
663
666
659
667
672
664
649
629
625
630
646
620
617
623
629
649
652
653
634
639
643
630
613
602
602
594
594
587
597
597
586
600
615
631
646
639
651
668
689
682
659
674
673
675
680
656
667
677
677
647
649
652
660
657
646
656
664
662
651
662
668
659
623
631
636
633
644
638
626
616
631
655
704
710
682
648
660
655
662
663
647
646
650
649
634
642
649
658
664
632
635
632
629
625
604
608
614
617
615
603
609
588
596
608
634
638
638
639
647
662
669
639
642
632
619
606
615
625
628
635
624
609
611
621
630
641
633
656
666
675
644
661
656
647
626
629
633
647
636
650
668
665
659
681
688
680
661
675
674
679
655
685
678
671
650
681
689
692
670
673
667
668
657
658
664
668
646
668
663
675
665
653
658
647
627
614
610
602
612
652
671
656
667
681
691
691
693
681
664
664
665
681
673
647
656
668
646
642
652
646
632
651
651
642
627
640
648
636
657
660
646
679
673
656
648
655
648
637
651
657
665
639
657
655
657
645
669
667
668
668
648
646
657
673
688
667
663
674
688
671
651
644
651
634
634
649
642
627
623
612
600
599
591
587
584
586
588
604
638
666
699
736
749
754
711
674
671
654
647
645
651
663
665
653
654
659
664
647
623
619
600
601
617
639
629
642
651
652
629
630
620
599
580
577
581
581
576
568
565
576
590
603
604
601
593
602
599
595
579
577
581
580
578
581
592
600
597
615
625
619
603
603
605
617
623
631
616
638
649
655
657
641
649
661
669
663
665
685
682
653
655
663
642
628
622
631
671
684
690
698
707
698
688
690
686
682
664
674
672
678
655
676
667
682
672
650
664
660
653
636
648
652
654
645
665
663
659
640
647
656
649
632
639
640
651
630
644
651
662
647
664
662
669
645
644
649
646
630
637
645
656
638
642
656
660
641
639
640
633
633
645
641
646
669
673
664
660
667
661
638
646
644
652
640
637
655
665
667
642
649
664
682
657
676
656
643
614
599
602
611
613
611
631
636
643
637
619
632
631
623
604
614
629
649
650
680
692
674
681
700
696
678
650
657
648
654
653
640
655
659
646
663
662
646
653
672
678
651
646
657
639
628
635
642
641
632
647
656
631
641
651
652
632
632
636
643
626
628
643
644
626
623
631
638
620
635
648
661
641
654
665
673
648
648
653
661
668
686
691
681
643
644
636
611
601
604
606
597
601
605
611
615
607
612
611
605
598
607
617
628
632
628
642
645
663
662
642
646
648
634
628
630
630
633
619
626
634
638
628
645
641
631
631
644
644
626
635
646
638
609
618
620
616
602
593
597
598
587
594
606
623
625
614
631
638
646
652
636
628
633
634
629
613
621
627
630
634
613
607
614
611
619
635
646
653
643
665
662
662
637
618
625
630
631
628
649
669
664
657
674
681
681
667
664
676
668
654
648
652
647
643
655
672
670
649
657
652
623
616
622
621
632
614
610
624
633
647
643
621
624
625
619
616
627
636
647
651
634
644
646
672
690
692
675
654
667
667
676
661
653
669
657
635
631
641
653
663
646
653
660
667
673
652
648
654
659
657
644
638
640
646
636
633
643
651
644
631
631
630
616
602
595
606
613
609
618
619
616
637
640
648
647
656
656
650
666
667
664
670
646
645
656
663
657
661
668
670
649
656
664
666
655
641
646
656
653
652
678
678
658
636
638
631
613
594
597
598
602
597
598
600
600
608
606
606
605
604
601
603
610
615
620
608
605
611
609
612
605
604
607
611
605
603
617
623
630
624
626
634
629
606
615
607
598
580
586
588
592
601
598
596
603
610
615
604
619
614
613
603
600
604
615
624
613
616
628
638
647
648
629
636
642
639
618
621
624
624
621
610
629
631
640
635
657
656
670
641
638
648
660
653
635
643
640
643
643
647
645
645
626
615
615
607
603
614
631
651
661
651
689
696
666
668
678
679
659
645
651
658
666
647
632
645
646
643
645
660
685
682
656
663
665
670
655
660
663
663
647
653
664
667
654
651
666
666
657
648
658
656
652
646
652
647
636
616
610
623
627
633
633
618
633
628
627
616
621
618
266
329
605
604
604
595
597
592
583
581
578
567
558
551
553
556
553
558
563
560
561
581
595
619
641
641
648
685
678
673
682
712
703
699
664
641
647
667
714
676
686
702
728
715
694
707
724
744
720
698
718
736
724
694
707
715
731
695
697
713
707
655
654
666
688
678
646
664
677
688
681
662
687
687
684
651
665
676
685
684
669
671
674
669
644
654
670
651
646
683
732
749
729
744
738
704
703