720
733
741
708
711
718
728
707
706
722
723
702
692
714
725
733
711
718
711
714
693
696
699
711
693
722
721
736
721
733
728
734
696
688
668
653
652
636
655
665
690
691
668
682
695
698
679
681
691
707
707
700
719
732
735
703
709
720
737
725
699
715
713
732
711
683
688
694
691
676
689
697
704
681
683
698
715
703
688
702
716
724
690
693
695
693
668
681
692
718
699
693
710
724
719
703
716
714
717
689
697
696
704
688
682
682
667
646
652
650
657
646
634
637
636
627
610
612
619
629
649
652
651
666
674
692
678
672
674
674
658
668
661
656
641
650
654
656
646
653
666
685
703
699
695
705
713
713
693
700
700
705
694
677
690
707
714
685
692
698
707
686
689
708
718
717
696
714
715
722
703
700
703
705
688
691
709
714
699
695
702
707
692
678
696
707
708
689
700
697
694
669
678
685
697
687
703
713
722
696
699
706
706
704
691
711
727
725
711
694
708
718
706
680
690
687
679
668
684
693
714
707
708
721
730
716
700
716
732
719
685
692
701
704
684
701
726
745
733
711
727
737
752
727
729
730
724
696
704
711
724
706
722
715
701
674
688
708
690
683
714
706
685
664
656
640
632
634
649
672
695
697
678
698
695
694
689
693
709
731
751
723
743
757
763
759
727
717
692
670
660
676
687
692
670
662
669
682
677
669
691
713
704
707
714
713
712
702
717
728
722
713
727
733
730
704
713
719
728
703
708
710
714
695
697
707
718
723
694
713
714
724
708
685
693
690
694
680
681
685
695
688
675
702
728
761
757
792
760
709
698
687
681
656
667
676
698
728
720
705
720
714
714
698
724
752
791
783
769
787
787
772
744
751
737
731
709
730
735
737
717
736
736
734
716
737
745
735
706
683
679
676
664
651
681
715
758
766
725
737
733
729
706
713
713
730
728
702
713
716
727
744
735
752
743
731
706
697
713
727
741
731
728
738
739
734
709
724
714
694
679
691
699
716
692
693
695
688
686
706
727
746
725
733
734
743
735
729
746
753
739
727
740
757
753
731
739
746
747
744
726
728
728
725
710
701
729
733
742
735
719
733
723
705
688
700
699
715
690
710
729
767
738
735
746
749
729
705
716
717
723
701
699
718
741
740
714
690
695
686
670
670
682
704
708
717
752
746
740
705
709
699
695
678
687
688
702
687
704
718
718
688
655
635
617
640
669
685
665
650
661
670
685
702
718
726
725
717
704
687
685
661
666
660
672
684
673
665
684
687
702
683
683
697
712
721
706
727
729
735
692
665
663
676
686
681
671
695
720
701
727
744
760
754
732
746
739
733
722
702
716
725
740
724
723
719
701
672
673
675
673
670
659
673
669
645
658
671
686
696
668
672
671
675
675
654
651
659
671
679
684
728
767
751
735
697
688
682
689
698
690
727
738
751
730
733
735
730
688
680
679
684
679
664
681
692
694
685
703
708
714
701
720
729
729
708
718
725
731
735
712
717
722
722
724
708
732
731
737
712
731
734
720
704
696
705
708
706
669
669
676
692
697
683
691
689
688
659
666
680
688
675
654
662
683
709
690
686
698
697
687
667
683
682
691
676
665
694
707
722
703
695
710
715
702
677
686
681
675
656
682
692
714
692
686
673
653
651
659
642
650
662
679
679
666
681
687
699
692
667
670
668
650
633
650
649
684
711
675
665
670
671
688
674
673
657
643
611
606
603
600
605
602
596
596
596
596
591
584
575
588
601
608
627
635
612
600
603
610
622
635
649
657
647
647
642
640
644
636
639
634
632
610
610
617
647
675
682
680
675
654
637
620
610
602
598
605
619
630
646
634
632
652
676
707
729
736
729
737
727
703
687
665
671
693
727
748
763
759
743
735
720
698
678
658
645
631
625
614
619
634
651
665
675
669
633
634
651
665
674
687
687
684
690
695
698
686
675
661
685
698
699
685
671
676
693
713
729
701
709
717
725
723
698
713
726
753
735
743
746
742
703
679
652
663
701
747
777
780
780
771
768
760
758
752
758
758
746
746
740
695
708
697
704
723
722
727
759
765
766
725
714
710
709
712
710
686
698
713
739
755
758
731
759
742
761
763
734
728
707
697
674
659
662
644
654
661
688
711
712
672
663
678
699
720
719
703
736
752
733
708
723
731
723
692
698
715
727
733
708
711
730
752
765
729
757
761
766
746
713
729
736
745
723
729
731
741
730
699
709
715
703
672
678
687
689
665
697
702
726
724
703
722
721
726
714
697
715
713
721
705
685
699
702
701
679
680
680
672
662
659
667
681
670
657
676
684
692
695
690
681
683
698
703
696
724
751
753
722
734
728
729
736
728
721
723
718
690
689
697
710
718
700
727
732
747
715
702
698
692
677
667
694
710
715
711
740
744
743
697
692
681
684
684
673
696
714
716
703
688
697
714
725
690
682
671
665
649
662
680
696
690
712
721
726
714
678
685
684
689
676
674
683
684
672
673
684
676
653
640
654
675
708
712
732
758
770
772
734
730
717
706
685
692
719
743
756
729
750
772
793
762
752
759
759
735
720
730
732
705
684
690
711
736
737
725
747
741
710
709
707
718
695
724
722
701
659
655
664
678
660
666
686
684
652
653
655
637
621
612
616
612
637
625
622
610
581
582
569
568
557
549
549
556
561
562
559
552
559
556
548
549
549
546
537
536
535
544
552
545
542
546
562
583
579
577
590
606
613
604
614
626
633
616
617
625
639
634
623
620
629
642
636
647
660
660
661
665
653
638
397
848
604
602
609
618
612
608
628
639
651
646
668
686
703
698
670
680
692
696
694
681
639
625
616
604
605
625
646
654
649
633
629
642
658
661
650
659
666
658
644
647
661
670
681
665
668
671
658
674
706
701
700
713
723
740
729
729
729
729
699
700
697
708
691
694
723
733
755
747
737
728
717
688
691
705
733
728
726
749
372
571
531
723
724
711
707
716
727
708
717
730
739
719
719
759
785
776
749
775
794
794
760
768
761
742
727
748
768
779
762
796
812
765
739
753
767
775
747
776
795
749
731
741
754
750
731
734
727
719
746
772
786
759
771
757
736
716
734
754
761
719
710
717
766
749
697
706
678
671
660
681
698
699
702
689
691
663
644
649
656
648
665
687
723
727
688
673
694
705
718
707
725
724
731
736
770
791
770
743
765
776
792
776
738
747
749
731
697
688
724
784
826
770
749
753
757
752
773
795
802
768
759
780
797
818
776
746
762
751
738
742
761
779
775
749
1444
672
658
642
656
683
721
721
729
720
713
704
694
675
668
642
635
628
654
663
654
640
654
670
690
681
654
629
614
639
683
730
729
737
742
744
751
744
730
706
694
698
701
708
693
712
712
727
731
752
762
771
738
743
748
747
760
735
781
774
755
723
731
724
720
681
674
685
710
698
732
748
762
725
770
786
801
793
790
780
778
771
754
759
757
742
709
723
714
725
714
734
759
768
753
751
759
758
737
736
737
731
704
721
727
747
695
693
680
670
681
1315
659
645
629
622
622
616
606
592
596
601
602
610
606
625
646
662
659
663
674
692
688
675
683
689
691
696
692
697
703
708
686
705
716
710
718
763
775
757
772
745
757
708
702
694
681
655
655
649
648
652
659
655
645
650
654
676
671
660
680
695
704
690
699
708
708
677
683
673
655
658
681
708
727
707
744
751
749
728
736
735
736
743
751
749
726
735
725
711
689
709
716
706
688
701
694
675
699
704
714
698
702
715
715
707
724
729
724
691
691
688
689
684
699
711
731
734
712
726
729
728
688
669
667
667
668
661
672
690
713
713
718
699
710
717
728
725
724
739
747
742
726
726
719
703
696
715
718
714
684
697
700
702
688
670
680
678
668
673
682
681
683
664
675
685
693
694
682
696
699
700
683
687
689
686
687
672
686
688
700
684
688
709
717
714
689
700
702
672
652
639
629
613
611
617
634
663
686
662
654
666
673
687
673
676
681
684
681
653
632
639
629
623
648
672
691
702
726
738
740
711
712
711
706
685
703
702
691
688
715
721
729
713
704
697
697
674
637
626
633
632
648
679
685
696
722
763
776
774
743
765
757
756
732
709
725
730
745
738
729
739
739
726
719
720
721
712
695
711
710
681
649
664
683
705
687
718
724
718
677
686
700
721
738
717
707
720
722
714
704
690
714
725
742
728
713
738
736
737
705
729
736
749
719
714
730
741
751
740
720
730
731
698
673
651
662
655
682
707
716
722
735
747
734
713
685
701
691
679
665
645
638
646
645
659
669
679
687
654
652
656
658
670
667
682
695
673
649
664
668
665
680
690
698
688
704
706
687
686
691
708
713
700
709
713
726
702
695
715
731
742
719
732
733
724
699
706
712
724
719
702
710
716
728
711
749
741
747
741
712
720
718
716
700
683
705
708
689
690
697
723
753
715
732
725
722
684
697
689
679
666
685
713
738
729
771
795
807
771
772
746
723
700
712
729
720
700
721
739
729
692
717
733
720
727
726
729
732
734
734
730
739
743
738
751
750
743
727
724
707
677
696
706
702
688
703
717
714
684
697
695
680
664
681
692
709
691
727
735
724
687
700
715
732
703
721
717
713
688
710
728
740
725
757
773
790
746
717
718
715
727
711
735
754
774
750
761
750
722
693
705
710
695
685
708
713
710
703
740
753
737
698
711
723
740
710
713
720
725
709
703
718
729
697
703
697
705
684
692
690
701
679
705
711
697
671
683
688
688
680
688
707
708
678
683
681
679
661
682
683
694
695
672
686
690
693
688
685
703
716
708
688
699
679
661
642
633
660
685
728
755
746
745
725
702
666
671
673
698
710
700
729
729
722
711
720
732
709
725
729
735
701
722
731
737
702
587
865
746
732
724
754
759
760
760
732
729
746
761
761
730
729
738
745
735
712
728
735
732
695
718
736
751
714
726
720
702
663
661
677
710
711
760
783
782
727
709
710
718
729
719
681
677
661
1246
623
614
619
639
661
674
658
681
689
708
687
675
685
697
701
688
662
681
691
713
733
726
688
703
699
691
662
668
665
674
667
647
667
676
685
672
676
699
701
674
642
629
628
635
649
660
677
649
673
469
886
262
417
656
679
694
687
660
672
669
684
698
682
706
731
741
741
699
704
707
719
713
681
688
689
688
659
668
674
684
688
713
723
708
707
723
727
713
700
721
722
692
710
716
725
690
699
701
706
724
692
731
743
715
722
735
746
744
736
709
675
673
673
680
686
674
702
705
722
719
700
720
725
703
705
711
702
673
688
698
692
679
653
661
686
671
688
691
701
682
688
689
677
658
684
697
718
684
701
715
725
725
696
721
715
691
720
727
752
740
727
751
769
782
789
746
759
747
735
708
713
742
777
788
743
764
756
724
683
690
693
716
696
681
713
757
788
779
823
807
771
719
716
677
658
697
743
785
781
734
763
742
704
698
716
706
709
726
739
745
726
688
695
688
689
672
683
695
716
724
690
705
707
706
673
675
696
726
707
652
631
627
669
692
727
732
726
701
712
705
693
693
691
707
711
701
688
670
644
644
647
658
665
656
689
703
715
681
704
707
723
709
720
708
707
673
680
668
669
646
626
623
627
611
633
655
678
686
656
667
665
672
676
651
660
675
679
660
676
688
689
676
665
674
692
701
695
662
648
647
649
649
652
669
686
709
681
698
693
700
708
688
711
713
723
695
691
681
678
672
674
691
694
698
685
706
715
721
682
678
676
691
706
715
740
766
749
719
725
715
698
722
729
728
710
722
718
700
685
714
722
730
706
714
704
708
702
691
656
637
659
678
694
689
678
702
693
664
671
696
695
714
728
705
678
649
651
659
675
700
680
696
729
750
771
736
749
741
738
701
700
711
738
717
733
741
688
693
687
685
659
673
688
697
694
725
743
751
726
707
703
683
667
663
679
686
684
668
694
700
685
701
711
702
688
669
682
698
711
685
699
705
708
675
661
661
678
688
669
693
708
719
691
676
668
664
667
654
640
664
640
632
639
641
672
683
713
731
734
707
669
668
688
668
642
646
644
655
650
622
636
639
657
629
638
642
647
645
637
658
664
670
661
691
706
711
681
701
701
732
735
699
726
730
737
716
717
1392
338
315
649
650
657
645
646
654
668
645
643
660
676
700
709
699
716
707
704
695
712
714
712
686
688
692
708
691
695
721
729
725
692
702
701
708
682
665
672
659
636
637
643
620
641
669
718
707
687
709
717
715
685
691
709
730
725
696
721
731
744
744
706
721
711
690
668
674
683
686
677
646
668
698
725
698
719
710
705
729
719
693
689
703
727
743
717
740
742
753
723
741
722
687
668
657
662
666
654
661
694
744
734
750
732
738
736
728
737
771
776
765
700
674
683
695
681
688
696
698
663
646
655
668
677
672
674
692
698
693
707
739
757
764
750
738
691
698
698
705
672
677
684
688
662
675
674
686
681
677
681
678
675
680
685
683
696
687
707
726
729
711
681
688
681
663
636
621
635
646
671
691
697
732
746
763
734
740
736
732
695
676
690
698
696
732
743
728
687
693
700
717
713
704
731
727
711
682
686
698
720
717
716
731
725
724
720
691
655
660
669
680
665
651
686
715
735
732
751
750
749
759
756
738
706
730
758
792
821
777
803
822
827
791
727
730
728
702
675
692
707
696
715
751
776
749
756
750
739
728
690
700
700
712
736
724
698
729
750
772
738
723
742
729
701
666
677
676
684
659
666
688
707
717
692
722
728
726
701
679
692
713
735
733
704
728
726
704
712
724
709
677
687
698
718
706
706
712
740
723
722
729
739
749
733
712
720
721
716
689
698
681
642
629
644
674
681
655
672
689
688
723
725
696
654
641
640
645
651
672
646
650
658
673
667
679
680
688
686
648
649
650
635
619
645
1554
367
659
664
642
644
655
685
704
701
660
629
615
605
637
712
733
751
761
756
738
716
701
679
667
652
662
666
647
654
625
637
643
632
636
649
670
677
668
668
666
664
666
644
627
642
651
670
685
664
687
693
692
677
695
690
694
671
681
676
690
679
650
657
652
650
631
635
645
655
673
667
661
677
682
684
672
663
676
683
673
633
636
634
650
647
624
621
637
658
674
661
660
667
685
684
691
710
727
716
683
654
656
665
711
715
720
707
723
725
728
707
721
729
732
710
674
660
646
666
704
726
704
668
666
643
629
609
598
591
601
631
666
699
663
659
668
679
663
668
673
678
664
651
667
668
674
657
670
680
695
693
671
688
689
680
650
650
646
656
672
710
693
678
646
653
670
682
684
685
688
682
671
696
695
677
654
660
678
698
706
678
702
699
697
669
666
663
654
650
648
675
684
695
672
653
684
687
671
664
679
690
691
661
673
690
685
666
664
690
689
704
698
674
648
630
601
566
563
558
558
564
567
571
568
566
555
541
538
532
534
549
563
567
563
552
568
585
604
608
609
608
793
394
575
559
559
568
556
558
563
575
592
602
601
589
602
599
594
589
583
583
581
552
552
549
559
568
577
610
610
618
604
595
570
575
584
594
609
599
568
574
580
606
641
655
650
643
625
618
603
598
582
600
583
574
595
633
689
704
705
691
657
635
631
630
632
636
620
613
584
583
586
604
643
658
613
607
605
626
669
679
688
675
680
670
667
663
647
642
625
620
614
613
578
589
608
644
683
668
678
693
689
682
663
647
628
596
592
586
591
621
652
686
709
700
706
1557
418
599
599
607
623
639
651
643
635
616
603
594
574
556
563
574
588
606
696
765
774
766
760
740
714
685
639
635
612
614
651
687
692
686
673
667
661
650
631
626
612
582
571
582
609
646
670
697
716
741
729
704
687
667
653
639
622
614
611
616
616
626
643
655
660
660
696
707
706
702
668
623
618
621
638
676
690
693
688
675
672
656
647
638
636
622
591
605
625
680
718
729
725
730
747
741
685
659
651
664
672
682
686
687
694
675
627
622
622
645
673
658
657
637
641
655
660
663
655
648
631
628
599
603
608
624
612
615
660
727
756
721
688
705
705
725
737
744
738
734
731
728
730
713
668
673
686
736
751
730
699
728
682
688
724
740
750
742
735
700
664
648
646
644
643
646
640
619
615
627
653
672
688
695
689
691
675
665
659
629
645
662
683
708
711
686
651
664
677
677
678
667
628
632
644
654
674
693
702
697
696
691
659
643
642
646
643
718
761
773
778
753
722
688
627
625
625
657
702
655
688
696
729
757
754
747
738
721
691
650
628
630
653
703
728
730
757
758
697
716
711
723
708
685
673
652
624
604
599
607
633
662
673
678
665
669
661
651
632
628
626
620
609
597
596
584
601
605
601
600
607
618
630
622
670
688
701
719
742
724
736
716
687
658
625
603
603
624
653
684
672
651
643
662
660
665
663
660
653
645
630
623
634
645
670
689
652
671
693
730
754
738
698
673
662
669
662
658
642
628
623
630
624
628
601
621
646
688
713
723
702
715
688
677
685
701
651
669
661
680
686
700
690
670
657
634
616
596
593
602
610
616
614
583
591
610
629
674
691
685
681
663
646
623
608
575
565
569
577
607
641
667
705
703
716
661
675
675
672
678
680
676
686
661
650
625
597
602
607
629
689
729
743
747
741
727
654
659
646
658
686
693
703
693
686
683
678
677
666
654
650
617
625
646
661
679
713
711
699
663
663
672
679
699
689
683
669
646
612
621
623
645
688
694
695
702
682
661
642
629
621
636
663
662
696
695
721
736
739
739
737
717
690
702
719
728
730
723
688
667
670
700
745
779
771
769
767
742
739
727
729
730
693
709
733
762
793
772
747
735
695
695
716
688
710
733
741
742
733
713
729
724
742
729
729
741
731
698
686
714
733
753
734
769
780
797
740
688
677
652
639
646
661
683
703
715
737
730
705
707
718
711
695
698
710
732
756
744
770
772
793
801
816
754
769
769
783
788
776
737
708
719
728
710
718
741
763
774
747
779
774
770
771
734
742
723
718
691
682
711
741
777
797
797
756
746
742
731
722
737
746
726
692
716
702
688
664
682
693
670
677
686
688
704
689
700
734
761
782
744
690
702
699
708
664
636
625
644
691
754
788
791
793
776
750
722
721
724
737
740
743
748
757
766
771
788
790
767
734
733
740
736
708
712
717
726
698
726
725
729
702
726
727
735
726
704
724
712
711
692
719
732
753
750
740
768
753
735
705
725
751
771
770
745
772
778
786
737
730
712
712
711
703
734
748
746
733
767
772
728
725
717
699
670
676
706
750
767
766
742
757
770
774
754
752
754
748
725
739
737
734
708
735
740
747
730
764
765
766
741
758
757
760
737
749
748
745
735
771
760
746
713
724
724
736
721
728
737
755
755
726
745
760
758
737
752
757
752
728
733
726
693
685
688
709
705
720
746
754
730
739
755
737
712
716
713
724
718
736
737
738
743
736
734
690
700
684
665
655
673
648
682
697
708
684
699
697
703
712
715
721
736
742
753
755
718
738
734
751
729
733
740
752
768
733
767
769
774
749
753
747
757
706
721
715
723
714
716
743
744
755
730
773
770
782
734
729
748
756
751
721
749
734
719
726
747
739
735
703
674
682
684
674
711
749
775
769
724
745
752
766
750
708
737
751
777
767
767
787
787
769
718
737
761
776
757
756
772
776
758
751
772
776
729
703
714
712
708
671
696
709
732
733
748
756
729
717
730
734
737
733
737
752
784
758
710
709
705
716
713
700
726
746
759
751
753
759
759
733
707
729
731
736
726
741
753
735
750
753
745
706
719
713
681
696
725
722
705
738
753
712
736
731
709
696
686
678
653
655
667
685
711
739
760
757
731
697
681
662
661
688
692
731
751
766
729
722
736
742
737
734
733
724
705
730
725
704
697
704
713
723
710
739
747
727
720
744
761
769
774
748
712
722
722
737
740
724
757
764
753
713
731
719
722
742
763
775
726
738
730
718
687
706
709
719
715
754
763
744
709
745
755
748
762
782
795
757
754
755
756
741
730
757
781
785
740
760
760
763
713
720
733
743
730
739
752
772
741
733
753
769
741
720
725
697
679
688
687
682
667
690
707
739
766
767
733
743
742
738
748
767
788
794
758
753
748
742
723
748
753
740
715
740
745
748
700
702
685
1333
817
589
691
696
676
661
632
609
625
635
648
695
702
699
697
690
703
716
725
727
727
729
722
723
703
718
713
713
723
732
700
713
708
707
689
718
729
738
731
712
722
709
695
664
678
676
699
693
688
707
709
725
718
732
750
759
754
753
728
721
710
696
665
675
686
692
688
683
705
712
689
707
710
696
658
676
679
693
703
694
721
740
746
734
693
717
725
735
745
649
826
747
746
728
723
693
685
666
682
690
704
709
694
718
741
758
760
738
740
727
705
676
686
689
704
681
664
688
701
722
727
718
750
766
790
788
789
760
736
726
716
684
708
708
705
676
684
696
720
707
740
750
718
742
733
726
703
721
719
714
693
709
721
746
760
737
747
747
744
720
753
752
739
748
748
749
725
702
729
740
753
729
755
753
734
697
710
724
749
741
699
709
699
687
704
722
742
729
699
722
725
724
706
729
740
750
713
736
734
741
726
699
725
733
734
716
747
760
762
737
735
736
723
697
714
715
691
674
699
715
736
711
732
727
697
696
681
662
646
648
656
692
725
703
703
721
726
709
722
722
273
430
691
688
1351
664
681
714
723
691
715
735
750
723
741
732
731
711
734
737
749
734
724
755
778
783
745
757
746
729
694
711
711
720
705
741
771
731
762
771
753
706
723
719
741
754
751
766
771
757
770
759
740
702
723
747
787
753
717
742
762
767
721
735
721
688
679
688
702
705
696
733
763
729
758
776
799
765
776
761
728
700
708
692
690
683
713
751
773
763
731
761
774
793
771
819
825
810
765
787
783
764
721
744
749
758
717
750
764
779
741
761
742
718
730
766
762
755
705
710
729
750
719
671
675
682
716
763
782
749
768
777
785
785
783
784
739
759
749
750
746
753
758
742
762
766
762
716
726
728
717
700
745
773
785
753
749
749
753
761
739
751
771
789
793
766
797
801
788
797
792
735
704
707
704
715
693
720
742
768
738
723
777
779
747
697
688
688
682
670
664
676
696
708
695
692
719
738
745
748
743
768
767
748
770
761
712
733
733
761
747
759
750
716
737
748
759
757
725
736
741
755
746
727
764
770
752
739
749
749
718
704
718
721
700
674
700
713
730
710
735
754
756
733
730
762
765
756
767
753
722
694
705
703
685
727
739
752
735
763
770
765
729
749
751
729
685
706
704
707
680
698
707
717
716
749
771
786
771
762
775
782
776
740
772
779
777
723
736
753
766
711
711
710
722
717
702
731
757
779
748
743
749
741
715
703
735
756
765
738
770
782
774
724
746
750
767
735
742
800
813
780
796
782
732
746
740
804
816
802
773
711
711
696
684
673
653
653
680
691
733
727
726
706
687
667
651
643
654
670
688
702
696
712
714
722
715
1343
662
678
712
755
741
748
2121
655
648
659
694
746
758
770
798
816
814
801
790
771
765
740
755
759
761
706
711
729
729
729
698
688
674
666
649
645
658
673
696
706
695
711
724
750
767
773
762
733
760
766
768
718
729
756
797
800
781
789
783
797
756
770
770
759
693
686
711
744
779
787
786
808
799
762
768
771
757
755
777
789
795
768
785
771
754
735
762
768
762
710
706
722
738
745
723
763
778
778
741
771
788
794
771
758
765
774
748
756
762
767
729
745
747
745
711
710
729
720
686
700
729
757
720
736
720
689
673
672
659
653
658
691
712
728
696
674
688
742
809
831
828
828
837
837
832
813
796
762
791
797
797
769
764
788
806
791
743
769
771
748
774
769
744
785
802
795
758
776
770
765
762
760
744
716
683
675
671
663
645
630
645
666
699
723
708
748
758
740
760
760
761
750
765
766
728
728
753
762
741
772
795
756
777
784
792
774
796
785
769
743
763
760
736
737
751
733
723
765
754
741
725
744
744
703
731
698
686
661
662
685
663
683
684
675
685
683
686
655
666
679
702
697
692
721
714
697
718
751
762
730
715
723
720
719
688
709
712
688
712
724
712
694
721
728
716
740
761
771
736
741
744
743
715
733
753
755
728
753
763
733
756
756
750
709
719
713
686
691
705
740
757
739
771
776
751
751
755
737
697
706
704
691
701
730
757
758
724
751
759
751
718
716
706
716
692
691
694
695
688
688
697
716
664
660
659
752
718
688
677
682
680
669
663
675
272
397
660
649
623
629
616
610
606
606
594
606
611
606
618
640
634
635
646
632
636
632
640
643
343
281
1215
609
611
636
656
647