581
584
592
606
604
594
603
610
604
588
586
577
569
554
549
534
531
543
551
550
551
556
575
589
590
593
605
617
618
616
619
637
647
635
628
637
640
646
631
632
635
647
634
620
636
676
654
652
660
649
624
647
612
623
612
592
590
580
586
592
607
617
609
630
648
664
650
647
658
663
664
645
651
663
675
652
648
652
656
652
639
655
662
675
658
653
662
665
663
647
660
664
675
654
646
651
653
623
625
623
634
633
633
615
604
608
606
604
597
602
609
615
610
604
610
610
595
590
595
599
599
591
598
612
640
644
629
639
643
626
614
620
620
616
603
604
610
614
601
604
608
615
608
612
617
620
610
613
617
622
621
618
621
622
609
615
622
630
626
616
622
619
614
601
602
608
604
592
593
602
604
604
600
617
619
620
608
608
614
612
599
604
610
619
605
605
606
613
605
606
617
614
604
604
602
605
600
591
596
598
605
602
601
606
617
615
612
614
615
622
618
615
616
608
606
618
617
620
622
612
625
634
643
635
624
629
629
632
617
627
634
644
629
632
637
630
614
611
610
617
614
610
621
633
631
617
618
623
626
611
604
611
623
637
637
644
651
646
646
641
637
638
618
610
609
622
632
628
613
619
616
617
610
616
621
612
599
606
614
627
619
626
636
647
638
631
619
613
601
593
582
571
568
567
571
576
575
569
575
583
597
613
614
633
646
659
650
669
665
667
635
626
639
649
659
646
645
651
645
633
613
618
605
599
585
584
593
598
599
597
607
617
611
609
615
625
630
604
602
606
604
600
604
624
642
655
648
658
659
661
653
635
644
638
632
615
623
630
644
644
629
627
635
637
627
634
642
644
630
616
621
625
631
627
611
621
627
641
641
629
640
642
652
648
634
641
640
641
632
628
638
638
643
633
634
639
643
634
632
642
644
642
633
631
639
638
623
616
627
625
628
623
618
620
618
604
603
612
615
613
604
608
609
614
603
594
595
597
601
611
608
613
617
627
630
621
623
638
646
660
652
662
662
665
649
640
645
647
647
636
627
630
627
612
608
618
627
632
635
644
651
650
637
642
645
647
643
630
641
647
650
635
641
640
647
636
635
647
646
634
626
628
628
618
607
610
609
606
595
597
601
608
618
612
612
624
637
646
636
627
620
624
624
624
621
620
630
634
645
632
620
620
624
626
623
622
627
636
652
635
633
638
633
624
611
601
593
589
581
583
591
606
604
606
614
630
634
627
623
626
630
629
616
613
621
634
646
637
659
673
680
661
646
646
637
629
608
611
615
622
610
609
616
620
612
616
623
628
632
652
622
611
602
588
586
582
582
574
574
573
570
569
568
566
570
577
587
582
582
591
601
610
603
600
607
603
599
582
572
574
569
571
568
574
580
576
579
591
602
601
612
629
646
652
639
623
615
610
606
599
592
584
606
620
633
635
625
637
643
658
667
657
646
632
609
590
584
576
582
587
591
594
584
593
587
584
581
579
582
586
582
584
593
605
619
633
624
619
628
633
649
653
628
628
629
622
610
615
620
629
638
633
633
636
635
622
636
630
621
609
615
617
625
613
614
617
617
609
611
617
617
613
611
611
609
599
596
600
604
620
614
624
628
629
626
636
644
645
627
616
618
614
605
598
604
611
613
609
616
619
622
615
623
621
620
615
603
605
611
619
612
619
626
632
637
626
634
630
620
604
600
601
601
600
597
605
614
628
618
617
625
633
621
609
613
610
601
596
597
601
605
604
608
614
615
604
589
590
579
573
563
557
550
545
550
547
549
548
551
559
563
562
555
559
563
566
567
567
569
574
580
573
572
577
580
580
574
579
580
580
571
573
576
585
595
599
602
612
623
630
618
627
622
610
598
602
602
604
607
606
598
605
609
622
636
645
632
613
613
614
613
618
609
608
617
617
612
603
606
612
622
632
618
612
621
625
630
632
626
632
640
648
640
647
642
636
646
651
653
632
632
635
635
625
618
624
624
610
604
614
619
629
624
618
626
628
638
639
622
619
622
624
632
617
612
614
612
600
583
573
571
579
587
584
582
580
579
575
568
567
564
565
568
571
578
584
588
595
593
594
601
594
596
602
607
603
597
585
588
586
588
590
584
586
588
591
583
579
584
584
589
585
585
594
591
581
580
583
582
580
580
582
584
590
582
592
597
605
603
611
614
614
612
607
608
610
607
602
599
599
597
589
588
574
567
571
573
579
578
583
589
591
599
599
590
594
588
581
573
577
586
605
619
620
636
643
643
623
632
638
638
619
618
614
610
598
606
607
613
603
600
601
600
592
585
588
584
582
577
586
596
604
594
597
604
610
614
599
598
603
602
600
588
590
586
587
577
566
566
564
566
563
563
568
569
563
566
571
581
591
583
583
587
588
596
587
587
585
589
591
582
581
587
592
597
592
593
602
604
604
596
596
600
605
595
589
592
598
604
592
593
599
601
595
588
593
600
604
598
597
603
604
605
595
599
599
599
593
591
598
604
596
588
595
597
601
591
590
595
597
599
592
594
598
603
597
591
599
605
613
608
596
599
606
603
596
603
608
615
604
601
601
595
601
617
634
622
616
603
579
567
559
553
549
554
566
565
579
597
622
640
635
623
610
604
614
614
615
627
628
636
613
600
603
598
597
585
581
587
599
603
624
633
640
622
627
622
616
601
605
604
597
598
607
616
626
625
618
625
628
637
635
619
604
600
596
599
604
618
636
623
618
621
620
613
619
623
615
611
623
628
641
640
632
609
592
588
584
582
582
573
584
590
604
617
619
621
617
607
606
605
612
607
622
632
649
652
633
646
624
622
629
638
631
623
600
591
591
591
592
590
592
606
616
625
619
612
614
619
606
596
594
597
604
604
591
575
570
569
573
587
604
605
606
587
588
592
585
577
572
575
580
589
605
604
599
597
598
602
605
598
600
599
598
601
598
592
585
590
594
605
606
607
599
582
577
575
568
570
572
576
579
574
577
582
580
582
589
599
596
591
594
603
599
591
591
602
611
613
599
589
581
588
591
604
599
599
588
581
580
573
575
576
575
569
565
564
554
556
560
562
557
560
565
566
577
592
610
616
599
595
584
570
564
558
558
550
545
542
541
541
549
562
568
570
564
556
550
554
555
563
558
554
557
560
563
559
556
561
570
588
587
578
583
587
592
584
574
578
583
586
580
569
566
567
569
565
559
561
566
573
577
570
577
582
590
591
586
591
603
604
589
595
599
606
595
585
596
603
603
613
636
638
653
646
653
664
659
641
649
632
623
615
598
584
580
569
576
581
590
584
587
590
582
591
593
589
580
584
589
600
605
602
587
569
564
565
566
574
574
581
604
643
656
644
653
654
641
629
632
632
632
609
608
600
607
602
601
604
610
605
589
590
578
564
564
563
565
571
575
589
598
605
598
596
607
625
646
635
631
632
624
609
612
613
617
615
609
605
604
601
585
578
581
592
598
598
591
577
574
572
575
582
582
591
610
614
616
617
614
608
583
566
569
568
575
570
566
576
590
610
614
604
605
614
622
619
604
594
590
589
597
596
599
600
602
616
612
601
595
592
581
573
575
584
595
598
617
643
651
650
640
610
605
610
615
605
595
600
605
604
614
612
600
600
600
597
590
586
591
600
604
601
601
622
638
636
620
610
605
603
596
592
597
598
601
589
592
595
597
585
599
613
600
589
588
593
599
593
601
593
580
573
580
591
604
614
605
598
603
605
609
613
606
594
592
592
587
569
563
562
560
563
564
571
581
586
580
581
587
598
600
593
599
606
613
626
620
607
590
579
579
583
595
604
595
598
607
614
608
602
601
610
609
606
608
606
602
594
590
587
579
578
574
576
579
584
591
588
587
579
577
580
585
593
589
597
607
626
630
628
609
597
602
599
598
601
603
603
609
584
574
576
578
584
590
579
584
582
585
588
581
584
581
574
563
558
555
547
542
545
545
550
553
555
560
564
577
579
575
575
579
585
596
596
593
589
580
568
567
568
576
581
587
576
575
584
593
602
594
590
596
604
605
593
583
585
589
595
589
579
581
589
597
599
589
597
605
613
601
599
602
603
604
588
583
591
598
599
581
582
587
592
594
585
582
585
588
590
577
571
575
577
581
580
593
596
603
595
581
582
585
588
590
579
585
579
569
563
554
552
565
597
614
607
601
588
579
570
564
561
556
546
545
543
541
535
536
532
535
534
532
531
528
528
529
533
536
534
537
541
534
535
538
536
533
526
519
510
512
506
501
502
506
511
512
519
524
537
557
572
574
577
595
597
604
591
592
592
600
602
602
585
573
566
564
562
563
554
549
542
538
532
525
521
525
535
542
545
553
561
575
582
572
569
573
573
570
569
573
570
571
569
563
560
558
560
548
557
561
569
579
577
576
579
576
569
562
562
563
563
561
557
552
543
537
527
523
521
527
542
553
550
546
562
578
602
590
588
593
604
617
608
608
610
612
604
589
591
577
575
567
551
549
542
533
535
540
546
550
560
565
578
587
594
594
597
584
567
563
563
564
564
564
558
563
565
575
572
577
582
597
593
574
563
560
562
563
567
566
562
560
559
559
558
553
553
554
558
557
549
542
540
540
541
545
542
550
558
565
566
567
570
577
578
574
572
576
573
571
569
572
565
562
554
542
536
538
541
542
545
557
573
586
596
578
569
570
578
584
578
581
587
587
585
574
574
562
557
550
544
538
536
533
534
533
529
525
520
513
507
505
504
507
508
505
507
506
506
504
506
520
544
579
608
600
603
614
631
617
636
652
645
611
591
577
573
562
566
572
574
570
578
587
610
606
591
578
577
580
572
568
573
577
582
594
597
605
612
620
607
599
581
575
577
574
579
590
586
574
571
575
580
591
590
598
616
635
614
617
620
618
611
603
603
604
600
583
568
569
570
572
573
564
559
565
572
585
607
602
603
595
583
571
569
559
557
556
554
551
541
543
545
552
549
562
558
549
548
560
568
573
586
586
584
580
580
577
569
561
560
564
562
557
551
559
571
583
587
578
575
584
593
594
583
585
592
598
592
586
591
590
586
572
572
578
586
581
565
554
550
564
569
576
583
580
578
576
572
561
556
553
554
552
554
549
549
551
556
557
559
562
569
573
575
566
567
579
580
572
580
587
593
590
596
605
607
614
611
606
603
594
587
591
590
601
604
594
603
607
606
605
623
612
591
575
570
567
560
565
563
549
543
538
525
519
514
514
520
530
545
559
585
610
641
652
675
654
640
618
600
596
606
614
600
592
599
599
598
581
584
588
587
589
581
579
586
590
593
595
587
591
593
592
588
588
593
593
585
577
576
576
577
580
575
577
581
583
575
570
574
583
595
602
594
594
601
605
604
595
586
586
589
589
589
590
600
609
612
603
592
594
598
600
594
581
576
573
577
567
562
563
566
575
585
579
580
580
580
581
572
569
569
573
574
567
563
566
576
583
583
581
587
596
601
610
596
589
595
598
601
604
592
590
586
584
586
575
575
567
563
560
544
542
537
529
526
523
521
523
524
529
535
538
541
543
553
559
563
561
557
560
565
575
576
571
575
581
587
590
582
572
567
569
568
563
556
556
563
572
581
583
584
596
595
587
581
583
577
577
564
563
566
574
586
596
592
590
597
607
605
581
576
575
579
586
589
581
583
594
605
621
625
614
605
602
601
595
602
615
628
635
613
607
614
616
616
609
623
625
640
645
639
647
648
648
643
633
625
611
588
575
563
555
551
549
548
547
550
542
539
535
543
553
570
568
563
573
584
592
594
576
570
567
568
564
562
553
549
549
552
552
552
544
544
550
562
568
578
582
580
577
580
576
572
560
555
566
576
598
601
610
628
635
625
618
626
629
627
607
593
586
582
570
560
554
551
547
546
544
540
538
540
544
554
563
574
571
580
581
588
579
574
576
579
585
586
576
573
572
574
574
571
567
569
568
560
554
553
553
554
558
563
558
563
567
576
582
588
586
581
586
591
592
591
589
593
597
608
620
612
603
598
598
593
583
583
589
598
610
606
601
607
612
617
616
604
605
608
607
604
595
595
599
609
619
615
613
616
618
612
607
611
612
611
605
598
599
591
577
570
578
592
592
577
580
584
577
570
567
562
555
555
562
566
571
575
573
559
550
544
541
541
540
539
538
537
541
534
532
526
522
512
513
512
508
509
520
522
515
514
516
518
518
517
519
522
523
527
530
536
541
541
540
536
531
527
522
518
513
509
506
503
497
499
496
500
515
529
551
549
548
547
543
536
524
522
520
521
524
527
534
534
539
549
550
555
554
555
555
548
542
536
523
521
517
517
526
555
579
609
618
631
640
611
604
598
613
616
622
619
620
601
570
562
552
547
552
561
574
597
600
615
599
604
603
591
584
573
565
543
545
544
545
539
539
543
556
571
592
603
603
600
604
599
598
579
571
563
562
561
563
564
563
558
550
555
571
575
574
570
563
556
551
549
547
540
531
527
534
549
571
594
596
593
600
595
582
567
558
540
537
534
541
553
563
569
567
561
562
563
568
570
552
552
550
550
538
541
534
534
533
542
552
561
569
571
572
576
572
565
558
556
537
532
529
536
552
572
575
588
587
563
559
561
564
571
580
577
573
570
563
559
555
553
537
533
531
534
532
540
549
567
589
617
633
642
631
614
604
598
587
585
573
567
557
546
536
529
528
530
537
545
557
557
559
560
559
563
561
562
560
562
559
555
539
539
538
528
525
534
540
546
550
551
549
549
550
544
546
543
549
546
556
564
570
567
566
560
551
543
539
534
530
531
529
530
532
535
535
522
525
532
544
558
565
558
559
562
568
568
566
562
563
556
555
548
551
551
556
561
570
580
590
591
603
604
591
595
589
592
579
571
574
576
577
569
563
564
574
580
595
594
593
585
580
567
560
543
534
530
529
533
540
544
548
561
578
592
601
605
610
600
589
583
558
551
552
556
562
571
579
582
582
586
569
573
574
584
589
588
585
570
564
559
547
546
545
544
549
550
552
549
541
529
528
528
529
530
531
533
531
529
528
529
531
532
531
536
547
563
573
578
583
580
572
560
558
563
574
576
578
570
571
579
584
586
570
566
561
559
551
548
544
544
548
552
553
560
569
578
579
570
574
569
573
563
559
561
571
576
575
571
570
578
574
567
573
578
586
589
587
584
574
574
573
574
573
570
573
578
580
581
578
581
581
570
565
565
570
578
577
594
595
598
594
576
573
572
582
576
570
566
575
585
599
608
609
607
611
610
607
606
599
601
606
614
626
627
613
603
601
597
590
575
575
583
590
590
598
588
592
594
597
595
583
584
592
604
612
613
627
631
621
606
604
584
569
566
572
570
583
583
590
589
581
579
581
584
589
591
585
590
592
591
591
581
576
577
578
578
577
577
579
581
582
584
581
590
598
604
612
607
605
607
604
604
593
589
595
594
596
587
584
591
593
587
580
580
582
587
594
591
587
586
587
584
584
583
584
589
596
598
600
598
602
604
594
590
587
587
591
593
599
599
607
609
601
602
604
604
606
591
586
583
585
596
602
609
615
623
635
627
634
637
636
630
611
595
590
584
584
567
563
575
584
595
591
581
583
583
579
577
571
569
578
593
613
633
629
627
628
636
633
624
601
592
599
604
626
633
622
633
634
633
621
611
615
614
619
624
614
619
613
610
598
592
589
591
604
600
590
590
591
597
588
588
592
591
590
587
593
596
588
582
581
579
580
581
575
566
552
547
552
557
553
549
550
549
546
541
534
529
527
525
521
520
514
515
516
515
520
528
540
551
556
562
563
572
574
576
573
568
569
571
582
580
574
590
593
597
588
583
588
586
588
578
579
582
582
576
568
567
566
566
570
573
592
607
629
620
618
620
617
604
593
596
593
596
596
588
588
586
586
581
579
581
579
573
573
579
587
600
596
602
611
618
620
614
604
608
601
597
593
591
592
590
589
589
596
605
606
598
596
600
603
606
595
589
593
593
597
588
588
592
592
588
580
581
578
579
577
573
577
582
581
584
577
579
579
578
569
566
563
562
567
563
563
563
564
568
574
569
574
575
574
579
567
567
570
573
575
568
570
577
578
583
576
583
585
583
573
568
567
569
575
575
572
578
579
585
584
586
588
598
594
586
597
596
596
597
587
589
592
601
604
599
596
599
597
592
589
585
581
577
573
574
580
583
579
580
580
579
575
573
575
575
577
573
576
580
585
587
578
575
579
582
585
586
586
587
583
573
568
568
569
567
566
578
587
594
599
595
594
597
600
602
591
590
596
600
605
602
604
610
620
627
621
624
634
643
630
622
604
599
586
576
562
556
559
563
570
574
570
570
572
583
586
581
573
565
563
564
562
558
559
563
563
561
562
573
586
595
597
583
587
593
595
597
596
592
606
619
628
628
625
618
620
624
609
654
618
606
607
582
567
566
561
564
570
580
588
595
587
592
601
607
614
606
604
607
615
605
599
606
612
611
604
605
609
613
607
598
598
607
612
615
610
607
615
624
626
618
622
622
627
624
615
618
621
626
611
613
617
621
622
619
622
623
630
620
610
607
611
609
600
596
604
606
617
612
606
607
612
624
626
613
614
613
618
613
611
614
623
629
629
623
626
631
633
626
621
617
602
600
601
608
604
604
610
621
630
617
609
618
621
621
605
594
591
588
587
577
580
586
596
604
595
595
602
607
601
600
606
611
619
610
603
609
614
622
620
614
615
617
622
614
618
625
633
634
631
623
629
626
628
623
614
611
612
609
604
608
619
626
614
604
604
604
606
598
591
593
592
595
593
592
599
603
602
587
575
568
563
574
572
572
582
578
580
581
577
572
576
575
573
573
576
581
582
585
583
582
584
581
580
575
570
575
579
584
583
579
582
584
586
580
575
580
580
581
574
577
580
582
582
578
582
587
591
591
582
584
582
582
572
572
577
574
573
567
563
566
567
565
563
563
561
557
549
543
544
542
542
548
563
577
598
603
604
612
613
606
593
599
599
604
611
608
613
621
630
628
623
611
606
605
605
601
594
596
602
604
589
586
581
575
564
560
558
553
551
549
551
552
551
546
549
545
536
541
547
551
564
568
563
569
573
580
582
577
572
580
584
583
580
578
578
576
570
569
567
567
571
564
566
563
563
561
562
564
566
574
587
582
584
588
594
598
594
596
597
596
594
584
578
579
578
575
569
563
563
563
568
574
576
585
591
587
576
575
577
581
591
600
601
610
614
615
614
612
617
612
607
597
598
600
604
597
599
607
616
627
624
619
627
615
614
603
598
604
611
618
617
616
624
628
629
610
599
590
589
590
589
577
575
579
585
597
601
600
604
598
593
584
579
579
583
581
569
563
560
556
552
551
545
549
553
560
574
582
586
599
605
615
610
598
602
599
601
600
595
600
604
616
636
630
627
634
636
633
616
609
608
605
602
587
584
582
585
577
582
592
603
604
598
603
602
601
585
580
579
577
569
571
579
585
580
1144
570
564
558
552
550
550
543
543
537
541
548
555
562
565
565
566
572
576
581
572
568
571
570
566
559
549
551
556
561
566
560
554
555
547
543
542
545
559
555
561
574
583
590
578
576
583
587
575
576
565
578
586
609
629
639
654
650
650
641
649
641
638
626
646
641
646
615
604
610
616
635
623
623
634
640
629
618
622
617
608
606
606
605
596
596
606
607
615
594
600
600
607
604
613
613
612
599
601
601
607
607
609
622
628
622
625
636
645
648
629
630
623
613
614
614
616
604
589
579
575
578
580
578
569
574
575
576
577
576
581
586
592
592
584
574
575
578
584
592
602
611
609
612
617
631
646
641
626
622
626
627
632
627
619
629
631
632
618
612
611
617
612
594
578
578
586
590
590
579
574
582
585
597
607
600
607
615
624
627
624
605
599
597
596
601
594
588
593
601
612
608
607
619
632
640
630
614
617
619
621
618
604
608
609
614
612
602
604
604
606
604
593
597
599
600
601
587
591
595
596
589
597
597
601
599
594
596
603
611
614
608
601
602
606
602
585
585
584
587
585
579
578
583
587
575
578
588
593
597
584
573
579
596
586
587
588
587
580
570
563
552
543
543
543
546
553
563
567
581
581
582
578
568
559
556
554
552
555
551
554
564
572
591
602
595
604
605
614
621
618
609
611
613
614
611
604
604
606
613
619
632
625
615
620
618
618
620
611
615
623
634
640
630
619
624
634
638
611
615
615
623
628
627
622
620
616
604
591
579
582
584
596
593
574
576
578
581
584
585
591
591
590
585
592
589
598
604
615
614
614
617
621
626
605
608
610
613
606
611
612
612
613
608
604
605
632
603
591
579
574
572
567
566
567
563
563
564
572
582
590
589
577
574
577
576
569
561
555
555
553
547
551
555
556
567
568
568
566
565
572
568
563
553
540
535
535
535
544
539
544
542
540
533
533
538
553
570
587
597
612
617
616
625
617
591
599
604
612
641
626
628
626
641
629
618
625
627
631
620
626
607
595
586
583
584
587
578
582
584
592
587
581
570
565
581
586
596
609
602
593
597
599
602
606
591
594
592
594
582
573
575
574
569
576
587
594
603
591
594
596
591
580
580
582
586
584
581
590
598
602
609
604
613
615
620
614
615
619
619
626
603
607
611
623
620
631
635
638
626
616
621
622
628
624
627
635
639
639
622
617
624
634
648
654
646
623
615
612
610
596
593
600
610
623
622
616
624
630
636
631
643
645
646
642
627
630
628
626
610
603
601
594
582
577
580
585
591
583
578
587
583
582
569
561
558
559
561
561
560
558
563
564
567
551
548
548
552
546
540
539
544
553
568
582
585
577
574
575
577
584
587
581
584
591
604
594
603
608
609
608
603
607
606
605
594
594
600
599
584
591
594
601
613
605
607
614
615
605
600
605
607
608
599
604
611
617
607
622
623
625
608
597
599
596
593
589
593
589
587
579
580
583
585
589
588
603
606
617
623
608
606
604
603
588
578
584
597
622
625
614
629
646
634
607
613
609
614
600
604
613
627
645
647
639
647
637
628
618
633
641
655
664
655
630
626
624
639
656
644
649
651
649
643
621
629
621
617
601
600
602
617
635
623
626
627
631
623
613
623
625
624
611
611
609
614
614
596
601
591
589
576
570
573
573
580
581
589
606
621
638
622
603
606
608
618
628
633
626
616
626
625
623
617
607
616
620
623
607
606
599
593
574
571
568
572
571
569
580
593
604
588
583
591
598
604
608
591
593
595
596
600
591
598
604
619
620
606
609
610
605
594
593
594
603
602
603
614
619
624
615
602
605
605
607
610
607
621
623
623
608
601
605
604
594
585
591
593
596
599
587
594
601
607
608
603
612
615
612
600
591
589
587
598
598
591
601
604
611
607
606
615
625
623
612
620
616
628
621
621
621
627
619
606
613
616
624
625
608
603
609
607
609
602
606
622
635
646
633
618
627
630
631
627
617
630
628
628
604
592
592
581
575
564
560
561
563
565
566
566
575
571
565
558
557
556
562
562
558
559
563
562
556
549
546
542
546
546
549
544
541
552
551
554
553
547
546
542
550
556
564
579
583
593
596
611
634
631
624
614
626
625
621
624
623
638
633
642
644
638
641
640
641
621
610
611
613
616
604
599
604
604
606
609
606
613
619
614
599
600
600
599
598
596
598
607
615
606
602
604
605
609
599
595
600
607
618
609
608
608
606
600
590
599
603
605
603
603
605
606
614
617
601
605
601
600
591
590
597
599
602
601
601
603
604
597
590
599
603
603
594
603
608
614
611
608
609
604
604
584
572
570
565
571
578
587
595
604
604
604
610
616
617
617
606
600
599
600
604
602
613
615
624
627
614
605
603
593
587
589
580
562
559
552
552
553
547
550
550
547
539
540
546
551
554
551
563
568
582
589
585
588
599
603
603
588
597
593
593
573
563
563
568
582
597
590
600
606
610
606
597
602
611
623
618
604
618
624
626
627
622
634
646
653
629
617
621
627
644
650
639
659
668
674
655
635
648
648
656
653
635
646
636
630
621
634
638
641
633
617
626
635
648
643
627
632
620
604
597
595
592
578
575
577
580
579
572
573
580
581
577
574
580
583
588
579
574
579
584
588
582
574
577
582
584
582
592
597
604
603
599
601
604
608
611
603
598
598
602
601
584
585
590
597
606
610
597
606
615
628
634
620
603
595
594
602
603
598
604
608
615
612
619
633
631
624
610
611
611
623
610
611
617
623
631
615
609
609
611
614
602
602
606
611
605
593
592
595
596
589
589
597
601
598
591
593
590
581
564
558
550
555
557
549
551
557
555
555
556
556
558
563
571
576
582
587
582
579
576
577
580
586
585
588
597
611
608
594
588
588
587
585
574
571
573
579
577
580
590
604
615
604
607
610
611
599
590
581
577
568
568
571
575
580
573
580
587
582
578
575
564
562
558
563
575
581
600
597
615
632
641
627
645
641
646
624
643
626
627
622
641
636
647
652
639
642
625
630
624
609
602
604
611
616
606
613
616
620
611
601
603
600
599
588
592
600
606
610
603
594
602
598
599
597
592
592
594
596
585
581
584
587
579
574
570
572
584
596
613
612
597
590
593
587
584
574
573
570
573
575
578
593
605
622
623
611
619
613
614
606
599
599
597
584
577
574
568
568
574
579
577
586
582
579
568
568
574
586
591
585
587
596
604
604
588
587
585
590
582
579
581
581
589
588
577
581
584
585
584
578
581
583
589
585
582
586
595
603
596
587
589
593
597
594
583
582
583
589
590
591
575
574
571
567
566
563
563
572
594
607
601
594
588
580
573
570
575
597
609
610
613
603
604
590
594
603
620
621
610
613
624
635
629
615
621
629
634
623
615
607
603
591
598
593
590
592
592
584
588
597
614
635
625
646
654
658
646
637
639
635
623
601
600
601
602
585
578
579
578
577
568
567
572
574
581
592
584
584
593
594
601
590
579
585
584
595
598
587
588
587
592
589
581
585
587
594
584
577
579
578
583
585
577
583
587
596
603
593
599
598
600
593
590
590
597
611
607
598
605
607
604
595
584
587
586
588
580
585
586
588
583
584
593
604
617
612
608
621
624
622
613
604
606
607
607
615
609
601
604
607
616
606
600
611
617
624
613
609
614
612
608
599
599
604
606
604
594
595
603
609
618
615
606
606
608
608
603
600
609
614
605
600
604
604
595
588
586
586
579
565
561
549
529
534
539
539
542
544
537
540
542
543
542
541
544
537
539
537
536
538
537
539
542
548
554
558
563
570
577
586
584
578
584
583
578
581
584
588
596
589
592
594
595
593
589
584
586
591
597
608
594
594
596
594
586
585
585
577
575
578
582
589
589
587
591
595
589
578
575
578
576
572
563
564
564
563
573
582
582
588
596
597
593
588
587
590
588
587
582
588
601
607
602
600
604
603
607
597
594
597
596
598
591
587
595
595
594
588
586
588
593
603
603
593
603
605
608
607
600
600
606
606
610
603
602
607
611
613
599
599
603
606
612
603
601
607
609
604
600
608
615
618
604
594
582
574
563
558
558
556
562
566
568
565
564
571
574
581
580
583
591
601
604
602
598
604
616
628
630
607
604
608
607
605
598
598
603
605
606
608
616
616
613
595
579
577
583
595
596
587
587
600
615
627
607
598
599
597
600
587
579
577
576
574
566
577
593
622
640
617
613
610
608
595
584
588
589
595
594
586
593
596
596
592
578
582
582
586
588
575
562
555
560
558
564
570
567
563
572
579
586
589
577
559
556
552
553
548
544
541
540
546
561
564
565
577
582
580
585
588
588
585
582
591
598
594
595
586
590
582
585
590
580
590
595
600
607
593
606
606
614
609
602
612
608
600
577
573
564
566
571
564
569
572
584
592
594
613
610
614
594
605
611
615
601
604
592
585
585
602
603
618
599
610
603
597
600
588
570
562
546
543
546
548
558
563
584
588
604
608
605
620
604
603
613
628
642
653
636
620
599
574
566
561
558
561
564
562
564
560
554
550
546
541
537
532
531
532
522
526
531
543
557
564
567
566
559
554
546
533
533
534
538
540
541
543
540
541
538
535
532
529
520
520
516
513
523
539
551
573
575
575
563
548
542
547
556
563
587
604
604
600
604
584
580
569
569
571
572
573
574
573
568
564
558
551
545
538
535
530
528
525
526
529
537
546
549
538
536
530
540
546
559
580
583
602
594
593
588
579
573
574
572
565
553
552
553
563
597
621
636
654
662
659
623
629
615
598
601
601
609
613
606
602
614
628
654
661
618
605
608
617
635
629
635
648
668
646
631
610
604
589
568
562
559
556
552
553
554
551
550
558
563
571
573
577
590
610
623
613
611
618
620
620
604
604
607
611
618
638
643
652
637
634
642
639
625
604
601
600
608
605
611
619
620
614
629
631
635
625
630
633
635
620
601
600
612
614
636
646
699
715
706
675
650
631
619
587
568
564
569
591
633
667
671
673
665
660
646
658
636
630
609
591
579
583
590
592
592
580
566
565
567
572
580
586
580
581
591
593
601
596
603
604
606
606
595
588
590
597
596
595
599
611
609
615
622
621
615
601
598
601
604
610
600
612
608
608
584
576
574
572
572
571
574
587
588
578
570
569
572
581
582
575
570
565
567
564
559
554
559
573
600
628
630
650
645
640
624
628
631
634
621
604
600
597
593
584
581
592
596
601
597
593
598
608
610
588
578
578
580
588
588
577
576
573
574
566
566
578
601
619
604
597
601
597
588
586
600
610
595
603
599
603
604
597
598
601
598
589
582
584
587
587
573
561
556
555
563
586
609
613
613
602
601
598
595
602
614
615
616
621
611
614
622
630
640
632
611
610
610
618
624
613
613
614
613
624
621
616
628
638
637
629
630
648
666
659
628
630
623
632
622
619
624
636
641
643
626
633
631
636
640
628
628
626
627
611
611
610
617
612
599
604
603
606
597
596
606
602
600
586
584
588
596
602
593
597
602
605
602
612
620
629
630
610
615
605
600
590
588
603
609
630
631
612
621
630
636
638
610
620
621
625
625
626
633
639
650
634
634
629
633
627
618
626
622
612
594
594
599
614
632
619
627
646
652
642
620
622
614
604
602
593
591
595
607
623
613
633
653
662
659
635
646
644
648
639
644
639
636
638
625
612
619
614
605
610
616
614
614
593
589
587
591
600
597
605
618
645
644
627
633
645
653
652
628
627
629
612
590
581
577
575
568
565
574
584
592
595
608
627
631
633
630
633
632
621
612
615
617
617
605
607
610
623
619
604
608
619
622
628
613
607
609
609
603
596
606
611
611
603
607
616
623
627
613
604
611
611
615
612
607
617
622
615
615
615
614
599
588
587
591
585
574
576
571
558
549
550
548
544
539
531
528
526
523
521
523
521
524
527
530
538
538
538
549
563
585
600
582
584
594
599
604
596
593
598
595
594
582
583
584
588
586
580
582
588
591
604
597
593
592
598
601
596
585
593
594
591
589
586
589
596
597
591
583
584
585
588
586
584
591
586
586
580
580
584
585
598
597
591
595
597
603
594
588
583
575
572
570
574
573
578
582
599
604
594
587
589
597
597
585
585
585
585
584
572
567
563
563
566
576
570
565
569
574
577
581
570
570
575
581
588
593
588
577
581
594
603
608
604
590
588
589
583
577
570
569
573
574
580