791
784
810
803
794
811
835
766
761
787
808
776
732
744
761
783
778
753
712
708
734
736
712
732
774
737
734
738
714
685
654
648
655
693
723
755
770
729
683
675
670
688
729
786
782
770
769
781
776
754
738
745
747
740
772
791
797
761
749
761
771
722
725
729
745
732
702
669
687
781
918
860
843
831
804
835
815
809
802
791
780
797
783
785
760
736
753
781
791
781
761
794
786
726
729
708
731
744
731
744
744
752
777
778
767
745
728
676
688
680
676
727
762
806
776
759
733
744
729
716
704
692
687
699
687
647
657
666
683
717
713
678
696
698
719
720
719
715
720
723
717
711
728
750
727
729
721
730
733
749
752
720
701
727
696
704
716
754
754
756
731
731
709
701
701
771
787
811
803
783
773
744
721
702
678
664
666
635
631
646
694
841
829
811
802
850
842
813
729
732
726
752
770
784
783
722
738
753
758
755
759
747
741
734
734
740
708
705
722
776
811
828
804
798
783
781
757
728
746
744
768
807
785
772
795
790
760
760
759
763
747
715
730
702
683
673
653
645
646
655
651
637
652
645
666
711
720
724
719
708
742
756
768
754
704
709
720
765
785
784
792
764
717
738
726
750
748
754
738
721
699
672
680
683
699
702
675
660
678
687
711
724
692
711
758
766
727
726
733
703
700
716
714
698
707
731
758
764
762
752
737
711
674
671
668
688
738
770
733
732
764
775
716
712
731
786
807
795
768
736
691
680
655
671
725
765
745
792
830
831
810
831
775
753
785
795
769
735
723
705
684
729
792
810
778
780
762
729
717
703
729
736
730
744
732
750
730
719
743
783
797
754
757
771
790
771
725
733
717
710
676
668
663
680
704
730
735
748
709
686
690
698
720
747
742
715
725
732
752
747
740
728
725
729
766
786
735
794
804
796
786
706
696
672
690
710
729
739
743
729
681
667
680
701
749
766
743
738
748
747
721
705
724
760
779
744
743
767
791
781
746
760
725
694
704
744
726
747
771
782
749
748
766
783
712
713
718
729
784
785
781
773
749
723
690
677
665
712
808
844
828
756
777
782
782
743
733
729
738
707
745
757
792
782
768
805
824
825
787
802
830
783
740
742
739
749
707
730
719
741
748
745
768
800
821
814
757
753
758
775
759
760
781
782
738
725
731
762
783
792
775
779
779
764
808
816
786
767
746
716
714
745
726
732
737
705
707
705
772
770
790
819
846
834
815
781
745
722
696
687
713
716
756
788
803
784
754
783
803
806
808
785
752
724
706
693
683
683
702
729
716
721
760
822
797
756
749
749
747
737
696
708
729
734
725
760
776
799
812
801
777
745
691
689
675
707
748
768
736
794
812
807
785
713
738
700
694
692
697
689
645
648
644
636
654
645
643
656
663
664
666
642
642
611
624
634
647
681
680
707
711
725
721
689
686
677
687
689
740
826
854
875
806
796
742
781
754
774
799
807
792
774
724
722
709
707
724
763
773
709
736
736
716
716
727
703
685
675
688
688
680
701
708
727
727
750
752
730
738
743
757
722
752
765
732
776
794
802
771
742
718
692
682
652
653
654
653
645
652
686
740
772
824
835
775
735
730
729
734
760
767
780
806
807
739
761
767
762
726
726
762
784
771
763
749
737
705
705
682
666
656
663
706
731
743
760
779
760
734
754
729
716
721
712
733
765
739
763
764
756
769
773
774
767
785
783
754
729
718
704
687
687
679
689
709
755
759
761
825
841
800
775
778
747
768
738
740
734
780
805
816
833
823
735
754
741
741
739
712
695
694
708
723
704
686
683
695
681
692
675
662
646
637
626
616
604
598
590
591
587
584
581
593
607
618
613
612
631
700
765
778
763
736
754
769
749
730
772
719
704
672
654
681
713
752
735
722
751
768
743
721
742
732
713
681
687
706
724
692
691
711
721
693
689
713
725
738
704
729
742
764
731
771
787
784
729
748
753
774
728
759
759
751
725
753
757
756
733
785
798
756
762
765
777
745
753
771
784
752
745
740
736
698
719
725
732
720
754
755
755
733
774
784
803
764
780
771
763
722
742
753
790
771
785
798
792
765
770
779
795
787
771
806
815
802
748
770
774
781
766
741
771
783
754
732
761
755
706
731
750
761
721
729
711
707
682
703
721
713
692
676
685
690
710
699
676
711
712
731
704
715
730
736
712
709
751
788
804
769
796
773
738
731
780
778
727
723
739
748
722
727
740
748
730
740
771
788
773
763
786
774
744
716
748
755
736
746
784
807
779
764
804
805
783
738
769
774
783
745
759
758
722
737
760
744
696
707
702
699
699
717
735
704
692
724
746
777
789
767
788
793
771
733
745
741
754
719
723
686
671
676
688
677
705
721
729
699
707
691
690
723
765
791
791
755
757
771
784
795
771
781
796
805
794
801
795
799
774
788
772
745
771
761
734
747
764
787
774
748
786
790
782
754
784
781
771
743
774
777
760
738
778
779
747
764
786
793
775
804
798
766
776
780
791
745
757
763
747
718
739
749
726
725
751
764
745
747
755
737
716
727
742
742
735
757
755
707
683
699
709
716
705
728
745
718
680
676
697
698
688
693
739
791
744
736
746
768
761
711
723
709
711
689
712
710
709
697
701
710
713
711
703
735
747
759
733
753
771
789
763
803
823
839
787
802
788
784
755
752
789
802
760
783
811
808
745
761
757
739
738
757
785
752
788
806
770
743
775
794
762
757
788
786
745
771
775
757
729
763
770
738
747
779
787
761
790
813
824
776
808
818
830
805
837
860
838
809
813
813
831
791
785
787
808
749
755
781
803
748
756
757
759
741
788
834
827
788
782
779
781
746
757
777
812
790
793
819
801
753
774
787
789
754
783
818
803
749
770
775
766
760
804
838
853
799
808
801
767
748
791
797
773
827
872
884
806
810
806
795
769
806
835
859
835
819
831
851
790
794
828
863
815
788
833
878
857
815
850
864
833
787
799
812
787
742
772
791
796
764
801
829
829
786
823
837
822
782
798
793
762
742
786
785
738
776
801
824
782
782
801
813
769
758
783
799
787
773
805
817
768
746
772
804
790
766
806
825
818
804
847
865
829
794
824
855
829
796
826
839
840
799
795
793
772
728
745
742
737
712
745
773
772
742
792
837
826
753
781
773
744
722
744
768
761
752
799
824
824
791
830
844
841
788
781
792
810
770
784
816
834
807
827
829
801
752
775
795
793
758
812
834
762
752
769
792
757
781
812
825
788
804
796
771
755
794
834
828
772
813
814
777
760
800
824
864
823
848
894
908
850
803
817
829
823
788
821
848
825
784
812
819
770
761
786
797
768
762
778
775
766
810
834
809
757
783
807
803
760
773
784
800
735
743
784
824
783
776
797
809
780
818
837
810
766
806
813
784
772
790
761
732
766
779
746
716
684
672
685
681
677
670
692
670
685
699
693
682
662
669
661
651
644
636
628
619
616
625
655
675
738
752
779
738
720
743
755
748
725
760
763
767
730
753
772
779
763
811
803
763
784
785
792
740
749
750
745
736
762
776
756
738
781
780
770
781
771
757
743
708
684
679
658
635
629
612
613
600
622
631
658
674
684
732
780
798
746
753
763
806
834
781
779
812
827
784
776
783
784
733
743
764
792
793
769
813
799
773
754
774
751
736
768
769
740
722
750
785
801
771
784
806
814
772
812
823
823
763
794
811
796
741
775
790
802
774
843
880
849
791
800
810
774
761
797
813
795
797
818
816
770
769
769
752
718
741
743
775
813
803
732
750
742
739
715
741
759
793
766
776
771
760
716
741
743
746
732
760
785
790
772
799
800
791
752
773
760
729
721
738
748
741
733
786
826
800
789
811
813
805
769
799
799
779
771
820
834
800
771
789
806
796
756
790
813
831
795
823
808
771
740
763
774
762
752
781
786
749
788
801
792
757
776
786
753
770
784
784
741
775
781
759
722
754
778
765
754
778
778
743
773
790
784
757
782
788
742
772
779
776
759
793
799
749
745
766
774
742
758
786
783
745
771
776
749
738
763
776
744
749
762
754
718
739
751
744
713
742
756
779
718
705
678
658
666
670
684
709
740
748
734
762
755
723
713
730
741
714
728
769
814
777
813
825
783
768
803
826
803
783
831
861
799
743
765
766
712
721
753
782
744
760
784
793
737
749
737
731
725
760
805
809
785
811
824
791
813
833
836
792
805
818
822
775
798
821
819
791
827
827
785
761
779
770
723
731
764
779
720
723
749
751
718
749
767
757
735
755
750
706
700
721
742
742
728
772
766
743
743
768
787
759
749
772
776
732
710
729
751
751
739
786
806
784
767
785
758
721
713
734
740
716
750
772
775
732
756
764
767
729
735
748
725
678
680
685
691
677
677
682
660
645
627
605
634
642
629
625
615
613
613
602
604
603
608
619
639
650
647
631
648
654
662
636
656
668
662
646
646
633
630
625
635
646
644
641
649
650
640
632
637
660
680
649
676
691
731
712
696
656
667
643
643
643
646
616
624
617
627
657
695
708
701
693
672
642
637
618
618
640
645
648
648
641
613
621
620
645
670
671
647
648
666
645
666
669
713
778
766
783
781
726
723
687
707
714
727
747
736
720
701
669
679
666
672
691
719
726
718
701
677
644
624
627
640
734
765
807
819
801
768
753
759
722
718
733
708
757
727
763
760
828
836
815
725
722
723
730
801
816
813
789
790
779
771
730
702
690
695
787
812
813
798
793
791
777
779
778
766
744
713
729
726
717
711
694
697
720
695
713
705
716
713
706
673
665
646
635
664
670
716
712
748
740
704
711
675
677
705
701
713
710
709
689
683
675
673
642
641
628
656
710
745
760
763
752
744
729
704
691
671
668
713
742
747
728
686
670
660
690
699
711
708
682
663
662
674
683
671
654
643
656
658
645
661
684
702
730
714
692
725
767
792
763
725
742
750
771
741
722
739
752
762
744
773
796
819
756
773
781
809
777
773
783
795
780
781
810
815
772
809
819
824
782
779
798
818
801
823
840
831
784
820
814
810
779
808
819
832
763
758
769
774
740
765
770
781
755
800
797
760
758
779
798
784
757
789
768
736
759
740
702
721
729
733
732
704
726
735
741
748
765
784
774
740
776
767
773
769
828
855
860
835
844
845
845
801
820
806
779
784
784
774
743
766
776
751
742
769
793
744
745
769
789
778
747
773
796
804
771
779
779
776
742
773
780
792
751
763
788
786
751
726
753
760
743
739
768
764
722
717
717
719
705
720
748
763
734
751
776
797
760
734
747
754
727
732
725
703
664
651
646
668
643
657
678
701
681
684
685
689
647
646
663
670
661
644
671
691
688
663
675
669
674
660
698
718
722
697
729
732
712
705
715
722
689
698
697
696
668
673
693
711
690
719
747
733
703
709
718
703
673
688
697
708
687
695
702
702
674
696
715
751
735
715
739
715
685
685
700
713
700
681
714
730
705
680
718
753
729
713
732
738
734
701
724
737
757
726
733
760
762
714
727
726
730
699
737
770
818
803
761
770
770
734
739
762
783
785
807
841
854
821
851
856
787
782
748
718
712
744
787
767
754
803
845
813
793
817
808
758
763
774
779
760
821
841
857
787
812
807
816
758
776
795
795
751
783
830
856
793
785
784
788
749
767
772
763
738
769
769
761
733
758
779
775
740
771
771
759
724
735
738
738
717
755
796
827
781
811
827
787
781
795
771
736
729
761
773
757
771
819
817
754
738
756
789
788
746
772
788
810
800
777
798
784
735
724
708
697
708
669
643
624
615
646
736
772
769
751
733
719
688
681
679
699
732
744
739
735
749
747
728
748
739
727
675
650
630
626
663
662
667
710
741
740
725
733
732
719
687
688
687
697
684
676
693
708
712
712
740
749
725
716
729
744
760
731
758
751
735
703
715
714
732
719
732
754
773
750
772
771
771
732
735
729
746
709
715
707
698
671
688
714
730
725
772
791
792
767
735
757
763
760
766
804
806
780
736
745
734
738
714
760
766
730
731
756
780
757
774
804
804
747
740
720
720
713
761
799
816
757
776
771
773
745
782
802
827
788
815
812
778
742
755
782
783
761
765
776
763
724
744
783
810
753
761
756
729
707
732
775
771
735
749
765
767
743
734
776
785
753
721
743
764
756
742
779
794
771
777
763
751
726
758
752
742
699
692
672
652
637
655
670
682
669
683
714
729
706
701
739
734
715
709
748
763
747
722
763
763
729
694
707
723
710
697
729
748
743
701
719
746
761
720
718
768
777
763
735
759
776
755
717
743
769
775
732
756
767
740
702
717
712
705
688
720
753
749
719
746
740
692
668
692
705
717
679
677
689
711
730
700
728
755
749
718
753
758
754
713
738
732
716
721
744
754
722
714
717
699
663
647
624
611
596
596
599
612
621
620
626
634
642
648
643
633
642
649
659
660
656
683
691
696
669
685
701
725
723
675
673
673
685
662
688
716
729
720
759
793
783
720
727
732
709
684
703
730
718
693
735
758
728
716
728
742
719
731
747
762
709
714
710
729
697
732
728
706
684
693
706
715
691
704
712
713
688
684
687
703
670
672
695
710
690
677
688
668
637
629
629
641
654
648
662
670
652
637
642
641
641
627
631
643
656
626
616
620
626
637
639
635
662
677
681
661
665
662
668
654
652
659
682
692
667
684
681
669
646
653
671
678
661
661
686
712
699
687
712
729
719
699
697
682
649
647
663
689
687
695
722
719
694
717
712
708
671
656
659
680
663
669
677
688
671
676
683
693
668
699
704
711
670
672
681
687
666
653
686
710
731
688
681
681
678
661
650
665
676
654
641
657
687
681
661
678
682
685
665
665
685
686
665
648
666
663
676
656
677
632
629
637
652
674
671
674
669
619
604
593
590
605
625
657
658
624
612
617
630
639
612
620
612
618
608
599
590
578
592
603
589
580
581
587
588
588
586
587
584
576
578
583
582
579
578
589
599
623
652
663
714
728
723
665
654
656
687
713
706
703
725
747
763
732
732
753
787
744
723
736
734
712
723
746
790
779
724
732
749
786
767
764
799
827
809
764
771
770
716
717
715
730
727
709
725
733
729
702
725
759
789
772
768
800
819
824
763
786
805
827
783
805
796
765
746
773
796
797
761
779
808
787
786
783
740
738
758
769
750
720
722
678
672
721
729
708
739
765
753
729
751
798
776
791
779
729
672
670
678
665
696
723
765
733
774
778
762
709
724
739
760
726
724
745
776
750
724
745
759
732
694
724
711
681
681
724
743
749
764
768
707
694
709
724
731
704
684
673
645
624
646
657
652
671
713
726
704
672
702
694
705
713
688
688
695
708
705
692
705
717
721
679
661
671
681
696
676
674
690
700
686
661
677
688
709
694
712
721
712
682
661
659
672
665
654
645
635
655
691
714
726
692
675
669
667
648
646
630
627
623
615
604
597
578
577
571
581
604
608
612
578
575
567
566
575
597
607
615
624
603
612
600
608
607
606
597
575
575
565
572
599
632
616
637
657
673
684
684
671
660
640
601
598
594
603
616
652
662
662
649
634
608
599
607
638
651
674
662
607
609
603
613
620
593
603
611
644
696
719
706
719
685
659
610
614
601
623
638
677
708
726
726
728
701
689
674
650
630
601
603
594
604
621
607
612
642
673
711
721
716
707
692
659
625
607
591
591
585
616
667
708
719
711
744
759
771
765
759
740
706
693
702
720
756
766
734
762
793
807
765
782
796
829
832
786
767
767
763
750
718
757
778
812
788
775
794
796
802
798
839
859
845
793
785
791
799
801
765
752
727
714
709
726
736
743
742
718
681
656
651
686
797
770
786
814
785
775
774
768
784
783
805
808
821
809
796
750
741
721
740
764
774
792
811
799
805
788
786
758
734
739
758
780
766
781
806
811
770
785
791
790
760
792
810
788
726
705
713
759
746
766
798
824
819
773
781
773
764
760
774
790
777
771
814
827
844
791
785
785
792
770
792
804
826
785
810
820
802
755
771
771
791
772
797
819
853
792
780
781
767
759
723
744
765
821
799
781
812
808
785
757
761
762
744
755
760
759
748
777
784
755
794
788
770
757
779
804
794
759
774
778
767
745
771
801
788
771
806
829
793
758
778
806
785
750
761
741
699
695
676
669
643
637
640
651
660
655
665
673
661
661
669
670
653
660
688
735
767
755
780
785
778
766
770
775
740
729
742
767
748
755
778
798
754
726
732
749
776
762
751
774
789
785
739
760
785
759
729
746
777
795
804
787
798
790
744
754
761
741
774
785
776
768
782
772
722
737
748
744
720
731
745
766
742
733
742
769
771
762
768
741
712
727
736
746
724
747
753
756
730
739
750
765
752
770
745
694
696
678
646
627
607
625
655
692
698
722
740
729
729
750
724
733
739
739
754
766
791
791
762
765
765
778
763
789
783
805
778
784
802
809
766
776
786
789
756
799
796
789
805
813
817
792
776