729
771
720
719
737
718
709
707
691
631
645
650
656
638
616
623
626
617
659
654
652
619
613
613
615
607
596
595
611
606
610
644
639
642
634
619
594
605
616
626
620
634
644
642
625
646
641
672
621
637
634
614
643
629
614
638
658
651
614
646
666
676
646
646
688
693
669
647
675
681
639
643
614
612
614
641
666
663
636
643
660
666
641
624
623
622
634
625
642
657
672
654
690
677
648
639
653
661
649
622
647
668
688
660
665
677
706
692
658
666
687
705
694
666
724
776
779
696
674
688
685
657
635
662
690
697
659
692
716
724
675
657
682
694
661
667
679
708
659
664
671
690
673
675
710
735
731
676
701
719
719
667
707
711
712
680
729
746
700
670
708
740
726
688
718
713
709
730
762
747
694
721
710
688
673
706
716
729
691
686
687
700
691
676
726
724
714
666
676
706
723
717
674
714
739
756
731
720
739
733
706
670
671
689
696
679
689
746
786
797
721
740
704
663
643
650
668
699
673
699
752
748
684
711
736
751
688
645
625
619
611
623
651
697
737
712
666
707
723
706
689
733
744
743
677
705
726
720
680
716
738
732
706
748
740
715
678
704
705
685
680
725
748
700
695
699
713
658
673
685
718
687
666
682
702
713
677
684
709
704
681
686
716
734
713
677
716
724
730
701
694
738
741
703
685
703
721
726
679
717
728
716
678
675
666
637
653
673
694
663
647
656
659
638
636
654
671
671
673
673
686
663
674
685
684
658
691
707
737
691
686
694
704
724
692
711
721
752
721
741
752
764
722
709
695
675
642
659
684
669
647
694
719
694
679
691
693
707
665
653
682
720
717
680
671
707
732
728
748
756
721
654
646
656
659
629
643
646
660
643
669
688
697
685
682
689
688
680
631
653
679
689
669
712
758
769
698
732
732
715
662
676
672
655
634
656
680
684
654
642
664
680
677
698
707
708
683
707
688
688
665
665
681
683
672
713
769
782
725
713
704
678
640
646
666
701
699
688
723
766
733
712
727
723
688
669
690
696
688
655
695
729
705
655
669
686
693
670
690
691
697
669
692
707
724
676
645
663
670
688
688
740
760
763
696
710
707
677
644
658
689
729
726
722
759
758
705
691
709
701
678
653
679
674
671
652
690
736
740
688
705
687
685
653
649
669
686
675
654
678
689
698
666
653
657
646
614
595
600
634
650
647
635
669
675
662
638
663
662
655
635
647
648
647
624
609
616
633
630
616
620
651
678
646
652
679
705
689
679
616
594
609
622
643
658
639
649
634
614
606
601
585
578
547
541
539
544
566
598
621
654
645
642
663
631
631
617
603
601
592
587
573
558
550
556
593
683
692
715
725
731
730
720
687
680
658
648
621
585
578
584
604
626
642
641
649
637
652
732
751
688
689
702
731
706
660
687
747
802
745
809
857
873
777
757
751
779
777
749
807
823
842
791
780
788
817
835
780
776
787
795
758
771
801
857
813
799
795
788
766
769
787
812
802
793
811
838
792
775
800
813
797
764
801
826
824
795
821
811
765
757
773
807
806
758
754
766
779
770
747
780
793
779
732
729
699
677
642
665
726
830
840
771
791
777
756
735
733
733
689
703
739
783
779
750
766
751
726
739
768
766
732
770
757
731
719
742
754
723
735
755
795
728
680
699
708
691
679
709
726
751
725
747
760
730
688
715
737
755
736
702
720
730
738
717
697
735
739
742
705
747
779
763
754
806
821
736
713
729
734
718
731
748
700
673
727
751
761
717
723
757
763
715
663
663
688
717
735
705
716
712
711
690
729
738
760
766
796
778
713
681
697
721
748
724
748
757
752
716
735
751
744
695
715
707
691
689
710
732
753
690
685
693
694
669
681
718
754
713
733
733
732
693
667
685
700
718
699
717
725
744
703
712
729
727
701
700
711
697
666
695
705
721
700
728
741
746
687
696
717
720
687
687
704
738
720
706
742
734
670
667
686
707
709
693
713
689
661
635
656
678
700
703
711
746
739
727
701
680
641
634
649
701
713
711
713
688
661
662
697
713
698
646
615
604
623
638
684
734
724
721
748
745
728
704
687
700
712
743
761
772
781
790
752
744
727
702
667
712
713
711
647
656
687
695
672
674
685
683
660
650
651
646
634
634
649
657
653
650
660
672
688
671
669
686
703
686
642
628
628
647
676
670
683
677
693
713
678
686
689
685
668
656
653
639
619
614
626
644
642
628
628
648
675
666
643
679
680
667
639
634
611
595
577
578
574
577
604
647
642
635
667
691
667
635
642
645
658
634
635
656
679
656
655
650
645
619
616
636
658
641
639
689
709
678
668
677
700
661
673
674
684
643
661
678
683
654
643
658
660
646
615
612
625
651
677
710
725
714
690
658
627
630
638
637
624
613
596
599
593
588
566
564
560
563
572
593
596
573
565
567
584
606
629
634
648
630
629
615
599
593
578
583
606
611
588
578
586
622
651
682
687
658
660
641
609
604
604
616
632
653
701
687
692
675
667
653
644
607
623
645
655
660
628
653
688
711
712
697
673
647
627
614
601
594
594
590
587
594
623
655
665
684
672
695
716
748
726
720
729
726
710
648
645
708
785
854
813
788
786
750
730
782
805
814
777
793
809
821
769
772
801
813
778
757
724
690
703
739
740
785
831
828
789
775
799
798
801
752
768
798
839
809
823
822
785
727
753
766
797
738
757
780
798
771
788
785
753
786
816
845
819
784
809
821
801
767
806
833
872
794
813
770
734
687
676
664
638
652
670
687
678
642
639
651
671
680
662
665
721
774
808
790
766
779
776
757
730
751
751
756
725
712
719
746
764
725
715
733
753
720
708
744
775
779
738
772
793
759
756
787
801
773
775
843
894
778
771
771
802
776
765
807
839
803
755
790
811
782
762
788
785
776
749
780
786
790
747
779
794
810
767
773
780
793
758
793
811
791
748
782
813
796
748
773
776
755
740
763
782
759
776
795
803
771
819
818
816
768
794
786
734
717
748
799
804
703
647
640
723
744
773
758
727
719
728
752
786
797
777
721
682
711
709
726
700
737
752
771
750
788
784
796
739
757
735
726
675
636
641
644
684
701
669
704
725
745
729
727
748
705
727
707
703
677
657
684
703
716
757
783
753
710
711
728
721
666
677
694
688
682
675
675
683
667
656
682
688
675
653
669
672
678
632
632
639
647
668
665
681
693
681
666
661
651
634
624
646
682
690
667
691
709
710
675
659
671
669
660
634
672
650
650
674
686
698
674
686
705
723
679
667
677
696
711
683
703
715
732
692
680
698
702
667
658
676
694
699
686
709
738
758
764
706
704
719
746
789
765
743
759
757
757
718
740
743
740
722
750
787
808
785
746
769
790
806
767
784
791
797
749
744
766
779
753
766
768
740
708
723
724
756
745
802
837
825
783
756
779
811
833
808
771
788
767
724
711
691
690
690
713
755
752
731
710
746
759
726
716
733
746
771
760
770
807
836
814
800
818
819
801
738
679
658
681
747
803
800
747
774
781
779
751
771
772
772
760
780
799
763
781
796
765
729
748
749
740
719
734
754
781
765
757
790
813
805
785
809
806
767
805
806
794
753
778
775
752
751
804
838
793
732
743
760
755
734
741
729
665
662
686
696
658
649
686
709
694
667
688
694
700
682
711
745
741
706
680
677
685
674
689
729
723
705
717
686
668
646
663
670
690
674
692
713
736
702
716
731
722
723
750
752
719
670
675
687
700
685
709
744
808
777
798
804
756
730
715
691
659
656
678
718
727
705
742
764
729
739
762
765
712
708
706
748
715
708
716
708
686
718
700
670
637
648
677
708
692
711
747
774
752
697
703
717
728
689
685
692
703
697
693
738
743
723
678
679
696
715
697
693
738
740
728
684
683
688
683
653
630
628
616
667
713
679
701
708
703
684
686
694
675
659
646
666
684
698
685
694
726
727
723
719
729
750
706
686
681
703
657
620
626
629
645
647
629
646
653
685
664
677
693
730
770
746
744
757
724
702
676
681
695
735
750
713
742
765
782
762
783
773
744
703
720
742
790
769
764
785
794
760
734
755
767
791
754
771
779
783
736
749
767
791
774
770
775
783
746
755
764
766
732
729
753
730
679
661
637
651
634
643
660
682
700
663
665
642
624
598
575
577
586
596
586
576
575
597
624
638
663
689
731
753
771
793
780
765
735
703
691
697
715
749
752
743
777
771
741
745
734
688
637
605
599
611
639
637
654
639
596
594
586
575
580
587
591
577
560
562
576
585
608
619
620
629
616
613
583
583
588
598
604
600
592
581
576
553
554
560
574
609
600
617
613
636
663
649
649
642
632
582
576
568
565
573
589
601
601
612
622
625
601
635
644
668
668
653
634
595
594
590
590
572
572
586
596
600
596
594
592
591
574
555
563
591
636
678
628
625
623
637
636
613
638
616
632
645
649
638
651
649
661
671
663
613
604
604
631
661
625
627
616
649
665
628
659
646
668
620
618
624
639
646
649
643
646
632
628
662
689
722
730
720
710
702
671
660
662
660
666
628
652
669
693
717
738
756
765
768
752
748
724
683
677
700
736
729
728
754
770
731
685
668
665
694
754
759
712
734
785
794
820
768
772
787
790
797
763
700
660
683
721
809
823
799
801
813
804
794
782
768
762
747
726
719
706
693
714
733
733
739
735
731
720
710
715
709
694
666
695
704
725
717
667
676
689
677
652
640
658
667
658
634
652
657
677
698
695
689
667
646
649
658
707
718
718
734
758
771
767
747
715
706
705
711
706
679
711
724
710
686
713
730
732
716
714
732
759
764
730
756
754
770
773
740
773
795
796
753
742
758
772
754
748
747
758
735
735
740
759
720
705
715
711
686
713
709
735
740
766
756
745
700
720
723
733
713
735
738
737
712
711
738
758
731
676
687
691
700
686
703
726
740
715
711
729
734
682
679
687
702
697
685
719
729
715
693
699
708
713
688
699
700
719
687
709
741
751
731
741
739
747
715
706
715
728
726
720
753
735
661
655
632
642
655
630
645
657
678
665
657
674
676
660
652
690
739
762
776
747
771
780
766
729
729
726
749
734
737
751
767
733
728
770
800
787
764
788
783
756
723
726
739
741
729
759
774
766
795
810
795
743
775
780
794
774
813
834
835
792
801
814
827
784
805
808
806
770
767
779
766
743
771
783
767
766
785
797
778
783
790
811
761
806
800
788
743
762
780
789
754
759
748
743
730
769
778
760
773
775
733
692
682
694
713
704
696
738
763
730
724
722
714
686
704
722
721
690
721
736
716
717
743
724
700
688
655
657
665
662
628
612
615
622
635
632
623
646
648
668
650
641
661
675
676
657
669
661
649
619
623
634
644
646
622
624
637
641
633
622
635
663
678
671
666
682
690
681
640
647
653
659
638
644
668
689
688
665
685
714
701
674
681
684
680
653
653
681
696
688
669
681
683
679
664
698
695
688
658
661
675
674
636
646
687
738
724
739
764
771
722
690
656
616
599
610
621
652
643
651
656
630
627
655
648
645
643
627
591
582
589
589
582
575
579
581
584
575
567
576
580
592
601
593
604
628
663
647
621
622
646
644
633
649
673
674
671
682
684
669
695
721
706
664
631
633
659
701
743
752
771
754
704
694
715
740
755
730
763
788
786
761
765
747
723
677
651
635
688
724
701
744
783
784
779
816
803
771
777
749
682
645
634
659
727
702
739
779
813
782
813
810
767
775
771
771
711
714
703
707
671
691
711
730
723
731
771
788
823
846
835
781
739
710
706
711
705
683
654
645
630
610
621
672
654
668
704
725
687
641
625
634
650
638
608
615
622
637
666
659
648
674
668
634
627
637
673
693
662
636
648
659
670
646
662
669
653
658
621
619
640
683
689
647
647
675
721
695
702
665
639
664
722
756
700
676
642
632
627
620
628
660
705
700
660
645
652
652
634
600
601
611
612
606
626
617
608
572
555
539
538
563
622
744
697
673
658
663
660
656
643
609
596
589
585
586
583
595
598
619
639
658
676
654
651
660
683
668
646
633
662
671
692
675
656
662
674
677
666
671
677
679
672
638
643
639
652
645
638
636
656
688
718
684
688
686
704
683
648
653
678
707
748
791
767
740
730
730
735
710
649
642
632
634
643
670
736
782
776
823
805
817
828
849
848
813
776
768
766
726
751
747
744
695
663
677
724
774
721
760
771
791
731
751
775
815
814
783
749
772
778
728
709
674
646
620
620
611
628
742
738
726
767
794
838
835
788
788
778
724
699
688
696
739
721
769
784
766
703
697
700
733
767
723
694
721
781
799
769
786
784
771
724
734
731
769
730
763
735
701
657
634
642
700
745
697
732
782
783
744
776
821
827
786
794
790
771
774
789
803
789
763
777
777
771
724
712
726
742
762
757
795
813
812
768
753
762
726
736
755
747
715
684
666
672
713
699
657
629
607
624
634
637
609
599
627
636
645
633
620
628
635
646
643
615
592
567
571
587
636
671
642
660
679
725
750
725
671
695
671
642
608
577
562
544
539
535
533
536
542
541
532
523
529
540
544
550
552
554
530
508
511
514
520
532
540
540
527
517
511
514
518
522
531
536
525
530
563
565
577
557
565
556
553
559
558
552
549
547
543
539
521
524
529
549
542
545
559
582
589
589
593
573
563
543
545
547
554
556
563
575
582
565
547
535
535
537
541
541
535
526
520
517
507
499
492
479
479
479
485
491
499
512
540
576
593
591
535
534
553
551
575
563
559
578
572
559
568
559
561
556
547
537
532
521
508
497
487
475
477
474
467
460
460
460
458
463
460
467
481
509
526
548
583
556
634
564
563
562
553
528
528
511
496
501
511
521
532
533
526
525
509
511
514
528
532
541
543
541
550
545
561
555
556
558
549
547
529
508
502
504
497
491
496
497
497
506
508
517
516
515
514
508
515
524
536
548
555
550
567
590
619
604
593
570
589
600
609
615
631
622
615
614
613
610
593
604
629
662
708
743
726
700
654
636
604
573
575
599
651
696
708
695
727
774
796
775
765
728
672
669
682
712
761
789
835
821
821
801
747
758
762
771
769
792
795
746
755
703
680
672
642
609
589
588
600
616
634
630
603
606
624
642
659
654
649
629
640
655
671
684
647
658
686
699
688
668
657
683
712
715
706
699
767
840
839
813
754
704
705
718
729
748
718
713
680
710
726
706
716
711
701
675
646
637
654
691
735
755
781
852
849
807
741
745
737
742
724
761
792
817
803
821
841
851
813
816
818
806
804
768
802
816
775
779
743
676
643
634
613
629
649
676
677
646
633
656
681
690
691
662
696
706
724
714
686
691
704
729
729
701
747
763
774
733
766
748
740
696
695
737
811
874
828
815
822
818
814
787
795
796
789
749
762
773
777
753
750
769
783
763
756
759
753
699
675
695
725
745
735
813
840
850
815
799
774
787
746
717
729
735
718
674
669
684
684
665
711
692
659
638
661
670
680
681
663
656
669
659
672
665
681
726
738
707
701
739
760
706
689
714
753
751
713
718
709
702
743
771
771
727
688
723
742
772
762
750
766
771
755
734
757
755
742
697
706
707
705
705
719
749
760
755
766
784
795
797
758
753
732
699
704
709
690
647
683
722
762
695
744
778
793
770
741
744
748
722
697
733
760
781
749
790
804
810
770
768
767
780
779
771
795
794
791
766
754
769
771
761
739
761
775
784
736
749
755
755
747
721
747
756
764
739
747
759
776
781
761
771
767
746
722
742
755
772
735
725
752
780
802
787
754
773
774
771
736
681
632
597
612
646
662
654
646
674
672
652
662
666
659
662
661
667
664
675
692
701
689
720
727
732
731
718
729
748
763
734
707
703
717
736
747
789
758
698
684
709
739
741
699
707
701
701
672
665
674
691
676
695
688
687
654
655
660
675
672
678
713
732
713
686
706
719
721
691
660
666
683
679
654
662
699
758
759
743
744
741
761
715
696
692
678
624
606
603
582
583
601
602
608
611
601
616
610
616
619
607
599
606
616
629
634
649
674
704
718
685
695
696
675
669
675
673
668
648
665
678
669
640
647
665
658
637
661
671
675
658
679
678
688
669
698
707
726
703
731
734
738
703
724
715
702
681
706
704
699
751
785
813
811
805
778
727
740
762
786
777
773
776
791
767
757
757
718
682
684
701
704
695
733
734
694
687
694
718
703
672
708
726
726
764
769
772
753
768
771
739
705
725
723
720
729
763
800
791
754
776
773
775
726
748
734
730
738
773
805
794
721
746
768
803
799
803
779
734
674
622
610
663
751
852
792
775
773
766
749
740
734
723
724
720
712
669
656
655
644
681
711
718
715
707
684
678
685
674
665
685
702
753
773
792
830
851
838
820
784
790
778
781
793
805
787
750
688
686
656
646
627
613
630
707
771
795
775
762
730
682
682
673
662
651
640
620
617
586
589
587
601
609
606
601
603
620
634
635
628
619
596
576
573
577
582
609
626
626
631
618
596
570
574
572
572
576
579
579
583
579
573
559
561
561
568
588
597
600
601
598
596
587
557
557
565
585
621
643
653
650
650
636
618
570
562
562
575
609
636
640
640
651
652
641
631
622
613
618
611
614
614
598
609
626
646
615
585
600
609
632
674
685
675
685
675
656
653
644
620
612
604
571
573
569
573
580
574
587
616
632
640
638
641
633
627
618
598
583
585
599
633
672
696
724
732
728
734
729
721
677
676
658
690
713
692
708
731
752
766
753
732
753
753
766
771
733
755
767
790
779
752
767
780
800
758
739
774
787
765
765
793
797
802
785
744
765
789
761
779
812
832
835
778
743
742
750
747
718
740
750
756
736
764
783
782
766
788
806
783
748
755
775
776
807
815
772
785
790
797
772
768
771
745
707
727
728
703
721
757
787
808
798
748
773
774
777
749
787
821
828
773
796
805
817
792
838
848
844
779
802
803
808
769
801
809
780
771
798
821
810
849
841
831
795
804
823
845
798
824
834
831
790
814
783
741
759
771
740
720
736
768
786
763
776
794
808
764
772
800
810
770
717
729
739
767
755
734
789
816
833
776
805
818
808
771
783
748
717
670
668
700
727
732
776
789
790
766
769
771
744
746
771
784
747
783
828
833
781
768
786
791
788
763
788
821
829
779
797
796
752
780
805
853
786
701
643
648
692
720
731
692
704
744
783
759
725
735
729
726
716
765
779
759
755
767
782
790
753
757
774
771
738
706
702
702
723
710
697
724
759
760
729
720
744
759
747
728
745
750
731
742
758
766
743
758
772
798
798
749
763
762
735
721
733
728
711
709
747
783
810
768
762
782
781
745
729
746
761
739
709
737
750
769
749
780
786
776
729
734
739
730
713
768
785
757
727
715
728
693
678
702
744
744
694
701
731
784
753
783
771
746
737
777
793
766
781
778
746
697
711
722
743
691
719
750
805
781
775
820
804
797
771
761
774
738
696
689
703
744
788
773
796
817
812
793
756
775
784
785
753
771
803
818
791
733
743
743
745
726
712
744
774
779
729
740
688
659
674
732
695
703
721
747
717
737
741
735
718
741
752
727
740
763
780
773
784
806
796
769
723
736
765
769
737
776
787
800
762
796
808
790
740
737
727
738
717
744
794
834
774
785
780
772
733
714
717
736
772
759
807
815
790
751
773
799
803
757
771
759
729
726
733
722
729
688
688
690
692
657
646
627
615
612
595
604
600
610
625
630
615
628
641
672
703
680
717
725
703
658
679
705
734
669
673
688
660
686
687
698
667
676
707
755
761
782
749
766
772
784
750
752
768
778
752
764
761
763
731
740
767
778
763
729
747
771
748
713
734
735
731
737
768
762
711
701
637
607
590
615
661
648
700
773
775
777
786
708
678
652
649
643
654
657
688
735
749
767
745
698
683
685
667
686
680
672
675
660
645
619
618
613
626
605
606
606
634
653
658
655
607
606
609
616
623
672
673
660
615
612
633
671
708
712
703
685
665
643
619
625
621
589
601
630
705
716
726
740
742
742
720
716
708
715
738
742
760
764
768
793
800
806
791
725
718
702
657
682
665
668
664
658
655
653
645
627
643
675
713
735
695
706
738
740
740
778
798
811
758
731
744
766
789
748
756
791
814
786
766
792
795
794
754
779
811
854
847
835
858
839
769
733
747
720
714
665
630
610
654
716
780
799
820
812
783
752
729
729
721
702
704
721
735
702
679
705
755
813
802
778
752
743
727
728
725
706
727
717
733
749
731
745
729
705
720
731
729
707
721
733
755
724
681
691
688
672
652
654
686
689
706
726
727
699
698
706
724
729
675
682
729
793
799
776
750
756
773
769
749
767
804
767
800
793
768
761
773
781
761
755
760
757
725
743
731
712
685
704
719
714
729
741
756
732
709
727
732
764
801
743
755
743
744
736
729
712
656
631
627
648
716
793
746
756
795
827
805
767
766
762
753
727
736
735
731
730
772
790
777
745
754
748
718
710
716
740
726
703
717
723
765
752
744
741
757
726
720
759
762
747
797
812
807
752
748
753
765
730
761
804
809
749
760
751
730
720
749
789
799
793
755
715
686
643
633
636
628
623
622
602
601
629
602
603
606
606
608
596
598
600
604
609
600
614
633
636
618
646
689
747
778
781
762
773
769
754
753
755
736
770
813
836
822
818
747
693
670
654
650
637
627
620
625
631
644
689
762
765
711
691
715
722
685
671
656
643
644
682
750
801
790
741
758
791
802
810
786
791
790
788
790
783
790
757
724
732
753
771
746
775
811
822
789
761
762
747
700
715
736
786
784
769
797
783
719
730
711
678
728
741
713
742
760
730
706
719
757
782
746
768
801
802
737
742
761
791
751
780
804
836
791
819
824
778
763
788
795
792
764
783
788
742
747
772
801
774
814
825
797
768
784
783
725
712
679
650
668
654
622
622
636
642
628
645
649
650
644
633
616
616
621
614
607
603
587
577
563
560
559
559
556
561
578
590
623
659
713
761
782
776
765
718
695
675
679
658
708
294
2313
5170
1715
331
4150
818
1996
817
6277
890
641
659
686
729
770
755
712
724
730
725
727
690
696
704
725
742
697
709
741
762
764
741
762
758
742
730
742
744
725
704
724
771
818
828
761
768
761
775
763
740
776
829
823
815
754
764
769
782
771
771
794
795
740
762
767
752
739
766
785
803
774
813
838
793
740
773
772
780
752
783
793
743
783
783
775
719
728
735
749
737
755
801
800
768
787
757
699
656
660
753
837
841
813
811
813
812
792
788
783
790
808
813
806
775
751
733
709
697
743
795
809
842
854
847
770
746
712
683
703
730
721
725
763
808
820
784
798
804
781
717
682
684
668
645
662
679
687
710
699
698
722
726
742
717
689
708
729
746
714
743
742
756
712
694
715
752
795
772
740
761
773
747
725
743
771
763
705
724
738
798
775
760
786
796
791
753
753
738
738
747
714
739
755
761
771
743
762
763
770
731
743
740
763
743
719
743
762
736
737
731
718
694
700
716
729
703
731
762
783
746
717
712
742
733
690
703
706
742
758
708
735
736
740
723
752
752
711
728
738
758
777
777
720
721
718
733
757
730
685
687
689
696
726
734
685
693
730
776
735
700
714
722
722
699
740
767
720
742
744
722
707
749
778
788
799
755
744
728
686
684
687
671
639
643
656
645
674
706
708
679
660
659
651
644
647
667
692
654
680
669
684
644
629
606
605
598
605
638
616
656
723
725
703
677
686
720
732
723
711
683
658
650
651
676
707
768
779
740
766
793
820
820
790
732
743
761
756
717
763
776
737
779
813
816
742
733
728
715
681
708
734
762
763
819
814
765
786
806
797
737
746
752
727
706
696
746
728
750
798
821
786
770
782
783
741
739
789
813
810
764
796
807
789
800
823
830
782
799
838
818
785
848
862
807
803
847
837
851
877
842
791
771
730
705
737
781
785
826
842
810
750
775
795
787
758
795
812
755
792
826
821
779
800
806
815
788
826
849
871
843
829
837
840
792
813
824
836
778
795
802
769
760
789
844
822
826
854
813
760
781
810
812
788
799
781
769
807
826
805
765
792
806
785
770
801
819
792
790
811
821
765
786
793
761
779
808
742
771
788
760
772
809
827
806
798
834
842
794
818
824
810
798
797
770
812
846
896
888
792
790
801
809
762
786
760
724
759
798
785
726
755
788
791
765
766
777
796
770
795
823
820
790
827
832
815
769
778
792
787
749
788
810
821
785
818
838
854
771
778
770
778
773
782
817
800
765
783
736
692
695
710
753
718
742
778
777
736
714
737
758
755
720
726
691
677
732
761
731
783
823
793
778
812
824
782
776
773
781
752
777
812
826
757
804
869
870
818
842
843
792
820
844
784
801
827
836
771
794
786
775
807
788