707
745
791
736
714
645
657
700
728
737
710
665
635
594
574
552
550
538
545
529
543
559
584
607
635
626
646
606
606
607
634
640
648
621
626
641
635
611
596
595
584
561
561
567
562
563
580
603
587
584
582
568
561
556
545
527
526
550
571
626
587
607
602
595
626
647
620
632
638
580
578
555
543
544
553
533
526
530
535
543
526
518
523
515
528
529
532
532
525
517
514
510
506
499
503
507
513
519
504
502
510
520
528
528
520
521
523
531
528
526
525
512
508
505
509
503
513
524
528
543
553
546
539
523
514
504
499
491
509
545
593
603
563
544
541
555
555
597
601
558
555
558
565
567
570
586
593
605
609
600
594
568
573
568
557
552
583
615
596
680
726
653
703
695
663
677
699
671
643
679
684
646
649
638
643
608
631
640
604
635
707
728
680
702
706
679
682
696
686
656
651
636
615
602
586
610
592
608
629
616
653
614
600
566
559
560
591
610
616
632
634
640
660
677
657
674
675
629
628
640
664
664
661
629
584
570
572
594
608
612
649
656
667
636
628
599
598
594
612
589
615
652
621
640
641
619
675
671
636
634
657
638
663
687
667
656
677
672
628
667
698
705
665
695
666
617
589
570
559
545
540
533
532
528
516
511
514
528
534
531
529
524
520
515
505
496
489
477
477
467
477
492
542
644
661
770
730
730
741
749
716
697
667
645
627
610
608
595
583
573
626
675
670
676
679
682
663
605
653
678
650
770
703
714
723
700
688
743
753
719
743
730
693
703
699
695
659
685
676
667
623
647
659
627
635
649
647
614
620
611
598
596
607
639
631
660
691
674
659
627
610
609
594
619
639
628
644
643
608
609
593
606
668
653
669
684
626
611
597
589
564
565
562
572
564
563
611
654
653
631
592
575
569
574
599
622
606
643
684
709
684
740
691
644
661
662
620
638
675
680
657
727
704
638
646
631
657
622
595
603
615
608
605
621
588
580
580
590
604
592
593
608
638
658
623
621
606
581
571
578
570
550
537
535
537
703
673
625
578
549
528
518
505
494
490
492
505
520
549
563
616
688
730
721
722
729
693
701
691
684
655
687
718
691
741
763
746
686
693
657
688
729
810
833
747
742
741
691
695
675
669
644
637
652
668
685
735
751
700
745
771
750
740
754
734
702
701
646
605
601
605
623
624
603
592
589
583
582
573
577
574
582
576
564
544
547
557
558
573
575
564
574
582
573
581
595
612
626
609
591
604
623
647
645
649
638
617
595
564
562
558
547
542
544
535
531
526
520
518
528
549
569
578
575
583
584
596
613
622
619
609
563
545
538
549
575
588
608
618
588
580
577
576
573
575
599
602
585
593
602
604
606
612
607
589
567
536
530
533
548
559
564
561
551
557
535
539
577
631
650
668
688
663
627
629
647
620
614
615
633
602
614
638
634
653
674
655
676
658
610
612
622
622
603
637
669
655
618
613
610
619
604
615
619
602
597
617
628
640
616
618
641
630
617
625
624
603
612
602
599
587
575
569
557
564
589
613
637
638
644
632
632
618
611
627
596
597
596
605
624
605
605
613
629
625
585
586
602
615
610
622
644
620
637
646
608
609
614
612
618
620
606
586
579
583
602
607
619
604
624
617
605
610
581
572
579
592
607
593
610
651
649
667
721
736
736
700
691
651
668
648
641
623
619
618
612
609
590
576
592
610
595
598
595
598
592
596
586
590
574
571
571
547
530
524
533
552
607
688
662
763
789
796
792
739
743
726
710
684
674
659
631
646
661
672
646
689
692
697
696
685
661
656
648
636
617
651
684
680
713
724
706
686
661
631
637
646
660
639
664
697
674
705
737
711
693
704
682
656
679
686
668
695
696
708
684
723
728
680
687
685
657
671
671
673
682
709
716
697
711
728
708
714
691
645
623
589
577
587
632
687
764
824
776
759
772
771
771
714
710
685
669
678
708
758
741
791
813
759
757
751
693
701
677
631
636
638
646
672
755
780
772
796
760
726
684
700
726
709
746
751
711
715
732
719
694
710
711
702
688
635
640
645
654
712
771
789
730
748
736
689
701
708
685
688
690
724
743
801
799
724
756
776
751
733
726
706
679
680
680
663
707
728
733
720
747
755
718
725
665
629
585
650
724
697
685
703
669
632
599
575
563
561
555
550
546
547
544
549
554
576
604
622
664
676
651
617
581
595
574
564
557
550
541
541
557
572
588
595
613
621
621
620
615
660
680
674
664
686
696
641
653
684
715
689
706
725
693
680
693
656
625
618
624
616
638
679
644
607
573
576
576
578
564
574
584
584
586
603
627
614
605
598
597
601
585
583
593
582
562
568
578
612
595
589
589
604
653
650
673
680
618
574
563
563
553
549
550
573
577
574
579
581
567
548
552
568
563
562
556
559
568
569
561
562
562
571
560
557
572
584
563
550
549
544
544
535
539
551
557
562
587
604
595
578
568
569
563
550
538
539
541
542
535
541
541
535
528
525
536
543
541
536
547
559
561
552
553
563
562
552
541
536
534
540
539
554
589
666
642
655
726
743
690
701
719
710
692
704
698
688
689
697
693
682
702
729
706
687
681
680
665
664
648
638
618
596
573
547
539
552
577
621
638
672
654
682
642
628
596
602
634
686
640
665
700
695
680
710
696
670
622
607
605
614
624
625
625
603
592
616
646
633
614
626
621
601
599
583
591
607
596
600
610
642
631
618
631
647
635
599
604
609
605
611
614
642
646
627
661
671
647
626
617
633
641
620
616
646
662
643
615
619
652
656
651
667
686
677
688
671
655
658
650
633
625
633
633
631
609
614
624
615
616
630
629
624
634
643
612
618
631
615
613
605
596
587
589
609
626
613
617
607
589
562
538
521
513
508
549
616
607
601
597
611
609
609
604
595
601
597
609
606
595
590
582
572
565
568
571
569
561
550
558
579
597
585
579
609
641
645
637
647
631
612
609
594
587
577
563
552
571
604
613
607
625
653
648
622
626
625
604
605
610
578
559
556
557
556
552
545
533
524
518
519
513
513
515
514
508
508
498
493
492
490
488
490
491
490
488
483
477
471
472
480
495
512
521
540
546
521
526
532
552
555
545
544
535
514
499
492
487
480
473
471
475
476
479
476
476
477
475
476
470
468
471
472
471
475
474
470
471
469
467
462
461
461
461
461
459
457
454
447
448
456
472
551
573
583
571
557
541
520
506
496
491
486
477
468
461
457
454
458
461
460
461
462
463
474
485
508
534
555
558
555
540
507
516
522
548
537
541
581
596
610
616
590
638
771
800
779
772
733
707
721
740
758
739
737
686
701
734
743
700
716
761
768
728
720
728
758
733
755
761
717
737
744
733
712
705
673
692
701
645
681
685
666
625
656
681
688
684
723
720
660
646
636
646
616
625
638
629
619
652
626
605
634
681
677
650
671
664
686
643
639
636
621
598
604
628
622
595
578
585
582
584
586
609
611
589
582
602
615
615
616
673
747
689
644
629
629
617
618
633
658
660
651
671
677
695
654
664
687
680
648
648
657
654
635
633
645
669
630
609
608
620
632
612
635
653
634
639
682
708
670
627
637
646
634
615
634
625
643
617
637
650
658
637
633
642
657
645
644
655
645
607
599
632
710
753
721
758
743
711
690
687
680
690
650
659
678
673
665
696
716
726
687
664
678
671
646
649
668
671
646
629
632
618
611
612
656
660
632
663
694
718
672
647
678
743
721
662
641
626
626
608
602
632
668
680
692
758
759
689
682
695
731
702
685
691
704
720
685
718
728
728
692
677
684
652
634
643
663
674
655
650
671
676
652
642
667
688
678
645
654
652
655
630
618
616
620
613
660
695
752
706
700
703
688
672
678
692
687
698
688
676
654
639
621
621
633
631
648
653
662
660
646
618
607
591
569
560
589
648
718
722
732
708
660
616
604
618
660
686
761
696
673
779
702
789
799
775
756
734
740
706
682
659
627
596
584
594
654
755
801
811
789
744
736
727
744
668
693
685
678
677
674
634
605
608
607
629
616
609
632
903
968
809
701
636
607
615
648
695
740
778
796
758
733
697
684
642
604
566
554
550
562
581
590
604
624
653
686
670
700
726
704
703
716
738
753
779
769
744
730
686
659
657
682
695
744
730
711
720
723
728
703
719
741
758
748
696
697
712
711
716
734
760
775
738
728
753
745
717
696
712
716
712
695
700
702
688
703
737
748
701
706
707
709
682
688
717
754
765
735
742
702
637
629
637
672
702
715
698
738
749
734
698
688
688
673
678
718
739
710
720
733
745
720
745
729
693
685
698
719
703
708
704
726
699
688
730
748
756
733
715
682
646
616
611
615
613
610
665
690
702
702
696
719
710
714
686
696
696
693
684
704
733
742
732
725
728
696
682
715
721
691
690
714
745
767
729
709
707
690
682
715
720
715
733
760
756
729
743
736
698
701
695
675
679
680
676
660
699
722
711
682
688
673
645
664
634
605
601
608
626
611
615
641
653
622
606
622
627
655
631
615
616
627
634
618
619
615
620
613
629
650
643
650
640
650
642
642
648
632
639
655
653
628
627
657
644
637
650
665
689
659
668
677
688
656
676
666
662
645
660
691
684
646
668
686
697
675
680
693
687
650
656
658
643
623
615
634
656
653
660
657
676
678
648
637
642
625
595
590
604
627
638
663
688
662
668
645
657
651
665
648
673
685
648
672
663
640
635
622
614
634
665
683
707
676
638
635
629
595
580
583
588
613
614
602
613
610
628
626
614
611
608
591
587
577
567
561
553
548
544
549
543
563
582
617
626
625
634
647
647
641
665
675
690
650
658
670
641
671
697
726
677
654
616
603
604
619
696
684
673
667
624
617
608
617
611
615
619
606
606
587
575
578
584
603
612
616
615
579
558
560
570
576
565
590
655
706
722
698
657
613
584
579
589
581
572
566
572
599
635
656
632
662
670
650
601
577
553
539
532
529
528
523
527
547
589
666
747
685
697
711
685
629
611
629
676
710
667
700
739
706
653
644
643
665
688
677
676
661
654
646
646
635
629
603
614
635
681
712
746
735
713
705
690
682
671
677
675
679
670
661
655
640
626
652
671
688
691
649
635
688
741
721
749
767
781
797
753
718
692
686
684
690
706
719
720
686
690
713
706
687
652
608
602
620
666
668
660
617
633
677
706
694
706
698
709
709
689
671
663
627
595
596
613
631
668
737
777
765
749
695
694
674
689
705
693
681
715
696
676
662
624
588
584
583
576
587
627
736
768
743
745
714
715
693
676
659
664
661
652
662
668
685
735
762
704
723
722
678
696
693
664
675
693
697
693
667
638
641
634
617
600
606
644
644
681
742
728
687
696
672
650
652
682
726
705
684
672
673
630
620
628
622
629
624
607
604
615
630
637
609
587
588
601
620
620
608
620
627
729
752
721
697
671
688
672
658
634
627
613
619
603
597
593
585
580
598
612
643
663
664
664
658
645
627
626
633
635
653
633
612
604
602
625
633
655
615
613
626
647
653
640
604
575
583
615
642
667
636
656
660
657
641
667
691
705
661
667
680
694
666
691
701
717
710
701
691
696
707
695
700
656
646
660
653
667
660
658
690
712
710
729
740
715
695
710
715
668
673
678
680
661
667
665
655
637
617
656
651
638
633
629
638
637
643
673
680
679
696
717
710
696
668
666
688
720
729
689
742
779
797
771
785
764
732
709
727
719
675
666
704
715
711
718
737
697
680
711
728
689
695
693
692
667
658
676
683
697
690
703
652
650
727
812
749
700
659
646
643
671
676
721
721
658
649
665
710
709
732
738
664
638
586
581
596
619
630
640
641
669
719
688
634
608
624
638
664
654
652
647
653
618
615
621
635
621
640
659
657
661
686
659
618
636
647
646
633
679
667
644
613
608
599
567
572
604
595
644
671
727
716
667
701
760
776
729
735
749
761
738
764
734
679
662
641
624
625
662
709
725
743
718
695
716
703
694
712
708
723
710
699
694
704
718
721
680
653
665
683
677
677
652
645
604
593
586
579
575
577
554
542
558
570
589
612
643
670
673
688
700
688
694
688
723
689
695
644
632
634
640
640
612
616
627
613
602
581
562
550
544
537
528
534
548
550
549
571
596
604
583
582
640
665
715
738
694
649
623
609
605
601
604
608
591
604
625
605
597
589
614
629
629
604
615
626
610
598
616
623
614
626
626
616
646
638
637
613
610
617
615
608
621
642
642
641
635
629
598
583
577
581
591
590
591
593
583
560
552
551
559
567
576
623
638
685
674
673
687
683
645
629
607
585
579
575
571
582
611
619
622
648
640
644
684
693
650
671
683
650
642
655
662
669
714
706
660
657
671
683
653
595
577
584
608
606
591
574
579
598
608
614
616
610
597
595
605
612
607
616
613
591
576
557
550
560
574
570
564
559
560
569
586
594
587
585
606
610
613
585
589
590
607
593
600
626
652
615
605
615
858
894
820
764
709
726
770
803
771
825
806
846
821
784
750
718
688
685
690
682
676
658
612
616
617
684
739
753
756
749
725
710
703
681
691
677
684
673
683
670
664
675
696
727
696
717
730
724
715
703
707
675
664
642
643
608
592
587
571
556
563
576
629
666
730
744
733
675
677
694
721
727
731
712
717
709
671
649
656
664
674
677
694
709
685
676
653
630
625
639
693
729
756
725
716
740
719
664
688
672
679
679
693
702
663
630
637
653
665
631
635
614
601
589
593
587
577
582
585
616
715
732
681
724
736
737
744
717
709
686
677
641
653
668
683
729
705
707
694
668
674
673
682
643
637
619
600
577
579
577
586
604
623
632
603
596
604
612
626
684
716
724
712
664
690
688
692
665
656
657
657
611
591
585
597
608
635
638
643
682
670
662
644
636
647
670
682
636
642
646
645
646
655
648
666
710
697
652
643
653
645
659
684
688
667
618
613
591
614
631
653
660
647
707
745
782
770
791
747
730
677
672
676
668
650
662
683
721
728
713
700
659
651
667
673
659
656
646
616
579
569
609
835
897
842
794
694
679
681
674
695
730
780
770
724
736
761
762
719
716
751
764
777
802
817
790
775
754
718
713
669
676
705
743
779
782
787
764
770
707
708
711
709
682
675
683
694
688
659
677
692
709
728
742
718
701
705
719
710
697
702
679
669
659
615
632
640
667
676
652
655
647
634
645
659
637
627
695
693
724
729
739
728
671
663
678
667
672
643
652
635
622
587
573
578
595
596
616
621
614
600
593
604
622
616
621
623
616
601
587
571
561
572
601
641
653
659
671
685
708
727
655
645
664
679
707
685
671
686
671
674
729
773
740
713
685
696
714
723
708
718
736
690
662
628
607
591
595
613
661
672
727
770
771
733
656
614
613
651
688
677
729
732
739
749
766
736
744
746
731
702
723
728
733
716
742
767
730
727
743
709
716
741
719
677
683
674
659
686
711
717
706
706
757
763
709
721
710
705
677
717
740
705
750
745
757
716
756
748
722
740
727
729
705
714
729
708
729
799
779
753
730
723
701
709
717
690
693
694
673
683
708
701
734
732
708
706
714
697
676
687
680
651
658
676
658
702
716
723
692
687
656
632
646
644
629
650
707
707
691
674
656
636
636
633
616
621
610
590
569
557
543
535
533
540
548
551
548
548
540
537
524
517
506
499
498
496
494
491
493
503
516
522
523
525
514
506
505
521
557
584
605
584
563
565
559
546
526
528
530
536
539
551
568
596
611
618
646
672
688
646
598
606
640
719
729
650
714
723
685
718
700
745
686
651
695
691
682
629
634
604
587
588
617
623
601
629
653
687
635
686
676
647
678
669
623
651
635
618
619
631
631
642
655
656
639
657
665
656
680
700
649
687
682
650
652
618
603
589
589
593
582
611
627
632
608
622
609
592
606
626
614
666
640
709
711
694
658
688
673
638
624
628
595
591
604
639
675
646
674
660
635
633
645
645
652
644
655
646
609
643
622
593
589
588
577
588
583
574
568
580
582
587
568
591
614
606
613
633
591
600
608
578
595
603
587
610
594
570
558
563
606
774
784
764
706
667
614
592
590
582
563
552
562
560
561
566
571
555
551
543
547
559
571
568
559
560
567
578
562
572
584
585
576
565
580
595
578
579
567
567
553
536
531
519
520
527
542
550
598
597
565
565
580
595
595
584
576
563
562
551
539
524
517
511
507
498
493
493
508
526
521
523
504
500
516
527
553
545
563
562
572
561
556
571
565
563
560
554
544
539
528
530
525
517
505
510
523
547
562
564
565
577
564
549
549
553
552
537
535
553
561
578
578
572
604
603
626
615
598
597
595
606
585
572
584
573
582
567
555
558
542
535
531
509
510
513
509
514
535
590
622
667
647
671
648
626
624
647
648
610
648
645
643
688
692
679
729
746
674
691
703
685
663
692
701
664
659
692
645
627
650
633
591
585
612
595
661
692
669
659
719
722
668
686
694
681
645
680
694
662
656
680
672
675
620
635
675
729
681
723
715
696
632
658
660
659
677
627
640
669
677
645
660
659
637
652
658
644
630
664
700
663
651
672
657
628
630
635
613
651
674
667
655
698
732
670
639
645
641
610
629
666
653
624
630
628
639
713
729
700
737
717
703
657
626
616
594
607
624
657
628
608
610
621
617
607
639
708
736
693
693
697
661
619
613
614
620
580
567
568
613
728
641
663
673
728
729
695
662
639
611
589
582
578
571
593
588
568
555
544
531
512
511
506
502
494
488
483
477
475
474
471
473
472
474
474
468
474
480
491
494
504
507
505
507
497
496
516
559
592
617
606
557
583
622
697
704
637
603
614
623
629
614
591
591
573
567
561
547
537
563
586
728
704
718
668
669
658
655
622
615
634
674
666
647
629
613
614
604
593
569
584
608
638
613
645
641
635
595
603
599
605
583
619
639
651
636
646
628
604
602
612
631
604
620
644
639
622
645
663
631
635
650
664
630
641
673
703
652
662
653
622
576
558
553
676
730
693
662
625
598
572
563
551
548
539
539
534
531
531
542
550
561
569
580
595
596
607
604
599
618
600
607
619
613
615
630
637
643
630
654
710
750
716
714
690
684
678
647
661
666
665
646
650
669
637
621
636
614
613
609
595
593
604
604
606
615
606
634
626
618
612
605
588
578
564
555
543
533
528
521
511
512
514
516
523
535
538
548
553
547
535
514
502
503
505
510
521
535
514
498
543
563
611
604
563
554
551
549
546
544
538
549
545
550
552
550
552
557
554
552
550
550
543
526
516
511
513
529
560
566
605
682
695
675
659
641
626
606
609
618
616
620
626
617
614
609
593
589
580
578
570
577
622
691
655
675
615
628
675
654
708
736
785
730
739
776
754
698
736
708
707
689
689
718
723
711
662
662
668
635
602
602
595
644
656
669
688
695
674
655
633
613
606
585
584
587
582
578
555
537
538
556
557
580
588
610
607
619
634
614
605
573
559
556
569
585
590
584
573
577
568
562
541
531
530
543
539
548
553
563
568
572
565
559
544
537
521
513
501
497
500
501
499
514
555
576
544
559
577
581
578
623
667
667
662
733
726
667
675
659
665
622
625
623
602
604
606
613
591
623
648
674
631
646
684
670
638
631
652
670
627
646
670
667
634
664
677
645
670
679
645
605
609
640
650
625
598
604
591
563
563
597
622
657
702
712
672
720
694
659
660
683
687
653
678
733
656
663
711
761
678
675
688
679
654
663
652
620
649
670
688
667
692
676
643
629
644
673
650
649
656
676
651
666
701
684
649
646
638
644
626
624
654
707
672
697
700
679
637
645
658
667
615
584
584
584
570
543
540
561
567
609
671
714
659
653
655
648
621
596
602
608
617
625
641
659
675
640
628
637
636
611
604
619
648
618
611
637
638
607
621
626
683
653
663
655
636
609
610
607
596
578
580
612
639
617
610
624
646
627
604
609
603
587
574
580
595
581
585
589
593
589
604
628
604
604
607
604
607
605
611
615
594
593
607
641
604
578
594
621
609
601
617
659
638
617
609
585
563
574
595
596
573
563
560
553
546
547
557
553
552
556
570
578
570
567
569
569
556
539
528
532
544
576
603
609
612
625
637
609
598
606
616
607
582
583
615
630
615
607
629
643
626
586
568
563
542
552
569
581
614
666
680
674
660
663
657
637
634
641
646
679
694
699
678
687
691
667
625
626
633
643
665
646
662
691
679
660
660
662
663
631
634
647
637
627
652
671
645
627
645
663
642
638
660
664
636
630
636
668
650
638
658
685
640
621
611
590
581
568
578
635
688
650
652
668
647
622
598
596
612
622
628
634
650
629
649
646
651
634
674
707
656
652
671
666
639
593
584
607
662
683
637
654
684
673
710
697
669
631
605
618
614
612
606
636
673
671
659
651
646
622
607
612
621
609
599
618
644
667
639
619
634
660
624
621
639
640
613
609
607
633
607
596
590
600
626
646
641
622
596
592
572
567
571
590
635
635
644
624
605
600
586
569
562
567
601
578
578
583
590
621
624
649
688
649
627
628
632
654
635
617
624
613
631
614
629
643
639
595
589
601
622
622
620
638
647
619
614
644
635
613
598
613
619
630
623
630
631
623
617
586
568
576
560
551
556
561
545
542
531
523
522
524
526
524
528
540
549
560
564
560
569
573
572
577
591
585
595
600
602
616
585
557
532
515
505
495
490
498
508
523
534
551
575
586
639
696
658
679
669
644
682
701
685
661
618
588
559
546
531
522
541
576
643
629
593
581
577
575
568
555
579
587
599
585
582
587
568
597
632
646
642
625
608
578
551
542
570
601
643
675
678
660
683
657
620
627
625
603
599
592
594
571
573
593
610
580
587
652
742
658
677
684
679
619
618
660
659
650
662
659
633
596
598
608
613
596
604
628
628
609
606
615
618
616
602
592
596
580
600
613
620
579
569
591
594
570
553
558
563
571
553
564
579
592
573
547
537
548
570
599
575
568
578
588
563
547
534
539
546
565
569
563
559
566
592
582
574
574
577
565
552
556
552
553
553
577
599
598
614
638
629
603
597
614
609
628
647
670
629
620
612
633
597
582
587
604
592
598
627
628
606
591
580
579
564
549
555
562
556
546
552
555
563
541
546
549
555
544
547
550
545
530
536
544
558
564
556
572
579
584
567
560
559
554
567
561
564
553
559
556
554
538
534
523
519
517
515
507
498
490
491
501
522
550
563
573
583
580
545
521
518
524
541
541
536
535
527
526
508
500
492
488
485
484
480
474
469
470
476
480
497
500
512
518
514
512
518
510
510
507
500
495
491
486
480
477
469
464
463
462
460
463
470
482
484
492
484
485
485
484
483
481
481
475
470
465
466
471
479
487
489
498
495
480
473
474
479
485
493
502
503
513
510
510
503
497
492
489
491
493
485
489
492
494
493
498
488
472
468
468
470
479
492
505
524
529
542
543
534
520
510
508
509
506
508
509
497
498
494
490
486
491
499
489
485
495
524
549
581
598
592
602
586
556
546
539
520
504
503
509
504
518
533
552
573
571
592
575
563
553
545
535
522
513
504
496
488
486
489
492
498
515
531
586
603
561
545
536
548
561
582
572
572
557
550
548
535
529
520
532
549
533
514
513
501
547
612
599
596
657
676
597
595
614
624
591
607
621
602
590
604
624
601
576
575
598
608
594
558
556
548
559
562
556
568
549
538
528
529
522
524
524
511
496
497
497
503
514
513
519
518
522
528
526
524
526
533
541
543
535
531
533
540
534
532
526
521
519
516
511
506
494
491
495
512
509
512
503
505
510
524
562
568
575
565
547
537
522
511
504
504
512
521
528
532
543
552
563
529
507
510
526
548
549
565
587
588
593
628
605
582
582
550
527
523
518
520
531
527
521
509
506
504
500
490
492
498
507
506
505
507
509
501
512
505
502
481
478
472
470
474
476
479
478
479
479
480
476
476
479
480
490
490
478
479
485
489
492
496
497
490
490
482
476
478
473
469
468
469
469
463
459
458
451
449
446
443
441
437
434
434
438
446
450
454
460
456
447
453
448
446
445
450
452
455
460
471
484
485
489
490
491
495
504
506
520
542
592
617
603
592
583
596
581
542
571
607
677
755
691
631
594
584
594
551
543
575
635
623
601
646
716
691
652
678
670
629
592
596
608
613
589
585
595
606
569
575
583
598
578
579
597
621
622
598
576
570
574
563
546
546
563
569
556
564
581
596
604
595
595
606
577
550
551
562
572
575
562
575
581
563
551
556
581
588
562
561
571
590
582
576
584
580
574
572
596
633
660
632
638
636
628
605
595
597
614
612
588
602
617
667
640
640
669
645
614
616
625
629
620
621
619
611
589
585
589
590
574
576
586
603
587
604
616
591
609
620
628
599
589
589
594
579
582
579
597
582
595
605
612
576
560
551
555
553
544
530
536
547
559
574
570
600
638
677
683
684
649
621
591
594
598
610
598
613
644
676
646
634
628
646
634
640
631
665
658
645
650
649
612
602
610
645
658
637
654
653
656
642
638
640
643
613
591
589
584
579
587
589
575
576
585
574
568
586
620
647
632
612
614
612
604
597
591
591
593
601
593
590
587
597
583
584
599
599
602
589
595
591
581
578
589
585
590
575
581
582
598
586
579
587
593
586
578
586
589
590
589
552
550
556
558
570
587
603
599
604
635
631
618
602
608
621
624
604
600
619
639
622
614
620
637
630
621
648
649
621
619
608
627
611
630
639
646
628
619
623
615
616
646
677
647
615
595
581
617
902
758
688
644
605
601
599
611
643
685
741
705
737
722
704
692
690
688
674
663
652
635
612
607
605
604
588
593
618
659
681
662
688
668
637
614
612
610
597
592
597
604
603
616
611
617
628
625
630
628
604
597
615
657
661
637
617
646
615
629
644
678
675
670
654
623
613
616
633
631
628
647
640
639
661
665
650
674
687
684
649
663
674
667
629
618
637
657
626
630
618
606
578
585
583
576
579
588
597
588
585
617
655
664
698
711
682
641
624
617
616
618
630
635
606
608
611
607
645
661
661
653
686
683
637
623
625
616
611
620
616
632
618
629
652
650
615
627
636
628
619
655
666
644
658
646
635
614
610
614
615
608
615
629
621
636
650
648
671
699
666
638
627
587
581
606
604
627
646
631
644
687
683
666
681
695
651
644
637
659
634
667
680
672
648
660
654
646
653
636
648
651
638
622
634
650
651
661
689
703
658
660
671
672
642
638
652
660
657
660
691
667
684
685
638
631
629
641
619
599
575
553
543
538
538
547
565
567
572
588
604
596
571
563
573
577
563
559
551
552
558
566
571
573
559
549
545
547
552
582
609
613
603
626
641
641
645
653
647
626
623
638
649
635
656
659
637
630
622
609
639
670
670
674
688
664
628
637
636
626
629
680
682
644
639
648
655
632
648
666
661
622
616
627
626
608
623
635
626
616
629
643
639
615
627
635
646
620
645
652
652
650
666
659
625
617
614
640
647
673
703
713
668
681
684
644
641
670
689
648
647
650
652
661
667
646
637
662
662
643
681
674
652
659
669
704
648
665
662
646
646
652
656
632
638
616
613
614
646
664
648
616
612
602
607
591
601
595
594
573
572
593
616
603
588
612
681
672
632
581
584
601
637
603
614
640
695
666
685
682
644
642
676
719
673
644
660
652
618
630
651
648
618
620
630
617
608
604
607
590
584
587
604
592
590
592
605
594
585
583
587
576
579
596
621
601
590
590
563
558
543
543
547
562
590
575
600
625
627
613
589
585
565
549
522
512
507
497
492
486
484
474
466
462
459
455
453
451
454
462
469
484
492
523
529
556
612
660
713
670
656
646
597
547
513
504
490
486
482
477
476
475
484
510
541
574
587
556
537
552
563
573
573
591
606
624
635
659
616
570
581
604
602
581
617
675
621
600
614
601
575
576
614
662
628
610
599
581
578
596
591
611
605
600
574
589
581
577
569
560
547
536
520
512
514
532
540
548
556
542
525
511
500
493
486
484
484
482
476
476
477
479
485
494
503
515
516
519
529
543
552
561
559
551
544
535
528
521
502
497
503
511
530
556
579
579
575
588
574
574
573
567
554
529
532
543
539
535
555
531
534
558
569
578
608
637
640
642
629
583
577
584
584
563
575
592
587
561
584
599
587
606
622
597
591
594
606
584
577
604
620
594
598
603
612
626
604
627
628
654
638
631
636
627
610
638
663
639
628
650
616
606
585
606
612
592
628
662
635
584
557
546
544
533
521
518
524
522
519
524
546
549
548
548
550
555
565
559
564
594
618
607
617
628
599
589
574
596
618
599
612
626
606
606
601
603
582
599
600
592
601
600
608
599
611
583
591
597
633
611
599
603
619
603
602
606
604
608
630
636
591
560
544
563
585
604
704
704
654
637
640
673
643
631
631
638
616
607
627
633
646
634
615
622
616
608
607
624
633
637
644
604
563
567
628
676
682
759
687
648
608
576
568
577
596
588
613
630
609
654
686
669
678
673
638
621
624
631
610
607
627
672
664
681
729
691
657
656
634
621
598
616
628
618
604
611
635
640
613
616
620
629
605
610
618
624
610
638
661
656
634
647
652
663
639
650
667
652
623
622
641
642
619
624
645
666
643
604
609
612
623
610
617
644
661
658
666
678
657
633
646
659
648
631
639
691
749
688
702
704
670
664
668
666
642
652
659
644
628
659
656
649
627
624
653
671
654
671
681
646
647
636
641
633
652
661
652
625
624
638
646
647
668
694
710
653
645
630
619
603
613
624
636
625
649
673
661
634
665
700
711
665
662
651
636
617
634
651
656
638
652
673
664
629
642
659
689
663
658
640
621
610
621
623
630
668
712
667
667
709
697
657
661
688
685
649
651
635
646
640
650
659
646
657
688
686
670
690
692
672
661
680
678
661
663
666
667
639
665
687
647
636
672
694
657
643
634
631
607
604
622
623
613
616
623
628
615
636
683
675
672
694
684
646
649
646
630
661
695
680
685
718
685
645
653
660
687
677
683
737
732
684
660
653
635
628
635
638
663
658
716
730
676
672
695
679
635
629
635
651
625
654
688
729
681
693
665
662
631
664
681
657
636
664
680
699
696
699
728
702
642
632
629
630
637
671
663
671
677
660
634
608
587
580
585
602
603
621
631
636
616
634
621
596
592
578
587
583
604
604
594
574
582
597
591
593
599
598
614
602
636
667
639
617
610
590
570
604
672
674
674
683
685
661
679
693
694
654
667
686
670
627
604
624
956
824
732
688
664
653
637
625
644
695
716
724
730
711
682
688
681
675
637
623
609
587
561
547
542
528
519
515
505
499
492
495
508
552
735
816
757
680
671
623
597
606
627
625
635
718
741
740
708
666
625
592
569
567
587
630
704
696
653
672
634
613
606
582
574
592
652
730
668
688
689
643
612
596
607
653
737
682
675
682
671
653
612
613
611
615
595
620
662
695
640
635
658
729
665
627
680
683
701
696
692
660
686
704
651
661
695
723
660
660
664
647
626
641
669
675
646
642
646
644
636
655
661
684
634
624
657
674
660
687
669
642
643
653
658
646
703
691
668
647
661
664
635
628
646
654
671
697
697
684
709
706
677
686
708
706
671
659
653
628
609
621
618
618
622
619
608
622
648
674
637
632
627
636
621
611
608
656
662
642
662
667
660
625
629
636
645
634
625
635
640
666
651
633
657
671
666
627
626
640
624
618
610
617
611
608
641
638
635
652
671
650
638
632
629
616
616
665
686
660
663
641
643
607
615
636
622
629
643
678
655
641
622
627
644
659
676
645
630
628
652
672
666
700
689
675
686
669
644
637
636
695
683
696
691
707
686
677
665
684
710
674
668
675
660
639
628
664
667
650
665
674
665
624
617
593
580
587
596
588
592
598
604
610
632
629
613
587
570
568
555
560
571
591
605
653
681
649
654
652
644
634
628
612
605
604
590
577
583
571
585
590
586
592
575
574
583
602
585
606
604
574
558
570
578
586
630
664
601
590
580
565
550
550
543
540
529
527
526
518
519
520
523
520
520
523
524
529
528
540
553
583
594
586
586
602
604
589
576
604
647
637
621
624
650
618
600
608
645
657
626
628
645
689
667
693
721
710
672
642
620
604
567
557
536
525
520
521
527
527
535
522
529
541
564
565
572
571
574
564
555
548
540
521
513
510
507
497
492
487
486
485
478
480
488
486
481
479
474
473
474
472
475
479
481
488
496
495
487
494
502
506
504
505
511
520
556
583
582
588
589
597
576
553
558
563
569
589
593
578
576
550
535
534
545
566
560
560
580
609
625
581
566
578
599
561
555
593
754
737
708
693
648
657
644
637
625
646
666
662
635
623
646
668
645
604
606
614
620
609
623
673
670
622
639
643
650
624
631
656
662
641
626
636
655
641
631
658
673
654
641
637
651
610
603
649
677
651
631
668
668
644
631
656
658
614
618
621
637
619
616
608
605
595
586
574
589
617
654
629
631
637
650
631
597
597
597
612
616
592
599
592
570
544
544
558
557
596
697
766
696
685
678
644
628
628
645
654
716
755
719
734
721
687
649
666
664
638
625
632
688
677
683
688
655
646
661
689
651
641
669
672
641
619
594
589
600
602
579
559
548
542
526
533
557
580
594
621
633
629
616
608
605
588
571
570
598
607
601
602
605
636
603
597
602
622
604
614
620
604
604
604
619
624
629
621
624
613
631
652
636
615
626
648
626
599
613
648
664
627
629
663
662
686
725
697
662
662
639
642
604
614
606
616
597
590
614
682
639
621
619
625
600
583
591
611
631
643
657
696
686
659
610
586
578
570
571
574
562
541
529
518
506
499
499
498
501
494
505
525
574
656
739
753
711
710
690
672
649
646
636
665
678
637
630
638
660
641
635
666
680
643
635
646
696
684
659
649
639
634
611
631
664
645
602
603
604
651
636
607
607
596
603
604
613
629
639
673
744
752
692
657
635
649
672
664
665
655
643
635
748
754
679
663
645
620
576
570
590
606
617
602
599
635
654
625
633
628
624
583
567
560
705
998
887
797
739
699
688
689
707
752
779
800
818
817
774
728
723
711
677
681
683
685
672
659
681
713
707
671
655
650
692
683
675
661
601
567
555
557
568
584
599
601
597
589
580
572
562
546
543
536
534
528
525
522
516
507
502
502
501
504
517
535
544
560
559
565
569
568
563
562
556
557
562
554
557
547
550
550
551
560
553
556
545
531
529
541
549
551
553
555
550
542
529
527
523
513
516
508
499
496
484
480
480
487
499
513
526
551
564
569
600
571
543
542
569
598
603
617
610
601
585
571
570
569
563
563
566
549
539
523
528
567
577
598
628
652
613
601
645
676
642
651
654
638
592
604
639
681
661
653
667
625
615
637
631
607
599
618
634
627
646
661
657
632
641
640
665
664
614
639
696
704
666
667
669
640
630
639
617
610
625
644
641
646
653
653
624
647
655
644
612
604
593
587
567
566
575
600
594
602
615
615
586
591
592
587
583
589
563
552
568
569
600
648
694
627
599
596
650
726
702
648
613
604
610
637
658
646
652
641
632
645
613
633
638
661
664
720
704
696
669
665
668
627
603
573
574
575
566
566
554
546
544
539
539
530
523
520
524
536
531
532
550
580
629
604
580
596
608
604
571
568
571
568
555
552
559
566
567
561
586
613
635
613
601
616
642
648
642
611
625
632
601
604
602
627
658
617
594
589
741
796
751
745
733
679
624
594
570
551
536
522
509
503
507
515
533
559
588
630
653
620
611
588
566
558
552
562
569
573
573
584
612
612
608
579
589
624
651
627
604
632
707
747
751
725
703
644
604
596
600
637
661
755
781
772
748
711
684
659
621
608
627
676
643
597
604
623
689
693
691
707
712
709
734
705
652
672
676
697
731
710
694
683
679
652
650
647
639
614
595
574
550
536
524
518
517
514
523
551
591
628
678
649
634
631
641
682
683
699
754
716
678
689
682
660
637
646
670
692
650
670
644
627
599
592
602
622
651
627
601
603
601
567
563
565
566
574
571
594
597
553
546
534
526
524
529
548
570
615
702
752
757
713
714
726
770
749
699
636
614
631
641
644
653
653
633
645
674
714
720
683
677
653
654
636
611
586
619
701
711
717
646
655
646
641
622
586
578
588
612
630
624
624
591
589
592
612