565
552
551
553
532
549
563
542
538
529
518
509
496
488
482
479
491
490
524
563
550
586
597
603
610
697
625
653
674
684
610
618
607
563
571
575
556
543
543
563
537
542
555
560
543
557
571
548
538
552
561
539
533
543
557
547
533
532
543
550
550
561
563
563
571
565
558
540
523
514
513
533
867
859
800
725
670
616
581
606
658
688
652
696
675
641
651
623
597
598
606
612
583
605
620
617
596
612
625
601
616
636
608
569
554
555
554
540
563
590
604
579
577
603
637
626
594
615
631
615
591
617
673
731
646
631
669
675
634
694
698
648
629
626
680
665
669
624
616
642
635
597
579
579
559
573
604
606
620
718
709
675
742
781
715
640
673
648
672
826
828
794
786
789
767
740
729
715
730
742
702
736
719
732
742
745
696
637
667
672
646
632
688
711
682
764
784
705
671
711
708
717
651
627
662
739
747
707
671
728
763
738
676
738
789
717
663
660
758
800
822
759
713
735
760
797
731
689
678
735
746
771
748
700
664
678
719
800
789
720
674
678
697
714
674
657
688
699
653
725
751
711
724
723
694
666
723
689
653
703
694
654
695
705
667
700
671
683
704
661
642
656
665
637
641
685
659
700
666
652
629
628
622
634
613
636
690
685
714
702
674
710
728
676
692
722
729
661
686
700
695
648
685
729
693
657
745
776
739
683
723
790
763
712
728
771
784
724
744
778
788
789
767
783
765
719
753
796
793
743
724
697
761
828
876
861
856
799
729
749
747
753
739
699
713
758
784
753
789
806
809
748
763
773
748
681
688
728
757
702
673
729
759
737
733
757
745
689
700
702
674
645
701
760
728
682
694
700
684
652
630
642
641
602
603
604
594
613
617
605
655
687
651
668
676
654
645
673
687
662
682
721
746
720
736
722
677
705
735
679
676
736
719
667
726
724
649
647
680
684
653
644
659
674
645
669
690
668
632
681
700
666
688
701
668
646
651
662
652
692
753
684
725
739
680
678
715
699
665
703
748
695
675
741
747
690
679
706
715
688
724
743
691
692
719
701
649
642
629
618
590
603
604
678
715
697
715
730
695
674
669
681
737
750
730
671
728
746
681
694
729
721
671
666
648
642
613
642
665
673
754
827
807
762
788
768
725
660
643
645
690
692
668
771
857
826
710
741
729
681
644
651
705
711
670
646
657
633
599
630
675
689
752
757
706
713
756
735
695
754
773
792
736
729
754
720
653
656
729
785
780
750
807
815
777
729
729
736
706
750
802
786
743
787
803
738
726
713
669
669
674
679
659
705
742
770
704
758
758
670
694
714
669
652
735
756
720
786
796
723
744
710
732
738
728
716
706
663
669
654
677
724
679
694
740
705
674
696
662
668
616
610
617
622
611
691
709
701
787
780
740
748
701
668
695
673
659
648
689
717
690
654
682
779
762
716
844
851
783
776
816
788
699
717
763
753
675
675
689
671
666
725
772
733
779
773
690
714
712
675
698
726
696
730
722
675
717
707
677
711
730
683
691
736
750
744
776
782
727
757
774
739
768
769
733
775
750
764
757
741
691
664
643
619
615
624
668
740
744
741
767
766
746
761
748
726
764
778
728
743
739
712
733
757
716
778
823
765
782
746
716
768
797
745
768
738
688
740
734
709
697
655
700
697
684
652
694
729
715
698
731
751
715
751
774
737
773
795
735
770
750
701
754
768
731
760
728
790
763
696
734
731
688
723
720
683
660
703
732
706
720
770
790
724
754
768
707
726
726
724
686
729
734
693
691
771
746
739
788
761
760
788
756
743
778
758
698
715
749
738
760
807
771
690
700
735
672
642
656
730
731
958
922
854
818
735
692
646
610
587
590
622
638
638
639
641
646
673
663
654
713
733
739
674
729
739
707
701
698
680
701
656
681
663
677
646
692
730
733
718
748
745
680
705
677
650
703
719
669
627
629
640
624
611
633
683
744
676
682
713
696
643
664
698
739
684
696
718
709
652
668
686
716
663
672
722
712
646
646
644
646
604
591
628
669
644
676
724
732
664
662
664
641
621
641
635
616
624
658
671
619
603
583
560
537
533
567
618
647
729
682
656
595
571
627
733
688
631
647
708
666
624
623
659
640
584
563
547
560
593
621
586
550
547
541
544
535
529
513
508
504
502
506
512
516
521
518
512
513
516
512
511
512
503
495
490
487
483
484
490
494
509
538
554
556
579
571
595
620
644
588
553
538
545
568
557
529
516
514
543
616
652
617
602
566
563
587
571
545
548
566
573
539
530
546
547
549
548
548
533
518
512
524
540
556
558
561
549
526
533
521
513
502
500
495
492
487
488
482
485
485
468
468
464
471
467
458
462
460
460
457
452
452
451
454
460
461
461
462
464
465
459
458
458
459
460
462
462
461
452
448
449
449
449
452
452
458
460
460
461
459
456
460
463
462
462
459
462
467
462
454
457
462
456
461
464
479
495
498
501
503
493
486
489
486
472
468
471
476
486
489
487
490
492
490
487
483
496
537
565
549
532
546
521
567
879
780
674
679
716
653
601
612
655
743
639
654
703
713
673
658
749
758
704
703
746
753
675
692
713
657
684
753
755
664
665
744
760
673
697
795
795
724
753
800
791
737
722
732
734
682
759
798
776
752
752
748
688
710
771
771
692
715
733
688
642
675
732
758
721
757
772
715
666
688
738
743
749
746
712
683
740
741
679
672
705
697
646
660
723
690
634
603
639
684
742
717
648
659
668
664
627
636
642
635
615
625
628
637
599
602
623
647
610
599
602
629
638
606
599
616
630
598
579
608
621
612
570
597
591
643
701
663
660
710
744
664
666
719
719
646
649
668
688
658
668
719
689
648
686
700
664
652
708
720
687
636
618
637
666
725
700
708
812
770
694
708
736
752
673
666
728
729
777
695
722
774
780
713
696
737
765
708
725
754
728
691
715
774
691
705
712
677
630
639
672
730
705
769
763
683
675
713
736
659
676
744
758
705
682
665
747
728
688
654
634
723
777
736
663
656
688
692
660
695
726
712
656
635
636
634
608
608
641
692
684
652
672
680
659
634
669
682
651
637
654
712
716
660
661
667
674
656
688
699
659
675
689
715
680
631
617
636
686
686
646
694
675
698
660
641
640
636
604
592
580
608
687
699
743
725
664
671
654
634
628
604
617
634
676
721
691
676
646
654
803
833
759
695
675
656
661
699
757
746
711
727
744
757
754
724
664
700
691
696
649
653
680
708
680
747
793
813
774
706
694
663
629
656
692
783
700
704
691
669
653
602
609
645
649
709
746
782
682
654
665
666
644
649
709
765
736
699
741
745
685
693
757
737
695
806
786
790
694
706
736
727
701
784
818
805
752
779
801
771
738
772
775
730
709
674
625
649
709
685
710
764
791
704
697
743
765
723
697
779
814
775
778
807
784
690
694
735
745
723
781
796
773
715
699
704
698
659
656
710
785
740
736
797
775
728
759
765
696
675
712
694
671
695
706
697
640
644
663
689
660
647
704
746
695
690
735
719
669
697
702
717
653
653
683
673
653
689
749
704
740
751
764
736
678
679
678
726
723
669
688
779
724
711
809
888
859
823
805
725
648
634
606
635
635
630
663
791
805
746
688
717
721
717
668
681
708
752
705
763
701
680
726
742
735
666
624
633
614
630
658
732
747
689
745
763
742
673
670
698
707
640
678
680
641
664
691
742
736
657
646
649
631
596
615
637
612
677
712
693
643
658
700
678
683
724
772
699
665
682
704
642
622
647
694
705
681
724
785
775
686
682
693
689
660
688
747
796
756
727
775
808
807
708
688
696
741
721
708
736
765
728
715
745
785
730
672
664
707
718
696
773
685
688
683
659
641
664
711
713
676
732
781
718
668
646
688
710
702
689
697
729
734
745
717
761
746
688
705
745
754
690
697
715
709
673
699
763
778
700
694
725
729
667
701
736
802
721
743
727
756
706
676
704
717
694
694
709
742
705
669
683
694
654
640
661
658
632
623
637
661
706
660
671
695
703
649
653
660
661
616
611
619
668
686
661
648
655
657
639
619
623
647
677
653
619
611
629
645
661
646
615
604
604
606
601
633
669
688
663
664
633
620
601
611
606
601
586
587
598
571
557
563
582
600
588
577
579
574
546
538
551
549
550
562
588
587
578
590
614
659
630
600
591
616
652
679
621
632
646
658
611
609
618
645
632
630
636
641
606
600
622
663
688
647
710
710
655
619
616
631
638
629
642
642
654
649
655
697
687
642
625
621
615
603
600
604
628
610
615
634
677
645
637
657
656
614
623
660
683
649
602
610
622
637
646
645
655
710
702
623
617
607
607
606
630
599
596
579
595
600
776
708
648
623
602
596
616
646
685
685
653
640
673
665
652
608
620
611
621
608
604
613
638
629
619
642
679
648
618
617
631
665
655
660
677
678
657
627
622
630
637
623
602
602
612
630
610
627
653
616
602
596
591
567
566
569
572
562
565
571
574
563
573
553
537
557
576
566
576
574
567
570
544
528
519
525
537
545
583
642
684
667
723
733
674
633
630
657
696
661
671
682
687
636
607
598
614
646
605
576
575
568
581
577
565
570
572
589
582
573
573
581
577
571
554
550
554
560
542
532
521
519
543
583
613
635
651
635
604
589
589
591
609
590
587
614
634
622
599
581
567
572
577
573
553
582
583
581
592
615
647
626
637
676
739
662
663
671
682
636
617
581
568
578
580
599
686
780
766
710
724
705
694
625
609
635
636
643
646
686
724
660
651
660
672
641
665
703
688
671
682
674
679
646
674
735
693
630
611
625
655
677
633
633
622
639
622
611
667
714
661
629
619
615
600
568
563
577
612
596
598
595
605
585
591
586
602
573
560
558
556
550
540
550
563
564
556
548
556
549
549
529
518
528
535
532
530
542
566
581
547
533
534
550
587
621
673
663
601
595
593
583
584
550
541
539
525
518
520
553
630
738
741
674
731
729
662
640
625
630
614
646
692
689
633
639
716
724
636
640
708
696
650
662
702
690
646
626
619
645
661
643
646
675
712
709
665
641
651
614
595
583
605
618
602
617
647
705
673
652
686
692
665
642
634
627
641
635
685
744
704
641
606
589
572
568
588
680
676
747
720
667
675
690
626
637
658
660
626
646
661
640
611
629
642
648
606
577
581
598
600
585
582
587
563
545
559
574
594
643
684
631
636
615
610
600
587
600
613
618
579
577
590
594
610
596
601
595
585
559
547
543
563
592
688
708
668
695
676
628
597
588
607
615
606
596
609
621
633
592
566
580
586
585
567
591
621
638
615
606
627
604
588
582
600
602
600
596
587
587
573
567
596
637
718
649
646
606
573
543
540
543
560
575
586
582
586
608
639
691
715
702
715
619
582
597
610
572
555
569
605
622
631
658
655
647
636
617
589
580
579
571
553
537
524
513
512
502
501
513
532
550
566
575
586
593
581
571
557
551
544
544
543
539
540
557
583
580
577
585
562
531
518
519
531
549
561
558
563
581
569
520
513
517
528
537
558
570
579
569
563
555
529
528
529
547
557
561
566
573
577
563
568
577
583
594
601
606
628
631
626
617
571
535
514
508
504
507
515
521
528
530
537
532
533
530
529
519
508
501
504
519
552
588
604
614
616
639
639
644
604
610
576
563
579
621
750
782
685
606
600
643
694
768
783
717
732
708
718
738
749
751
752
741
743
726
716
707
640
610
606
673
733
678
679
729
732
663
670
698
660
599
624
620
681
727
696
646
687
712
662
609
597
642
714
676
648
652
688
659
657
735
702
629
587
578
599
623
627
615
586
606
615
637
601
582
561
571
584
603
574
565
575
561
557
570
589
623
635
636
621
593
577
572
565
554
554
549
556
557
562
556
530
532
542
536
546
579
606
627
619
631
634
630
624
604
598
584
589
597
605
591
587
580
573
574
570
570
566
585
582
592
563
535
534
542
564
602
600
598
616
578
560
569
573
545
572
595
646
656
656
709
681
632
641
662
634
636
660
702
645
653
709
708
654
703
696
705
637
649
666
648
626
669
704
702
681
704
723
671
698
704
685
658
673
703
654
663
698
700
679
754
749
706
646
650
672
710
665
717
752
688
684
712
735
708
691
713
699
659
677
687
695
667
695
695
678
702
682
630
640
621
597
570
560
571
678
758
720
676
667
617
599
608
632
668
662
670
703
714
672
629
591
570
594
631
678
711
712
670
632
621
619
625
628
632
646
664
674
734
733
754
754
737
757
760
718
647
618
618
868
859
825
786
764
725
697
662
670
658
672
694
669
678
659
650
629
634
674
705
688
650
644
643
650
605
581
585
588
623
677
676
688
723
681
639
623
646
652
646
680
743
668
649
652
667
661
648
659
695
659
661
681
697
661
615
610
606
624
612
621
663
691
654
634
645
652
623
615
618
632
607
594
611
615
611
592
603
597
636
606
597
582
569
567
573
556
543
535
531
517
518
520
521
527
531
529
521
521
515
508
501
500
498
494
495
493
492
499
499
493
480
480
483
493
497
493
479
471
468
469
468
469
468
469
469
466
469
463
462
462
459
463
474
483
496
508
509
514
512
512
515
518
509
503
497
498
490
489
491
491
496
502
514
528
522
529
536
544
541
542
546
537
527
521
520
515
512
498
494
508
519
532
549
551
551
539
519
525
539
552
565
576
563
558
555
550
527
527
526
518
517
527
509
494
490
504
551
623
680
620
617
601
580
563
559
551
544
538
538
543
549
538
541
550
533
529
537
536
515
497
499
505
515
549
604
630
629
591
581
604
726
760
704
608
589
629
718
703
617
586
599
569
536
530
537
561
614
712
685
680
630
596
589
583
574
604
620
610
611
588
565
530
518
532
566
622
713
714
703
700
692
654
638
640
597
586
584
566
560
669
629
580
551
557
588
634
657
650
640
665
680
644
632
606
607
604
599
575
617
660
669
724
747
743
688
739
743
683
630
612
618
669
736
721
680
718
743
759
737
743
743
678
702
746
713
658
683
730
728
720
736
702
648
627
585
629
683
652
688
746
702
656
685
709
693
623
596
613
640
629
630
650
669
635
642
681
684
654
665
673
664
634
657
658
662
643
650
663
695
656
656
672
683
642
649
660
656
612
623
642
666
644
631
650
688
676
646
631
627
654
648
630
671
738
698
647
649
662
696
706
651
633
644
647
608
563
573
587
586
568
561
568
627
682
729
735
693
657
628
604
587
589
584
595
605
614
645
645
599
595
610
624
614
620
629
648
633
635
668
706
676
653
672
680
650
636
657
666
637
647
660
654
631
632
639
612
598
603
604
609
599
605
630
643
609
612
605
596
591
591
604
605
593
587
610
624
609
617
622
603
602
600
597
588
582
598
582
573
567
575
582
583
580
578
581
601
617
592
562
541
532
535
542
557
566
604
624
639
680
710
720
667
675
666
654
671
695
761
792
794
750
744
741
707
687
735
769
740
686
730
761
745
698
725
779
769
710
729
728
691
664
665
703
712
681
709
713
701
662
684
705
688
667
680
711
683
646
656
672
658
664
700
677
654
645
688
752
690
643
644
669
670
651
665
722
734
656
650
653
673
661
650
677
696
687
653
661
663
660
625
620
633
645
632
643
646
650
622
638
650
675
647
652
661
653
618
614
615
620
608
581
561
560
598
621
608
586
626
688
693
652
656
669
632
599
583
598
614
867
756
710
663
623
595
583
576
575
590
604
634
654
649
623
592
568
556
540
535
535
531
536
552
563
577
576
562
569
566
593
605
588
577
596
611
618
610
583
567
576
592
605
604
599
575
569
564
570
556
554
552
561
566
558
555
558
569
593
587
592
623
640
646
605
595
607
606
587
570
569
584
580
569
564
570
572
570
559
563
567
574
574
563
552
542
535
530
532
542
551
560
553
551
569
597
615
607
585
603
614
603
569
558
564
569
563
568
605
654
717
680
646
647
661
648
616
612
632
665
724
687
724
696
632
599
585
574
575
568
587
620
695
667
706
703
686
627
604
609
620
615
602
579
581
595
605
599
565
544
538
533
520
532
558
598
612
596
574
576
607
590
566
566
574
580
576
577
589
631
707
743
706
653
619
614
646
692
681
650
698
733
685
692
744
721
642
616
617
657
682
629
688
734
677
688
740
687
626
660
702
687
654
700
688
641
638
650
632
629
637
645
632
609
587
582
616
659
620
606
604
607
592
569
569
596
616
621
602
619
662
634
591
583
579
576
564
571
593
627
611
597
605
607
582
578
577
574
562
558
565
581
573
562
568
549
538
551
550
548
595
644
638
617
636
638
593
554
534
536
548
590
609
615
695
755
705
661
665
661
657
627
630
615
593
561
552
559
604
653
626
659
727
706
653
668
700
673
648
680
672
662
624
632
672
667
642
630
619
626
606
602
615
623
597
562
551
555
567
593
604
610
578
568
567
569
536
536
550
554
568
575
571
569
561
563
600
597
566
569
601
639
597
575
585
637
727
684
631
626
617
621
621
601
598
612
631
613
580
575
582
601
588
579
579
589
581
560
554
559
559
549
548
581
637
638
603
615
630
598
571
581
594
602
586
568
585
570
549
540
555
556
553
529
529
540
550
556
558
571
587
592
566
559
556
563
563
565
550
552
572
611
623
613
576
576
587
591
591
569
559
568
574
580
577
570
581
563
568
599
601
604
586
603
617
594
564
589
601
595
584
592
633
659
605
616
621
607
589
618
622
626
611
600
590
562
529
510
499
498
493
487
482
475
470
468
469
469
470
465
461
455
452
451
444
442
440
442
438
440
438
439
437
439
438
439
438
438
433
435
438
438
444
458
462
470
463
461
461
477
489
512
532
584
689
658
582
528
494
482
467
459
451
449
446
450
453
461
463
466
475
479
479
482
476
470
464
462
457
449
443
439
435
434
428
430
421
420
418
417
418
419
421
434
449
504
555
586
593
571
554
537
498
487
502
533
548
526
518
512
527
538
531
512
510
499
500
502
504
501
498
503
507
515
507
496
487
485
482
484
484
485
486
495
496
482
484
475
472
483
520
564
598
620
647
606
594
579
554
548
533
532
515
512
527
551
584
553
523
535
578
633
594
556
574
550
537
543
569
585
565
577
640
689
665
611
545
537
548
577
599
592
615
636
629
643
630
604
585
558
541
527
521
544
542
548
604
637
621
571
586
624
635
640
695
660
634
611
595
585
557
565
575
611
611
619
621
622
590
568
591
627
615
557
543
543
564
575
580
585
584
594
587
585
610
612
586
590
619
638
619
617
637
626
617
606
607
596
584
594
585
573
574
585
586
579
599
610
603
593
603
640
651
613
608
620
623
601
606
632
639
610
598
610
632
613
632
646
627
582
582
591
606
596
574
591
631
638
617
580
578
596
630
622
607
609
606
559
553
574
583
580
582
600
632
649
646
657
682
682
646
642
686
656
619
632
652
672
624
614
602
609
591
598
631
652
621
642
644
632
593
598
609
635
602
615
614
604
584
587
589
580
586
605
626
658
687
679
645
628
615
596
572
567
572
576
582
593
598
589
584
572
568
556
567
578
581
587
579
577
568
563
585
603
636
624
596
597
615
611
582
586
578
581
561
548
556
562
566
566
584
613
644
645
641
677
681
647
639
654
644
638
652
644
655
678
714
688
649
642
626
626
612
611
632
637
609
601
595
600
689
874
821
726
651
619
604
590
572
551
590
745
781
775
743
683
668
652
642
649
645
659
672
663
697
728
689
694
700
696
659
687
772
757
694
698
698
688
663
650
674
709
697
664
680
722
751
738
693
693
695
692
619
600
642
676
797
798
739
751
728
663
669
705
693
712
755
774
710
736
762
762
681
683
671
646
606
611
604
613
601
636
632
643
631
656
665
659
623
621
609
595
594
582
596
603
601
603
635
644
624
608
604
621
633
636
603
599
598
600
597
590
566
549
554
573
588
593
588
581
563
563
567
570
563
563
556
553
545
539
521
514
519
526
535
544
555
562
588
603
630
624
594
596
590
593
582
572
587
611
613
595
577
585
603
604
581
567
587
597
602
585
594
609
622
615
585
588
584
575
561
558
565
583
578
584
598
613
620
591
595
612
604
578
561
563
577
565
549
535
545
551
552
544
531
527
529
523
518
528
549
564
582
576
586
604
638
610
593
592
597
580
574
584
597
612
619
617
620
594
574
549
551
563
573
589
594
617
600
572
577
590
589
571
564
570
583
570
593
591
583
574
567
570
579
601
578
573
573
571
563
572
602
600
577
583
604
612
590
594
595
587
560
563
577
585
577
565
553
531
528
528
522
538
570
567
573
576
628
625
573
565
559
563
569
564
558
553
543
531
525
521
515
506
503
499
496
488
483
481
481
486
488
499
505
503
505
515
518
516
510
490
487
489
496
502
503
490
492
501
509
529
519
512
521
530
533
533
538
521
521
513
512
502
501
500
497
490
487
481
476
470
472
476
477
472
469
461
457
459
468
470
472
486
508
531
548
546
538
537
524
514
503
500
497
486
486
470
462
464
467
467
468
469
467
467
463
466
466
462
462
460
460
463
463
463
458
463
467
472
473
473
479
484
487
492
498
492
515
543
556
536
523
509
498
490
486
481
483
490
483
484
486
488
491
498
482
471
468
466
466
471
477
481
492
500
495
498
506
494
482
479
475
467
460
468
473
479
485
544
680
697
618
588
570
557
545
554
553
560
570
545
539
532
524
521
514
499
484
494
515
523
535
557
552
567
574
569
548
519
523
511
499
498
496
488
485
481
481
474
465
474
490
523
547
561
555
558
559
545
532
514
507
491
477
473
471
478
486
488
489
490
492
487
491
490
500
499
498
501
498
497
502
503
495
482
475
479
482
488
490
499
503
503
502
503
491
487
492
500
507
517
516
515
519
524
516
508
506
498
493
495
490
488
495
491
489
485
493
483
471
475
500
547
596
611
563
531
546
579
631
601
561
563
570
558
538
524
527
532
542
528
521
524
506
504
512
521
521
531
539
553
549
537
521
501
498
504
518
554
587
574
568
564
593
587
570
578
604
619
596
599
628
656
613
569
564
580
608
618
596
606
633
606
550
530
528
543
566
560
539
549
556
571
549
547
551
554
553
535
516
513
522
554
592
630
643
688
642
574
543
544
554
558
547
541
550
562
569
570
582
601
617
613
581
551
537
551
574
558
540
563
591
624
599
592
563
559
564
588
618
635
641
630
590
547
536
545
607
653
726
724
702
677
664
646
631
629
617
616
640
655
662
660
670
676
681
696
692
663
643
633
647
625
584
585
559
565
601
643
605
573
578
637
683
661
640
602
582
553
539
539
541
528
538
557
599
604
599
623
633
628
601
585
588
601
598
612
634
658
651
644
661
666
647
607
597
601
604
605
605
643
708
720
700
669
656
658
655
612
597
603
585
576
572
553
563
577
621
606
604
607
598
579
578
582
605
638
658
624
625
618
608
594
603
604
608
605
581
590
591
595
585
562
551
543
552
544
527
532
543
544
549
573
594
613
585
576
575
592
589
573
572
564
575
580
577
575
565
543
535
538
540
559
575
606
604
594
609
627
619
587
591
604
619
605
595
606
597
578
568
563
551
537
537
545
565
577
568
558
576
597
597
576
573
594
611
593
589
593
600
614
603
581
588
603
633
625
635
661
669
627
595
590
589
585
583
583
582
610
644
664
625
603
599
588
560
555
551
539
532
537
551
545
544
550
564
584
603
601
590
568
550
548
563
581
590
592
594
592
581
587
571
578
562
557
556
546
537
528
522
514
511
512
513
514
520
528
535
534
546
583
646
624
661
653
633
656
644
598
592
603
582
550
563
571
573
602
635
686
650
648
656
646
608
584
601
619
612
591
598
626
652
657
642
652
680
689
641
614
614
632
632
625
644
667
668
644
624
623
646
668
629
637
676
708
688
648
644
618
599
599
571
557
570
571
590
617
640
611
602
636
659
634
615
627
624
621
599
595
607
630
628
609
615
634
643
633
639
624
629
639
616
610
611
644
696
719
715
673
630
631
655
673
662
659
640
638
654
663
649
645
671
650
654
645
642
629
620
597
599
589
579
562
573
589
605
643
654
665
646
646
632
610
583
568
597
611
612
611
625
660
646
619
629
625
619
604
627
636
616
604
591
568
567
582
602
607
626
641
655
616
623
651
665
648
684
708
672
656
685
710
668
633
642
652
670
663
658
665
689
660
677
721
743
713
722
736
736
691
699
715
703
691
685
721
727
689
677
663
642
646
680
692
665
701
717
655
647
642
624
634
644
657
662
640
642
652
651
624
627
637
642
667
668
665
625
601
584
627
775
701
638
598
578
575
584
603
605
646
722
764
709
696
704
698
652
669
679
667
659
685
686
688
668
634
640
655
663
652
619
611
621
633
635
609
594
603
591
563
577
608
616
630
639
669
642
630
642
652
632
642
645
632
633
627
640
678
692
710
724
698
675
665
674
646
647
662
681
689
664
666
681
647
668
689
663
657
671
682
647
640
624
613
615
637
640
629
658
676
639
658
672
656
619
637
637
641
658
652
609
592
604
633
629
642
693
695
688
646
623
634
656
680
663
646
664
670
649
620
653
690
688
679
697
706
703
680
707
707
684
712
719
721
685
684
708
710
684
673
685
696
686
677
679
671
631
624
657
674
682
659
659
650
675
647
636
649
646
653
638
619
617
600
588
598
618
618
644
667
688
658
637
654
676
680
647
627
642
659
688
675
659
674
672
670
653
692
703
716
696
703
709
697
686
694
702
676
664
696
700
672
688
700
671
678
707
716
683
698
703
670
683
680
672
655
683
687
673
652
650
636
625
645
652
637
654
655
652
639
647
654
624
640
650
651
646
636
654
659
650
628
609
596
571
562
568
578
600
676
737
702
742
735
685
690
694
673
685
697
724
682
699
711
678
672
727
752
746
714
703
708
706
673
658
658
666
655
667
681
656
675
684
667
643
614
599
582
603
640
674
708
748
758
726
718
716
682
689
706
705
728
778
768
747
712
678
655
663
676
674
718
752
734
698
657
615
601
604
621
633
623
608
618
625
606
579
622
634
646
676
685
650
632
646
678
647
645
668
703
654
644
647
628
614
611
635
642
633
637
623
592
579
583
571
587
612
657
670
641
630
630
620
627
600
588
602
604
611
597
590
589
575
558
565
576
565
562
574
560
544
547
558
565
563
577
618
638
626
592
580
602
626
635
658
652
643
650
685
712
701
665
667
692
665
675
659
660
654
654
629
619
635
636
632
631
655
659
692
660
654
631
625
613
608
632
650
646
646
640
626
618
604
588
609
626
640
629
630
594
607
634
633
626
646
647
647
630
619
635
669
655
623
636
636
640
608
609
615
644
633
663
670
676
628
622
627
622
630
630
608
601
593
594
578
602
608
625
604
605
605
606
590
586
578
581
580
579
593
614
636
623
606
598
597
565
567
567
577
596
623
625
601
631
639
627
598
596
592
609
604
596
586
591
611
599
591
604
627
653
651
672
653
631
620
629
653
645
621
628
645
661
650
635
635
647
653
635
632
654
641
617
610
625
636
618
623
649
661
677
643
646
655
659
649
635
658
688
689
655
624
624
617
617
623
652
688
688
671
651
659
649
642
615
601
600
574
561
566
579
585
628
659
670
712
733
732
646
641
660
655
644
631
633
669
963
843
756
717
676
645
639
613
634
688
701
711
703
687
659
643
608
587
571
560
538
555
597
609
630
643
676
637
646
662
667
631
659
663
648
638
636
626
594
584
591
590
579
573
595
611
599
596
605
612
591
591
607
622
599
599
604
605
581
577
580
579
569
565
596
612
619
602
590
585
570
566
570
566
554
548
549
538
537
544
538
535
536
536
527
528
531
534
527
530
533
541
533
529
523
533
547
572
567
568
565
568
552
555
572
560
550
556
550
538
536
530
534
529
529
536
530
526
521
519
522
526
524
521
524
527
527
519
522
523
525
523
517
517
526
533
535
522
520
529
539
541
535
527
528
539
542
540
535
527
536
533
537
533
547
549
553
541
541
546
545
540
539
551
555
553
544
548
551
548
527
523
522
518
516
524
530
543
558
592
604
587
566
581
607
606
573
577
593
583
563
568
575
565
569
589
602
578
562
579
615
611
582
597
582
593
611
636
606
601
627
613
590
578
571
570
569
587
595
583
586
594
597
586
587
563
560
549
557
578
594
578
577
585
594
573
584
606
603
597
592
625
672
654
627
606
590
579
565
563
566
565
558
553
558
580
580
587
625
646
615
598
599
619
640
619
594
606
619
631
610
610
636
629
612
608
618
637
644
611
618
613
607
593
565
560
561
566
556
534
525
536
560
591
590
590
610
582
590
592
548
552
557
561
560
631
709
666
745
740
677
682
690
691
649
663
666
664
647
659
675
647
605
583
563
543
532
532
545
556
543
534
538
545
569
554
566
589
578
559
552
547
542
533
536
533
532
524
510
495
494
492
508
519
531
535
521
523
526
536
515
509
508
514
513
516
510
508
504
502
504
495
489
487
491
497
497
500
496
494
486
483
482
480
477
477
475
466
461
465
465
472
477
488
492
496
501
499
509
528
528
524
518
514
514
507
495
490
493
487
487
483
480
472
467
472
481
483
488
484
489
491
492
493
493
498
499
495
493
486
476
475
472
467
464
459
463
465
469
471
474
475
492
497
504
503
509
506
500
490
484
478
475
465
468
467
468
471
473
473
468
477
480
491
495
496
501
500
500
497
489
485
484
476
473
466
458
453
451
450
449
450
463
480
496
526
535
558
539
521
526
509
507
509
502
497
491
488
488
485
481
478
473
468
463
468
457
454
463
472
477
478
478
479
481
481
479
482
476
474
474
465
462
459
452
450
459
465
474
486
497
513
521
522
530
529
524
513
502
492
487
482
471
466
483
513
511
503
506
506
503
504
490
475
468
467
472
491
523
548
551
563
566
537
515
525
552
603
634
576
563
576
596
646
726
676
707
714
714
651
618
636
663
675
678
708
659
597
568
571
616
706
731
727
658
647
654
687
659
657
651
604
588
597
599
617
616
566
549
561
858
725
687
651
613
592
589
596
612
637
667
645
654
677
669
654
619
579
557
557
548
533
528
543
579
612
696
730
700
733
709
650
661
724
715
665
646
617
625
892
783
731
696
689
684
693
688
714
723
717
701
703
702
688
692
715
725
715
686
649
677
698
694
705
736
773
750
686
671
675
681
646
672
664
656
597
578
579
604
641
646
614
621
627
606
582
581
592
618
603
601
592
603
610
593
576
566
562
572
564
577
595
620
616
599
615
632
638
631
619
615
616
595
594
605
602
587
570
570
571
568
557
561
585
601
583
567
570
569
585
573
563
558
551
547
556
570
619
642
607
596
606
579
575
577
560
534
535
542
548
552
566
598
594
599
621
621
608
579
573
579
584
573
590
615
599
594
602
598
594
570
582
603
611
585
580
584
589
584
581
575
590
587
587
581
568
562
561
556
551
543
529
546
570
597
599
617
612
588
590
582
609
639
833
726
651
626
631
662
715
738
755
683
643
689
734
751
747
734
717
729
723
717
686
664
661
694
752
744
742
688
653
668
688
699
664
664
673
688
702
719
666
669
655
631
623
634
619
622
593
558
563
563
561
563
563
570
560
563
552
557
571
567
569
559
562
562
562
552
551
560
550
547
522
524
531
555
551
547
542
536
538
533
532
532
546
558
550
549
555
592
595
573
578
571
578
567
543
535
536
540
551
559
549
537
520
519
524
541
537
537
544
556
569
549
554
563
567
553
553
552
550
554
562
561
559
554
548
540
536
536
554
563
555
550
558
569
569
548
543
537
532
541
552
563
561
544
536
534
528
526
521
521
520
517
513
513
511
509
511
502
503
503
496
495
484
479
481
488
493
501
514
515
517
513
511
504
493
483
478
475
472
469
467
467
467
468
466
467
464
462
462
460
459
457
457
457
454
450
450
453
456
460
462
461
463
464
466
470
478
479
476
476
480
481
471
470
465
461
458
455
450
449
449
453
450
445
439
439
441
448
452
462
467
482
478
481
482
479
478
480
490
488
472
464
457
457
464
469
477
484
490
499
498
497
502
499
489
490
485
478
475
479
475
470
470
467
461
457
458
460
464
467
461
462
468
476
478
487
492
493
475
468
462
463
470
484
493
483
480
499
535
567
567
560
561
555
539
521
508
509
500
503
507
508
523
542
546
531
515
518
531
572
618
607
582
554
530
529
520
500
490
508
532
568
584
541
606
732
725
673
588
569
592
610
611
588
614
669
599
570
595
637
622
563
577
611
646
605
587
586
552
552
578
586
575
605
627
661
622
573
571
562
584
688
796
742
686
668
613
595
595
642
691
654
625
640
602
565
538
529
553
687
773
715
662
622
611
602
576
542
551
573
667
729
690
662
617
590
575
570
563
574
606
692
665
617
637
648
627
579
573
575
576
669
835
780
743
671
608
568
559
583
612
606
600
584
550
559
558
570
569
588
634
691
654
605
575
557
548
544
544
562
593
599
626
616
611
629
673
670
630
626
626
603
569
552
583
582
568
567
581
612
616
583
592
603
604
582
597
593
593
570
574
589
585
567
563
554
543
536
532
517
510
507
508
510
519
518
535
558
579
573
573
573
577
574
555
549
548
528
531
545
560
558
573
588
589
578
552
545
529
514
509
507
521
544
558
572
580
573
568
585
595
590
594
619
629
604
593
595
568
571
568
562
562
561
556
538
527
526
526
533
542
549
545
554
565
558
558
583
586
571
564
580
595
588
575
577
577
572
575
594
601
582
573
594
618
626
594
586
593
597
585
582
592
592
577
565
573
583
595
606
623
622
623
618
595
563
557
561
556
561
550
542
537
544
561
572
588
610
630
620
642
673
632
592
576
567
568
562
584
619
688
652
628
657
730
717
658
656
654
639
584
569
588
589
609
600
617
639
649
632
633
625
604
585
596
596
579
584
604
606
589
604
630
651
629
642
659
646
619
611
614
622
628
657
679
636
592
584
585
580
584
588
590
598
609
616
581
565
569
1084
874
724
640
589
560
545
525
518
513
514
521
533
550
559
556
552
555
561
568
577
571
564
569
565
581
599
626
640
672
662
636
643
660
681
656
641
600
582
585
595
617
659
645
679
685
652
671
652
616
582
569
583
611
621
591
596
601
622
660
644
662
688
641
641
646
649