476
474
476
477
479
477
474
477
480
477
474
470
463
462
458
452
450
446
442
442
439
438
438
437
433
430
432
432
432
432
431
433
435
435
429
430
427
431
430
433
436
433
431
433
432
426
432
430
430
432
432
432
431
431
432
426
424
427
423
422
424
426
429
429
430
431
430
430
428
427
424
420
419
418
419
420
419
418
421
424
426
427
426
428
430
434
438
438
436
435
434
434
436
436
434
435
438
448
459
460
462
471
475
473
473
477
475
467
461
458
463
469
472
476
479
476
470
465
462
460
455
454
456
458
455
459
467
478
480
477
482
487
486
483
486
482
479
476
477
474
472
473
475
476
473
472
472
478
486
488
487
488
497
500
495
497
497
496
492
490
494
497
494
498
504
517
516
514
515
510
499
493
494
503
513
510
509
516
508
503
500
503
500
490
490
492
491
489
488
486
480
474
468
465
464
460
458
457
460
462
461
459
458
460
458
458
455
454
455
453
448
446
442
441
441
443
445
443
442
445
448
450
450
455
459
467
465
462
459
456
455
455
456
452
451
454
460
468
468
466
465
474
482
484
483
477
474
478
480
486
483
480
484
484
482
479
477
479
479
482
479
477
479
482
488
491
488
488
492
496
496
494
499
497
492
487
487
486
488
486
483
481
478
476
477
482
483
484
486
484
480
477
478
474
470
467
465
465
465
467
467
471
476
481
485
486
494
497
497
494
495
497
499
495
487
483
478
474
474
477
479
476
480
488
498
501
509
514
517
525
526
528
521
520
521
516
505
496
499
503
501
505
510
514
509
504
501
494
491
489
490
490
488
482
482
481
479
479
479
481
478
473
470
466
466
463
465
465
468
476
485
488
496
487
491
489
487
482
471
467
458
452
448
449
454
461
463
461
462
466
463
458
453
450
450
447
446
444
440
438
437
434
432
434
438
440
440
446
454
455
459
466
470
468
463
462
462
458
454
458
460
461
457
455
456
456
456
452
449
446
446
447
446
443
444
447
448
447
445
443
443
442
439
438
440
444
448
446
444
447
450
454
457
457
457
464
470
470
468
471
472
473
471
467
466
467
469
470
468
469
471
471
469
471
475
476
477
477
479
479
477
481
485
485
484
489
491
490
490
494
492
490
488
486
488
484
482
477
472
466
461
459
454
451
449
452
454
453
454
458
461
455
453
451
450
451
450
455
458
453
451
452
457
456
452
448
445
441
440
439
438
438
439
449
456
459
459
460
454
449
448
450
453
454
454
453
447
446
447
450
447
445
449
450
453
454
453
453
450
450
452
450
447
446
441
438
437
436
436
435
433
433
433
431
430
427
425
424
424
423
423
422
420
417
417
416
415
414
414
416
420
422
421
418
419
420
420
420
417
415
417
418
420
420
422
423
424
426
426
425
425
426
426
426
425
423
423
421
419
417
414
414
413
410
411
410
411
410
414
426
446
463
479
479
488
501
522
509
492
497
499
492
481
486
487
483
480
479
476
472
480
485
492
489
483
479
477
475
478
478
472
467
468
467
464
459
458
459
458
457
460
464
467
465
464
468
476
488
493
492
496
504
500
496
485
479
476
475
475
470
468
472
474
473
476
477
478
479
481
482
487
486
481
472
466
461
460
458
458
458
458
458
459
457
455
459
459
460
463
472
487
495
488
487
487
489
489
482
479
476
473
473
469
466
457
455
452
450
451
452
448
446
446
441
439
438
435
435
428
425
423
424
427
428
431
428
428
435
439
449
464
479
488
484
477
478
486
493
499
502
508
516
510
511
508
508
510
507
514
515
511
507
502
501
496
503
509
511
504
510
516
528
532
536
537
529
528
523
523
521
515
512
508
509
507
503
497
500
505
505
504
501
499
490
481
479
476
476
473
478
476
479
486
488
487
487
491
489
486
483
487
487
488
483
484
487
492
492
488
483
484
484
482
478
476
481
483
483
480
479
483
482
481
479
479
476
473
472
470
469
467
464
458
457
456
455
452
447
444
446
448
450
451
451
452
454
457
455
459
460
456
457
459
462
465
469
475
472
472
470
468
463
461
462
461
460
460
456
458
462
466
470
475
484
488
490
486
480
484
484
481
477
471
468
466
462
459
461
465
472
475
474
479
496
506
504
496
488
479
473
474
474
472
473
473
479
483
481
479
481
483
485
487
486
483
482
482
478
477
479
479
479
479
487
492
495
493
491
488
482
479
475
474
471
471
469
469
469
468
468
469
472
475
478
482
483
493
497
502
493
494
493
495
487
485
487
492
493
492
485
484
481
478
472
472
475
479
476
475
481
485
481
480
479
475
468
470
469
468
464
467
469
466
463
464
462
461
456
456
457
457
453
453
453
454
451
449
451
451
451
448
446
446
448
449
446
447
448
450
452
453
456
460
463
463
466
465
458
460
459
456
454
454
454
453
453
456
461
463
462
467
465
465
469
472
467
468
472
471
469
464
461
462
464
473
472
471
465
463
462
462
459
463
466
470
469
471
470
468
467
467
465
462
463
461
455
451
448
446
447
446
447
445
443
443
444
445
446
449
452
456
450
450
447
446
446
447
446
446
449
448
444
445
443
442
442
441
438
437
434
434
431
430
431
432
435
437
437
443
447
455
453
454
458
456
458
456
456
458
453
456
456
457
458
459
454
450
450
449
450
452
452
457
463
469
471
468
477
484
488
486
489
489
487
482
483
481
475
471
470
464
461
459
458
457
454
452
453
454
453
454
458
461
464
463
464
467
470
473
470
471
474
476
472
470
472
471
468
466
462
461
460
459
463
463
461
463
465
464
465
467
466
462
451
447
441
438
434
430
429
428
420
418
416
411
409
408
407
406
410
415
432
471
522
604
585
546
554
545
518
524
523
518
503
484
474
472
472
468
473
472
472
464
459
454
449
444
441
443
446
451
450
447
448
449
451
452
451
452
452
453
448
450
449
450
452
453
452
453
454
452
447
446
446
452
459
469
473
475
484
492
502
496
491
499
498
498
496
503
506
511
503
504
501
492
481
483
480
479
474
476
484
493
495
500
505
513
501
495
481
476
477
522
560
554
543
537
530
524
521
515
512
508
510
512
510
504
501
494
491
488
485
479
479
482
492
491
496
492
501
508
514
520
520
513
510
508
503
504
498
491
494
493
493
492
487
488
492
500
501
502
505
506
514
515
512
513
514
512
507
503
496
498
501
503
498
498
499
504
507
506
505
507
504
502
501
505
502
497
495
512
510
508
509
500
491
493
492
494
501
506
510
513
512
507
508
505
498
493
487
482
479
479
480
479
482
485
489
487
490
506
520
513
511
515
516
510
510
513
519
521
518
513
514
520
514
511
507
506
505
502
505
502
498
496
497
499
491
491
493
494
492
485
484
485
481
476
478
482
490
491
494
499
505
510
511
507
507
502
497
502
502
501
500
501
501
499
494
495
492
489
488
489
493
497
498
513
519
521
525
529
527
517
512
513
510
508
500
499
502
497
494
495
494
490
483
480
480
478
478
479
481
487
499
503
501
505
510
519
519
522
520
517
516
511
508
502
502
508
520
522
529
530
538
553
564
560
546
540
538
535
528
518
516
514
507
505
509
512
512
510
522
535
539
531
529
532
526
522
518
516
518
516
511
513
512
511
507
509
509
510
512
515
513
510
509
511
513
507
502
502
498
493
495
496
498
497
504
507
514
508
507
515
520
518
513
512
512
509
502
501
501
500
498
494
500
503
505
504
504
508
509
514
506
504
503
505
499
492
494
494
497
494
499
504
503
504
503
506
504
501
496
495
496
491
490
492
492
489
484
486
492
495
499
502
502
498
497
503
514
530
534
534
541
547
555
545
540
538
536
528
520
517
523
527
529
528
529
528
529
520
521
520
520
516
518
523
533
529
533
541
543
540
547
551
542
531
527
524
522
518
524
530
544
549
554
568
567
567
557
567
557
545
536
532
524
515
514
515
515
515
517
521
524
516
513
511
508
501
496
499
494
488
484
483
483
483
479
475
472
471
492
528
549
561
577
582
588
582
560
544
541
529
521
514
512
511
507
508
507
500
497
492
491
493
498
508
516
522
535
543
546
550
570
565
562
548
550
554
557
558
546
549
548
550
549
541
541
542
547
541
529
534
531
524
522
530
540
544
539
543
551
554
549
540
542
540
534
528
526
523
514
508
505
502
494
490
486
481
480
478
480
481
480
477
478
479
476
471
468
470
471
472
470
473
479
488
490
495
503
519
532
539
549
552
557
559
544
526
530
531
532
530
524
524
523
517
511
512
515
504
504
502
501
501
506
506
505
497
494
494
493
492
489
493
494
501
508
510
514
517
519
517
511
505
500
501
501
495
495
495
497
498
494
495
499
504
500
493
491
490
489
484
480
480
484
483
479
477
481
484
488
489
492
500
508
508
501
505
505
502
496
495
492
492
488
483
486
488
488
488
488
489
492
493
490
489
491
496
497
491
484
487
487
485
480
477
478
479
477
476
479
479
479
477
476
475
477
477
470
467
473
479
480
483
489
490
487
488
492
495
492
490
486
483
486
487
488
484
479
478
480
478
480
484
484
485
483
485
485
482
477
477
476
478
477
477
477
479
479
481
483
488
487
488
488
489
489
491
491
490
490
489
489
494
503
511
516
521
525
528
530
520
510
514
511
510
505
509
513
520
517
516
511
506
512
513
512
514
507
503
503
506
506
512
507
508
511
516
516
517
519
516
518
506
503
501
502
503
503
503
508
520
525
532
535
548
554
563
570
556
554
550
547
535
523
523
521
523
526
526
527
531
532
530
528
532
539
541
541
535
530
530
528
525
526
528
530
534
534
528
521
514
506
498
492
493
496
504
507
521
529
549
547
544
539
541
530
527
533
538
538
542
545
543
531
522
517
516
513
513
518
518
525
528
524
519
517
515
510
506
501
494
495
493
494
497
499
503
511
516
516
517
528
533
536
531
524
525
526
524
516
516
511
509
503
498
499
497
492
490
487
491
494
492
492
489
494
498
499
493
491
492
490
486
482
485
485
487
484
482
484
483
485
483
481
484
487
493
488
486
496
494
492
483
479
477
479
483
481
484
486
487
487
493
503
514
514
509
514
506
509
506
506
507
508
508
503
498
500
495
496
495
491
494
498
500
498
497
495
494
498
498
499
504
515
532
539
542
543
549
547
536
533
530
535
533
524
523
522
528
521
519
521
521
520
518
515
516
518
518
521
523
530
535
533
531
525
521
511
502
496
489
492
493
505
501
507
517
529
534
531
536
541
528
524
521
520
516
516
514
508
504
508
508
508
512
521
533
532
541
554
558
559
550
546
536
534
531
524
519
521
521
525
523
522
532
538
544
533
531
544
558
568
564
545
533
531
528
520
517
512
511
533
548
558
547
541
529
533
535
535
532
524
516
523
525
521
524
530
522
521
522
527
529
530
528
532
542
544
541
540
543
544
540
533
523
516
511
505
505
517
520
515
504
498
493
492
491
496
501
509
521
535
556
568
584
596
584
574
574
571
557
533
528
525
524
525
526
520
520
527
538
540
535
536
545
558
558
552
544
537
540
543
535
538
533
525
525
530
528
526
524
521
517
521
522
524
531
536
538
536
529
525
531
526
526
521
518
511
508
509
509
514
514
526
532
526
517
512
513
508
501
498
496
494
490
487
483
481
478
478
481
482
479
473
467
463
460
456
454
453
455
455
457
460
462
463
464
465
464
463
465
471
477
479
484
487
488
489
491
492
492
489
479
477
478
481
478
479
485
495
508
519
532
531
531
527
516
512
507
505
505
502
508
513
520
536
538
541
551
556
572
562
565
572
560
555
541
541
543
542
539
531
528
533
539
544
543
543
540
537
548
554
554
546
534
527
526
523
520
511
504
500
495
491
487
482
479
479
480
488
500
522
542
547
545
561
564
577
567
560
568
572
561
545
547
551
550
532
529
533
534
540
557
595
607
592
576
577
566
562
555
542
545
540
531
526
523
530
532
526
526
524
528
524
530
526
523
522
519
514
508
501
501
499
501
500
501
504
514
514
511
504
506
506
504
504
501
495
493
496
497
498
497
492
489
491
490
490
492
492
501
506
510
509
512
515
521
526
521
513
518
519
520
517
511
514
516
521
523
518
520
530
528
527
521
510
507
509
513
525
534
542
568
593
602
624
604
576
572
567
565
563
557
550
553
553
544
544
538
548
550
547
540
540
542
545
539
534
545
550
558
551
542
543
538
533
526
521
522
521
520
512
519
522
531
524
522
527
537
545
536
528
523
524
521
518
512
513
520
528
535
534
529
533
539
543
540
526
526
529
530
523
515
513
510
510
512
517
515
524
522
519
513
515
518
515
509
508
504
504
503
500
495
493
495
499
501
498
496
492
493
496
500
500
500
502
497
504
511
504
496
489
485
481
479
476
474
471
470
472
473
474
478
480
485
489
489
489
486
492
497
500
505
501
495
499
503
495
491
489
487
487
485
483
479
477
480
487
493
490
489
498
504
500
503
493
491
494
490
485
478
476
475
473
470
467
466
462
462
458
458
456
456
453
451
451
451
452
453
456
460
463
462
460
466
471
471
468
470
476
479
477
474
481
487
493
490
483
487
494
492
491
485
490
491
498
493
492
492
495
493
493
492
494
493
490
486
489
489
492
491
487
491
494
488
484
484
489
492
487
483
482
485
485
487
491
490
488
497
501
503
502
504
506
511
508
503
504
505
506
503
496
491
488
493
501
501
502
509
505
504
502
500
500
504
511
514
523
532
545
548
547
547
542
541
534
532
534
526
525
520
523
522
521
515
508
503
507
505
502
501
509
514
527
527
534
534
547
535
526
528
534
536
531
523
525
531
533
528
518
507
501
496
516
604
582
543
520
510
499
494
490
488
486
487
489
488
487
489
494
494
495
493
490
490
488
490
492
491
491
491
488
481
479
477
472
469
468
470
474
476
479
485
485
484
489
492
497
505
516
525
536
541
542
538
525
524
524
523
517
510
513
512
510
510
507
511
507
507
502
495
490
486
481
480
479
478
480
477
473
475
475
476
480
480
479
488
490
490
489
490
495
503
507
505
499
494
496
497
496
498
501
508
520
521
518
512
517
511
508
500
498
497
498
500
502
499
498
511
511
509
508
507
504
506
503
504
501
501
497
502
503
503
498
499
500
498
498
492
492
496
498
499
495
493
495
498
497
494
488
490
491
494
493
490
490
498
501
499
496
494
495
496
497
499
493
497
498
498
491
487
490
489
490
491
491
489
498
500
499
499
498
506
509
513
515
514
511
507
510
513
512
508
507
508
505
501
498
495
498
505
508
513
514
522
527
522
525
526
524
522
520
520
516
516
512
509
509
508
513
517
517
513
517
525
527
522
521
520
523
523
525
515
513
517
516
520
518
517
526
537
545
557
567
572
570
563
557
557
560
541
532
530
531
532
535
552
569
571
564
567
575
590
577
559
547
554
561
560
549
548
553
554
550
546
555
557
552
543
538
539
540
539
536
533
531
527
530
528
523
521
521
529
527
526
531
539
541
532
530
535
529
532
527
521
523
526
530
529
531
542
554
558
560
568
569
575
564
563
564
569
566
559
551
550
545
539
534
539
547
550
544
539
539
542
545
543
539
537
540
543
540
537
540
540
534
526
518
512
514
518
525
520
517
521
525
533
539
535
537
532
538
539
537
534
529
530
526
528
517
511
510
509
509
504
507
508
509
508
504
510
511
518
513
512
510
507
502
496
502
503
507
513
507
501
497
493
493
489
488
486
486
485
491
501
513
511
505
498
504
505
506
500
495
490
496
495
494
497
498
489
482
483
486
489
492
496
499
500
503
503
502
496
496
497
499
498
496
494
492
496
499
500
499
499
498
498
498
495
489
494
497
497
495
491
490
496
499
500
497
492
488
488
495
499
502
502
502
498
494
491
496
495
497
503
505
513
532
549
561
565
554
547
537
538
536
531
524
530
532
524
520
511
500
496
497
502
508
518
532
540
552
546
557
571
575
575
558
552
548
550
550
550
550
543
535
530
535
545
543
540
549
556
567
576
566
563
563
560
550
538
540
540
538
540
533
529
534
538
534
536
534
545
551
558
563
558
567
578
576
573
562
567
567
568
560
555
554
562
558
548
546
545
544
543
536
533
528
525
524
527
524
528
524
522
524
535
546
549
548
551
557
559
556
549
550
551
546
538
528
533
531
530
530
540
544
553
551
547
558
548
543
526
522
521
518
521
517
521
525
522
523
517
518
521
519
517
512
518
517
521
518
517
517
513
510
505
501
500
501
504
499
501
506
514
512
509
504
507
505
502
500
497
498
499
499
495
489
490
493
497
499
500
498
500
491
487
481
479
478
479
479
479
476
476
481
489
497
499
507
518
535
529
518
502
495
496
505
519
581
566
552
539
530
527
530
522
531
536
545
562
576
582
597
594
574
563
560
551
541
531
529
524
522
516
515
507
507
502
497
500
506
509
512
506
510
520
527
521
513
514
509
517
515
515
519
524
517
511
513
511
507
506
500
506
510
506
503
500
500
498
500
491
494
496
497
497
494
502
503
507
503
495
495
494
492
487
485
487
486
487
482
482
487
491
492
485
487
490
490
487
479
479
479
478
476
476
473
482
497
513
507
511
528
535
544
533
531
539
543
545
540
538
543
540
529
521
518
517
514
513
514
515
516
513
506
499
493
495
493
491
491
488
494
497
508
509
507
510
521
522
527
524
520
519
521
523
520
521
523
523
522
515
510
512
513
509
507
507
519
522
521
516
508
506
504
502
495
492
486
488
486
485
481
478
478
477
477
469
465
465
464
465
470
474
479
477
477
481
487
485
477
475
479
486
476
473
477
484
493
493
490
500
497
500
497
499
503
504
500
497
498
497
499
498
489
488
493
491
490
491
485
486
484
485
483
484
485
492
498
502
494
502
506
513
518
518
518
523
525
521
519
513
511
515
520
524
520
523
519
516
516
521
524
523
523
521
512
520
532
537
535
537
528
536
537
527
521
512
505
503
522
538
607
604
581
567
555
541
534
523
516
511
511
514
520
526
537
548
550
548
542
541
541
530
525
519
508
502
497
490
486
490
496
513
529
586
700
700
683
645
631
654
660
642
698
708
683
667
671
679
634
626
649
670
688
651
657
654
652
645
645
631
640
630
625
648
685
676
652
641
646
636
622
626
615
615
609
615
619
613
590
590
590
581
578
582
588
588
573
565
567
573
559
556
555
555
538
532
526
528
531
531
543
546
556
551
556
552
545
541
528
526
521
527
530
519
527
528
518
505
503
503
504
516
530
549
559
560
571
579
570
550
537
535
534
530
529
528
542
573
597
599
596
612
613
615
603
594
573
553
545
541
537
525
534
555
567
557
534
539
553
563
567
555
569
575
578
567
564
561
560
569
563
563
555
544
546
538
534
542
541
541
535
523
520
523
518
516
509
510
512
522
521
520
519
528
524
522
519
521
524
525
523
518
517
520
523
525
520
521
521
522
521
518
514
512
519
520
509
499
490
483
479
475
479
496
507
509
520
563
594
576
591
614
635
616
580
551
548
563
553
555
544
549
554
563
559
550
553
560
562
563
563
567
579
575
570
557
546
535
539
540
536
525
520
523
528
528
534
531
524
525
530
534
529
519
514
516
517
518
515
512
509
514
516
517
512
505
508
512
515
521
517
518
521
528
526
520
515
508
499
499
498
496
488
485
482
484
492
494
490
491
492
483
486
480
483
480
479
480
484
491
497
496
499
497
498
496
491
485
485
489
490
489
485
481
479
476
475
475
476
479
483
493
497
502
502
503
499
495
491
494
495
502
517
525
529
533
540
540
538
540
554
574
599
598
592
608
607
613
613
597
603
606
603
589
589
592
607
608
591
586
591
600
599
582
571
575
563
550
537
524
522
518
507
503
507
510
513
526
539
535
535
531
534
528
525
518
517
516
520
514
507
518
528
532
535
531
529
532
527
517
508
505
498
490
484
483
486
497
506
514
535
580
617
617
621
611
599
585
560
572
582
607
608
599
608
605
606
587
578
573
578
592
604
614
635
668
648
609
603
598
581
576
563
563
563
571
591
596
583
586
595
592
587
575
565
567
561
563
567
560
547
543
558
566
565
562
564
576
599
616
602
585
568
567
568
561
558
555
542
528
522
536
541
544
540
534
529
523
522
522
529
532
542
542
556
577
608
607
592
579
573
576
567
563
548
546
552
556
558
547
551
556
569
568
573
584
606
592
569
561
565
567
567
563
557
566
569
571
563
563
574
583
571
562
553
549
558
560
558
538
548
547
555
555
543
547
558
566
565
559
548
559
572
583
583
574
563
572
578
578
570
554
555
568
571
578
577
591
595
605
595
583
578
577
574
580
580
586
581
582
577
571
586
583
583
574
564
569
567
573
571
566
558
566
562
568
569
559
564
559
559
545
534
534
534
528
527
521
521
530
532
537
537
530
538
555
565
572
566
567
573
584
573
565
562
567
581
583
596
585
589
591
600
593
586
583
603
603
591
582
569
587
583
580
574
592
616
637
613
647
674
669
636
630
620
623
606
594
588
587
596
597
572
554
548
547
540
542
531
521
513
506
503
500
493
489
485
484
487
495
503
516
525
541
536
521
518
521
525
539
565
575
597
598
580
562
570
596
607
610
576
560
555
560
563
564
560
552
547
545
552
557
563
580
610
650
641
631
628
620
595
588
593
594
603
586
586
589
599
596
587
589
588
587
574
567
572
584
567
563
554
555
567
570
578
580
587
604
610
612
596
586
577
576
563
552
554
559
565
568
560
560
568
579
581
578
577
568
553
541
531
528
549
574
586
584
570
575
582
573
560
547
547
544
536
534
531
534
535
536
528
519
512
510
506
498
493
491
491
495
499
511
527
552
556
536
540
541
542
533
530
521
523
518
515
510
512
518
528
544
537
539
544
564
560
550
563
566
564
571
573
577
577
564
549
554
558
554
550
548
541
558
562
574
563
563
577
581
577
562
554
560
565
557
551
544
542
547
543
543
540
533
532
537
533
532
536
524
527
537
542
546
550
555
558
561
569
563
553
552
556
560
559
558
557
548
553
567
571
565
560
549
558
555
555
558
549
538
531
527
524
522
521
517
517
516
542
552
546
533
517
516
517
521
522
526
524
525
533
538
544
547
553
559
564
560
555
543
540
551
553
546
536
530
522
521
530
552
560
567
590
615
665
629
615
602
601
587
573
565
574
580
583
574
563
568
570
578
587
575
577
591
611
597
589
590
596
592
586
596
590
596
583
583
588
590
587
583
574
568
562
560
549
536
537
540
536
538
540
527
526
529
535
544
546
547
553
549
556
559
561
566
556
553
544
554
567
564
565
571
582
585
579
579
588
599
590
582
581
587
585
571
573
579
575
574
562
567
587
598
606
595
611
598
604
591
587
590
593
597
594
590
594
603
599
588
596
600
596
587
592
588
589
577
572
582
589
589
579
575
576
572
563
558
552
551
545
537
526
522
525
531
518
517
528
534
553
570
576
569
572
580
578
578
565
551
544
531
521
520
525
533
532
558
589
627
640
625
608
620
622
627
616
623
621
609
604
603
608
615
611
593
594
588
580
568
556
563
568
583
582
583
590
601
607
606
604
582
569
568
574
566
556
560
555
551
553
547
541
547
555
561
566
558
568
577
580
572
561
556
560
565
563
553
558
582
598
599
612
634
650
629
623
639
639
631
611
615
617
619
612
606
610
597
601
598
613
625
634
623
624
621
616
605
589
571
559
552
558
578
602
605
644
659
672
623
594
573
560
544
542
547
563
572
564
572
588
581
567
565
571
581
579
571
565
570
574
575
563
561
561
560
561
552
552
554
563
562
549
541
539
538
538
532
526
535
537
537
529
530
524
525
528
521
519
522
523
525
521
518
521
525
520
514
508
509
509
506
503
506
506
515
522
526
521
518
526
525
532
527
531
530
537
538
531
527
530
532
539
539
534
535
539
538
540
532
525
523
523
532
596
610
605
597
583
574
568
566
570
558
560
574
580
582
583
576
569
572
566
561
557
557
563
560
557
553
552
556
558
566
559
559
567
566
560
555
560
561
559
558
563
562
557
547
542
545
542
540
543
553
565
576
571
581
594
593
586
574
586
592
584
580
583
593
592
585
577
579
583
577
581
601
616
612
602
597
587
577
569
563
563
568
571
576
573
587
599
596
583
584
583
592
585
570
562
554
547
545
539
537
534
544
559
573
580
588
604
612
610
605
601
599
604
603
591
595
588
593
593
593
598
604
605
605
604
608
604
587
577
571
573
576
576
581
593
607
609
624
628
612
615
612
607
600
586
578
577
569
567
559
554
555
560
566
572
573
583
580
571
559
548
550
553
558
550
551
570
581
587
583
583
598
602
595
585
579
591
590
585
587
595
603
604
604
615
611
588
570
565
573
582
592
603
623
643
623
627
628
638
621
606
599
605
604
591
601
592
597
589
580
582
587
590
578
565
563
578
574
568
574
589
619
632
618
618
617
626
617
611
605
596
581
572
582
590
594
586
578
590
590
598
573
564
572
569
574
559
570
567
567
557
552
548
553
552
543
540
534
537
534
530
526
529
533
538
535
527
524
530
536
534
533
527
522
516
519
522
521
523
521
526
525
520
512
512
507
498
493
487
485
490
496
498
498
492
490
491
487
488
490
493
503
517
531
555
571
599
599
577
584
572
570
558
564
557
557
554
552
548
552
555
547
549
559
568
563
562
553
565
568
560
563
572
566
552
547
543
541
550
560
556
563
563
567
564
548
536
540
539
536
531
528
517
511
512
518
521
525
522
521
529
544
545
540
528
523
523
531
531
519
516
521
524
521
527
529
542
543
552
547
544
553
552
542
533
536
545
552
553
548
560
550
548
545
538
531
527
522
526
522
517
514
519
521
521
517
525
533
540
538
530
521
516
509
501
493
489
493
499
510
513
518
517
520
511
503
496
491
489
479
476
478
479
478
480
487
489
490
489
489
497
503
505
515
508
501
501
508
511
512
505
505
523
540
539
525
511
516
516
515
514
506
501
504
505
506
495
489
493
495
495
495
494
495
489
494
495
498
490
482
479
477
471
468
468
467
464
465
463
463
471
483
500
501
509
504
522
531
551
547
523
520
521
523
529
541
531
518
517
535
561
568
554
533
521
531
539
544
564
556
546
549
549
551
543
529
523
517
506
497
487
479
478
477
482
487
485
491
498
513
515
510
511
518
527
532
535
526
518
523
534
542
543
532
535
539
540
528
528
527
525
522
514
533
532
535
522
531
541
544
533
528
527
534
542
532
525
528
528
521
516
522
534
527
523
521
521
521
519
509
504
509
510
509
503
497
498
502
502
496
499
492
495
486
485
481
475
473
472
475
479
488
492
487
485
492
498
501
501
494
496
496
504
508
500
496
502
510
515
512
513
514
519
534
552
570
556
553
545
555
548
542
531
520
509
510
525
543
531
512
501
493
489
492
498
509
517
530
561
616
640
660
630
613
591
579
574
568
564
567
587
580
563
564
571
576
563
546
526
535
549
559
549
548
563
576
588
590
586
583
583
574
551
553
554
564
561
566
577
591
588
584
591
611
613
584
565
564
562
543
523
508
499
501
514
525
517
508
515
524
540
539
538
559
568
565
555
537
531
539
541
540
547
548
552
544
525
513
515
517
520
519
512
516
516
517
511
502
494
495
494
497
504
511
514
530
537
547
551
538
538
539
535
540
534
521
519
522
522
521
516
521
522
524
518
510
516
529
537
530
531
527
531
529
523
523
524
525
526
522
521
524
526
525
524
525
524
532
526
524
522
526
543
552
558
542
548
551
549
556
550
557
576
576
572
561
563
558
564
555
540
532
526
521
521
515
514
510
520
517
521
514
510
518
520
518
510
505
497
495
498
502
495
498
495
488
488
492
494
494
492
487
489
492
500
495
492
493
497
501
496
496
491
490
496
499
498
495
497
498
503
496
490
491
491
496
493
488
489
483
483
478
472
471
474
476
481
487
484
488
492
503
493
495
492
490
490
493
491
487
483
479
475
479
484
495
505
513
515
514
515
518
520
519
515
503
498
498
504
516
515
530
563
611
648
628
629
628
639
625
600
586
579
594
592
581
561
561
594
631
616
599
604
605
611
573
563
575
574
575
569
542
523
529
532
544
551
552
562
563
566
562
554
561
567
577
558
553
554
563
571
574
563
572
563
559
549
538
522
525
530
533
540
535
560
585
596
595
578
578
574
571
547
535
534
521
518
512
516
532
532
537
536
525
503
504
500
500
492
500
514
516
511
502
505
511
521
532
535
521
523
529
536
539
539
532
522
530
534
543
547
538
542
547
551
556
555
541
531
532
526
520
512
502
497
495
501
507
505
492
491
495
499
504
507
508
511
518
524
521
527
530
525
527
536
545
543
534
529
529
535
538
537
534
541
547
545
532
544
547
562
556
541
533
525
528
526
517
507
495
489
487
489
491
497
502
507
498
500
507
507
514
516
514
514
521
533
534
530
519
503
498
498
513
513
506
501
499
495
500
510
531
539
523
544
548
545
531
530
523
521
522
521
510
509
500
495
491
490
486
486
486
483
484
486
485
476
478
485
491
498
502
499
494
499
489
479
476
478
482
484
485
492
493
487
483
479
478
475
468
462
460
459
461
463
462
461
458
453
450
446
444
444
442
440
438
436
435
430
427
426
426
427
431
432
433
440
446
477
514
582
616
552
557
553
549
537
521
514
505
502
497
494
486
478
470
465
459
457
451
447
446
446
447
449
454
456
456
461
462
464
453
450
450
449
449
449
448
448
448
444
438
437
438
439
442
449
456
451
452
450
453
452
453
445
447
449
456
461
470
471
470
470
477
471
471
472
475
477
476
473
470
468
464
459
456
453
452
448
444
440
440
441
449
456
466
484
503
510
511
503
509
520
526
521
512
495
481
475
479
484
495
502
514
518
522
519
518
511
507
498
490
487
482
478
474
468
467
461
460
457
463
461
459
457
449
448
452
455
462
470
473
466
459
464
466
473
476
482
479
483
482
477
482
487
490
491
486
481
479
471
469
464
462
460
457
452
447
443
446
448
455
459
458
463
466
458
461
474
484
493
492
501
507
502
496
492
486
486
484
471
464
461
462
466
474
476
475
470
480
503
526
546
564
563
552
549
530
520
519
517
524
528
530
537
528
506
495
501
496
501
492
487
488
484
480
473
477
474
472
469
459
459
462
466
466
466
462
458
454
453
454
459
461
463
466
469
469
470
468
467
460
456
452
461
464
468
471
475
471
467
470
466
463
461
458
456
454
452
445
444
445
445
448
450
450
450
455
460
463
463
469
479
484
480
466
465
469
471
477
476
479
481
475
477
468
472
470
469
468
466
455
454
452
455
455
448
447
454
460
464
468
477
482
478
481
482
476
466
464
468
467
468
467
467
468
466
464
466
466
464
465
465
467
468
470
462
455
456
457
465
475
481
491
487
490
491
492
489
487
486
474
465
466
468
475
479
480
481
484
488
489
480
471
481
503
528
537
530
530
528
537
557
557
545
534
514
511
501
491
486
479
474
472
473
465
460
462
464
461
464
473
507
565
641
627
606
599
571
538
520
514
513
505
499
505
499
500
502
498
498
499
497
500
502
511
511
495
481
478
486
525
601
603
577
562
544
539
529
529
529
521
520
521
517
511
509
505
506
508
504
488
479
480
485
477
477
484
491
510
514
515
518
517
513
510
508
505
499
485
483
482
488
500
504
518
519
521
528
524
519
510
507
501
491
482
479
473
470
465
463
462
463
463
467
463
464
462
459
457
450
452
452
455
459
470
480
483
483
481
486
486
495
499
500
503
497
496
484
480
486
488
487
482
479
474
468
464
464
462
460
454
456
454
451
450
450
449
450
446
444
442
441
442
441
438
437
437
440
443
447
449
445
449
449
448
449
452
454
454
458
458
462
462
469
478
484
487
484
487
483
473
476
479
482
486
486
484
484
479
469
468
467
472
473
478
482
485
484
481
483
482
479
473
469
465
461
459
458
457
449
447
448
456
466
465
466
479
506
558
658
654
592
567
551
553
553
546
544
521
505
501
503
501
506
511
501
496
502
518
535
548
569
574
568
564
558
543
540
528
523
515
511
503
494
500
520
529
542
560
574
604
604
583
589
594
568
551
543
536
525
517
513
507
494
489
486
486
485
486
480
479
485
494
514
541
635
655
607
583
556
536
527
527
524
514
516
515
509
509
512
505
501
500
500
494
487
476
468
463
465
471
479
490
498
523
545
523
526
541
545
553
528
532
527
523
521
524
521
517
514
504
490
488
491
491
499
493
491
489
492
494
489
486
483
485
484
479
470
470
474
475
482
485
495
501
502
496
494
492
489
484
480
475
472
463
462
462
469
471
478
483
479
484
484
482
479
477
476
465
468
469
471
474
471
470
470
470
466
462
458
461
465
464
456
463
462
466
466
469
468
468
467
474
473
467
464
468
465
457
462
462
456
462
467
471
478
475
479
474
479
476
476
476
476
466
460
460
463
463
458
462
467
472
480
491
494
497
497
493
484
475
469
466
463
461
462
461
458
455
455
451
445
446
451
459
468
478
501
552
598
622
651
631
579
558
545
525
519
520
516
521
527
532
540
548
534
509
509
506
508
509
500
488
496
509
519
522
529
540
545
541
530
520
533
563
568
553
542
523
512
504
494
488
479
471
465
461
462
464
472
479
505
522
549
593
602
611
638
620
590
547
514
510
519
534
557
563
578
566
532
542
572
600
656
649
606
593
570
563
551
561
571
570
553
552
551
533
527
527
516
499
488
487
489
493
486
500
504
512
525
521
541
575
596
610
600
581
558
533
521
512
507
505
503
500
497
485
484
491
497
498
484
481
487
493
496
498
508
502
501
503
498
498
492
486
490
490
492
489
489
488
487
474
472
474
481
483
490
493
506
512
518
519
521
521
515
513
504
495
482
473
470
472
478
487
490
496
503
504
555
637
636
590
571
545
520
510
504
505
506
504
507
516
527
546
539
532
528
528
515
510
509
501
483
480
477
477
479
480
479
480
477
480
471
474
474
479
483
486
488
491
498
487
483
478
473
467
458
460
463
466
473
484
484
492
474
470
470
474
491
508
532
539
547
555
570
560
540
543
533
526
510
503
504
489
486
483
482
478
477
475
474
469
463
459
458
459
460
464
468
474
474
475
475
481
481
480
477
475
476
473
472
466
458
458
454
462
465
471
475
476
479
494
537
569
586
585
563
528
512
507
502
500
488
486
484
480
476
481
485
489
490
493
496
504
506
510
504
503
496
491
481
481
482
487
486
511
537
553
561
576
579
571
565
563
543
529
521
515
513
509
504
500
497
481
479
479
483
479
480
483
486
489
488
484
481
480
481
483
484
482
483
481
478
479
476
478
479
481
476
468
470
472
478
483
488
486
480
488
489
493
487
490
489
482
480
471
476
483
497
523
561
581
619
624
587
567
552
539
532
519
510
504
498
494
482
476
479
486
489
495
501
508
507
507
504
494
483
486
490
482
484
494
511
526
554
555
553
544
539
528
521
515
510
505
507
509
506
502
506
509
506
501
499
496
486
484
488
491
494
487
483
487
493
501
513
516
523
527
520
515
516
501
489
491
492
493
498
496
497
503
500
497
494
496
497
499
493
497
494
501
494
479
478
479
482
488
484
492
501
504
505
507
507
502
498
488
477
478
480
488
493
500
508
509
505
506
511
516
513
510
508
506
499
484
481
479
475
477
480
485
500
506
510
502
498
494
500
510
496
483
481
479
478
479
470
476
477
480
482
484
484
482
478
482
490
492
494
500
502
501
498
497
496
496
485
485
480
477
479
479
477
478
484
483
488
495
483
485
490
487
476
489
515
536
554
555
567
579
563
521
522
533
542
550
551
560
559
550
528
510
516
521
525
514
516
519
522
518
518
526
541
538
530
528
534
541
535
530
532
532
546
548
548
548
527
525
522
530
533
538
539
566
571
572
563
556
556
563
566
555
550
561
579
581
557
571
565
574
566
544
538
517
518
524
539
542
530
539
550
548
542
546
556
559
579
586
570
570
568
590
581
563
562
564
566
560
532
513
503
500
501
509
521
528
540
543
539
521
508
509
513
523
525
521
520
531
554
562
571
589
582
563
563
560
541
525
527
527
549
551
564
547
532
543
563
585
586
564
539
544
539
530
525
521
521
519
514
511
520
521
515
510
512
510
510
508
508
512
513
515
505
506
511
521
521
513
512
516
521
512
503
502
500
503
496
491
495
495
500
501
501
508
518
527
534
550
541
546
541
536
518
515
509
510
504
499
497
511
516
521
523
528
520
516
512
511
500
499
503
511
518
539
550
561
549
534
532
539
539
530
521
521
521
521
526
514
511
504
500
500
502
505
508
513
512
519
515
520
519
532
534
536
529
529
522
517
511
507
502
494
488
480
476
479
484
482
495
512
566
646
667
664
627
613
581
538
530
534
551
560
571
578
581
571
553
542
538
533
529
524
523
517
511
510
503
496
490
484
477
474
470
465
464
456
453
456
459
464
471
474
484
542
737
751
761
717
667
630
627
631
613
616
608
613
618
632
638
620
628
618
600
602
600
601
610
627
596
557
555
564
777
726
680
635
603
580
568
574
585
615
645
685
717
697
687
688
678
652
643
645
626
604
576
545
537
526
540
561
580
585
578
588
614
625
604
598
603
598
589
572
573
567
574
576
567
573
578
588
580
576
568
572
570
562
554
548
527
523
535
539
541
547
556
552
556
558
555
562
559
560
559
561
570
579
571
566
551
544
547
553
544
535
533
527
519
525
541
562
564
571
586
601
584
566
567
569
563
555
546
549
555
566
550
556
564
562
556
578
576
564
568
566
561
560
556
562
567
561
555
545
539
530
524
511
506
499
493
487
485
479
479
479
481
481
488
494
509
522
521
525
535
538
553
603
626
606
628
620
584
568
559
552
547
586
622
589
581
578
577
557
548
537
523
512
512
509
510
516
514
504
500
505
516
566
618
625
592
573
562
564
555
564
553
550
559
555
537
545
541