472
470
473
474
476
472
474
489
511
525
537
533
510
509
509
510
502
488
489
492
489
489
494
506
509
500
501
505
508
501
495
500
498
496
497
492
488
486
478
480
475
480
480
476
478
477
480
474
467
469
468
467
465
463
459
458
457
456
454
457
451
451
451
453
451
446
445
446
446
443
446
458
505
552
542
523
495
486
482
479
474
470
464
459
454
449
447
444
441
438
438
438
437
436
438
440
440
439
440
442
443
445
446
443
441
441
442
443
438
440
439
440
440
441
437
439
438
438
435
437
438
436
437
438
440
438
438
441
444
443
442
448
451
451
451
454
463
465
466
476
481
482
484
490
504
513
514
513
506
499
493
483
480
479
483
483
478
480
495
521
515
515
531
553
553
540
537
532
516
517
518
511
507
512
506
497
493
495
491
487
493
501
506
513
528
540
532
528
532
521
512
509
511
505
503
505
504
497
492
490
482
478
478
474
474
477
481
498
545
584
596
592
585
550
524
515
503
496
492
491
499
506
513
499
494
489
486
482
478
472
466
465
466
475
483
492
506
519
534
535
528
519
509
497
485
479
474
465
460
456
451
447
441
437
431
432
426
425
424
429
430
433
436
440
450
464
480
511
518
500
506
502
508
507
501
503
512
522
536
545
533
530
536
540
528
537
545
532
521
520
534
540
532
511
512
506
511
519
539
529
539
553
537
540
538
543
521
518
513
511
499
491
489
494
498
498
496
499
512
513
507
507
511
520
516
501
509
510
504
500
506
519
519
518
521
521
515
512
523
521
515
515
521
524
518
512
517
529
534
526
516
520
531
529
521
522
530
540
543
535
536
549
560
555
547
549
563
552
545
544
544
538
529
538
547
548
547
563
566
544
530
511
502
497
494
492
496
516
547
560
553
563
594
636
603
564
548
540
539
537
537
549
552
556
575
589
576
572
573
558
529
531
531
530
521
513
515
518
517
508
511
504
505
509
522
523
519
522
530
529
517
509
501
494
490
489
490
490
484
486
485
484
486
490
497
493
499
509
522
518
521
521
519
516
511
518
526
522
527
532
529
521
523
528
532
530
541
545
532
527
528
535
528
526
534
555
560
552
564
578
565
556
555
559
552
544
534
537
536
535
533
540
563
572
565
562
568
568
556
557
563
565
563
558
575
606
600
602
604
606
588
579
591
590
574
570
580
591
581
580
586
601
582
578
565
568
559
558
569
581
574
565
558
561
551
549
551
563
558
560
565
568
555
551
543
545
539
541
538
538
533
531
534
540
541
536
531
525
525
521
524
527
526
524
533
548
569
573
568
575
570
563
559
557
560
550
539
537
541
539
538
545
554
550
551
554
542
536
539
542
536
531
540
543
550
541
542
554
558
556
552
561
565
563
557
553
541
531
533
528
518
507
497
498
497
495
490
492
496
502
501
502
512
518
512
514
519
521
517
506
505
508
509
511
516
524
543
541
529
527
522
523
523
515
506
500
497
493
486
485
481
479
476
478
475
478
471
468
467
466
467
467
467
467
464
467
464
463
460
458
457
455
457
461
465
471
478
485
488
481
479
481
481
479
478
479
476
473
471
470
467
463
465
466
468
468
470
471
470
472
471
468
466
469
468
470
469
472
472
472
471
473
470
470
471
468
466
469
465
461
461
459
462
472
479
492
501
502
507
513
508
509
510
506
502
495
490
491
487
482
482
477
474
472
464
464
466
471
474
478
480
499
521
557
561
558
543
537
524
525
523
514
511
507
498
498
510
513
514
514
518
517
517
518
514
507
499
495
499
540
570
575
545
546
545
538
529
527
521
519
525
532
543
546
528
530
546
557
523
516
522
533
525
512
514
523
535
556
551
533
538
548
563
583
582
556
548
558
563
575
556
541
540
549
563
555
555
563
576
578
563
555
566
572
574
569
574
592
593
578
571
573
580
569
573
576
587
579
563
564
571
575
568
562
568
566
586
571
568
576
582
571
550
546
552
551
545
546
549
548
556
560
558
551
547
551
554
558
550
545
552
561
572
556
551
545
549
550
545
543
542
544
543
538
536
539
545
548
543
535
535
542
545
545
545
557
567
565
562
559
563
567
557
556
552
562
560
562
571
581
570
563
563
566
553
545
546
548
558
557
553
557
563
560
551
551
552
552
546
539
542
550
558
550
543
539
540
541
537
542
555
558
554
556
557
567
564
557
552
559
562
561
558
563
578
592
596
572
565
566
563
563
560
556
556
563
572
573
566
563
563
569
571
564
560
557
567
570
569
564
564
564
573
579
563
558
562
559
560
558
555
563
566
563
554
556
551
537
540
546
550
548
546
547
542
538
538
537
531
528
524
525
530
531
533
536
539
540
546
555
557
554
555
557
559
560
553
551
557
560
561
563
567
569
565
555
556
561
563
565
563
563
563
563
569
571
581
567
569
571
576
568
563
562
569
579
570
547
543
554
558
548
557
571
595
592
591
610
626
642
615
598
592
589
585
576
563
551
551
558
561
567
558
562
563
575
563
562
561
567
558
553
558
561
559
553
544
534
528
535
554
560
558
564
571
565
548
542
544
550
543
538
538
536
526
513
508
505
502
502
508
517
529
535
543
562
578
603
580
579
584
598
609
587
593
600
619
613
607
603
611
623
592
583
584
580
576
574
590
616
634
623
634
642
650
615
608
611
606
584
563
557
561
563
563
555
555
566
580
587
590
595
599
589
571
561
563
563
555
537
534
536
545
546
556
563
563
556
560
563
566
568
557
555
562
571
567
563
570
583
590
583
569
567
570
570
571
571
582
596
604
589
580
579
585
590
584
582
603
618
634
609
623
623
603
584
586
596
602
595
592
588
584
590
575
582
596
614
607
612
627
633
614
626
639
630
606
602
605
618
598
598
606
597
585
575
586
596
588
589
600
593
580
586
604
607
576
564
563
575
575
573
581
604
632
630
608
612
650
665
634
629
629
662
686
661
674
679
680
655
659
672
664
641
639
639
638
615
608
611
632
648
634
633
636
628
608
602
610
623
616
594
583
590
602
601
588
591
597
602
614
630
664
673
649
619
617
607
608
621
607
619
646
679
657
615
606
621
636
653
632
634
650
664
676
663
668
646
621
601
590
592
597
598
595
612
630
638
622
625
636
655
645
642
637
648
653
623
610
617
636
652
626
634
654
641
618
604
605
609
601
581
581
584
607
618
609
606
606
612
619
605
612
610
615
615
613
622
640
658
626
611
605
610
628
636
613
600
608
614
607
601
608
625
644
652
613
614
619
617
602
598
610
637
651
637
632
642
652
646
626
618
626
629
618
605
611
630
619
602
602
611
604
603
592
602
610
624
605
598
604
615
608
601
592
595
604
604
600
593
600
608
610
605
620
626
624
606
607
613
622
606
593
587
581
574
569
583
611
638
608
601
604
607
597
597
601
623
601
598
605
613
598
602
606
612
592
588
591
591
578
571
576
578
578
564
569
589
596
602
588
588
576
574
599
649
632
619
598
593
590
588
580
581
588
591
595
594
586
588
596
610
605
598
595
592
581
573
585
604
604
583
561
557
563
563
566
573
583
590
583
585
562
555
554
552
549
543
531
527
523
521
519
517
518
515
511
508
508
503
500
496
496
497
496
496
491
492
499
513
520
527
528
524
534
543
555
561
552
544
556
559
569
571
584
577
568
568
583
597
625
681
665
675
660
663
656
626
629
639
639
640
627
625
647
674
667
634
611
627
741
668
635
609
577
552
546
554
572
586
594
596
617
635
654
646
618
623
628
623
609
585
600
599
605
626
650
673
691
657
649
636
602
581
588
595
625
632
647
680
722
698
643
631
628
621
612
597
608
651
834
755
712
660
635
606
585
576
592
620
678
647
657
708
687
681
622
606
606
600
589
575
581
579
564
594
639
666
645
641
658
645
685
680
674
690
677
648
618
626
628
632
617
616
635
628
619
629
631
611
592
619
623
625
622
609
593
610
625
638
617
620
630
616
604
580
570
585
617
878
786
713
658
625
602
588
572
585
601
627
674
680
655
665
664
663
644
611
571
562
563
573
622
702
742
677
659
662
646
604
606
620
640
651
632
637
649
648
632
643
677
688
642
623
615
605
605
584
596
605
607
627
614
619
630
647
631
613
609
613
620
597
593
591
615
617
617
619
640
652
625
609
617
618
627
608
604
597
594
594
599
598
595
582
568
569
573
588
601
579
569
584
587
585
573
568
586
590
573
557
552
558
573
588
589
576
595
606
606
596
606
620
627
645
643
634
638
625
604
592
583
587
583
577
575
591
604
605
587
586
583
575
567
566
580
576
576
578
597
618
589
578
575
566
554
541
534
538
540
545
541
544
553
559
562
563
603
614
615
607
625
635
625
593
591
605
620
627
596
590
600
594
579
573
563
546
534
541
545
557
574
607
608
600
605
607
595
608
604
589
570
561
568
628
669
643
622
595
569
561
554
547
555
575
608
637
647
637
638
641
669
688
646
630
631
619
620
599
584
587
595
608
593
599
615
640
651
627
637
640
656
613
596
592
599
600
581
572
573
593
602
598
587
587
584
576
568
562
552
554
593
681
672
655
619
596
568
554
547
540
541
565
587
644
692
682
702
659
625
628
634
623
598
579
571
582
593
588
581
599
600
586
570
586
597
600
589
593
601
618
629
614
573
542
534
534
538
531
521
521
517
513
505
505
510
515
518
514
506
508
506
506
512
518
521
515
519
525
531
536
531
525
525
526
521
519
522
521
521
510
506
505
505
505
499
497
506
532
557
578
592
632
664
648
608
612
604
610
599
598
619
621
637
632
647
651
628
619
620
602
568
548
544
562
579
581
583
567
567
573
573
568
557
546
541
547
555
546
535
537
535
528
524
534
535
529
531
533
539
537
535
548
557
557
548
561
556
548
543
543
535
522
508
510
505
504
495
488
483
476
471
465
463
461
461
460
457
455
453
454
454
456
451
453
454
453
457
457
459
461
465
467
471
463
457
457
458
460
461
465
466
469
471
476
479
484
484
487
488
488
492
493
494
491
500
507
512
511
510
514
518
530
532
528
532
545
542
529
521
525
525
528
515
509
513
514
521
529
539
541
522
525
545
564
556
544
541
557
576
627
608
602
608
599
572
569
592
612
589
571
572
585
589
563
552
548
536
527
526
537
549
562
583
606
617
599
570
570
584
591
585
600
604
615
604
589
606
624
613
604
618
633
613
609
612
617
598
597
599
586
566
562
571
583
578
565
564
575
576
576
557
566
568
565
542
536
538
547
546
544
553
566
582
585
584
592
586
576
563
559
552
539
529
529
540
555
555
542
527
529
529
542
538
541
549
565
567
566
573
589
577
573
570
558
545
549
548
552
539
547
562
594
583
570
579
574
568
551
545
534
521
519
540
553
563
567
544
529
507
490
481
478
475
476
471
476
478
481
479
477
476
474
468
467
466
461
459
455
453
449
444
443
442
442
440
441
441
440
442
441
442
442
443
443
438
436
438
441
443
447
450
453
450
452
447
441
441
443
446
450
453
458
461
464
465
469
466
465
462
462
457
457
451
450
446
444
440
438
432
430
429
432
437
445
450
445
458
483
527
580
590
575
577
566
550
527
517
500
478
482
486
489
488
500
508
507
509
518
520
526
518
506
493
497
503
508
506
514
519
511
503
503
492
480
464
460
458
464
466
459
471
481
500
507
520
532
548
548
551
524
505
499
493
491
479
474
468
468
472
476
480
489
491
499
507
504
500
500
511
532
550
538
534
537
544
552
535
535
553
581
567
553
562
571
566
569
591
572
582
590
574
581
590
582
571
603
605
586
571
564
554
526
525
529
539
541
564
569
581
583
562
552
555
543
521
502
498
498
500
502
498
491
480
485
483
488
500
511
534
539
546
542
532
529
520
516
512
509
502
502
492
479
482
486
493
493
494
501
511
508
507
492
478
479
500
548
567
593
567
521
530
545
573
586
592
613
605
599
589
578
556
556
547
540
538
550
564
549
525
527
542
587
616
601
603
618
603
560
543
525
523
532
545
575
621
712
666
619
580
563
565
578
589
574
565
565
570
563
555
564
569
562
547
543
556
570
562
544
534
539
530
540
537
541
533
541
540
540
537
538
525
513
513
509
510
505
498
504
506
517
512
525
516
511
512
517
521
531
552
578
577
556
529
527
521
515
524
528
531
513
507
516
517
520
521
526
516
515
530
560
554
566
580
554
543
548
561
549
550
552
551
564
558
553
554
537
517
505
499
497
502
504
506
500
496
488
483
480
478
479
477
479
481
483
492
502
502
517
529
534
535
535
527
524
520
512
509
494
489
487
490
490
483
478
478
479
479
484
492
497
496
505
523
553
561
574
532
525
542
560
563
563
576
576
568
567
575
570
575
604
582
569
568
561
545
542
551
546
538
537
561
587
562
535
545
572
604
620
605
563
564
577
579
548
546
559
608
648
677
651
639
624
606
597
585
560
554
560
552
530
541
560
563
579
593
622
604
625
643
618
607
607
614
587
587
585
594
576
581
612
635
611
598
599
613
604
611
606
610
634
618
634
637
646
621
631
645
603
607
619
660
651
661
662
647
632
612
634
679
659
626
580
566
558
554
547
553
556
527
536
541
540
542
571
566
561
577
576
572
585
587
552
549
563
579
572
559
573
570
619
646
633
635
612
569
557
556
570
598
606
591
592
568
552
529
527
519
511
497
490
485
479
474
464
461
460
459
460
460
458
454
457
467
492
524
568
630
718
749
722
678
671
662
638
666
652
603
582
597
778
823
758
641
622
596
596
588
602
617
638
642
671
701
669
639
637
619
575
561
568
603
673
730
667
658
631
617
594
568
545
546
567
593
584
589
608
625
643
671
678
666
645
611
627
649
715
739
762
742
718
686
688
726
717
694
695
723
668
696
685
644
661
672
627
622
636
640
631
606
621
652
696
651
676
674
673
644
613
607
604
591
572
579
595
623
607
619
626
607
575
554
555
572
592
570
566
561
572
591
608
634
672
733
701
672
658
665
633
597
564
562
576
606
707
726
708
742
711
661
650
661
679
732
647
644
636
612
596
588
612
653
678
696
695
654
663
661
639
616
605
593
604
587
566
563
569
618
659
699
682
731
725
660
683
665
644
607
575
556
554
551
557
572
575
579
579
567
559
556
545
532
528
525
523
524
523
521
521
531
525
505
503
501
494
500
507
513
522
536
558
569
572
563
563
557
545
538
537
533
527
520
518
512
505
492
483
479
481
485
496
502
514
515
533
533
517
523
528
544
557
581
581
579
569
546
533
533
537
548
555
566
564
562
554
547
547
532
505
498
499
502
507
515
509
498
501
498
506
510
518
535
539
546
518
522
543
583
612
616
602
602
615
618
574
559
564
584
628
610
611
626
631
591
579
603
634
633
630
646
677
628
649
696
714
716
729
691
642
616
610
597
563
561
573
629
644
593
569
568
546
536
529
528
527
522
512
504
503
511
533
561
598
655
706
729
720
662
675
686
666
590
565
574
587
614
661
748
657
617
580
588
602
604
629
685
654
619
614
609
622
641
661
618
572
570
579
591
627
643
589
567
564
572
574
595
605
600
579
585
599
609
620
640
631
617
629
632
591
576
598
510
510
521
548
582
626
670
675
699
708
684
662
634
642
646
640
605
609
635
675
646
649
662
651
636
627
595
604
625
645
613
655
695
652
639
620
612
622
566
549
549
571
614
643
592
604
655
733
674
674
656
631
609
590
574
563
533
518
515
516
521
531
545
566
583
598
595
591
560
545
545
554
534
518
518
543
612
751
787
756
704
681
653
646
629
578
565
573
604
618
655
762
742
677
685
665
624
653
690
651
680
669
635
660
679
604
586
580
580
564
546
547
563
571
576
597
594
586
581
554
543
533
526
534
521
539
574
646
725
729
705
695
681
663
646
627
608
607
642
695
679
725
736
672
675
725
752
686
689
704
686
637
650
670
683
641
642
660
646
610
637
665
625
644
660
674
641
612
605
613
581
563
555
562
577
597
616
604
589
573
545
538
535
520
515
514
521
541
557
582
583
576
580
577
568
568
563
575
566
544
530
521
520
523
529
553
570
597
633
626
610
600
591
569
568
555
558
563
574
578
569
563
563
558
549
521
521
567
897
834
777
749
729
700
705
721
727
715
690
669
683
697
690
666
640
628
597
587
582
590
596
604
594
605
612
605
591
589
587
615
613
589
579
582
594
627
644
654
684
620
622
627
640
643
623
639
650
616
596
609
621
643
653
644
654
675
636
674
651
610
604
605
624
619
588
586
599
633
636
595
592
586
586
606
642
670
695
638
654
635
630
634
641
629
625
614
598
594
581
588
597
569
555
559
558
558
541
534
539
542
542
530
533
540
537
538
542
557
556
545
549
556
561
565
567
575
583
585
599
622
637
618
589
562
544
539
544
543
543
543
537
534
526
521
521
518
520
524
525
526
527
525
507
503
506
509
514
520
522
539
533
541
542
539
526
512
512
519
521
537
539
543
552
552
555
548
547
542
536
536
528
531
518
518
513
500
496
489
487
478
477
472
470
470
467
463
461
460
462
465
468
470
474
480
481
483
476
479
482
477
479
485
499
523
547
574
595
616
601
579
545
531
533
540
548
547
533
533
545
560
577
600
590
595
604
623
611
621
626
625
617
630
608
597
601
586
564
548
548
571
569
572
592
636