513
521
537
553
566
583
584
562
530
521
510
505
496
484
322
628
531
398
466
474
476
497
503
521
530
524
535
527
514
528
525
523
508
504
501
497
492
486
484
483
486
498
519
528
532
535
542
562
555
573
578
561
551
538
529
509
504
509
514
517
542
519
524
537
527
556
556
543
591
587
582
560
548
550
543
528
529
526
521
519
515
504
499
492
489
489
494
496
505
514
523
521
519
514
508
503
497
489
477
472
464
461
458
458
460
463
463
458
465
465
460
461
467
484
514
527
563
587
589
564
538
515
508
495
488
483
479
478
479
476
470
467
473
478
496
502
494
502
527
567
582
579
539
553
558
552
528
518
526
508
499
498
508
519
529
528
520
507
499
492
484
479
470
465
463
461
460
461
469
479
492
519
511
513
603
717
690
668
612
546
519
516
655
855
838
754
685
625
584
551
537
521
512
512
522
531
521
534
540
539
544
535
536
536
538
536
533
543
558
548
546
542
551
548
546
545
535
529
525
524
529
540
546
550
528
526
521
515
507
505
510
523
567
634
688
664
615
584
563
547
550
552
548
534
520
511
503
502
502
503
496
506
521
539
543
557
575
598
592
572
561
556
549
534
524
522
511
507
496
492
488
488
479
481
482
500
541
575
586
614
639
582
579
585
559
561
579
567
559
565
548
540
538
550
562
559
538
521
519
508
505
506
505
504
499
496
493
491
490
486
488
488
491
496
503
528
525
522
546
602
708
696
671
622
579
556
522
516
511
510
512
515
517
524
531
521
537
546
563
579
570
556
555
564
553
545
535
533
522
516
521
525
519
521
539
555
552
563
571
566
548
546
562
579
581
559
563
564
551
539
533
538
542
547
536
527
521
518
513
507
508
508
508
505
506
506
505
508
506
508
511
518
512
505
507
513
504
507
513
514
507
502
497
498
492
490
485
486
482
485
484
482
484
486
486
489
501
506
495
498
533
706
682
608
600
588
568
565
550
534
532
538
555
550
537
527
526
515
512
514
517
520
523
537
545
554
553
550
552
551
538
534
536
537
531
521
516
516
508
503
499
499
504
517
537
586
603
653
605
687
692
690
662
619
600
578
557
540
529
526
530
532
537
539
538
531
526
522
517
508
505
509
520
533
563
581
604
594
580
563
554
532
520
511
503
498
493
488
485
480
481
485
503
523
540
563
607
650
651
647
636
620
611
591
587
591
580
563
568
566
572
562
560
573
591
577
552
550
531
527
522
517
518
518
523
524
526
539
548
542
559
569
577
562
558
558
556
551
558
562
569
561
555
558
556
540
532
531
532
527
530
543
552
549
547
589
654
641
646
613
601
592
580
570
557
552
556
561
569
574
588
580
598
608
591
566
545
531
520
507
499
494
495
494
506
528
586
641
666
626
640
656
682
641
626
593
575
563
568
566
559
550
552
543
533
531
532
532
548
567
589
603
583
568
549
549
555
562
564
571
562
571
583
612
607
639
652
650
626
589
577
563
551
553
565
598
606
669
748
713
747
726
681
651
638
627
616
599
593
609
599
578
581
585
581
582
573
572
563
550
551
543
533
524
518
512
502
498
500
501
504
506
503
509
514
507
509
500
493
496
497
494
494
490
500
508
513
512
512
512
506
502
498
493
499
508
512
507
497
497
498
486
479
479
479
481
493
501
503
509
508
511
514
515
516
519
516
511
511
505
502
498
496
499
494
498
502
501
499
505
513
526
534
547
555
563
551
557
539
541
537
542
553
562
561
537
561
585
577
567
544
541
550
549
562
583
581
571
572
566
569
554
553
561
552
555
570
574
575
605
608
588
603
597
595
584
596
608
611
606
613
625
605
591
604
598
586
565
558
562
564
555
553
566
580
580
580
577
564
551
550
551
550
552
569
570
561
556
569
587
594
579
593
597
611
603
597
591
581
573
574
568
560
540
537
540
547
553
548
583
613
668
683
690
655
633
602
581
570
563
548
535
525
526
535
543
571
604
644
670
695
683
650
607
608
608
605
595
595
586
585
576
574
570
574
566
562
567
569
550
550
557
570
569
554
556
552
551
543
537
523
529
529
530
549
568
589
609
611
604
594
582
586
586
581
565
549
543
555
560
562
570
570
557
563
572
573
575
590
574
560
563
570
575
580
604
612
611
588
585
586
576
576
574
575
567
563
570
580
584
584
587
567
571
568
559
557
558
565
563
560
555
541
549
563
570
559
572
588
595
604
639
640
617
625
621
614
597
596
594
583
585
604
594
590
587
596
590
597
589
573
563
563
551
540
527
522
518
521
517
521
530
541
558
581
582
545
531
525
525
525
530
541
541
553
563
555
555
559
555
541
530
527
521
514
508
510
522
533
557
602
654
646
696
664
641
660
642
616
597
575
578
566
563
570
553
554
553
559
572
600
617
630
604
590
589
579
563
549
536
519
517
523
529
530
529
535
550
551
548
546
556
563
549
535
527
533
533
522
517
517
519
512
512
509
507
502
499
491
492
485
481
476
473
471
471
475
482
488
497
497
510
505
507
508
504
502
503
504
490
484
495
501
497
501
505
514
521
528
524
526
518
516
515
504
504
499
497
490
488
482
477
476
475
475
479
480
486
496
508
517
517
520
521
512
508
504
504
498
496
495
490
493
493
502
504
498
486
484
482
482
483
484
481
482
479
479
477
477
479
486
489
511
526
516
525
538
576
621
641
600
580
564
553
555
546
540
529
544
541
536
542
581
607
604
613
654
628
606
613
603
580
575
580
580
565
564
581
584
561
566
573
569
551
558
557
563
550
541
530
525
517
512
514
519
521
525
525
517
513
519
524
534
533
537
525
511
502
504
501
488
479
478
473
470
471
470
472
478
483
484
486
497
501
519
521
502
513
526
542
544
563
578
619
583
571
593
587
563
568
579
591
602
627
641
603
610
618
625
588
608
622
599
609
611
604
585
593
596
604
584
590
604
604
579
577
588
579
600
636
626
597
600
598
604
574
590
601
603
582
582
591
609
578
559
564
563
551
551
561
570
567
573
566
578
566
560
556
543
534
537
550
543
537
562
575
577
595
600
558
545
551
555
541
548
545
552
544
562
565
592
591
588
618
657
604
609
619
614
603
609
662
666
619
613
628
598
581
572
564
569
583
584
590
610
610
586
584
583
589
601
604
605
592
589
579
582
575
555
549
559
569
553
563
576
592
586
589
603
614
591
571
555
530
523
521
522
521
526
528
531
545
556
566
565
575
560
564
560
552
548
542
537
526
510
507
500
489
483
478
474
470
466
462
458
457
457
470
497
529
572
614
729
729
669
634
616
608
612
595
594
608
611
591
592
604
623
643
637
608
627
647
645
616
628
631
610
624
630
652
624
625
608
592
561
560
566
589
621
676
634
629
628
613
590
590
583
592
580
604
625
664
617
620
614
638
606
617
620
595
594
600
621
609
622
625
646
615
589
590
582
588
579
601
612
607
604
641
658
633
628
633
647
619
602
594
575
569
579
597
612
599
592
583
562
546
548
548
544
558
571
562
573
604
613
601
624
616
612
603
580
569
564
565
565
562
564
587
614
622
624
644
636
627
628
627
604
596
591
577
583
609
607
594
622
629
637
596
604
592
585
568
581
591
586
571
589
601
582
555
551
565
573
572
560
551
553
558
556
551
560
553
542
547
540
536
537
535
531
528
524
520
515
509
503
497
491
486
485
485
486
488
492
498
503
512
514
521
541
567
556
559
566
594
564
564
591
598
598
590
600
614
592
574
553
549
562
565
541
535
545
555
564
570
553
539
528
521
512
508
508
509
515
517
526
548
576
600
608
596
593
624
625
593
609
616
619
603
631
646
616
623
625
611
586
587
594
603
605
611
668
632
588
576
583
601
601
615
629
642
618
603
599
600
602
580
582
591
613
616
604
628
650
653
642
648
653
642
627
609
607
619
611
590
598
613
630
613
609
616
633
621
616
641
637
608
607
613
613
597
600
601
616
599
609
628
656
643
670
649
656
617
604
601
593
579
578
586
595
579
584
601
619
612
602
607
613
600
593
587
592
580
568
575
583
587
588
592
627
657
620
617
631
626
599
590
598
609
586
590
579
587
576
581
589
593
581
571
580
582
573
563
573
584
574
567
562
562
550
550
551
551
555
545
545
551
560
547
548
546
551
547
551
563
565
559
546
563
575
575
567
565
574
592
584
594
596
593
592
591
593
579
585
585
586
587
583
588
591
588
590
600
627
632
615
635
643
620
614
621
629
625
633
641
646
622
611
601
597
588
594
613
624
608
644
660
630
632
656
626
623
615
591
570
564
558
550
541
530
521
522
532
544
563
599
645
672
688
673
646
606
590
576
574
574
566
571
569
568
583
605
610
606
620
636
598
604
599
599
585
592
603
624
608
616
611
601
614
621
614
626
636
622
635
649
621
610
620
615
598
591
584
575
564
562
570
587
582
600
605
614
596
579
573
577
576
569
576
589
583
581
597
606
600
603
580
572
564
566
556
550
543
541
532
523
521
525
522
521
526
525
520
522
523
518
510
515
527
542
544
566
620
646
659
647
682
679
626
629
636
650
622
618
605
610
586
567
557
598
891
761
745
705
685
658
638
622
604
601
595
608
605
607
617
636
633
633
625
626
618
600
606
612
627
618
639
647
671
646
662
648
634
614
610
607
590
579
604
664
693
688
646
634
610
614
614
584
586
582
586
591
584
578
583
603
602
581
583
589
595
575
577
575
568
559
558
566
564
569
579
589
580
585
584
593
585
586
592
599
582
585
583
593
586
581
581
596
600
579
583
590
609
595
591
600
622
605
607
622
644
615
593
577
574
572
569
560
567
575
592
592
587
580
571
575
587
570
570
570
564
565
559
559
563
583
581
576
571
571
568
557
547
553
557
567
565
572
605
633
635
626
611
591
578
567
561
559
563
563
575
604
627
638
635
627
622
614
627
615
606
586
572
568
571
577
570
571
581
579
551
545
564
576
591
580
571
570
576
579
589
612
645
652
659
635
646
636
635
604
610
635
653
640
663
668
666
631
647
645
630
616
618
637
638
611
602
615
621
606
628
637
642
634
645
671
664
613
598
582
568
561
570
579
574
557
557
577
597
615
648
637
659
640
611
582
575
584
580
570
563
562
553
539
537
551
569
576
595
594
592
585
589
589
589
602
607
595
578
598
613
629
644
610
611
594
573
557
556
561
580
601
647
653
654
640
605
583
571
566
557
548
546
544
540
564
593
637
669
631
653
662
623
622
610
629
626
631
657
656
617
607
593
586
569
563
557
559
552
560
584
586
618
684
708
685
683
662
626
616
620
623
617
622
643
639
607
608
666
680
652
601
609
607
611
599
590
600
596
618
612
614
628
635
615
623
645
674
652
654
675
676
642
627
633
649
633
617
625
618
612
601
628
658
653
675
687
678
654
669
674
641
639
646
650
636
638
652
664
636
620
604
580
583
594
595
599
617
614
601
599
605
620
609
601
583
563
552
540
530
536
536
541
558
564
566
575
570
564
567
567
577
576
566
556
553
552
554
559
557
557
560
576
607
646
632
668
700
700
717
672
670
698
694
648
670
692
713
659
638
656
639
620
605
585
568
585
609
657
644
660
709
731
693
691
700
671
636
634
664
736
691
736
779
748
690
728
735
711
691
740
739
711
676
697
704
710
668
678
684
688
660
685
718
724
687
675
696
712
672
675
712
722
679
662
671
699
689
669
703
739
733
702
757
758
701
692
721
706
663
674
702
706
688
738
744
731
678
684
688
648
648
657
654
644
653
653
622
614
618
639
641
646
652
665
654
639
660
674
684
651
668
671
671
641
633
639
655
633
630
659
681
668
650
671
693
674
643
657
675
668
648
647
669
688
649
644
670
669
682
644
664
679
663
642
654
670
668
646
646
675
672
642
652
655
662
639
650
659
684
642
634
633
646
640
640
670
679
654
643
611
598
612
620
622
639
661
639
663
637
623
612
614
628
628
634
615
607
608
587
575
580
576
571
565
572
561
551
541
525
521
516
510
504
498
495
496
500
508
516
523
536
536
522
517
504
495
485
479
484
504
524
530
531
536
569
620
661
677
690
659
644
619
591
628
740
739
650
717
716
641
656
654
655
634
642
653
634
667
677
663
628
615
604
584
566
553
551
552
551
558
556
553
556
541
526
521
517
525
533
521
512
519
521
525
512
528
549
571
560
566
586
628
614
607
646
668
622
607
612
636
620
606
602
625
658
627
594
607
627
624
615
614
577
545
530
519
508
496
491
481
472
467
464
457
456
453
450
446
442
442
440
442
453
475
492
518
527
542
516
555
617
685
629
601
590
566
555
537
530
544
551
569
567
570
624
648
639
689
641
632
614
611
614
621
630
670
681
685
720
728
707
711
683
640
639
632
622
624
664
667
618
592
549
562
575
612
601
605
624
648
646
632
677
672
631
615
628
618
594
566
549
542
555
547
541
525
528
531
544
578
641
634
690
686
645
654
636
619
592
558
558
558
547
535
534
559
600
628
668
725
657
702
689
646
618
637
663
650
604
611
631
656
647
714
730
682
718
671
654
623
629
617
595
577
559
543
527
541
669
752
746
733
683
654
618
603
583
562
544
526
515
512
505
508
496
491
488
487
483
479
477
481
491
505
515
534
581
604
612
620
608
593
577
568
564
585
603
601
565
588
600
608
595
637
649
607
615
632
606
587
592
599
564
536
541
559
563
581
608
606
576
566
580
603
608
605
586
574
587
588
622
641
611
638
615
607
571
570
566
603
592
608
621
624
592
598
645
676
691
703
703
627
575
540
527
509
495
492
494
499
512
522
549
603
658
706
723
675
732
764
737
718
745
678
657
623
639
624
601
560
531
524
527
518
511
500
499
491
496
504
512
514
522
517
503
508
514
520
531
539
550
551
542
529
521
510
508
538
605
701
715
666
629
608
598
571
556
583
641
665
647
629
597
582
554
558
566
589
615
577
578
577
580
579
575
583
605
626
586
573
571
569
575
600
593
591
601
582
590
613
622
615
594
577
539
521
505
493
486
479
476
470
461
457
452
446
442
443
453
453
453
486
542
567
553
581
662
751
701
662
622
608
622
654
663
647
596
585
577
598
553
522
508
495
481
471
466
457
460
459
456
455
455
461
461
461
456
454
447
445
446
449
453
470
495
528
524
515
509
557
534
545
566
573
556
585
613
589
546
516
505
505
520
524
561
580
566
567
588
582
555
568
557
533
547
554
552
575
604
649
636
603
586
565
567
564
564
562
552
553
557
559
543
532
515
505
502
498
503
507
518
524
525
534
547
529
524
531
541
541
548
563
570
569
546
529
530
544
556
559
562
602
634
598
601
759
679
628
604
585
579
578
580
563
609
624
650
637
611
598
587
571
557
548
563
582
583
564
545
537
540
534
539
567
600
609
612
608
594
586
598
594
575
580
591
585
569
565
554
549
545
554
547
538
542
537
527
522
521
528
519
524
539
542
533
533
531
521
512
511
516
513
512
513
512
505
517
520
521
521
514
506
498
494
485
477
471
466
463
461
458
459
461
474
475
489
510
503
511
585
617
612
635
666
622
618
640
646
675
646
565
571
601
631
629
588
559
553
541
532
554
551
557
530
515
500
508
554
672
668
642
613
597
601
567
541
520
511
505
504
521
519
513
504
494
506
530
544
537
516
506
512
534
560
558
563
562
563
561
562
570
557
550
536
527
530
530
530
539
535
530
539
550
540
540
544
536
535
555
542
555
563
570
560
573
569
574
559
575
571
563
569
588
594
595
585
602
637
604
594
589
569
585
575
570
565
532
548
558
570
571
574
590
577
577
568
555
546
552
542
545
553
581
581
579
595
615
584
573
555
554
552
556
546
543
552
562
557
544
526
521
530
527
522
510
502
496
500
502
511
538
568
652
737
664
608
651
616
627
625
670
718
664
636
631
583
576
531
515
494
485
480
477
481
488
501
518
555
592
667
622
672
727
657
634
619
587
574
557
552
547
557
542
541
536
533
539
549
545
551
557
552
550
553
556
558
554
557
559
556
545
549
564
552
548
547
564
595
671
675
690
682
620
589
562
532
519
520
521
557
649
693
662
614
617
617
618
596
598
614
618
608
615
624
611
620
634
640
605
597
601
603
586
569
593
604
579
570
563
578
586
595
613
615
636
608
616
608
605
630
676
641
636
636
635
625
596
573
561
566
560
557
564
592
636
637
607
611
599
582
572
557
578
595
633
657
653
625
597
572
573
566
563
565
558
561
561
569
562
548
540
540
542
544
546
566
571
566
551
552
553
554
562
581
554
526
514
505
506
514
516
522
515
511
491
488
479
480
478
472
468
472
468
466
461
458
457
454
450
447
448
447
444
443
445
450
453
462
471
479
505
539
709
734
730
684
584
492
529
477
469
468
468
474
480
484
479
501
550
566
559
577
558
544
535
537
529
522
529
520
512
505
519
536
570
611
605
567
544
521
522
510
513
510
502
498
500
503
503
502
497
493
501
511
504
508
493
483
472
462
457
454
456
457
457
463
477
495
503
533
534
541
538
529
517
516
521
554
557
551
548
542
538
535
532
525
511
501
502
521
548
562
566
549
548
568
573
547
535
537
526
529
554
575
582
548
511
492
478
471
461
453
445
439
438
439
445
439
450
472
524
666
716
688
604
555
542
615
812
776
731
712
681
640
640
622
580
571
560
564
558
552
545
529
549
572
638
679
628
570
523
506
500
503
489
488
479
471
470
473
484
514
566
573
525
530
546
567
563
561
548
557
554
545
529
520
502
485
482
469
464
454
451
443
437
431
430
429
419
416
414
411
403
403
402
411
425
446
496
553
788
735
660
546
472
432
428
429
437
438
442
438
443
446
448
451
440
435
437
428
425
430
439
446
453
444
445
448
451
454
458
466
471
468
464
474
480
504
517
549
539
517
496
477
460
453
442
436
430
424
422
419
418
423
440
463
491
538
661
673
646
677
579
549
520
503
538
585
789
662
599
555
519
521
558
616
622
563
521
492
473
464
457
446
439
437
438
438
441
439
438
434
434
430
428
429
440
465
533
577
539
515
534
805
751
701
579
544
584
614
562
499
481
468
456
449
444
436
433
433
429
427
429
423
422
420
417
413
409
408
407
407
416
416
433
455
484
693
647
569
565
587
671
727
683
604
559
533
513
498
486
488
486
468
461
462
462
460
468
474
473
464
464
471
484
496
512
547
592
563
545
534
520
499
482
478
467
462
460
457
462
467
478
511
761
725
726
731
724
708
650
595
546
509
485
477
473
467
463
465
477
479
496
510
510
501
503
527
514
525
530
529
513
499
496
504
508
505
502
501
493
481
479
476
468
462
455
451
448
443
439
436
429
427
422
422
420
422
428
433
455
487
569
773
754
744
713
609
536
505
485
470
479
489
513
510
488
522
881
751
653
588
546
445
563
496
502
506
521
525
561
584
638
661
609
597
581
553
544
555
547
525
542
587
599
560
551
582
577
574
609
719
709
713
673
609
604
604
618
596
566
571
597
606
566
575
595
582
571
561
562
574
575
570
557
556
555
535
516
509
501
509
511
516
516
503
493
484
477
468
460
454
450
448
440
441
441
440
448
454
459
453
455
450
453
449
461
473
482
478
477
470
474
479
499
510
513
505
500
504
512
509
515
520
518
513
503
495
490
484
483
488
506
515
511
522
524
553
597
661
646
595
589
585
571
563
552
557
575
561
532
521
521
526
520
510
497
500
507
511
519
521
525
528
519
519
511
497
491
495
499
500
498
501
515
539
535
536
533
518
503
493
482
474
471
469
470
481
512
591
799
786
767
755
720
668
589
566
559
566
573
572
616
638
639
597
599
563
531
509
495
485
473
467
460
458
453
456
460
485
524
606
851
807
723
620
557
543
541
551
586
567
541
522
500
499
505
523
546
538
519
508
516
518
508
537
562
580
580
609
603
574
573
534
524
520
514
510
519
523
524
530
533
529
523
526
536
566
565
554
549
564
552
537
527
522
511
508
511
518
520
550
567
587
571
555
547
522
509
491
487
479
476
475
470
465
465
458
457
458
463
468
469
468
468
475
481
479
482
479
479
484
487
486
490
480
481
492
542
886
721
609
566
523
507
507
516
531
561
725
741
725
711
690
693
692
675
642
624
611
577
566
563
554
562
562
566
567
590
589
592
587
598
598
616
586
577
579
571
568
557
546
533
515
521
526
540
538
549
558
560
554
568
586
586
581
583
572
550
549
546
533
536
548
559
554
561
575
586
608
608
629
584
606
598
582
561
553
566
601
608
619
613
600
613
611
596
580
584
592
595
578
581
570
572
554
558
558
560
551
551
563
557
580
569
563
560
565
557
561
549
542
534
533
521
520
526
536
533
538
538
530
521
505
499
500
503
509
512
523
551
584
592
594
580
572
576
575
565
576
596
593
567
577
582
604
585
548
527
560
560
556
538
536
522
523
523
526
523
520
520
522
521
521
521
514
505
497
492
488
486
491
514
561
666
775
739
738
701
704
632
575
548
560
570
602
594
579
554
534
520
510
500
489
488
490
498
528
579
675
707
690
671
684
661
696
657
660
659
640
616
590
600
645
703
672
672
653
646
631
604
631
648
657
644
628
612
595
579
576
595
626
611
607
590
584
591
558
547
548
521
533
534
544
545
533
535
538
544
534
521
533
527
545
546
543
540
526
526
516
504
514
542
556
593
619
621
616
604
590
572
552
565
589
601
622
616
627
624
614
593
570
538
533
527
528
541
554
568
566
564
548
551
563
573
572
556
552
560
563
560
622
606
601
574
557
532
522
516
517
513
512
505
505
501
505
506
516
517
525
520
521
526
536
534
538
536
533
529
527
524
521
528
525
515
507
525
589
653
617
587
568
539
528
513
510
513
519
514
511
506
505
497
494
487
491
495
501
496
497
502
507
522
538
556
515
524
525
554
565
560
563
567
563
553
571
588
579
583
598
583
569
563
576
545
574
655
708
658
613
583
560
533
519
511
518
521
540
556
570
578
579
564
569
561
547
541
540
538
537
529
539
546
547
551
546
539
555
581
613
631
666
670
630
651
661
638
639
642
607
625
631
596
617
623
642
619
608
616
609
592
630
661
657
598
607
602
629
640
615
631
646
630
604
587
603
607
595
580
590
595
592
581
589
604
602
593
608
614
620
602
599
604
602
596
583
592
601
611
607
609
605
607
615
588
591
589
588
576
579
575
574
582
588
583
591
600
600
591
592
597
596
584
579
597
606
600
604
612
605
612
608
585
590
593
576
553
549
544
533
534
544
552
558
601
635
648
622
597
601
580
561
567
589
593
589
572
613
576
572
561
556
554
554
551
549
544
542
549
550
532
526
532
544
546
563
563
574
576
577
585
578
589
593
595
608
630
622
617
619
611
618
635
658
645
656
658
623
625
624
601
604
614
607
600
588
565
559
544
532
542
545
554
576
589
620
624
626
635
629
601
570
576
591
611
621
606
610
597
580
583
614
609
583
582
562
548
538
525
514
507
496
492
494
500
512
531
559
615
610
602
631
648
641
624
614
618
604
596
596
581
579
558
554
537
546
600
612
635
617
609
602
584
578
571
583
575
583
581
578
567
548
525
516
503
490
488
482
480
482
490
503
512
495
519
565
634
652
712
734
639
574
542
525
517
521
521
512
520
557
589
599
576
569
567
569
555
550
550
536
540
550
553
534
526
542
591
608
600
587
573
559
532
504
513
513
510
509
509
511
506
511
521
536
533
521
513
513
516
510
499
497
492
491
485
483
478
473
471
476
498
545
614
720
690
729
711
727
708
743
770
754
750
723
704
641
661
679
654
680
715
688
650
680
690
643
657
663
637
648
654
633
642
644
625
641
644
627
620
648
629
621
629
633
623
629
626
609
614
639
617
594
605
597
568
578
573
556
540
540
551
547
527
519
513
502
496
496
501
512
519
510
512
542
542
553
539
565
577
564
538
532
533
533
526
527
533
536
534
531
527
529
529
528
552
558
564
566
556
550
571
595
604
592
584
576
562
548
547
540
513
527
534
534
541
552
557
571
572
570
569
561
547
533
523
534
546
563
572
568
568
565
562
567
557
558
550
546
547
550
549
544
541
547
562
561
557
563
590
600
583
602
604
604
598
625
655
643
617
610
610
594
580
611
638
627
629
662
649
611
614
611
604
583
570
578
591
602
609
623
591
571
540
546
568
578
614
603
602
580
563
554
544
532
521
532
528
532
527
527
531
523
520
527
520
502
501
501
501
504
508
508
501
501
512
516
520
512
497
486
479
474
475
472
471
472
471
468
467
474
487
511
530
529
545
567
592
628
629
619
590
558
534
545
554
550
553
548
548
539
533
536
536
540
545
556
551
532
530
533
531
543
528
526
521
514
509
499
486
483
480
482
485
482
490
507
523
532
563
569
564
559
560
556
546
562
576
580
558
537
544
559
545
526
518
525
540
535
516
514
509
496
498
504
503
515
530
552
542
552
564
560
558
579
594
570
558
571
595
573
590
608
609
567
557
566
582
593
578
575
578
582
565
573
570
576
563
560
576
591
583
577
601
626
628
577
563
545
524
510
504
508
510
515
521
537
570
579
580
588
602
588
590
603
602
588
598
610
639
605
624
613
593
567
575
568
563
547
549
563
581
575
568
600
614
584
600
620
624
602
618
647
654
611
615
633
637
612
619
603
602
577
557
552
556
575
593
615
594
585
599
611
620
598
582
588
593
602
589
590
608
641
623
611
626
625
605
601
602
604
614
607
621
660
655
607
605
604
604
601
614
623
648
624
616
608
604
583
584
604
627
612
610
596
594
575
568
577
588
581
596
594
589
572
571
561
565
557
549
550
556
564
570
580
590
577
591
594
599
597
615
637
624
611
612
601
602
582
580
592
602
609
624
656
668
631
629
627
634
599
603
617
631
608
606
610
610
596
584
591
566
559
558
557
558
557
534
534
540
543
556
581
581
582
583
585
586
571
563
568
568
570
581
596
600
592
597
623
625
602
599
608
595
571
574
572
580
584
581
600
602
597
598
604
585
571
571
564
565
556
568
587
640
638
641
660
650
628
640
638
623
605
608
641
645
621
654
653
639
611
621
656
669
626
628
645
656
633
647
673
663
661
639
656
660
670
631
625
636
614
595
579
578
593
840
740
707
673
647
623
590
583
591
624
667
658
700
725
714
666
656
650
647
623
622
633
621
590
582
574
581
588
589
619
639
628
652
655
655
628
630
632
637
609
615
616
605
587
607
637
667
640
658
651
638
608
621
640
622
604
618
611
643
630
648
651
644
639
645
658
627
651
639
614
594
603
615
601
592
598
600
596
610
612
603
603
609
600
583
591
599
589
600
598
618
605
604
593
589
576
573
566
565
563
567
580
593
601
626
639
612
613
604
593
585
588
576
563
580
595
611
601
602
608
646
631
636
614
612
592
590
594
604
591
625
641
639
659
658
650
639
649
644
612
610
610
623
604
618
633
653
631
654
642
611
600
621
623
620
614
604
584
573
566
547
528
518
515
513
510
518
526
560
579
615
617
617
589
608
608
645
642
652
644
625
587
589
603
617
610
609
647
677
670
640
633
619
622
600
600
614
627
606
597
606
638
619
607
617
619
623
603
602
612
621
603
597
611
634
610
590
585
584
577
578
590
617
606
610
623
669
641
643
640
641
605
617
612
617
599
605
620
635
606
604
613
620
602
608
612
639
628
614
625
632
606
596
603
615
613
599
607
644
642
622
618
609
598
584
582
594
586
571
563
565
565
564
571
574
590
603
585
581
593
603
588
587
595
610
601
601
593
590
570
573
573
588
572
571
574
572
564
565
568
582
579
576
576
577
579
561
541
534
542
611
751
723
680
655
629
615
591
575
589
618
651
634
629
631
637
627
604
595
588
577
561
564
567
581
587
583
590
597
621
604
620
619
609
608
619
627
618
587
567
588
618
631
649
641
638
601
603
594
594
585
604
621
637
663
672
636
644
651
655
640
653
646
637
639
657
667
641
636
646
646
619
619
625
618
609
624
639
627
602
607
614
611
590
605
636
613
620
628
631
604
597
588
594
586
592
602
601
594
594
610
632
612
611
629
634
654
625
620
636
643
643
639
638
614
607
606
604
609
604
613
624
629
611
603
604
604
590
590
599
605
612
633
644
635
615
615
618
622
598
605
607
592
583
588
595
605
593
599
599
620
612
622
621
624
592
586
595
607
589
616
629
631
618
618
639
638
611
610
613
617
593
588
590
596
574
581
585
592
582
584
586
589
570
575
580
594
582
580
572
578
563
549
544
556
563
558
557
580
590
604
599
591
580
569
553
538
520
507
504
510
523
526
536
542
543
545
534
533
532
527
533
523
521
505
494
492
499
512
521
532
540
526
515
504
502
505
512
518
520
523
527
527
518
514
507
500
494
492
489
484
481
479
479
478
480
490
491
510
554
611
646
656
627
608
599
570
542
522
529
536
562
563
571
562
583
586
600
585
582
577
561
558
557
551
540
521
511
508
514
542
615
762
755
720
633
600
597
595
570
537
528
541
546
541
532
539
526
516
503
496
495
494
492
493
489
485
483
486
484
494
494
497
494
487
483
480
473
469
463
462
448
449
446
448
441
444
450
453
457
460
457
464
475
479
477
474
474
466
467
463
465
472
476
492
507
535
543
570
552
561
604
611
556
526
516
516
541
563
604
632
627
643
615
581
562
560
572
575
589
592
620
594
580
566
564
546
548
540
543
537
521
522
539
570
593
604
596
585
574
562
559
546
521
513
524
539
556
571
581
594
590
580
588
565
555
542
532
539
551
571
583
595
588
592
586
581
579
570
563
548
528
530
538
549
564
559
559
536
535
536
547
563
571
562
562
560
545
552
548
535
537
542
539
520
509
516
521
527
531
535
531
524
535
533
533
514
518
520
533
529
523
518
522
534
535
530
524
517
525
538
541
557
567
555
531
534
540
531
543
558
559
565
559
557
549
529
525
524
531
523
523
509
520
575
695
739
750
694
620
634
633
623
607
614
606
611
620
600
582
570
574
567
562
556
531
515
513
521
534
556
584
580
569
545
540
540
544
545
540
546
558
549
552
535
524
514
507
501
500
498
496
487
490
510
595
702
688
639
636
625
609
624
623
622
606
605
592
572
563
543
540
529
527
521
525
527
524
513
520
557
561
565
600
662
699
649
668
621
605
595
604
598
594
594
604
626
635
608
582
549
549
561
555
556
565
560
547
550
540
543
550
537
532
536
532
515
516
506
504
507
507
497
487
488
486
489
494
497
499
500
501
501
495
494
498
506
509
509
512
515
505
503
504
502
504
508
517
509
498
512
527
560
604
631
590
551
540
534
540
547
568
607
624
606
619
620
582
571
564
542
539
523
513
521
531
550
567
548
547
717
888
854
806
749
708
675
658
725
773
768
741
712
685
651
631
600
583
574
572
587
576
585
554
563
566
568
567
539
550
541
522
532
544
553
566
584
597
597
593
547
546
527
522
521
539
542
517
523
532
545
606
683
633
684
687
625
587
579
573
558
557
575
584
565
565
579
606
584
591
633
667
643
596
609
612
642
614
600
598
595
576
565
574
586
587
581
589
599
611
623
611
625
620
624
616
601
600
604
609
595
584
601
627
646
623
592
590
587
594
585
594
598
644
647
634
611
625
636
664
616
624
621
676
749
794
729
668
657
637
623
600
596
600
588
593
590
609
611
625
593
600
596
615
604
580
575
577
582
564
573
606
639
629
632
667
686
648
619
634
640
624
616
639
669
673
642
657
674
652
640
664
676
637
653
680
666
637
661
661
654
623
651
676
669
628
627
634
635
615
645
668
663
627
617
604
597
578
596
615
620
615
608
623
643
652
619
633
646
647
624
628
627
660
637
640
628
612
600
605
634
669
671
629
628
625
641
627
611
622
620
600
628
647
649
621
631
645
636
628
637
645
637
624
629
649
644
634
624
627
628
617
607
628
627
627
622
652
683
690
659
680
676
669
678
651
684
709
744
710
725
745
732
678
690
675
684
646
659
719
730
679
668
696
727
663
672
682
692
687
688
727
730
763
724
736
732
730
693
693
677
678
672
689
717
695
742
735
739
713
715
705
678
656
672
693
712
667
682
693
706
706
755
738
732
675
677
653
642
629
642
649
640
656
672
677
657
673
683
648
670
681
703
656
657
658
659
636
637
665
651
646
665
669
638
638
653
669
646
657
671
696
668
655
649
640
619
615
621
652
645
653
667
669
643
638
643
620
599
597
630
636
620
642
620
590
585
586
584
570
562
548
539
556
662
663
665
680
654
434
1229
262
1596
1051