605
572
569
598
622
608
574
578
590
586
597
601
595
579
565
580
595
569
576
577
584
562
595
599
609
617
620
612
574
579
585
571
563
573
555
560
560
561
562
567
567
585
561
553
562
575
582
594
589
564
565
560
557
545
534
539
542
557
573
603
556
581
604
580
580
580
582
567
561
546
556
548
546
540
538
558
584
604
610
588
606
610
590
571
558
540
529
534
562
581
604
608
610
590
560
538
534
543
597
635
587
579
578
574
563
545
535
532
531
544
545
560
570
566
555
551
558
563
553
565
594
593
604
644
663
684
672
660
666
638
623
624
599
611
625
657
658
646
604
618
640
653
604
589
601
604
581
559
560
591
617
588
560
555
558
550
534
524
519
550
621
620
603
589
583
589
579
560
541
525
515
506
498
494
501
509
523
544
609
656
683
642
672
719
746
647
677
794
769
738
678
709
711
680
816
831
796
703
631
626
654
724
881
830
764
703
630
607
613
633
661
690
728
689
667
639
632
611
608
602
583
591
583
589
551
562
569
566
571
555
556
562
564
566
573
578
578
591
594
583
593
593
577
590
593
584
591
600
605
628
652
646
618
607
595
580
582
584
580
593
596
594
611
618
602
604
603
595
601
601
586
594
594
589
598
619
626
607
625
629
630
612
622
613
604
629
622
611
594
569
555
552
562
579
625
627
629
644
622
600
599
604
602
605
627
622
601
619
628
612
620
628
618
606
594
597
584
581
584
647
685
698
670
660
698
707
721
680
690
688
689
692
697
726
754
729
736
741
710
676
703
711
696
703
730
729
689
687
688
681
665
675
668
658
649
639
609
612
618
640
661
689
734
721
693
681
667
635
632
642
655
645
606
591
614
658
691
677
690
685
649
645
628
605
611
626
627
685
741
713
711
682
639
628
630
611
595
630
678
657
619
582
566
547
534
522
517
516
521
531
549
560
563
549
530
525
532
546
563
564
576
587
616
602
596
598
596
600
605
608
618
610
593
593
610
612
636
635
646
617
607
616
620
614
611
596
583
572
556
547
548
557
553
551
561
574
590
583
573
570
572
577
564
559
561
549
550
564
569
599
619
588
580
623
650
650
646
628
614
592
604
615
627
663
665
690
713
706
687
665
647
620
596
582
574
551
546
550
560
565
583
601
599
639
658
657
668
683
695
660
639
613
583
565
553
547
537
547
539
536
540
561
611
642
687
716
679
669
631
623
604
589
565
556
579
596
628
651
652
641
646
646
621
584
563
552
555
570
576
593
576
584
574
551
537
526
514
509
510
518
533
561
648
721
776
743
766
750
743
723
707
705
683
668
645
639
628
657
646
682
730
723
708
705
688
703
679
610
605
609
645
679
708
709
669
655
662
642
634
608
592
572
556
549
536
525
527
532
541
555
594
610
626
629
667
688
688
682
673
665
641
636
640
667
670
664
646
656
674
651
671
632
617
622
632
623
625
614
586
569
586
616
647
646
652
636
637
626
637
631
615
613
603
603
594
583
561
546
545
560
579
604
614
626
641
634
605
604
598
594
599
629
655
653
652
664
640
609
585
579
586
592
584
590
587
573
573
587
583
587
576
559
550
537
529
527
522
537
555
585
609
605
585
561
553
570
599
606
595
600
590
563
563
564
564
577
568
565
567
571
584
580
592
587
572
562
556
551
543
552
569
582
571
563
574
583
611
616
640
614
606
612
623
621
601
570
567
569
579
583
583
622
636
639
667
647
589
587
602
597
593
590
585
567
577
591
611
648
636
648
635
625
622
614
611
619
615
582
576
586
583
607
612
665
683
679
643
645
647
667
680
685
693
673
669
667
652
622
632
631
605
591
610
630
648
665
676
674
653
649
633
626
615
618
610
599
575
569
593
610
618
628
660
649
632
617
599
604
607
615
615
621
604
596
588
593
597
602
582
571
563
569
576
575
569
559
564
556
553
546
548
551
559
566
572
563
562
548
545
536
530
521
519
517
506
512
523
509
515
538
568
611
661
650
636
654
642
634
624
613
611
609
597
564
559
562
800
667
659
665
628
611
589
577
562
548
539
535
539
548
578
566
551
548
550
558
567
574
576
571
565
559
555
563
584
608
639
636
644
617
599
585
580
565
558
547
546
528
532
537
566
553
542
538
530
525
521
517
511
504
498
494
490
489
490
492
504
515
534
554
583
584
555
545
562
572
588
609
622
604
581
587
638
707
665
692
687
651
622
587
592
603
620
622
640
620
635
635
645
648
632
648
648
657
622
629
645
656
604
610
617
616
607
580
582
593
598
608
626
622
614
620
613
621
595
563
550
552
557
593
609
601
634
633
620
670
660
681
679
675
630
623
618
621
610
640
660
675
678
661
658
646
649
640
615
620
617
631
622
607
612
631
643
642
637
635
625
607
587
587
591
584
559
570
572
547
554
561
615
639
642
645
639
630
604
592
578
571
561
539
528
518
521
535
554
557
582
581
601
607
604
602
597
585
590
584
596
598
599
589
576
547
537
532
544
560
582
598
591
596
580
573
563
553
538
529
534
540
547
560
561
536
533
538
561
571
591
585
601
595
577
593
594
594
580
565
574
592
605
639
675
694
651
634
597
606
611
649
642
640
658
683
646
665
656
608
605
619
645
725
670
667
642
657
698
724
700
696
680
680
702
701
698
715
753
750
764
778
724
687
679
653
640
663
696
708
821
825
774
829
813
753
721
691
688
680
720
789
804
811
766
714
741
769
693
716
712
670
699
680
638
667
676
652
651
678
632
645
620
581
597
608
625
646
630
647
682
668
649
663
659
651
657
673
646
660
670
653
688
733
742
728
731
697
684
669
634
652
680
694
698
715
765
720
758
742
683
673
668
656
668
688
701
704
720
760
773
749
752
676
669
685
682
716
729
715
745
750
720
747
738
719
697
711
730
695
674
691
703
684
689
728
743
720
724
728
708
692
703
714
718
728
755
717
714
724
704
676
682
710
734
724
724
711
695
703
673
657
662
678
649
646
693
732
719
682
698
698
659
653
674
657
666
644
637
630
653
682
684
698
711
688
701
680
685
650
645
636
636
623
638
645
617
604
605
613
608
622
652
661
632
631
644
610
593
599
611
609
612
620
606
596
599
605
600
582
610
634
618
595
598
600
600
572
576
570
569
559
555
548
531
521
521
515
514
514
505
496
487
481
479
481
483
486
492
498
504
488
487
499
520
551
556
551
552
550
536
536
527
517
512
509
497
489
491
495
501
497
498
497
499
497
498
503
507
509
518
517
515
521
516
519
513
518
521
520
521
506
505
512
531
549
563
583
578
572
568
543
530
528
541
557
558
568
568
574
548
521
514
516
528
557
588
627
693
676
646
697
670
604
592
551
558
573
594
606
616
608
632
630
574
558
552
566
596
610
627
650
640
646
655
637
609
585
556
553
552
555
582
604
631
672
676
665
591
580
591
599
614
628
626
644
653
642
618
602
607
608
590
551
546
563
582
620
639
665
656
653
638
583
601
612
613
619
631
605
605
602
597
588
592
591
600
610
567
545
538
554
563
577
607
605
612
590
600
601
575
547
535
553
576
593
604
613
583
564
563
582
598
609
605
614
608
598
601
596
579
593
625
619
607
607
613
601
589
564
542
530
532
543
560
563
562
599
632
647
642
638
636
626
633
629
619
622
603
588
581
552
545
545
561
581
604
638
675
628
619
620
632
631
625
638
633
623
622
607
601
602
605
603
589
551
535
543
566
597
648
654
652
655
653
635
641
652
651
651
636
625
579
557
548
552
565
594
614
615
645
598
595
603
602
622
617
619
609
598
575
568
550
534
526
543
553
569
579
591
593
581
588
571
573
557
556
539
521
510
520
532
553
578
596
605
636
632
633
613
614
618
583
563
558
570
581
593
587
591
586
581
566
561
560
568
563
560
569
563
553
532
527
534
557
582
602
604
599
600
593
567
533
526
532
550
567
576
590
591
593
609
597
584
569
560
551
546
539
532
529
525
524
527
515
510
509
513
527
536
569
575
582
564
561
556
550
545
538
529
513
510
515
527
525
542
565
571
565
575
561
553
564
580
582
563
554
583
582
619
674
720
726
702
685
677
617
596
604
621
754
746
715
689
658
634
615
605
603
566
549
548
563
571
572
581
593
605
621
637
632
623
620
610
633
631
614
608
597
582
570
582
568
559
566
592
585
632
676
652
651
642
623
623
615
619
617
629
629
654
662
661
641
634
608
606
597
606
599
585
595
573
575
599
635
658
625
635
652
652
622
614
635
643
627
630
648
661
646
654
666
671
618
584
592
609
644
674
696
664
642
634
630
617
606
613
631
656
674
647
673
667
656
624
627
647
652
630
657
648
612
631
656
653
691
700
681
701
708
690
647
627
655
658
667
668
675
694
665
659
681
687
655
665
643
643
618
646
639
649
619
602
603
604
570
574
584
638
699
733
723
728
722
703
692
683
680
693
730
706
687
731
744
720
681
685
689
659
672
683
701
662
698
719
700
648
647
647
660
651
663
684
665
650
665
671
657
643
646
654
655
640
653
658
666
643
646
632
640
610
610
606
627
628
642
664
680
655
664
669
693
666
671
654
652
640
637
650
633
640
643
658
647
662
674
682
646
677
699
688
684
662
631
638
660
634
629
636
643
642
657
672
650
646
626
616
626
604
622
617
626
604
625
647
668
640
662
654
646
632
640
644
637
637
659
654
628
608
598
629
650
662
650
629
626
628
640
620
618
622
646
661
665
677
675
646
624
617
615
604
599
630
680
678
719
715
685
712
694
677
631
651
690
689
659
651
618
597
574
571
566
581
606
618
629
637
656
654
627
616
616
600
618
634
634
617
626
635
621
628
623
618
606
601
613
617
618
625
626
613
630
646
610
599
604
610
593
602
602
610
595
581
591
577
563
574
565
591
586
573
569
562
547
539
535
551
569
621
649
669
674
661
658
663
667
674
667
649
619
621
646
634
618
606
607
860
805
748
726
695
673
635
620
621
644
645
639
638
652
677
705
695
667
623
633
634
657
662
676
685
672
639
663
688
656
654
654
638
619
617
636
644
633
639
646
664
656
673
687
685
683
651
643
649
635
642
643
680
675
642
631
656
721
737
723
680
644
646
639
637
636
633
648
649
635
609
604
634
629
603
580
578
600
604
609
629
653
664
627
615
617
614
602
599
621
642
626
610
631
618
611
596
582
571
561
542
532
525
526
532
530
528
524
523
531
543
551
568
587
606
620
634
631
655
666
661
667
684
694
736
767
755
746
748
760
762
763
775
749
707
745
765
703
711
733
726
698
691
676
654
642
636
658
659
649
625
628
625
627
617
597
607
618
640
626
630
634
651
625
613
631
639
671
650
658
647
663
646
641
664
688
679
661
692
682
672
661
673
688
659
666
710
722
717
691
712
712
673
691
680
692
691
701
724
678
666
707
687
643
661
691
662
643
660
681
676
653
671
689
694
674
691
698
704
681
686
694
659
642
673
693
669
692
716
726
723
738
755
705
718
713
684
649
684
702
669
639
645
678
678
691
751
743
695
698
716
714
659
679
679
662
653
694
649
626
635
665
689
692
641
650
639
598
649
685
720
664
618
616
604
597
578
573
578
582
579
585
582
579
566
566
588
621
646
727
730
711
709
697
697
693
697
678
684
687
628
619
618
609
604
602
642
688
678
717
705
662
698
674
648
668
719
719
697
696
675
678
698
675
689
680
681
697
677
671
686
726
671
682
702
684
689
687
652
666
684
669
692
685
653
662
665
647
677
720
749
697
707
711
655
680
694
687
684
704
682
718
701
712
640
670
704
681
698
717
696
714
712
699
677
672
691
661
665
673
701
675
716
716
696
698
727
724
690
679
691
678
695
708
672
655
681
687
667
647
679
663
675
694
699
680
659
679
671
656
677
684
656
652
682
676
671
710
704
673
654
636
610
609
621
624
642
677
689
646
640
663
662
665
693
682
680
694
685
641
633
651
667
688
666
711
702
660
646
661
657
667
641
634
683
717
663
678
688
697
674
695
708
710
671
665
693
690
652
652
690
723
700
691
705
703
697
661
678
679
664
634
652
649
642
668
712
729
675
667
672
661
658
677
659
673
698
703
655
611
625
624
636
657
666
656
675
690
673
689
685
649
646
659
642
625
631
653
672
654
674
675
650
625
635
675
713
700
674
703
707
706
688
688
714
743
736
734
693
675
688
713
719
696
734
745
713
738
782
777
738
746
727
684
674
673
659
642
665
647
614
616
631
692
761
784
726
715
692
668
640
646
660
658
713
798
797
744
748
742
701
668
671
694
663
641
674
698
712
714
748
724
681
700
731
712
708
721
736
681
684
703
697
689
680
710
696
702
700
672
665
681
682
655
658
663
665
670
722
737
706
713
714
708
663
697
743
720
720
729
700
688
722
713
700
710
727
744
729
702
709
693
657
664
687
691
671
680
682
696
661
627
633
634
627
637
663
668
664
690
691
658
651
670
694
695
699
695
662
650
666
662
653
667
674
676
708
723
695
685
691
661
622
599
619
669
663
646
651
693
698
706
729
732
706
732
710
703
714
718
698
664
699
722
711
732
712
693
699
700
678
687
695
673
703
712
673
657
656
635
641
680
665
669
688
725
673
645
643
633
626
636
636
632
664
673
659
655
672
664
664
665
640
626
656
657
638
649
655
639
630
652
666
651
665
664
664
669
670
656
644
650
646
646
655
657
646
647
663
653
658
716
724
709
709
704
690
709
690
638
607
601
590
571
567
595
651
677
676
716
691
663
691
700
705
663
674
726
707
686
712
748
762
726
675
656
663
696
681
714
753
735
706
709
692
646
624
652
673
696
671
656
676
692
663
671
698
691
708
671
649
624
603
604
630
658
655
667
702
693
677
720
756
755
682
680
678
631
603
635
1001
826
779
751
729
697
679
658
638
617
629
654
676
706
733
709
713
718
703
687
644
633
634
642
655
674
700
729
715
687
709
707
682
664
679
670
646
618
617
668
701
674
653
661
668
660
643
658
682
681
678
660
668
674
666
654
698
722
732
703
701
706
704
669
664
692
696
679
694
704
688
652
643
646
647
682
729
746
711
721
720
680
659
673
681
665
701
711
699
701
727
708
661
665
674
688
657
668
697
692
699
721
729
720
694
675
697
688
672
652
660
670
700
674
665
679
747
809
771
723
692
662
644
638
634
633
632
667
729
729
698
730
728
732
711
729
729
711
701
699
707
704
667
660
673
670
662
683
691
684
693
690
677
681
696
695
663
664
673
669
648
660
680
690
677
680
710
688
651
635
635
595
581
596
606
610
653
697
720
674
645
660
668
673
661
698
737
713
680
716
716
725
684
679
688
691
682
719
783
800
765
752
709
698
701
699
694
712
715
724
699
722
725
676
684
687
677
673
697
700
672
697
701
692
689
688
688
668
648
666
671
671
690
702
662
655
683
702
689
684
717
712
667
643
659
722
735
729
752
790
769
695
680
686
687
676
682
727
717
719
752
770
750
741
773
787
755
745
723
706
716
747
752
744
751
724
698
699
688
672
693
751
773
774
827
799
777
766
732
692
682
691
685
702
708
701
720
737
709
689
709
724
706
697
708
683
677
688
712
681
684
690
689
668
708
753
754
710
700
688
674
655
682
729
758
749
766
721
729
730
713
701
704
713
686
690
723
727
697
708
726
711
690
654
625
634
795
723
682
666
654
641
624
627
657
665
676
698
711
723
707
725
723
717
717
737
716
689
667
616
629
673
699
759
771
715
727
738
703
723
738
720
711
724
683
695
716
704
707
739
754
706
697
707
712
713
703
720
683
730
735
706
689
685
665
678
707
727
687
692
715
708
658
668
680
673
719
698
681
708
726
697
664
727
738
720
696
679
662
682
674
668
680
669
653
664
689
698
681
668
676
666
691
705
697
676
653
624
585
565
571
614
681
668
662
676
680
647
599
577
572
563
550
550
567
602
657
653
670
688
686
651
634
652
649
663
654
667
660
647
624
642
666
680
665
699
729
688
649
643
628
616
589
608
574
591
624
639
690
753
721
673
689
669
636
627
626
658
657
740
793
771
740
777
764
715
707
704
680
666
689
712
689
715
747
721
746
734
692
702
732
724
686
702
700
660
679
709
693
665
693
705
675
680
643
630
649
659
682
724
727
721
743
708
683
685
669
650
646
657
669
648
684
706
674
648
652
655
619
608
613
628
610
611
616
627
630
623
641
689
700
667
673
650
648
645
671
719
740
706
676
737
784
730
703
735
720
688
683
672
649
626
640
690
710
686
692
725
701
690
693
696
660
684
694
671
647
654
668
718
686
702
680
649
655
668
676
659
674
672
667
690
719
766
731
712
732
734
687
681
656
630
646
668
653
646
658
690
659
636
622
606
590
572
564
571
569
564
558
553
543
541
545
542
537
543
533
521
521
521
545
576
629
666
643
674
702
717
679
657
627
604
631
636
631
625
626
619
619
589
583
599
587
607
627
681
663
626
608
607
598
584
574
555
558
562
563
587
614
637
645
626
660
692
690
685
693
713
670
643
628
675
684
664
631
636
601
606
630
626
640
676
701
696
691
704
696
676
643
642
638
654
645
644
648
670
646
646
642
656
639
658
652
642
623
638
645
638
601
583
578
582
585
591
615
675
698
683
675
670
691
659
657
693
711
706
712
686
638
601
582
580
596
634
687
699
741
787
778
738
752
782
796
748
752
755
769
763
776
787
763
705
702
705
725
701
696
721
728
714
688
701
701
690
655
654
640
645
637
643
661
655
633
617
638
646
653
653
694
688
666
675
674
673
668
688
672
693
667
649
641
646
636
641
678
681
671
688
698
674
650
649
646
632
630
676
691
691
661
664
649
604
601
597
629
649
658
647
660
681
705
675
660
669
682
694
653
646
628
599
583
599
618
602
615
619
612
595
596
607
584
565
563
556
546
542
547
550
556
560
561
553
559
550
546
551
553
573
590
603
613
613
632
645
656
649
659
685
664
667
641
625
625
619
615
599
597
596
574
567
569
582
610
640
636
625
650
662
652
636
637
637
640
632
632
643
653
671
656
687
706
663
646
649
665
668
643
672
692
706
689
713
708
734
711
723
717
716
676
656
683
707
697
706
755
759
723
702
712
716
702
680
688
658
645
606
603
604
633
660
685
662
653
654
668
645
639
651
649
635
627
640
658
666
674
693
688
674
652
653
649
654
634
617
639
655
683
670
666
700
709
705
706
669
645
638
645
649
662
637
594
599
600
624
637
631
612
622
646
668
688
701
727
729
694
674
683
678
680
650
630
637
647
640
630
591
574
590
638
669
737
714
693
688
674
672
655
686
701
696
663
666
671
667
685
744
797
720
655
617
601
739
695
672
663
644
624
610
599
585
562
550
540
541
549
560
581
598
612
592
571
563
561
564
560
567
553
543
539
537
546
560
570
611
646
696
707
734
732
712
677
652
663
685
707
691
670
661
666
646
662
691
684
665
660
660
638
639
652
681
703
755
743
704
683
699
704
675
675
688
681
635
634
648
690
680
716
714
713
669
609
594
601
600
604
653
713
722
702
738
712
708
657
687
694
709
665
698
707
689
689
679
660
652
658
657
656
651
665
688
657
644
645
650
631
635
631
595
604
622
625
645
658
636
606
604
600
575
560
566
584
606
605
604
624
638
655
621
592
589
614
663
683
646
650
658
688
670
672
678
710
676
683
679
697
673
674
664
657
624
615
646
691
686
690
721
725
687
682
688
704
658
663
688
719
687
689
733
734
678
691
710
729
692
678
695
692
653
664
669
692
671
693
701
649
648
648
652
625
625
608
582
579
591
597
620
658
650
653
688
700
663
670
681
676
646
659
686
703
669
693
685
661
625
609
617
637
635
638
679
707
686
659
678
683
646
665
664
684
677
696
699
683
662
654
661
648
632
626
627
623
650
694
694
698
695
679
657
670
666
669
662
688
680
660
644
649
698
675
703
692
670
646
657
673
640
657
672
690
662
664
655
642
627
627
633
623
626
665
707
688
717
712
655
645
639
642
619
659
688
700
711
723
722
717
693
665
685
676
667
663
666
693
669
662
662
643
631
640
647
627
634
665
681
660
671
661
662
640
623
626
615
637
655
632
618
606
590
592
593
573
564
589
585
612
639
650
623
645
661
646
629
628
633
640
644
661
721
709
712
733
731
712
665
622
597
602
648
698
713
686
707
711
728
678
677
676
684
652
663
677
700
656
665
683
649
647
656
695
681
664
645
628
602
587
597
606
611
602
600
627
649
634
623
616
620
605
619
644
661
671
643
631
611
607
593
611
634
664
666
701
717
703
680
673
688
678
664
682
682
644
601
574
568
615
637
634
623
624
626
640
635
623
597
569
571
574
567
565
579
591
601
607
584
589
603
631
655
639
677
696
735
708
693
663
670
625
610
631
636
650
656
674
676
660
643
658
634
604
582
565
571
572
586
606
629
635
624
619
620
635
609
606
616
620
614
593
600
595
599
580
584
579
588
583
604
626
621
617
620
627
617
607
604
601
606
593
588
584
593
585
594
607
625
622
638
649
638
614
616
633
640
615
605
595
603
602
609
624
650
627
623
627
617
582
597
602
636
659
683
663
648
661
675
647
640
646
666
649
635
630
647
664
646
637
653
682
690
646
621
625
641
646
642
636
608
615
617
617
629
642
654
653
647
654
650
636
611
604
615
627
618
619
627
635
610
608
619
633
617
621
642
640
628
631
646
653
631
648
678
658
646
662
666
659
645
655
663
647
632
629
627
632
619
604
601
631
644
633
638
657
653
664
632
620
621
621
630
643
672
683
678
661
646
638
614
605
613
623
628
632
646
670
667
644
642
648
654
639
646
674
689
672
671
668
677
657
639
643
633
627
622
623
635
636
629
636
648
659
632
627
625
634
611
613
646
665
649
621
631
624
627
603
583
586
592
599
603
602
600
613
627
613
599
608
610
605
587
584
603
614
605
594
602
592
572
556
562
569
596
619
651
637
642
655
646
629
619
632
665
683
672
700
695
688
673
675
669
669
645
636
665
688
708
681
711
727
718
725
684
685
683
680
670
681
691
692
685
688
704
729
693
692
695
684
666
671
675
669
647
647
648
648
650
670
684
684
668
663
673
678
671
648
649
637
623
628
650
610
590
597
597
591
583
593
617
638
631
601
601
598
587
580
580
585
595
577
581
593
608
614
610
591
589
608
624
628
615
614
646
626
620
604
601
606
621
617
594
571
571
599
614
629
624
610
585
558
570
600
613
607
623
626
639
611
624
636
650
621
619
626
647
629
631
637
660
659
641
620
643
633
616
594
593
591
602
589
598
602
598
589
578
566
540
535
540
546
549
552
551
554
556
562
563
542
541
539
549
558
563
569
572
565
575
577
605
608
601
600
579
558
558
598
613
627
631
671
689
716
699
669
669
655
641
606
622
646
645
637
632
661
672
654
624
635
602
571
572
583
579
586
607
631
645
632
651
671
657
648
658
651
633
628
625
611
611
644
653
642
654
674
692
660
667
655
642
655
680
689
674
698
728
713
724
728
712
689
687
692
662
668
668
660
667
677
679
654
654
660
665
683
671
650
673
693
707
679
690
683
652
644
652
681
675
688
710
707
728
732
692
685
665
675
683
658
675
696
685
657
666
655
649
615
609
622
610
604
609
616
619
627
647
647
622
601
607
616
604
595
607
613
611
601
606
616
610
593
593
602
606
593
613
625
623
599
592
607
636
660
652
664
677
633
607
608
623
639
662
655
665
649
632
635
644
612
597
584
585
589
599
604
585
613
618
631
614
604
604
600
596
623
658
665
661
679
700
691
670
669
653
635
638
644
641
617
627
625
601
577
568
566
680
706
689
654
609
578
567
564
578
607
625
661
682
707
698
701
691
670
636
609
584
560
555
558
598
641
714
710
738
724
739
712
735
733
699
705
730
759
716
736
732
776
748
763
730
712
671
653
659
675
679
644
655
667
647
645
624
611
596
577
564
553
550
555
561
560
547
533
525
522
521
531
539
556
563
556
580
613
644
660
641
641
653
635
622
631
650
663
649
663
684
692
632
632
619
627
648
677
688
653
668
677
660
651
670
664
639
649
646
636
631
640
668
637
648
662
689
639
670
666
676
644
651
673
677
647
674
664
652
649
677
690
669
667
647
635
612
596
604
616
607
625
642
651
625
622
631
656
630
604
604
605
607
598
607
617
669
691
678
686
695
686
688
693
674
642
635
620
612
602
605
617
608
624
638
655
632
633
647
669
642
669
652
623
599
603
638
635
642
672
711
731
688
701
725
716
690
672
684
674
649
615
626
650
681
685
747
746
776
741
731
712
685
629
637
646
663
666
654
624
639
671
737
759
711
718
729
712
679
683
677
667
654
676
675
665
655
694
735
744
705
669
661
658
673
648
674
702
698
687
645
632
642
707
769
736
761
776
748
752
735
708
685
700
710
712
738
771
780
734
738
717
688
677
683
691
668
685
707
689
655
646
650
620
605
640
680
704
666
665
668
690
648
662
651
658
639
642
641
640
625
652
681
675
646
657
669
700
630
604
614
633
674
661
663
663
652
647
642
634
616
612
597
604
594
605
608
629
643
641
659
676
725
691
662
662
661
665
651
657
664
667
661
643
644
647
626
628
637
632
604
614
635
651
611
595
608
640
631
622
638
646
630
619
621
643
620
604
597
591
581
566
558
553
566
644
635
597
565
566
574
594
614
612
614
612
616
610
598
583
584
591
594
621
685
703
673
666
668
663
656
638
612
590
617
614
658
719
814
748
670
665
674
688
670
648
660
671
643
596
586
630
626
585
616
631
643
632
624
647
655
654
643
630
648
661
678
645
644
634
646
631
632
646
696
672
642
654
656
647
625
650
658
655
646
649
647
647
613
605
616
623
620
622
662
686
712
707
664
677
668
670
641
638
621
625
607
625
661
696
652
648
669
665
630
653
699
703
696
718
703
659
654
645
636
621
596
594
594
591
573
578
582
583
577
609
643
642
642
642
654
638
648
656
669
651
655
649
649
614
597
625
672
652
674
717
693
661
671
676
664
624
626
615
598
584
604
627
669
702
709
644
614
605
620
620
650
708
745
761
770
734
674
673
683
683
679
700
747
766
767
723
747
748
710
711
732
745
726
694
719
718
716
687
710
695
654
626
626
650
631
622
645
654
622
598
601
627
617
604
593
599
604
590
594
610
623
607
602
610
641
633
609
585
563
548
548
547
555
582
616
651
629
669
704
729
682
688
693
676
640
621
603
617
598
579
610
671
683
664
675
665
630
611
607
606
628
627
652
653
639
633
623
622
612
585
565
564
613
636
663
638
620
636
659
658
626
643
647
648
654
660
681
707
670
643
621
600
587
605
637
661
646
672
688
698
687
655
645
645
632
627
640
647
627
610
574
592
624
622
620
635
680
675
669
665
664
645
652
682
699
648
654
671
689
648
627
646
688
689
664
723
735
738
683
676
674
673
662
672
650
645
625
641
645
654
641
678
684
674
650
663
665
651
662
672
693
649
660
651
664
636
635
664
669
658
688
728
683
668
665
635
621
610
600
585
598
624
652
631
628
634
645
639
624
630
663
661
644
643
646
625
614
621
638
646
626
633
652
678
661
653
673
678
656
655
655
652
639
645
654
646
620
631
657
673
634
638
655
662
621
594
593
637
707
700
684
648
615
587
574
569
568
562
563
579
608
629
628
645
639
638
608
609
620
625
617
597
607
629
653
627
634
646
648
619
604
610
617
617
627
666
678
641
632
639
643
629
619
636
641
626
623
630
657
632
631
652
647
623
619
642
669
658
679
667
664
635
636
654
674
633
632
633
623
615
634
647
652
652
658
642
634
635
645
668
652
652
636
616
588
569
573
588
588
586
608
575
577
594
604
586
594
600
616
620
605
604
579
575
576
585
590
574
562
554
555
554
546
537
532
537
576
629
605
596
590
584
579
576
567
569
577
576
570
561
571
585
595
599
594
606
615
613
612
624
654
688
654
640
638
632
599
594
611
643
636
633
646
655
697
700
646
616
612
612
625
619
628
630
602
592
595
600
606
607
606
598
593
585
577
569
573
559
559
547
527
522
525
545
573
603
618
616
615
614
625
619
621
621
614
603
571
544
526
520
528
546
565
565
560
560
576
595
607
606
595
595
580
558
545
536
546
554
571
579
599
595
584
576
577
565
544
542
555
574
593
597
594
548
529
523
533
551
584
599
623
611
571
554
560
583
585
581
548
530
535
567
593
619
627
642
622
615
602
581
573
563
546
534
530
541
539
543
545
550
550
544
541
526
511
517
516
514
518
523
533
544
548
545
534
532
522
521
514
515
514
510
508
503
490
482
482
485
487
487
490
479
476
473
470
464
462
462
459
456
456
459
456
454
451
457
466
477
490
498
501
505
506
502
503
513
515
514
508
497
494
494
496
494
492
496
499
495
497
494
498
496
494
491
481
476
476
481
495
515
528
535
555
561
575
593
585
586
580
552
528
517
516
510
496
492
489
487
487
481
482
479
478
479
481
485
483
486
489
488
497
503
498
508
513
521
526
529
499
497
498
515
530
564
579
603
622
615
607
597
591
577
573
576
570
562
560
557
526
515
521
533
557
557
566
568
571
557
550
532
536
544
565
589
599
593
573
568
569
553
521
518
524
536
550
581
602
612
609
608
623
616
572
553
545
556
569
597
619
623
610
593
587
604
592
596
590
587
591
574
529
521
546
603
639
663
656
659
642
634
612
595
584
576
566
575
579
575
572
557
562
566
561
567
538
522
519
530
537
527
526
546
575
619
620
625
618
599
545
536
549
560
585
586
602
579
571
557
553
547
558
534
518
504
508
528
561
582
618
616
574
584
590
609
620
621
629
643
627
623
628
602
590
577
578
574
568
558
576
557
530
522
535
538
549
563
556
553
572
574
577
608
611
615
612
608
610
606
588
588
581
572
558
523
514
518
526
545
572
603
608
603
583
569
553
565
573
577
585
581
581
554
545
543
544
562
578
589
588
587
591
547
549
545
564
567
574
570
568
565
562
561
571
569
552
537
521
529
543
558
569
576
548
539
547
563
540
532
537
565
584
595
584
596
589
579
574
576
574
563
546
543
536
519
505
503
510
518
520
533
536
527
509
525
563
674
711
700
661
630
611
597
598
598
588
569
538
540
543
550
550
537
543
554
541
532
530
536
539
557
561
557
548
532
522
511
505
512
524
544
556
560
577
578
586
582
569
567
559
543
524
520
525
539
527
506
509
525
548
574
596
593
581
590
583
571
567
550
547
540
538
521
507
506
511
527
544
551
552
549
563
568
579
566
564
550
534
534
529
528
516
503
500
511
523
539
530
537
568
630
718
715
698
685
648
615
592
578
571
573
565
554
546
549
564
607
630
644
595
617
624
643
631
646
620
579
596
635
651
651
637
634
649
654
629
597
559
549
550
565
612
616
633
639
620
604
593
594
588
580
560
530
516
517
509
504
514
529
541
552
548
543
543
538
521
503
499
500
496
490
489
492
506
521
526
539
532
528
519
513
505
497
485
486
489
498
502
508
511
507
501
504
506
520
526
536
546
562
556
545
543
532
525
518
513
507
493
489
488
493
504
510
521
527
530
542
547
549
547
544
549
560
548
521
508
505
509
525
532
535
542
538
535
530
535
541
532
523
521
521
517
501
494
497
507
520
526
529
535
539
540
541
549
532
520
493
489
493
501
510
521
537
553
563
573
584
571
569
575
550
529
518
514
517
527
532
545
561
545
533
531
535
534
531
539
536
527
518
519
520
517
509
498
515
571
600
596
570
535
547
538
541
529
523
518
513
510
509
506
506
498
501
494
488
490
489
491
502
510
515
514
519
518
513
514
516
515
521
515
515
517
504
497
502
513
531
540
566
581
579
578
581
563
554
547
538
522
507
501
511
522
548
560
576
571
558
551
552
533
526
510
502
509
523
523
532
528
517
509
497
489
483
481
478
478
476
472
468
465
463
463
461
463
463
462
475
498
537
607
633
521
782
590
554
527
517
517
524
514
513
532
557
586
606
601
584
544
558
570
577
569
547
539
525
519
501
497
494
491
485
485
483
485
500
505
508
519
522
534
541
554
551
554
546
545
540
534
533
533
535
540
539
540
522
522
565
601
610
607
592
577
576
582
586
580
576
567
576
580
579
563
552
544
545
547
556
532
518
517
527
546
569
602
626
579
559
553
577
576
590
605
587
582
582
591
579
544
556
566
578
591
589
573
564
559
549
540
542
536
550
527
511
521
551
585
610
607
612
604
561
550
547
551
573
574
578
567
567
554
547
539
527
520
519
520
512
530
553
551
617
635
671
650
642
638
599
584
571
605
638
646
671
651
650
633
640
614
604
585
579
569
577
581
570
578
554
542
550
578
602
620
628
629
629
617
612
602
598
595
586
570
548
552
567
607
584
587
587
557
541
542
549
570
572
593
615
623
628
615
584
571
559
549
542
546
541
536
525
534
536
541
540
538
522
522
532
555
592
605
615
615
599
584
557
562
578
584
587
551
537
541
535
524
514
521
534
543
550
562
553
552
550
545
528
508
517
567
680
758
764
699
650
609
588
564
532
521
521
532
544
559
565
563
536
530
539
555
572
594
595
589
586
589
578
565
558
546
537
528
531
529
496
552
515
517
521
539
561
582
579
579
571
573
565
546
544
547
532
520
517
521
538
565
583
597
593
579
569
572
564
564
555
546
517
515
515
526
560
602
630
680
674
654
646
638
608
588
589
594
588
595
563
563
571
625
646
618
616
596
630
640
638
604
600
579
584
584
582
579
596
607
620
598
594
588
555
566
570
597
597
581
641
645
667
646
620
596
584
563
543
529
541
550
565
578
588
588
576
574
561
541
537
561
594
589
568
580
604
609
615
635
639
624
595
566
544
538
540
557
587
614
622
605
597
590
581
575
557
546
552
568
579
592
576
573
566
557
554
553
548
545
544
542
539
512
514
513
525
546
581
583
593
603
593
598
599
607
613
608
599
575
563
551
534
524
521
524
532
542
567
609
596
575
568
593
633
656
655
633
613
596
550
545
553
566
589
573
561
545
562
575
574
575
585
572
572
564
558
548
542
536
538
529
519
521
530
559
598
635
581
572
579
585
563
535
526
513
503
496
492
491
489
479
477
476
476
479
492
511
526
519
513
531
528
512
499
491
482
477
474
471
465
459
456
457
465
477
502
546
709
802
825
837
849
838
839
827
793
758
715
689
688
707
733
778
771
769
765
755
698
718
714
657
701
761
813
805
795
786
782
775
766
780
736
780
766
707
740
706
672
724
713
696
742
732
729
765
746
722
728
722
743
723
694
713
704
694
702
716
718
693
672
676
683
672
721
747
711
756
772
738
769
767
718
723
734
711
731
753
721
685
716
742
740
748
755
736
729
690
699
686
651
646
662
666
675
661
669
681
658
685
698
658
624
640
647
699
768
740
762
802
753
743
742
695
657
667
676
656
690
688
657
687
687
646
660
635
613
652
672
705
681
666
699
704
667
671
676
670
625
610
603
596
609
609
582
573
586
607
604
577
592
604
593
568
558
558
567
601
641
646
621
585
580
574
600
632
679
679
624
613
612
612
633
642
625
645
629
628
645
677
698
690
698
688
674
684
712
733
735
678
665
668
670
675
667
668
684
695
720
699
688
677
643
638
645
671
698
706
695
715
714
715
689
708
702
716
706
722
708
706
711
687
689
711
707
695
682
651
638
667
702
689
688
722
710
672
679
693