631
624
602
576
567
560
581
592
588
615
651
652
647
597
601
586
550
547
544
554
537
557
558
597
609
633
609
642
615
583
592
567
553
550
555
563
546
535
537
539
527
519
503
490
497
504
665
1166
892
791
765
719
630
582
565
529
526
514
501
504
508
508
500
504
509
523
524
516
525
532
543
533
524
518
519
525
527
529
526
523
535
538
533
521
520
525
535
536
527
547
584
600
569
579
601
596
567
569
568
571
548
551
557
558
544
557
579
590
570
606
662
643
615
608
620
630
590
605
626
604
628
643
619
627
646
614
637
638
610
633
605
597
630
653
618
605
600
597
581
595
604
587
579
585
600
576
593
620
637
618
640
617
584
573
578
595
616
599
607
612
604
600
605
634
647
632
621
591
588
602
592
595
598
587
566
570
586
566
566
594
592
591
596
583
582
605
615
611
600
572
563
562
573
570
590
606
624
640
696
659
692
665
651
626
597
592
584
567
568
585
589
573
603
616
642
628
630
642
635
613
622
624
616
596
586
567
558
567
569
570
550
550
557
558
560
565
566
557
554
551
548
544
549
550
562
563
558
550
547
590
609
603
638
682
647
624
611
622
642
645
639
633
617
602
588
576
570
563
561
558
560
549
544
568
582
576
564
582
621
648
637
610
608
604
584
569
555
540
539
529
521
520
516
511
504
497
500
508
523
536
545
548
541
536
522
520
505
500
494
500
515
526
540
531
519
511
511
511
510
513
518
513
512
517
521
542
564
583
574
557
566
579
554
569
578
577
616
657
660
637
688
680
632
606
629
665
687
730
706
624
645
673
683
690
671
656
633
599
586
602
621
624
664
683
685
727
690
652
654
653
652
629
601
591
604
610
602
604
613
620
608
627
627
633
619
618
611
596
604
588
601
605
624
588
573
577
609
635
636
642
616
598
582
563
550
540
528
520
529
538
544
547
546
545
537
547
565
612
670
698
679
674
645
623
604
590
585
578
572
565
572
559
571
584
590
558
556
541
526
524
523
515
515
521
522
516
510
500
496
494
493
490
493
515
538
573
622
652
631
613
602
580
567
555
553
532
523
518
521
526
533
524
521
525
528
540
544
548
551
545
553
546
533
524
532
524
531
542
542
536
524
516
501
489
490
485
483
489
496
499
496
495
493
491
497
492
489
486
481
475
472
467
464
466
475
479
487
493
493
500
510
507
526
529
539
521
518
539
554
581
599
601
610
568
541
550
552
572
603
606
684
693
670
724
646
668
691
627
659
651
636
679
751
674
688
692
672
646
641
641
648
611
625
650
639
615
648
680
646
659
657
610
596
579
595
648
707
714
657
698
724
672
678
657
632
633
640
605
611
614
630
609
618
652
702
637
664
668
633
624
619
627
615
599
614
648
638
667
680
639
637
634
618
602
618
649
662
691
706
699
640
594
576
575
589
611
611
594
606
649
643
634
588
589
587
593
614
598
609
679
725
673
706
655
622
607
586
581
564
571
573
573
567
567
578
595
623
625
603
600
595
595
571
557
536
520
509
498
489
486
488
492
484
479
482
496
515
505
521
506
536
598
648
706
707
651
654
650
630
617
627
606
595
572
574
573
560
549
560
569
626
646
674
693
663
618
615
596
592
595
588
582
596
636
633
670
650
653
607
585
564
566
566
555
568
558
556
578
607
580
599
602
606
605
596
586
582
586
569
571
565
552
541
550
575
596
587
587
575
586
592
582
589
584
585
573
573
583
576
557
560
564
563
568
589
591
572
585
572
587
613
639
658
682
681
646
634
615
610
598
593
574
563
552
544
525
521
524
521
518
534
551
570
567
576
577
570
585
598
624
627
619
615
605
592
602
609
624
662
646
629
625
607
579
578
558
561
588
601
608
680
736
673
650
658
667
632
650
644
639
691
729
731
687
701
667
643
629
628
602
602
589
597
574
563
551
542
533
518
511
509
551
674
673
637
622
601
602
589
581
588
593
609
639
630
650
626
617
634
638
616
615
613
607
622
606
604
591
567
553
556
567
579
580
573
564
560
549
551
545
535
525
530
534
543
541
534
537
563
648
777
743
790
748
703
661
686
699
680
741
752
715
682
673
629
642
640
609
580
583
578
561
571
577
590
582
600
623
651
627
659
679
647
657
646
625
617
615
598
605
616
606
641
661
695
746
771
778
721
805
833
775
734
729
679
651
616
608
596
641
789
728
709
714
680
722
727
697
661
666
653
620
666
715
647
643
638
616
608
604
614
602
622
634
645
673
720
650
628
610
590
584
586
582
559
540
538
542
559
532
521
524
532
536
519
512
513
511
510
507
504
496
489
481
475
471
466
463
456
455
454
451
450
448
446
445
449
446
448
456
465
474
459
453
462
471
487
483
479
503
587
696
679
656
589
553
534
520
517
510
509
495
492
503
516
525
526
513
509
498
483
477
476
476
486
500
502
526
532
544
559
525
538
532
542
531
537
535
507
495
493
496
502
513
533
536
537
526
519
516
514
510
509
510
498
482
482
485
507
542
574
610
604
552
549
568
568
558
543
520
505
496
499
490
486
493
501
512
516
529
532
536
505
492
490
490
497
505
514
534
544
545
546
545
543
536
545
543
520
499
504
513
524
526
524
513
500
502
501
505
517
518
515
514
517
534
556
560
549
525
533
505
499
498
485
479
484
479
498
523
545
545
545
539
529
514
505
496
487
486
486
495
504
520
532
520
535
573
620
566
541
555
590
548
512
507
505
517
539
574
586
626
626
638
613
596
563
550
541
529
528
518
518
512
509
484
483
483
491
507
521
552
563
590
562
543
527
511
496
498
496
502
505
498
497
494
495
499
510
502
499
490
485
478
469
474
475
475
468
467
461
467
468
465
471
490
517
533
549
563
557
529
503
490
493
494
507
513
520
529
530
517
519
504
498
497
501
495
491
494
502
494
481
479
479
484
483
478
478
466
461
463
461
465
463
467
474
479
486
497
492
484
499
535
560
567
567
543
519
454
560
500
487
501
533
556
536
548
620
615
557
553
537
522
509
535
560
568
554
545
530
521
509
500
498
494
501
529
555
565
582
587
566
534
521
518
514
517
522
518
521
522
535
531
523
409
610
498
487
480
477
480
493
513
562
588
592
583
579
566
547
548
489
592
520
565
806
751
673
687
636
578
568
563
545
536
551
580
595
589
569
550
553
543
533
528
519
508
516
521
509
526
543
567
600
646
621
585
582
581
566
560
552
538
522
513
509
512
524
523
537
552
538
525
536
560
568
580
554
563
579
563
553
558
538
526
531
556
546
550
557
557
531
521
513
507
501
499
492
489
485
483
485
485
496
512
502
514
535
529
547
576
574
556
575
561
545
563
577
605
570
578
580
575
551
570
619
617
602
594
570
564
557
584
620
626
588
618
639
601
628
633
591
614
640
599
595
621
604
617
604
584
570
559
545
552
554
569
598
600
591
597
596
590
563
550
551
556
543
541
545
528
520
510
505
501
495
496
499
500
491
494
507
543
569
613
670
708
676
618
621
655
658
704
718
698
662
690
686
679
698
718
678
629
669
701
659
673
698
692
632
690
718
750
760
780
774
724
716
711
673
643
683
737
729
680
738
758
671
693
693
665
643
676
697
681
670
723
729
654
620
604
606
597
621
650
658
649
665
682
680
639
621
630
637
647
627
646
670
647
633
661
688
681
644
654
648
637
609
612
635
646
645
620
641
660
646
674
691
672
670
681
641
626
630
649
649
674
738
707
728
736
671
655
654
649
641
685
753
700
685
699
680
656
658
668
648
699
762
740
731
738
703
649
645
628
651
708
660
623
619
613
579
588
592
604
609
593
606
621
616
621
621
635
631
610
613
624
619
603
616
643
642
646
663
647
680
665
625
619
630
632
621
630
698
710
679
695
688
650
647
698
657
620
616
654
671
646
654
688
687
659
637
652
635
615
644
663
666
656
659
673
692
717
683
700
688
674
634
630
672
704
669
671
698
755
680
644
667
661
664
665
729
703
661
674
676
690
692
759
753
699
697
687
661
635
637
644
685
672
685
667
671
638
642
673
673
653
704
750
718
689
676
634
620
630
657
629
644
655
634
622
613
623
629
626
637
652
664
650
674
693
682
646
636
650
661
650
641
648
648
659
633
652
672
698
666
649
627
617
613
631
662
649
667
692
700
667
676
701
669
691
650
643
686
721
674
712
704
709
664
688
691
672
678
723
762
703
749
757
734
698
748
728
692
646
656
681
703
771
808
775
706
693
705
671
664
690
716
682
718
731
724
696
703
708
662
674
691
678
644
693
773
777
746
730
723
683
693
706
729
730
777
786
776
738
752
745
724
698
720
727
713
763
761
706
691
676
690
688
730
721
729
756
780
753
693
681
651
646
627
625
663
688
698
743
756
708
698
699
688
691
677
721
723
697
687
733
727
687
653
627
635
646
688
720
745
739
731
725
719
710
688
663
711
728
762
756
728
765
748
738
671
647
661
713
760
755
710
732
771
753
698
703
697
696
663
659
711
740
735
698
717
718
737
702
680
697
705
718
685
676
671
663
695
721
676
787
803
755
750
773
753
717
749
769
718
700
723
751
725
750
748
713
672
646
659
1047
855
755
724
686
670
644
625
666
717
772
801
784
755
697
673
659
666
687
696
712
725
735
753
714
752
796
714
675
672
684
681
734
774
771
767
754
736
717
699
675
673
654
659
644
620
604
602
583
584
635
663
628
626
684
703
650
637
662
663
661
639
647
650
647
623
632
635
643
620
636
658
640
609
620
612
669
693
683
652
678
658
615
591
579
576
570
573
565
583
607
630
604
611
614
611
587
589
599
616
607
619
636
651
635
623
627
642
607
600
613
636
600
589
589
599
629
626
689
713
678
633
641
632
617
617
619
636
620
630
633
623
586
578
592
591
593
609
609
595
588
602
618
599
592
605
611
600
595
599
618
631
611
635
631
638
629
646
654
640
627
641
650
639
640
689
715
657
655
659
647
641
668
682
665
711
713
650
669
681
671
653
667
662
633
641
656
641
621
637
626
604
597
599
596
599
604
604
580
587
596
604
611
614
596
610
614
597
596
598
597
604
618
620
619
629
610
636
630
625
610
597
599
601
604
601
622
634
614
644
661
659
690
681
646
643
657
630
628
647
665
634
650
642
621
610
631
619
619
597
621
610
612
610
601
581
589
591
581
583
616
646
617
650
688
665
640
670
714
667
679
688
689
652
653
673
679
648
698
698
693
682
721
770
748
688
694
706
665
646
674
730
728
696
743
744
686
662
684
677
668
661
691
730
728
699
740
725
695
692
685
662
687
685
663
660
685
721
713
688
697
708
670
689
686
698
673
686
683
705
679
686
719
708
674
673
695
698
677
702
727
728
681
675
687
686
651
666
702
749
693
701
726
722
673
688
687
717
715
690
671
661
647
656
691
668
653
662
662
631
639
656
698
670
652
667
657
623
636
663
651
662
655
644
615
614
634
685
677
714
713
670
695
713
663
652
716
717
668
682
693
674
656
669
700
657
664
689
684
676
717
730
689
696
689
679
650
647
668
682
694
754
730
681
711
695
652
660
679
664
667
677
715
690
663
667
660
647
629
648
660
643
654
683
678
641
640
694
729
723
673
689
686
663
634
656
688
688
699
675
688
705
670
645
650
671
657
646
662
682
686
647
655
667
672
652
661
688
672
646
674
693
681
670
694
695
668
688
709
721
656
655
659
677
654
718
756
735
702
731
747
725
698
721
714
676
685
699
688
653
675
674
670
676
718
759
698
705
710
710
672
658
686
721
688
708
730
746
718
702
703
692
677
672
680
724
673
661
687
688
692
650
663
695
715
688
664
694
737
737
701
704
724
675
636
626
657
676
671
661
643
631
609
625
644
653
636
647
673
674
651
639
647
654
634
641
648
671
639
617
642
685
664
645
660
653
668
646
666
736
747
724
662
663
671
683
656
655
669
623
604
627
659
628
629
644
652
640
659
738
785
750
773
787
767
713
709
705
686
674
717
741
763
709
738
726
688
629
622
608
587
595
619
651
646
660
690
706
680
638
615
594
609
646
655
630
629
617
614
643
680
723
699
719
729
694
661
641
655
682
705
698
756
794
743
683
693
682
661
641
671
713
681
671
690
715
682
650
663
668
682
652
675
707
721
693
683
706
727
702
669
669
726
754
692
666
661
668
652
680
704
732
686
723
715
706
662
680
697
667
687
706
704
671
693
708
681
643
653
652
654
633
648
657
661
649
616
632
621
626
617
602
604
629
662
655
641
657
663
642
632
634
628
633
609
607
620
617
603
599
620
611
604
587
580
598
619
606
605
608
621
606
593
608
620
639
623
617
627
643
621
611
617
627
605
608
631
642
612
599
602
595
583
581
596
602
609
604
649
649
628
626
643
651
631
616
626
644
623
622
640
676
672
651
659
675
650
634
645
648
636
607
602
622
623
605
596
609
619
608
619
628
602
596
604
610
618
603
606
621
612
595
601
592
585
597
608
620
610
599
610
611
601
595
613
610
597
593
605
615
594
595
618
595
593
604
619
611
588
580
594
592
577
573
572
564
575
573
581
579
581
570
559
543
528
521
515
513
515
519
521
521
516
511
512
509
506
497
493
494
497
501
499
504
499
494
501
511
527
544
563
575
589
584
588
574
561
531
526
522
528
538
549
553
556
553
544
538
538
534
531
529
509
505
497
497
505
518
528
527
530
530
507
506
503
506
525
539
537
549
552
558
549
546
547
551
535
520
521
545
545
527
527
538
552
577
594
628
644
610
598
592
608
587
572
583
592
610
603
574
589
595
595
572
566
570
570
558
566
588
603
591
581
583
595
574
557
558
555
554
549
546
542
555
575
548
545
556
582
569
563
566
598
600
583
585
613
643
616
605
603
599
564
569
574
599
630
613
603
610
606
595
573
575
584
603
605
588
596
614
646
637
623
624
638
651
643
630
638
635
596
626
632
621
625
615
600
603
589
587
582
589
598
590
599
601
608
601
622
650
664
639
636
630
644
606
596
607
620
616
620
620
610
640
649
625
638
628
638
618
612
615
615
598
597
602
622
604
629
646
655
619
640
635
648
617
596
602
628
646
612
636
636
624
608
591
590
575
578
571
582
604
633
611
598
565
563
564
569
577
577
577
563
562
550
534
522
523
532
538
548
543
530
531
548
561
571
570
592
580
580
569
544
539
550
546
551
563
564
550
534
517
509
507
503
490
491
500
508
524
505
501
506
510
511
510
511
509
497
492
495
495
494
493
496
501
503
507
512
517
513
509
521
543
565
572
578
596
624
625
586
560
572
576
604
618
627
588
571
593
611
653
613
614
650
649
624
611
579
588
655
739
696
646
662
660
643
606
596
606
646
640
665
704
700
641
685
688
671
630
593
587
578
589
613
610
604
581
632
662
693
656
670
670
660
635
652
684
701
662
690
694
678
662
672
669
638
634
665
717
650
672
711
697
648
660
659
625
615
646
686
633
630
666
672
646
608
604
605
633
614
626
658
666
618
633
639
629
600
597
609
614
588
605
620
610
586
618
570
566
588
622
609
574
557
551
542
526
520
521
521
523
522
521
522
521
512
510
501
507
519
547
582
605
644
655
659
668
648
638
578
551
545
564
604
651
643
650
604
599
589
604
637
720
714
733
685
677
638
633
619
606
573
581
570
547
559
576
604
603
624
588
630
647
680
652
615
591
596
600
612
601
592
570
558
536
526
533
552
556
591
592
572
566
554
539
533
534
521
512
511
510
511
502
500
494
485
485
489
501
518
540
553
574
597
646
714
751
698
652
630
605
587
584
547
540
554
596
650
713
638
683
668
646
637
616
606
596
582
576
573
561
569
591
595
590
595
591
604
573
574
592
588
593
583
611
595
586
568
544
546
556
577
612
631
652
641
642
642
637
601
609
613
634
633
621
613
619
627
618
596
624
662
688
670
613
589
589
603
610
637
663
648
677
688
691
705
678
688
642
666
672
671
622
588
604
637
615
633
649
621
651
696
693
671
727
745
679
666
678
676
661
671
734
716
660
614
614
643
660
654
691
735
671
698
689
655
648
643
658
634
637
662
690
655
650
637
595
613
602
665
707
661
675
661
628
647
652
637
628
663
697
654
669
676
668
630
647
646
620
636
674
661
676
707
658
662
672
664
626
637
647
639
648
698
686
651
725
766
700
717
739
680
629
632
651
698
688
724
731
673
670
699
689
687
716
686
644
663
646
623
619
635
642
612
616
633
653
634
654
663
644
643
638
628
602
586
646
690
719
709
689
680
667
645
658
683
644
644
653
684
655
660
665
644
621
622
625
633
625
667
684
653
632
642
659
664
637
642
654
657
655
662
647
613
607
627
641
632
617
656
674
646
627
647
671
644
614
628
659
657
639
608
612
631
640
623
633
645
639
615
604
642
645
671
674
654
653
656
621
604
604
620
623
611
619
652
672
656
650
637
612
618
618
604
604
624
616
592
602
636
642
649
637
637
635
604
614
619
629
613
593
627
648
667
695
665
669
676
648
617
600
590
583
578
573
592
609
621
630
659
622
605
613
614
599
594
604
593
575
563
562
645
938
828
776
713
664
631
609
581
559
582
608
670
643
617
629
626
630
631
636
647
627
604
629
636
633
617
629
627
628
604
632
617
597
615
632
624
640
620
602
617
621
637
623
642
642
610
651
649
665
630
619
618
624
605
626
637
619
619
655
662
635
646
655
644
629
620
607
606
606
617
624
640
655
653
628
639
646
622
621
643
657
637
665
656
645
641
632
632
632
631
633
612
623
610
601
605
595
595
588
597
601
596
605
625
613
597
617
624
603
601
613
644
618
609
619
594
590
595
605
599
608
613
621
608
613
634
645
605
606
571
571
576
561
559
564
587
589
616
675
702
665
683
701
683
645
641
638
622
609
610
635
632
641
668
675
659
676
664
634
628
617
612
612
635
635
616
608
649
650
632
668
681
656
628
615
610
595
606
617
637
640
689
678
646
674
704
694
665
650
648
624
643
646
643
626
660
656
635
651
634
606
600
597
573
598
658
635
640
636
627
601
619
661
693
655
626
645
657
656
659
677
704
680
654
665
667
672
644
653
639
631
654
662
671
640
643
663
639
641
680
680
647
643
648
656
657
666
682
668
650
666
661
637
640
648
620
606
599
610
611
630
647
656
646
679
666
648
630
626
632
634
627
641
642
636
629
614
610
593
593
604
606
592
595
588
584
581
592
583
599
611
602
598
604
600
591
605
610
602
594
592
579
555
549
542
532
527
529
526
531
523
519
511
509
506
503
497
493
494
487
484
483
479
479
485
509
547
556
569
624
704
691
735
717
648
685
726
688
637
654
705
706
672
759
815
750
668
679
714
650
644
650
649
612
608
618
642
670
728
695
671
627
605
592
577
553
544
540
543
549
557
549
548
530
530
531
542
571
621
712
678
658
654
641
635
600
616
634
626
588
570
559
647
1013
826
715
652
616
600
577
608
659
683
682
703
682
667
657
621
581
581
578
577
607
630
644
616
622
632
645
626
625
655
697
653
675
675
689
651
662
662
652
640
686
725
691
687
679
661
639
652
678
689
680
696
693
661
669
678
678
653
685
706
686
649
658
602
596
598
585
566
593
618
620
595
614
623
631
605
625
638
616
622
647
655
639
676
654
647
674
648
608
593
591
595
589
626
672
624
613
654
682
703
659
621
612
660
678
710
703
693
650
625
629
683
688
686
657
663
668
691
659
671
671
670
627
620
645
672
654
629
659
676
643
628
651
684
641
678
683
690
635
653
646
643
622
627
625
640
608
620
631
666
622
621
654
678
656
667
627
607
588
575
558
561
573
574
608
668
722
663
707
683
637
602
590
618
675
717
681
693
683
631
634
800
788
746
736
665
655
641
651
634
651
667
703
684
651
658
669
661
630
609
619
646
660
652
678
696
678
650
641
617
581
565
565
577
564
566
551
544
541
544
548
543
532
526
529
543
561
558
579
578
541
521
518
514
514
509
510
504
498
490
490
494
505
515
525
536
531
521
509
498
501
499
490
485
482
479
479
479
478
481
500
521
571
645
671
764
753
715
688
671
663
641
632
637
664
636
604
583
563
559
586
601
621
583
573
592
617
644
656
647
617
589
556
546
546
560
574
566
571
605
680
670
631
659
667
646
607
595
614
671
673
646
629
648
662
685
646
665
646
611
588
592
617
644
715
718
718
666
616
585
560
563
566
584
632
707
682
648
606
614
637
699
628
645
699
734
746
687
713
713
686
676
671
699
686
714
685
662
658
630
612
618
645
627
653
688
641
635
627
602
625
602
612
594
579
575
572
588
603
612
617
640
609
640
652
680
631
639
640
609
596
606
597
636
653
636
656
675
636
651
653
646
660
660
633
659
655
629
662
695
670
692
679
647
677
686
669
653
659
642
590
587
607
592
617
675
717
663
729
723
688
689
695
677
643
630
646
644
622
636
697
696
676
729
672
692
639
645
641
631
641
639
673
632
618
634
610
588
565
566
572
582
583
606
597
590
586
584
591
578
560
569
572
568
569
575
563
558
537
525
512
510
507
512
506
503
493
491
488
483
490
497
506
507
507
504
493
485
482
478
473
468
463
461
457
454
453
457
468
517
594
595
575
563
541
529
526
519
530
532
536
537
566
618
628
598
610
640
637
611
636
646
613
590
618
642
634
604
629
693
686
616
596
605
642
617
626
650
644
593
593
625
663
619
651
663
670
627
633
629
646
641
632
640
684
659
662
678
689
632
694
696
663
622
614
629
688
696
690
628
598
633
623
620
676
769
704
638
629
640
646
623
609
628
659
645
657
659
657
679
644
693
742
674
692
651
654
649
658
622
655
671
698
695
651
634
643
656
630
629
638
660
624
630
675
676
651
661
715
731
666
638
663
688
656
604
611
611
626
611
616
634
689
646
645
684
681
646
664
689
674
623
641
671
688
653
668
669
678
651
651
655
670
635
657
670
703
688
673
671
688
675
629
647
668
694
637
619
597
562
584
754
775
747
711
675
654
648
656
662
646
634
623
598
601
596
621
619
606
616
618
628
612
578
574
575
571
592
620
617
628
653
628
672
710
680
659
675
682
634
632
632
631
607
613
637
683
651
693
715
701
652
655
643
638
616
645
680
651
651
687
720
659
687
677
650
655
655
647
628
600
565
551
559
585
612
624
628
646
619
632
668
723
662
670
660
665
622
628
640
617
637
647
691
738
659
672
677
700
654
678
633
596
591
592
630
676
651
711
723
673
616
603
599
610
632
661
683
729
647
653
667
646
704
724
665
645
633
638
610
628
645
647
661
711
696
692
688
676
646
655
656
680
660
740
720
700
683
685
681
638
661
665
658
635
644
651
625
592
609
626
713
665
676
679
657
617
626
634
623
614
647
646
664
629
620
631
661
629
651
662
711
656
657
698
699
665
648
680
683
649
656
678
712
663
727
781
738
733
769
690
681
673
685
659
696
726
745
740
824
847
782
813
763
772
789
746
764
725
721
662
676
707
692
744
743
784
779
731
671
660
653
642
620
639
666
697
662
653
636
616
589
601
606
599
603
613
611
599
623
658
677
628
626
619
617
594
598
612
606
599
627
640
651
690
675
652
675
686
654
639
642
684
661
647
648
621
591
580
588
582
608
629
633
604
597
592
604
604
590
610
608
616
596
580
582
584
584
570
575
587
581
590
604
611
621
617
585
591
568
556
567
575
563
577
586
606
592
588
627
665
669
647
681
723
721
688
680
696
688
648
615
623
634
670
677
673
704
724
669
654
664
701
685
653
673
734
712
699
645
633
635
625
621
642
661
645
672
711
680
699
697
690
647
658
659
650
612
620
633
652
614
601
612
628
616
633
677
628
644
655
646
602
595
596
595
572
572
576
607
621
607
627
634
629
590
587
596
633
656
632
654
670
654
596
595
596
600
603
603
595
608
613
599
614
640
661
632
637
647
675
631
622
624
616
598
600
606
595
571
553
560
829
809
768
714
674
631
583
572
579
590
597
609
588
598
605
605
601
590
598
596
596
588
604
615
622
595
607
624
648
613
634
649
662
652
624
646
654
654
632
651
676
739
744
650
658
644
668
641
694
749
756
737
717
678
646
676
690
687
712
725
687
656
677
689
692
647
669
665
694
657
695
694
697
663
679
694
710
717
744
707
663
671
663
630
645
668
697
667
684
680
649
646
640
640
607
617
634
619
657
673
627
646
635
634
612
638
621
594
585
624
676
653
636
621
614
604
607
595
587
570
562
556
545
550
550
548
540
539
535
533
531
523
506
498
496
493
493
479
481
479
480
485
505
531
568
581
608
593
605
584
580
569
579
559
550
535
531
516
506
506
504
500
499
493
486
477
472
473
476
481
495
499
510
512
516
516
517
514
503
500
495
497
497
484
477
482
496
521
533
536
521
515
516
523
541
546
556
553
527
517
531
548
559
563
564
568
569
571
567
555
545
541
539
536
537
514
509
496
506
524
556
583
620
618
646
604
595
592
590
591
596
597
593
578
555
548
526
522
516
521
530
534
525
528
528
521
502
492
492
499
519
528
535
535
546
549
546
555
566
573
564
559
551
557
564
577
583
563
572
551
514
510
518
539
570
626
629
632
637
612
611
604
601
572
554
568
596
602
625
598
633
639
659
658
651
616
604
594
594
574
580
579
558
525
521
535
555
604
621
638
645
685
665
639
612
597
589
578
574
594
591
587
583
580
602
577
553
537
543
556
565
573
586
593
592
598
605
572
574
575
581
627
671
662
643
626
570
567
549
525
515
509
511
523
534
550
573
584
591
594
588
583
566
560
533
514
515
519
520
511
512
508
504
491
492
502
527
536
548
554
560
560
558
548
540
537
534
537
539
543
542
553
555
564
563
564
554
530
518
509
513
519
536
540
554
563
569
579
571
573
564
568
561
540
533
553
596
627
634
627
628
614
614
577
560
554
551
559
567
611
645
682
683
688
649
614
584
570
577
599
613
593
611
624
572
572
577
600
636
606
615
612
619
601
588
580
590
580
616
622
572
566
565
578
568
522
534
555
595
623
599
633
625
647
635
616
613
610
590
573
569
537
518
520
534
553
567
589
545
533
534
538
533
537
538
538
534
528
525
541
551
550
551
530
516
516
522
534
542
548
561
570
566
560
560
539
511
509
527
572
623
642
643
621
607
589
571
558
544
530
522
522
520
524
526
503
498
515
545
585
635
653
647
633
626
611
615
604
620
621
634
627
635
616
590
564
556
550
550
554
402
652
520
531
541
559
543
538
563
576
593
611
638
646
623
616
605
616
597
594
568
561
568
568
572
559
578
534
520
515
520
527
539
544
548
553
560
540
541
545
535
540
523
510
507
525
550
581
636
650
617
598
588
585
575
567
569
559
568
576
537
530
526
535
539
543
560
559
545
562
577
612
615
583
579
566
553
564
558
550
545
556
575
573
577
580
569
553
564
592
625
619
602
604
600
569
581
568
563
584
579
559
562
589
597
598
621
600
591
595
614
587
537
525
517
534
574
606
788
779
736
695
716
691
611
577
577
583
837
895
846
807
736
687
666
677
684
689
715
715
700
717
674
646
625
610
601
588
568
542
541
561
591
632
667
653
637
625
625
629
633
616
619
615
604
609
624
647
638
616
619
597
551
531
551
583
608
623
621
614
596
586
560
559
574
592
610
614
606
611
618
601
588
555
574
587
578
608
613
628
600
607
577
571
582
604
589
565
574
604
596
604
633
657
619
652
631
630
596
585
600
616
667
674
651
600
586
577
572
568
551
547
549
561
578
622
625
634
619
590
568
551
537
533
530
546
566
578
596
614
628
676
723
750
753
763
742
714
700
707
688
699
706
670
670
660
663
685
690
656
707
728
741
725
693
702
695
685
665
683
713
670
686
700
695
674
716
730
667
686
707
702
667
696
712
694
692
701
717
663
677
694
670
686
688
696
652
702
693
658
671
670
672
700
715
739
683
677
666
680
657
667
692
693
672
737
734
733
656
706
714
666
663
682
715
694
677
697
713
690
695
716
710
709
729
747
680
719
720
677
651
668
719
690
693
712
684
640
652
653
637
635
669
688
651
678
707
657
669
650
620
619
625
623
584
575
585
610
639
653
624
623
619
635
609
627
631
659
635
653
673
695
648
694
724
688
666
664
684
678
637
667
704
723
672
699
706
744
669
704
687
669
634
654
674
677
648
657
698
709
663
665
676
685
633
650
658
640
679
705
657
712
726
718
677
709
707
666
651
664
670
649
645
658
661
668
687
690
642
662
678
646
652
664
647
676
679
694
676
692
705
697
665
677
693
648
678
701
712
653
641
611
628
631
625
681
711
669
702
697
658
645
666
688
670
637
660
665
683
666
701
716
695
684
687
681
650
692
674
672
651
681
681
672
651
659
676
666
650
672
694
683
664
666
667
631
634
640
652
636
649
691
656
666
669
670
642
614
625
655
688
674
709
726
686
737
733
705
735
729
695
720
714
732
680
714
702
648
620
641
725
795
831
797
759
715
729
742
760
729
739
741
743
715
727
726
733
697
708
705
688
666
689
704
715
708
724
754
741
690
706
724
686
691
711
716
675
729
749
698
703
720
698
651
667
673
660
694
719
715
702
721
702
662
683
692
718
695
740
772
731
733
736
753
722
760
765
795
741
753
739
707
729
729
724
721
754
755
715
755
787
755
705
721
745
742
771
793
792
779
781
738
698
676
648
641
668
676
680
645
649
651
645
612
605
608
614
612
615
609
604
597
586
582
569
578
594
615
672
662
670
693
717
696
696
681
652
649
688
705
721
710
720
713
669
672
667
703
658
712
761
748
697
752
747
709
666
706
725
718
675
648
624
662
683
672
649
722
722
729
759
763
741
716
689
648
678
689
709
714
703
741
723
733
707
725
689
670
719
738
740
721
762
760
710
689
709
725
695
704
718
739
687
711
742
746
688
703
703
717
707
699
681
673
664
694
743
759
716
723
727
698
699
699
704
668
696
740
737
706
740
760
709
722
734
735
681
722
686
674
653
629
642
684
692
687
722
677
712
717
670
654
682
702
679
684
705
727
681
710
705
683
665
683
687
665
671
653
658
636
652
650
671
660
684
701
699
651
677
659
691
666
715
743
733
688
731
730
682
665
671
694
683
669
695
679
649
665
697
733
699
675
680
695
666
668
656
656
655
679
680
667
690
720
706
658
670
712
722
684
688
727
749
685
709
723
729
694
731
729
709
662
683
709
698
681
716
759
732
700
701
692
687
662
687
716
684
673
685
682
652
667
688
711
668
716
730
714
696
759
782
750
753
756
704
707
727
737
721
753
795
773
718
731
733
688
699
691
685
669
698
753
721
757
757
701
730
751
712
739
729
741
728
704
744
755
734
766
754
770
717
730
746
762
730
771
786
768
787
810
778
728
748
746
707
740
751
720
729
729
726
716
749
770
728
721
704
723
683
684
693
684
681
688
669
679
697
680
674
706
684
688
714
730
700
718
718
723
695
728
742
714
726
749
750
712
762
789
765
713
733
754
764
726
757
770
761
711
741
753
710
703
720
725
670
700
743
763
719
719
733
717
675
699
709
709
688
713
698
667
668
674
681
629
619
617
644
663
661
635
678
700
717
719
768
807
759
743
752
770
737
741
768
813
778
798
847
860
773
788
780
721
743
756
770
727
755
745
725
682
648
699
763
1041
920
865
832
804
772
769
772
780
784
803
824
821
808
800
782
761
748
752
749
710
730
758
725
692
708
724
680
715
725
683
680
691
702
650
681
702
734
783
797
742
781
792
767
776
761
743
693
730
771
758
748
802
815
776
826
815
765
729
728
713
688
690
729
792
752
798
758
704
729
748
715
754
786
743
742
731
696
716
741
729
709
734
742
749
710
740
758
760
729
748
738
714
699
674
669
664
671
732
738
726
744
764
735
690
688
712
693
701
730
739
721
761
757
715
710
704
678
647
665
659
667
697
725
696
764
793
751
784
793
729
731
713
710
726
807
826
746
774
788
737
753
802
827
737
767
793
745
758
774
746
696
713
725
706
702
727
746
718
725
726
707
681
723
671
701
683
687
663
675
690
681
712
721
655
669
659
646
623
647
657
676
647
690
719
709
680
728
751
716
717
713
695
743
770
717
714
714
729
719
757
772
771
741
756
780
735
763
770
716
703
718
735
702
760
796
794
757
774
794
742
755
758
765
738
717
694
669
681
721
700
733
773
761
753
745
712
665
665
674
681
680
737
776
783
831
782
771
759
734
689
752
773
743
703
729
747
729
754
791
813
760
817
810
764
713
729
751
727
767
779
768
744
767
798
740
789
785
741
737
743
738
708
718
720
730
703
749
724
723
683
711
679
728
729
709
700
707
703
679
660
656
621
625
663
646
656
688
659
690
708
714
657
663
661
688
646
682
686
679
708
689
662
654
667
698
675
710
708
666
683
710
684
660
677
702
668
670
697
707
661
687
698
655
684
692
659
618
637
688
727
682
724
750
743
655
670
634
618
637
627
624
666
685
672
667
680
666
627
654
673
674
633
642
661
719
687
654
705
742
714
679
687
675
643
694
708
743
721
714
732
750
688
692
713
730
723
767
771
776
714
715
730
743
700
724
731
747
706
747
768
712
722
744
765
715
746
765
746
769
769
706
713
726
720
670
694
712
768
720
775
773
731
755
732
706
707
736
733
714
729
752
731
751
743
712
739
743
714
714
741
750
732
753
764
743
737
743
765
729
764
765
761
733
767
806
795
812
821
805
758
801
772
708
721
747
769
752
811
837
834
810
837
821
773
786
791
767
770
810
800
723
729
709
687
727
827
837
908
904
798
834
790
760
772
729
705
705
719
709
733
740
753
785
762
752
763
729
747
719
700
721
706
714
684
659
680
680
672
663
662
651
630
629
646
677
695
739
786
769
757
772
762
708
727
736
709
748
770
763
730
740
743
710
757
772
750
746
760
771
727
748
726
688
661
680
680
660
704
763
744
709
682
650
674
677
649
706
729
727
743
737
738
686
700
710
700
713
757
769
730
715
737
752
694
697
705
690
713
732
719
729
671
650
696
741
753
723
781
751
712
676
686
697
710
701
722
737
703
713
706
713
712
684
683
709
730
719
676
696
722
708
700
660
707
745
767
754
717
735
731
694
729
733
716
710
736
764
731
769
811
817
725
660
640
700
1024
916
885
854
808
768
739
717
706
715
746
727
725
723
737
747
729
723
725
689
704
720
709
703
716
711
681
693
665
702
707
701
724
738
672
723
742
757
757
711
717
690
687
699
707
690
697
725
700
716
713
694
661
669
643
665
649
648
640
623
606
584
569
554
545
557
562
556
554
552
565
582
606
631
622
594
592
570
585
631
646
701
665
663
715
705
671
675
679
656
665
666
670
645
686
682
699
660
687
691
679
662
669
683
669
688
686
679
724
738
710
736
730
702
668
675
678
649
678
680
684
646
660
685
729
711
710
725
733
679
683
686
680
724
731
703
712
724
707
692
717
715
716
727
737
728
689
708
738
753
730
697
681
696
702
646
647
653
664
650
674
684
664
708
727
696
710
703
688
659
678
687
655
660
687
655
647
634
647
652
638
665
682
659
659
681
710
665
679
677
692
706
738
744
690
704
694
729
721
727
719
705
711
723
715
678
700
734
702
737
759
747
782
817
784
775
729
668
672
662
656
651
679
679
667
691
707
668
698
704
667
641
646
624
604
600
618
638
629
619
619
592
573
589
587
584
570
571
576
574
577
563
552
559
545
534
544
549
550
550
554
562
573
592
597
582
583
578
579
564
548
538
526
528
529
526
532
521
519
520
521
509
499
495
494
488
487
479
476
475
470
466
476
473
477
473
470
469
468
457
460
452
454
459
462
461
461
459
462
463
465
467
476
475
474
472
479
485
487
503
512
525
546
555
538
519
509
502
499
502
504
513
542
585
609
596
584
586
588
591
591
579
595
602
604
602
579
557
577
614
657
653
619
656
665
672
688
674
628
596
607
636
667
661
654
609
585
640
603
639
664
716
735
699
668
632
615
632
619
636
670
779
776
763
753
739
722
652
644
651
714
830
811
749
796
783
780
704
720
738
652
637
636
695
719
741
731
708
668
640
635
649
692
763
746
698
728
794
784
750
724
695
673
630
620
624
652
627
632
623
772
1114
976
926
870
866
835
794
733
741
738
776
823
806
798
784
786
794
793
793
830
813
791
752
708
714
727
729
761
706
706
711
750
715
707
762
778
722
767
805
801
750
750
747
724
770
804
775
736
802
772
715
726
760
821
786
787
802
779
739
741
757
794
728
722
737
757
748
782
763
716
718
751
710
716
773
833
803
782
829
791
727
733
757
723
710
764
743
713
754