564
570
569
563
560
553
543
538
537
539
540
544
531
531
525
521
529
541
579
613
634
668
675
656
654
636
576
575
573
577
583
599
614
609
602
591
586
575
551
542
528
520
514
507
502
501
504
513
513
507
509
496
500
505
513
538
579
580
572
583
590
600
614
627
633
645
640
630
610
594
580
568
563
577
602
635
652
661
639
664
656
645
657
631
635
633
619
603
599
593
595
589
599
596
602
604
600
610
629
645
668
688
710
684
692
670
658
641
640
646
655
684
700
699
660
648
646
636
670
685
680
698
693
657
646
627
616
598
619
624
635
629
655
657
651
665
659
659
658
666
657
626
641
633
622
614
620
629
657
674
714
725
712
696
675
653
633
619
632
637
657
685
683
693
696
680
656
624
610
602
610
627
668
698
728
692
688
673
680
675
652
638
624
617
612
607
613
604
616
610
604
609
604
606
634
653
662
683
688
658
658
631
604
595
599
608
629
643
672
657
657
641
637
626
621
623
617
603
603
602
611
615
640
638
652
647
631
626
627
603
601
599
596
595
603
599
605
600
597
590
598
607
619
638
639
641
630
631
622
622
619
612
611
600
597
596
603
604
598
580
564
553
545
522
511
502
493
490
491
489
500
543
711
703
673
721
725
678
744
729
709
719
635
623
628
655
643
677
665
640
639
633
631
625
588
603
604
616
640
614
604
595
577
575
562
558
563
558
563
567
567
563
563
559
561
558
563
576
609
636
640
656
659
644
656
638
620
603
596
587
570
579
583
598
615
675
739
760
736
748
736
699
707
687
644
646
639
646
655
730
802
764
766
752
703
706
678
640
616
617
632
645
716
751
781
768
784
776
722
717
692
674
668
683
701
688
728
729
709
726
718
684
672
661
643
604
608
624
755
779
802
791
777
790
755
720
708
697
653
682
679
667
692
709
716
700
725
730
696
718
708
667
701
703
662
658
627
592
591
637
747
789
771
766
702
730
715
653
611
599
592
598
593
620
630
635
611
612
606
605
601
599
597
607
620
633
625
618
591
574
568
566
571
588
613
623
655
672
684
665
651
642
612
613
607
613
618
669
717
741
798
811
761
775
787
729
706
710
716
687
711
703
691
715
739
737
720
740
742
710
729
728
703
712
711
718
701
722
721
695
715
714
692
729
733
708
716
702
667
686
684
671
688
688
658
652
632
605
601
617
670
701
734
775
741
747
723
657
646
592
555
546
545
572
709
751
742
750
722
767
764
729
776
769
730
671
650
633
614
615
618
619
649
684
704
679
694
689
677
659
647
637
622
646
661
675
663
675
670
668
643
646
633
621
650
659
687
707
714
690
655
641
621
604
604
620
653
646
688
694
656
648
635
613
599
595
583
592
612
638
623
632
623
623
602
596
586
590
585
587
593
578
576
593
598
614
628
637
630
638
651
684
701
687
704
707
680
680
668
659
640
665
684
694
717
742
762
738
752
743
692
693
676
678
656
685
691
688
712
710
703
692
703
701
686
685
688
690
652
649
614
592
598
670
783
787
766
755
721
726
699
638
657
678
686
722
754
738
729
727
690
692
680
671
655
674
668
636
636
625
610
616
675
730
707
707
722
696
726
729
705
721
668
628
607
585
564
559
565
599
646
681
677
621
608
577
603
579
566
552
533
519
506
496
488
479
473
466
462
459
453
457
474
542
621
605
641
605
635
639
644
648
662
663
670
666
638
572
544
509
521
512
511
521
538
562
568
579
580
567
557
544
541
537
534
521
521
519
521
533
557
563
560
559
560
578
609
620
622
613
595
575
555
539
524
514
498
503
500
501
520
602
687
618
645
649
646
646
641
599
574
556
543
533
518
514
506
506
535
625
665
656
666
679
681
674
673
631
628
577
560
553
544
543
549
553
553
550
553
556
559
546
548
551
552
553
552
551
547
543
543
536
534
538
553
547
554
551
554
553
551
547
546
545
541
531
527
536
554
591
626
637
610
607
586
587
599
609
587
575
564
553
553
565
638
754
742
723
725
726
714
696
616
594
590
586
579
572
563
557
556
548
545
548
554
563
568
604
651
663
657
631
611
588
567
547
544
540
546
576
636
731
739
714
673
628
618
589
583
600
632
669
682
659
644
630
622
624
612
592
578
560
546
534
528
527
532
542
579
652
733
703
685
679
673
635
578
558
548
540
536
540
552
569
564
557
569
606
670
735
764
734
729
719
698
665
635
634
615
593
603
640
678
708
728
735
744
697
675
674
673
696
685
670
683
665
654
642
657
697
742
737
751
738
734
685
687
683
693
671
655
671
682
692
694
683
704
699
701
660
663
640
607
599
616
625
657
702
727
716
671
679
661
670
651
670
676
695
676
701
701
692
650
645
626
619
604
623
637
663
678
725
746
731
732
723
699
678
673
671
646
646
659
678
657
698
695
692
666
674
680
681
678
700
705
681
703
708
673
659
658
657
657
638
651
653
659
641
660
656
651
643
658
655
644
635
629
628
615
627
636
643
633
649
649
656
632
633
627
632
622
623
632
636
644
624
641
641
651
625
639
631
643
628
641
642
629
647
656
675
677
659
674
667
669
649
658
656
660
646
659
661
670
661
690
704
725
695
712
701
680
681
671
669
650
662
665
665
660
673
673
671
641
637
628
636
635
649
672
695
694
707
716
708
682
685
680
664
654
656
662
661
691
715
734
709
715
681
654
653
636
610
620
636
687
736
770
743
746
750
713
701
703
710
716
710
723
717
680
685
672
672
669
717
746
729
744
745
702
711
697
672
645
644
651
670
713
770
768
748
765
751
714
729
728
711
692
696
700
694
715
730
746
710
722
718
694
688
700
707
702
730
746
734
719
713
715
684
695
694
685
672
680
688
687
710
729
728
707
724
721
694
702
710
708
699
730
749
729
736
730
683
676
668
679
676
719
752
747
765
762
703
688
671
660
645
653
673
717
735
767
771
729
738
734
703
701
704
705
689
709
717
686
686
676
664
645
666
694
710
758
788
796
745
745
724
677
681
682
666
669
692
703
705
738
741
735
715
722
712
688
700
712
719
701
716
715
666
643
631
623
634
653
687
701
661
661
655
649
635
629
624
631
639
630
648
646
634
637
644
649
654
648
663
664
645
644
647
655
639
652
655
672
660
666
669
679
663
671
682
684
672
692
704
684
681
692
689
660
651
628
612
627
652
690
692
708
697
654
642
639
609
592
581
566
561
549
536
528
522
520
514
515
524
540
564
586
597
613
612
615
610
617
608
602
604
605
600
623
657
729
753
754
745
735
677
645
609
584
569
561
552
551
560
557
571
635
669
674
611
601
591
592
582
566
566
561
558
562
561
558
541
547
543
541
540
541
542
540
548
556
569
585
566
576
575
585
600
587
629
666
698
651
635
634
606
596
579
575
571
571
580
584
602
619
632
613
613
619
615
621
604
618
637
659
661
647
673
670
658
621
626
620
617
604
615
628
651
689
662
676
688
686
640
642
643
639
623
633
658
680
682
679
677
648
614
603
596
596
595
579
583
604
627
635
632
645
659
646
626
632
639
651
630
633
630
615
602
618
635
652
646
650
654
646
626
632
629
618
596
580
572
574
588
579
571
574
571
580
592
616
635
607
596
594
604
628
634
630
647
652
629
627
644
655
648
643
653
635
609
610
608
600
612
658
706
691
707
713
683
647
646
632
616
601
592
592
601
609
609
621
638
646
622
628
634
620
595
592
587
586
577
584
592
603
610
604
610
617
630
613
612
609
610
604
608
623
641
633
647
662
674
659
652
653
637
617
614
631
661
679
671
686
688
652
638
622
617
620
619
635
660
675
661
673
691
655
629
606
596
583
574
581
601
662
767
764
762
720
647
640
623
611
596
604
613
639
632
651
661
656
633
631
646
655
641
651
658
662
634
630
620
611
598
606
636
668
646
646
642
621
607
599
596
598
589
591
596
604
595
603
607
598
583
578
584
604
615
625
628
625
606
600
604
613
618
634
638
648
623
618
613
611
603
593
590
591
578
576
585
606
623
634
679
699
653
629
619
611
591
583
577
578
575
579
591
613
648
624
620
619
612
594
600
612
636
631
654
666
657
631
626
620
604
593
587
586
579
575
593
617
632
627
630
634
611
604
596
583
571
571
587
613
633
667
671
646
607
596
593
597
593
599
605
612
601
605
613
622
607
607
614
614
601
603
604
604
591
587
584
582
573
565
567
573
578
585
588
599
598
578
574
575
578
573
563
561
564
566
574
571
568
572
585
608
609
631
655
665
661
638
634
629
611
602
606
628
674
688
686
705
706
674
643
634
626
603
588
577
567
552
556
555
561
543
549
548
555
552
555
560
563
563
565
564
565
573
573
575
580
590
606
612
622
648
661
660
668
685
702
693
706
716
726
704
707
706
697
676
673
665
639
633
632
642
643
672
710
706
689
688
673
643
629
609
584
573
566
571
598
617
649
674
657
653
654
652
630
592
580
563
546
535
532
534
548
567
608
663
706
724
697
659
620
594
573
564
568
573
569
600
642
637
644
646
621
618
608
598
595
607
624
646
648
670
689
685
644
615
582
562
560
576
621
665
689
704
701
687
659
605
583
556
546
546
560
586
618
684
763
755
733
711
662
642
643
637
615
620
642
682
705
733
750
713
693
659
647
631
646
667
692
667
658
654
632
628
637
654
651
665
656
625
620
609
601
594
601
615
617
611
595
582
592
603
610
581
585
569
562
563
565
576
609
636
625
642
622
603
573
568
565
567
579
580
568
582
568
560
556
557
559
553
554
560
550
558
568
578
600
582
589
603
601
603
585
592
593
596
596
607
650
694
701
695
670
617
598
585
584
581
604
677
761
712
723
705
635
612
608
604
605
599
630
659
668
666
717
707
663
661
668
658
635
672
691
678
659
675
656
617
625
636
656
646
665
691
688
641
646
620
579
561
561
618
823
710
760
764
733
749
757
701
697
639
590
581
563
564
556
558
576
609
634
624
613
618
612
604
588
575
569
564
561
547
545
545
553
573
623
684
702
669
675
649
624
591
591
596
612
615
635
683
716
694
669
667
646
615
596
587
585
605
673
712
714
684
647
616
580
561
548
537
532
535
554
593
712
805
783
784
788
793
716
681
666
666
663
669
657
635
671
701
775
698
696
689
677
669
657
684
683
660
652
677
688
657
677
716
729
702
719
706
657
642
641
630
609
625
657
693
671
648
653
645
619
607
620
610
589
581
580
583
612
649
686
743
749
745
679
658
611
582
568
554
557
563
591
637
642
671
679
665
651
600
594
583
577
579
564
568
567
566
573
588
597
599
594
583
574
563
553
545
538
531
520
521
522
524
533
541
548
555
553
549
542
530
523
516
511
511
520
546
584
639
643
653
626
604
589
568
564
565
571
583
598
598
591
584
562
553
548
546
548
550
579
655
750
740
743
731
719
672
629
630
620
628
651
665
662
683
686
691
676
636
606
601
601
606
643
648
663
684
677
646
637
638
636
628
627
630
620
590
574
555
540
535
543
559
571
596
634
661
671
661
632
590
569
544
529
527
544
586
685
746
742
710
670
652
634
616
608
597
577
572
566
564
560
543
537
539
533
549
656
856
715
732
783
798
812
767
720
667
648
646
613
605
619
655
737
717
723
721
685
663
621
609
618
618
643
626
611
606
599
604
615
655
724
727
740
674
641
624
624
631
622
606
623
618
620
602
603
611
616
606
615
633
638
613
616
610
605
602
598
594
570
568
570
575
570
578
593
638
678
680
663
624
608
573
565
555
548
544
550
576
618
643
645
601
592
582
577
569
562
558
563
582
598
612
617
610
611
604
597
582
574
561
551
544
537
526
518
511
507
518
562
653
698
699
690
688
675
649
680
622
584
566
557
550
537
534
532
539
559
572
572
588
592
594
591
585
578
569
557
544
533
519
516
518
521
547
614
709
714
675
674
686
600
565
552
542
538
535
548
615
814
750
769
784
785
793
731
635
599
575
553
551
556
594
712
805
815
786
712
646
633
612
603
610
607
610
651
661
686
716
691
683
681
665
635
600
599
598
617
663
680
635
646
659
678
688
659
679
645
632
604
606
603
616
621
597
597
592
591
602
615
596
622
613
604
592
576
566
556
547
543
534
526
527
527
533
530
532
542
583
706
771
778
736
673
641
607
572
563
556
558
578
625
669
699
697
709
705
691
654
633
616
592
577
576
575
586
598
622
676
653
651
662
654
650
627
612
600
589
585
581
581
577
573
567
559
553
545
551
589
647
651
685
688
686
678
646
620
627
623
629
616
609
621
622
607
613
622
603
626
640
656
659
667
660
623
617
593
583
567
559
555
563
555
559
566
585
591
582
604
614
618
589
593
582
573
559
553
545
548
556
565
579
606
649
626
631
654
695
741
707
728
707
667
646
656
657
669
641
638
618
616
625
643
668
655
674
669
642
628
622
617
598
604
606
610
608
629
659
661
669
652
633
595
582
566
558
556
566
588
580
607
665
710
711
701
672
640
616
590
593
593
589
597
641
719
754
768
791
720
721
724
690
661
665
646
604
625
676
713
720
772
776
724
741
736
681
692
688
668
638
659
659
636
641
673
699
679
713
718
666
659
650
629
628
630
621
632
693
751
727
765
751
691
688
653
604
599
606
616
627
683
727
700
730
745
703
691
694
667
626
627
626
614
624
645
660
639
649
646
625
633
623
627
625
617
612
597
598
621
655
650
664
695
696
643
630
630
637
619
644
658
640
631
643
658
642
632
637
644
626
629
630
623
604
599
605
612
611
617
641
652
642
632
615
604
596
585
596
598
594
604
600
596
595
596
594
594
594
583
581
580
566
559
554
548
544
541
542
538
544
559
597
670
729
717
697
666
646
622
578
582
564
556
548
549
563
571
626
698
763
703
673
673
664
649
612
610
614
616
623
598
604
619
646
672
660
693
691
670
654
646
642
625
589
589
585
590
613
643
631
641
660
676
646
634
620
606
604
608
612
591
597
598
612
640
626
623
610
595
586
563
565
563
560
557
552
548
542
537
537
539
545
558
550
550
546
560
611
707
736
714
669
638
626
609
587
574
552
550
549
554
581
659
748
786
809
801
721
708
689
666
657
682
713
764
759
800
784
729
697
679
669
635
644
682
773
793
801
783
730
685
676
660
644
635
649
665
674
680
711
711
674
646
624
597
584
580
582
578
587
597
595
588
575
568
557
552
540
534
536
542
554
563
569
567
571
562
554
553
561
571
593
709
819
801
750
706
676
651
650
664
685
718
720
709
655
648
631
630
640
652
651
650
640
614
591
577
563
558
570
617
736
765
686
646
618
608
607
596
593
590
587
585
581
577
575
573
574
572
568
564
557
549
544
543
545
555
585
621
667
687
635
638
611
618
636
647
661
654
646
645
634
622
624
626
617
619
606
601
610
641
722
733
706
703
718
708
711
721
704
640
628
606
590
580
593
624
665
703
710
731
723
711
697
675
663
660
659
672
663
676
683
687
679
653
677
672
684
663
651
655
662
679
652
633
631
630
632
644
637
636
642
647
656
633
659
646
641
640
611
601
589
575
576
579
617
677
693
706
693
687
669
656
639
616
578
571
564
562
574
588
626
720
869
825
804
799
783
725
623
607
594
593
609
650
685
770
780
756
688
677
673
669
660
660
698
722
758
725
687
678
669
652
632
622
608
599
600
607
632
626
650
659
641
622
614
600
591
572
565
559
559
574
605
687
750
750
688
690
656
636
605
590
584
574
565
568
580
609
688
734
734
692
655
604
573
558
549
540
541
552
615
819
753
757
777
787
768
761
806
695
635
633
628
630
639
630
644
657
698
750
724
706
652
621
600
576
567
571
590
625
640
618
613
602
583
577
575
570
563
556
538
535
531
529
530
538
554
576
597
604
592
576
568
563
552
555
577
612
677
760
773
742
695
650
650
632
624
603
603
613
668
713
715
673
665
650
616
600
592
588
577
577
588
608
655
666
692
679
682
658
618
594
593
591
601
631
669
646
642
641
633
648
649
653
617
607
598
596
615
638
658
651
668
657
636
630
622
589
592
579
571
557
552
555
548
544
549
550
549
545
537
523
514
514
508
508
514
564
668
712
716
733
742
751
715
711
662
621
612
615
624
645
681
719
753
750
738
713
669
651
642
645
672
665
675
699
693
657
637
637
643
688
713
724
680
679
667
649
617
601
595
581
582
590
583
601
646
684
711
726
726
716
672
626
604
580
571
568
577
633
742
863
821
795
788
782
716
699
675
655
630
604
599
597
604
626
613
671
749
784
724
731
710
692
670
646
668
683
720
728
712
758
762
750
688
698
688
673
650
687
710
700
729
736
691
644
635
618
605
613
643
705
728
685
682
701
701
680
637
627
615
611
618
632
627
627
628
621
602
607
622
639
621
617
620
610
611
617
600
616
627
646
644
643
652
651
639
616
615
612
613
628
613
632
616
616
609
610
608
607
604
601
605
606
609
616
621
630
639
635
627
618
609
603
595
590
589
573
566
570
594
679
826
854
816
777
718
633
605
587
582
601
670
780
793
778
723
645
636
613
611
629
668
725
716
696
673
643
623
631
642
684
710
696
674
698
695
688
686
651
675
659
662
643
674
699
722
691
729
728
710
653
631
623
604
601
604
607
585
594
593
591
582
587
578
571
564
558
555
554
557
552
565
563
575
588
587
635
710
754
710
696
677
624
614
602
594
585
582
603
612
642
634
690
696
683
651
635
603
603
601
590
592
607
615
604
606
588
582
583
583
583
584
578
574
578
589
617
611
651
707
766
757
665
649
618
603
586
584
580
573
576
587
613
650
686
704
700
685
630
623
602
581
568
562
551
556
564
580
631
730
750
686
661
628
595
572
546
539
537
535
531
546
624
691
720
767
757
739
688
694
617
592
578
572
565
554
563
572
588
621
627
644
634
637
637
625
585
577
562
551
546
547
578
586
588
613
647
670
643
640
644
640
612
612
602
580
577
582
593
621
612
638
635
641
641
606
600
588
581
578
576
591
585
615
619
629
637
637
610
606
576
568
563
558
560
569
581
591
615
643
670
654
658
643
614
599
582
572
562
563
563
573
573
573
583
614
671
664
709
733
673
646
642
632
599
594
595
598
591
579
598
595
591
581
575
567
563
561
562
576
585
576
577
581
578
564
562
570
577
576
591
609
644
672
646
622
611
595
579
570
568
571
576
583
609
620
631
639
620
598
594
587
576
568
568
577
588
608
622
604
605
606
635
661
637
646
652
657
661
627
647
647
645
621
625
646
663
677
636
619
604
591
585
579
568
577
583
598
582
583
581
575
570
570
575
584
579
588
599
617
628
627
602
592
582
582
581
574
569
582
575
584
573
559
553
548
548
551
556
560
563
563
566
569
567
564
560
550
543
534
520
521
516
513
528
646
796
668
700
731
747
717
697
662
628
623
614
643
657
693
704
757
786
748
723
713
676
643
666
671
651
661
677
713
754
765
742
721
689
666
649
646
629
624
624
624
627
626
613
610
598
581
575
572
579
608
642
630
637
657
667
669
657
616
602
591
587
596
618
662
681
684
673
640
607
605
598
604
620
650
624
628
613
598
602
604
640
651
646
675
662
690
664
639
653
663
665
649
679
689
663
653
677
697
670
681
703
719
691
681
706
700
674
672
694
693
664
677
691
677
622
624
604
579
560
546
537
534
535
534
529
529
532
529
533
536
538
546
550
547
547
546
543
538
533
533
537
550
561
574
580
583
573
563
559
558
554
541
539
532
530
532
540
554
580
592
622
621
622
590
576
572
563
559
563
572
584
600
621
674
735
761
761
696
655
649
631
618
610
608
613
595
608
622
627
602
587
579
573
576
582
591
580
578
589
585
609
631
648
637
628
641
632
600
593
595
590
603
610
668
709
731
700
730
716
656
643
619
600
577
572
568
566
579
609
646
658
631
648
637
625
612
599
588
577
567
556
549
545
530
526
525
529
557
603
742
714
650
695
699
670
642
600
593
601
574
573
572
574
586
618
647
633
639
640
626
608
593
593
604
637
645
679
729
759
754
698
657
628
597
573
564
565
570
598
616
688
731
736
696
634
631
620
594
604
600
599
619
620
623
618
588
578
566
568
568
568
560
573
581
588
603
614
597
584
578
569
562
556
558
562
586
605
611
630
648
650
609
605
604
600
600
600
606
610
591
597
598
603
595
600
602
608
598
582
578
576
574
578
581
581
582
582
577
567
558
552
554
569
615
660
678
675
645
642
618
610
620
618
634
654
627
645
644
673
697
720
703
677
645
655
662
673
654
661
689
709
685
653
646
651
681
696
683
698
723
732
730
662
657
646
604
600
600
609
665
737
750
697
705
676
667
642
600
586
575
564
563
553
551
555
566
592
614
645
665
666
646
631
607
583
573
563
563
568
579
596
620
632
635
627
616
611
610
601
606
594
578
574
583
595
624
647
698
735
703
661
643
618
609
595
594
599
612
643
681
676
652
633
634
622
620
620
637
633
627
626
625
621
606
586
580
571
560
561
580
610
622
661
683
676
652
654
641
615
603
603
602
608
604
629
666
697
670
673
677
649
629
627
607
601
604
603
633
686
687
673
659
643
640
638
643
634
623
608
580
575
570
571
570
585
616
664
667
659
668
656
618
605
585
572
564
559
557
557
549
557
563
575
579
604
625
675
665
644
647
638
620
604
606
606
603
593
610
613
627
657
670
664
642
600
577
566
559
563
582
632
663
709
754
715
688
630
625
627
642
648
643
666
678
678
690
636
633
616
611
615
630
670
672
641
617
593
587
574
570
582
592
599
618
630
625
622
627
634
638
637
632
608
631
635
643
668
683
695
689
654
638
644
642
635
637
643
650
651
646
630
642
645
646
634
638
626
599
585
574
570
574
588
590
602
612
637
662
660
657
639
634
607
603
604
591
584
575
571
583
596
615
608
630
667
684
696
691
678
652
614
594
582
577
576
583
597
628
633
651
675
699
695
667
676
661
637
608
599
590
586
580
567
566
570
605
616
649
694
688
629
612
599
593
592
598
599
602
604
589
599
591
594
586
578
571
568
563
560
563
569
578
569
570
570
557
565
573
585
590
610
619
646
664
647
633
633
624
613
601
599
612
671
745
781
759
667
641
640
618
606
603
601
597
595
582
584
593
618
638
670
703
720
693
666
634
635
629
621
622
621
618
605
600
574
563
555
554
570
605
683
764
775
773
728
680
631
619
604
601
605
618
646
688
698
688
666
625
591
574
560
547
535
532
553
615
687
678
678
681
694
711
707
678
661
627
589
569
558
551
553
577
646
759
818
819
744
724
683
645
616
589
583
580
582
585
594
611
657
670
649
670
652
629
607
588
580
571
568
578
600
635
683
720
678
650
621
604
598
616
631
662
684
691
670
635
642
616
605
600
601
604
609
600
587
582
586
598
620
634
652
654
646
611
594
578
564
558
559
570
588
605
600
593
590
590
579
573
567
585
613
633
673
649
639
613
613
603
599
605
613
609
618
612
605
611
601
582
596
611
615
633
656
667
654
675
670
662
657
657
639
621
611
607
617
632
657
687
649
604
600
585
576
575
579
581
569
563
560
554
559
564
573
590
584
593
602
615
633
644
646
626
626
615
599
591
589
595
601
606
624
659
649
638
636
630
618
596
581
573
578
590
596
607
636
666
686
663
624
614
602
603
608
608
597
576
569
562
554
545
550
549
548
541
546
564
579
573
578
577
580
588
603
630
641
663
691
681
651
619
603
596
592
581
588
585
574
568
560
561
566
576
587
584
582
572
563
556
548
544
528
528
527
534
553
558
604
698
753
747
775
762
735
678
651
626
623
607
611
609
618
657
729
796
815
754
674
631
623
605
601
606
623
653
627
630
634
639
644
634
608
603
605
602
583
581
582
605
652
714
728
706
707
707
707
702
691
681
657
656
657
643
648
637
641
662
661
644
614
604
598
595
591
594
602
626
621
629
628
639
619
604
602
598
592
595
601
616
614
615
634
646
656
670
700
703
711
708
697
680
672
637
639
650
666
677
675
718
744
790
798
725
710
683
626
611
610
612
628
617
625
656
699
729
673
664
653
632
607
611
614
630
624
636
658
670
678
640
628
622
612
595
583
587
591
611
649
690
743
704
696
692
675
635
621
611
604
604
611
627
648
692
715
690
665
654
648
634
605
597
591
585
580
571
572
585
603
596
600
604
625
660
698
718
701
672
679
676
669
651
629
631
647
680
748
760
758
758
727
664
658
664
671
677
677
710
735
723
701
704
693
657
638
650
652
682
676
691
718
724
665
642
640
622
609
585
577
599
646
768
744
755
767
760
687
672
645
624
595
590
597
620
673
690
750
768
753
708
720
707
677
627
628
610
600
581
587
586
579
582
580
594
609
642
674
656
652
653
650
634
625
631
624
626
616
631
655
676
681
675
696
698
668
646
642
637
646
651
660
694
718
719
684
688
670
641
627
635
638
648
640
655
665
681
646
637
642
643
646
638
647
663
659
630
621
625
621
620
616
637
657
665
659
696
698
684
644
641
622
612
596
596
608
644
671
715
711
656
622
608
594
589
592
610
643
675
678
672
680
663
661
646
642
643
635
616
638
618
597
580
572
570
572
584
613
658
688
661
661
659
652
648
637
651
670
677
681
676
685
681
665
658
644
634
618
638
657
693
686
725
730
676
671
675
648
669
671
653
652
670
651
656
653
627
628
619
614
604
593
587
578
571
570
576
589
605
632
665
715
723
706
704
688
650
635
636
625
610
616
643
661
695
693
752
724
671
634
625
616
613
607
610
646
677
725
688
705
695
677
640
643
635
629
610
603
600
613
656
708
697
721
736
717
669
677
652
644
622
630
646
672
668
720
741
735
707
724
706
661
655
657
665
686
699
668
656
645
633
612
604
595
587
584
573
567
563
563
567
575
589
601
609
611
616
614
602
593
582
577
573
576
591
613
627
612
587
579
566
556
552
548
543
543
546
557
584
616
653
649
639
631
634
627
615
597
600
598
605
609
597
604
611
613
593
580
579
564
569
573
563
566
563
555
550
554
563
574
572
582
584
579
583
582
578
604
654
706
761
733
694
698
692
658
646
635
610
591
569
557
557
556
566
572
574
563
562
560
555
552
542
540
537
536
540
544
552
574
604
644
662
629
628
594
591
590
584
568
558
564
572
601
622
639
688
705
668
658
648
637
604
604
621
640
647
625
626
626
647
673
679
671
680
656
615
620
615
615
595
598
604
644
669
682
710
734
754
700
708
673
658
630
647
645
674
661
688
702
687
644
654
655
663
647
663
670
674
641
648
644
631
606
595
581
564
558
551
546
548
554
564
561
559
572
591
621
633
625
623
631
640
650
676
685
669
686
700
721
729
727
747
750
698
663
653
647
658
682
679
731
757
786
734
742
728
691
647
643
624
618
599
599
609
606
626
655
670
684
689
681
666
643
615
566
564
545
534
526
523
523
527
543
563
610
631
609
644
618
612
577
580
570
563
554
552
547
529
517
518
540
661
657
687
705
714
706
679
689
689
684
595
561
551
541
525
525
525
525
529
541
528
536
544
552
568
568
580
558
569
566
570
574
573
568
561
553
550
544
537
531
519
518
519
532
581
671
658
650
647
646
652
604
574
555
546
531
525
529
548
570
617
608
624
613
608
598
585
562
560
557
564
572
591
600
624
637
649
643
628
618
612
579
578
568
565
583
680
723
728
735
716
694
664
601
603
576
566
561
567
605
677
709
694
685
686
681
657
602
569
560
564
586
625
652
646
637
643
641
639
641
632
615
593
554
571
554
550
557
572
584
583
588
582
597
621
640
645
623
605
594
582
570
562
540
541
531
543
571
651
754
715
704
682
686
673
628
564
544
538
533
541
568
655
710
728
713
715
718
711
677
613
588
565
564
556
555
563
559
572
570
575
576
588
587
587
585
580
575
566
557
548
552
561
603
707
747
763
708
688
664
626
627
643
640
630
614
608
610
612
600
606
603
591
595
608
623
647
644
663
677
707
715
683
679
681
674
663
632
620
618
620
648
700
756
709
724
726
711
665
660
686
726
782
778
752
776
792
774
699
671
656
646
650
652
739
766
731
695
664
641
635
632
633
627
605
615
634
650
645
675
691
686
666
647
669
669
681
641
640
647
664
681
677
708
716
689
685
696
691
648
648
659
669
661
673
691
651
655
639
637
598
609
629
629
630
640
628
614
608
598
581
568
570
556
555
558
565
586
624
653
667
678
682
659
637
641
624
606
579
579
570
596
664
671
707
743
716
722
732
696
664
690
660
619
630
652
675
648
674
689
680
638
647
639
628
617
634
648
668
655
664
672
669
622
606
595
594
604
619
659
696
704
655
656
635
623
600
607
627
646
656
676
685
657
627
612
601
590
590
599
611
607
589
582
581
575
585
590
598
595
601
590
585
614
620
641
656
621
630
626
627
645
619
623
638
646
664
656
686
719
727
674
674
678
670
650
646
664
655
642
624
627
639
654
677
640
640
646
642
643
634
671
692
720
685
709
725
718
674
658
658
646
620
609
621
636
665
692
692
716
705
657
630
628
620
615
619
640
647
627
627
641
630
613
596
592
592
599
631
673
683
663
640
636
618
626
635
613
599
593
589
583
578
584
590
586
586
582
577
572
567
564
575
581
589
603
618
633
647
651
656
655
648
649
651
640
625
615
609
621
624
636
642
630
621
617
611
616
637
659
680
691
699
696
689
680
677
674