574
614
676
752
768
736
710
683
652
600
576
547
540
530
533
541
573
574
632
656
707
699
699
696
662
646
620
607
580
560
559
553
549
537
533
530
540
545
533
563
573
583
596
618
648
656
626
632
626
643
659
648
672
675
681
676
704
727
716
751
727
718
717
707
677
700
703
726
708
721
726
706
688
668
652
636
604
600
569
569
565
574
611
653
692
694
680
654
627
597
571
547
529
527
537
555
592
729
766
695
665
669
708
627
587
585
574
569
573
577
565
583
623
620
646
644
655
664
651
642
596
562
538
534
530
530
559
595
615
692
724
696
691
684
661
591
594
578
589
614
629
706
730
728
727
727
702
632
608
588
570
566
573
608
658
688
760
781
753
727
687
663
613
631
639
678
708
732
719
671
659
646
610
626
607
588
606
624
621
663
666
643
670
657
648
640
579
587
567
569
585
639
665
697
666
681
672
661
653
626
632
630
639
616
639
645
698
706
729
718
688
710
671
664
627
636
664
730
795
806
834
833
781
769
731
679
652
632
624
635
676
720
780
787
780
757
734
717
685
636
639
615
601
630
622
652
664
651
633
632
601
600
588
595
614
666
711
724
688
660
647
642
638
626
608
604
627
658
730
771
756
763
739
703
668
656
647
628
657
696
771
749
784
788
731
735
709
674
676
700
747
705
767
756
743
657
687
689
735
708
765
772
742
743
717
670
724
759
771
808
796
723
729
719
735
708
763
779
728
751
711
639
644
623
637
639
692
749
773
743
776
741
748
729
712
692
669
656
592
604
594
616
653
738
775
772
676
664
625
615
624
625
614
598
581
558
537
521
512
505
501
496
499
514
554
673
676
666
671
656
658
656
595
593
579
605
609
657
689
678
663
650
643
629
643
652
612
624
610
619
647
674
655
663
664
657
652
638
598
576
579
584
618
757
838
790
808
799
788
775
732
712
725
746
793
772
816
816
782
765
755
761
720
742
738
734
767
759
824
820
768
775
745
685
654
633
642
620
721
794
848
801
809
808
737
721
678
670
631
645
608
609
604
601
597
629
751
838
844
805
730
675
631
604
597
609
697
815
821
860
859
829
776
743
726
724
704
739
759
774
768
690
646
622
611
607
591
605
604
632
684
744
703
728
752
750
742
699
651
662
642
655
706
715
716
728
741
732
729
715
663
663
653
659
703
768
801
815
809
750
739
725
701
720
733
735
727
708
705
724
740
726
692
661
604
602
581
574
584
623
697
735
662
690
641
647
680
662
706
724
752
695
671
671
682
709
700
657
661
639
641
670
703
705
663
650
653
683
740
780
788
806
812
759
746
695
650
604
606
615
669
797
776
813
836
847
810
762
680
634
605
604
673
842
818
830
825
768
759
739
716
686
624
600
594
577
572
602
765
838
817
838
845
775
773
753
727
731
734
726
736
760
773
717
739
744
695
652
638
618
609
626
650
697
732
717
749
748
758
714
696
683
677
652
654
673
675
644
662
639
628
619
617
633
667
663
675
688
704
696
701
693
674
686
692
692
694
714
727
707
691
619
629
594
598
631
625
653
653
664
653
652
625
625
624
626
611
621
630
651
646
693
715
729
700
678
652
654
677
710
700
747
742
750
719
740
741
723
752
748
749
703
649
654
659
697
736
728
678
698
705
714
717
692
682
626
649
651
689
729
745
712
727
727
719
709
646
654
634
645
678
692
703
661
669
657
644
627
618
596
572
576
578
616
746
790
799
791
785
775
718
712
673
669
672
744
817
767
786
765
767
695
706
689
668
729
775
838
817
835
824
769
767
727
701
670
679
694
667
694
720
746
691
723
690
671
656
608
624
628
654
706
684
742
758
753
688
691
666
673
687
649
662
661
674
688
693
690
669
624
622
623
649
727
743
768
771
735
754
727
717
653
662
654
696
751
780
755
741
722
712
705
677
633
617
585
564
548
543
545
618
700
843
842
842
816
783
713
637
615
614
623
651
650
655
661
646
643
592
597
583
581
587
596
589
568
582
574
573
572
580
584
579
587
588
597
593
588
582
572
566
550
564
579
629
709
744
737
727
693
666
639
619
617
643
709
739
736
744
747
748
745
737
709
679
651
618
608
611
610
624
630
605
600
633
647
688
697
696
689
656
642
603
605
604
625
669
707
702
663
608
607
585
594
617
636
735
770
757
759
703
752
751
717
705
697
692
680
654
630
612
568
564
551
539
546
587
604
670
636
640
699
728
736
742
754
769
780
787
722
644
601
588
584
605
692
801
793
813
744
729
681
612
599
594
604
631
611
621
634
684
722
719
719
661
650
629
622
620
634
672
717
773
769
741
729
701
663
666
655
666
663
689
726
753
718
733
712
665
673
650
655
632
653
663
678
669
689
715
739
755
738
742
727
670
687
683
725
716
760
787
803
744
765
740
702
724
722
715
719
696
708
728
725
698
670
658
653
633
650
668
724
798
773
794
782
723
718
686
665
680
711
799
844
862
834
850
856
848
791
765
757
710
740
754
752
715
746
723
683
664
670
675
672
637
642
624
645
646
615
624
625
637
630
620
632
645
672
667
700
713
665
696
687
694
678
716
714
687
717
701
686
693
716
749
696
717
709
695
645
633
619
633
646
679
729
737
749
748
682
707
701
696
718
746
769
718
770
750
704
729
738
748
755
774
747
742
738
703
741
705
664
620
618
605
599
607
640
671
667
642
622
597
583
580
581
600
642
745
782
776
768
763
740
707
687
641
624
619
606
639
688
774
832
767
729
720
708
711
678
669
673
684
729
780
801
818
817
740
739
728
739
717
804
828
794
788
749
721
688
646
652
636
626
639
642
664
680
703
710
728
692
686
661
649
617
633
658
625
635
625
606
586
583
572
565
563
558
567
578
604
657
701
729
717
741
705
641
633
612
603
601
583
591
592
604
633
650
677
697
657
665
660
668
680
697
732
771
752
780
764
719
727
718
737
723
778
831
779
782
763
713
712
689
707
716
781
800
803
829
838
790
789
767
716
748
762
743
797
813
814
850
842
766
763
745
708
742
729
760
791
797
768
749
735
751
708
749
759
778
782
778
742
729
720
727
694
698
694
710
696
749
742
739
762
756
743
714
703
703
670
681
694
702
714
738
756
707
724
711
691
676
700
730
728
771
791
745
753
746
708
702
704
735
719
758
762
737
754
735
727
703
705
712
695
729
737
711
728
721
700
693
691
715
714
772
772
748
760
750
710
744
745
720
764
762
712
749
744
726
762
783
777
753
751
768
740
769
767
728
742
745
725
747
738
722
768
766
719
732
748
803
736
743
733
708
715
727
711
692
698
703
686
720
725
756
717
729
722
687
690
675
677
658
666
681
691
699
737
779
812
821
807
776
720
700
689
666
696
721
774
756
804
822
771
763
746
728
700
719
750
756
819
825
774
778
753
700
699
680
697
688
740
788
804
814
809
760
746
728
732
708
723
737
709
721
715
695
663
670
684
747
755
773
755
721
726
734
735
719
749
755
723
749
758
735
745
726
686
720
738
751
747
772
784
752
755
729
676
665
622
629
648
688
886
767
807
748
776
762
717
651
618
609
609
607
598
585
582
577
559
561
550
548
548
561
574
606
628
638
641
614
611
592
597
587
611
646
677
650
697
718
715
655
660
646
631
642
665
701
665
620
619
604
606
626
629
622
608
585
568
551
535
524
516
513
503
498
499
515
558
604
630
641
598
599
588
591
578
583
575
568
564
559
555
556
554
559
564
570
576
577
563
551
548
543
551
573
618
646
623
638
623
606
630
622
671
706
735
785
783
736
720
651
651
653
711
705
709
690
702
739
814
803
740
706
699
707
696
658
667
649
703
740
733
668
674
666
718
786
828
784
786
761
754
688
716
730
746
717
839
897
849
824
778
696
670
663
664
645
656
649
649
642
617
628
632
637
659
759
848
890
898
865
831
854
848
754
726
732
821
871
923
901
862
850
834
786
802
797
778
783
813
821
790
818
814
782
806
800
742
774
785
743
788
812
797
794
793
783
772
808
784
810
828
783
799
792
771
755
745
723
740
777
795
793
812
771
764
747
712
711
740
786
769
852
874
794
813
786
715
741
716
671
657
709
761
788
738
781
739
686
682
669
672
684
645
612
588
583
573
564
557
565
626
735
816
827
801
735
697
662
651
653
662
669
695
730
748
707
755
784
809
791
778
750
731
672
710
742
777
735
784
770
747
717
723
747
721
771
784
792
752
761
756
684
712
710
743
706
744
752
706
748
742
732
711
710
713
672
710
719
751
719
735
742
725
746
731
707
725
730
763
710
755
754
701
732
731
710
763
778
773
734
736
732
684
731
736
730
762
772
794
737
739
730
691
725
730
761
706
737
736
719
775
783
747
751
745
705
728
723
726
694
722
749
714
773
769
694
705
668
662
623
630
639
676
719
764
776
774
771
745
688
668
650
649
637
672
702
711
687
700
697
668
658
662
673
661
643
668
687
728
707
729
737
744
694
708
697
695
688
698
713
685
728
751
734
774
764
719
711
708
695
716
768
790
729
751
744
710
690
702
720
696
734
733
702
742
743
727
723
723
719
669
695
708
705
730
747
762
707
731
708
651
672
673
713
721
819
844
765
769
733
667
683
668
690
665
724
769
813
767
777
752
684
723
709
682
744
783
771
789
771
745
714
723
721
683
715
743
762
742
781
782
722
753
744
680
683
689
726
715
746
773
797
723
732
695
646
638
632
636
668
712
701
775
790
758
749
739
717
683
714
725
707
770
776
776
751
752
756
693
714
707
698
715
745
806
761
807
778
685
666
648
646
656
672
640
643
628
622
632
638
635
624
631
639
656
684
683
726
744
754
721
720
712
714
681
721
737
754
703
732
731
743
711
727
733
692
737
737
730
705
688
681
646
641
640
705
869
855
857
825
784
727
730
721
699
685
699
710
685
711
713
740
687
715
706
718
693
731
738
709
713
725
743
696
748
765
778
748
749
731
666
689
668
680
680
662
639
635
637
653
687
653
642
648
629
609
605
603
611
626
627
671
695
719
699
724
699
678
668
678
699
684
729
735
751
716
711
692
655
630
621
639
695
792
838
804
822
785
729
715
683
677
649
679
709
776
774
795
782
742
677
647
624
634
663
671
754
795
842
811
815
801
769
704
691
696
701
715
713
771
814
823
783
780
763
707
722
712
732
737
787
802
774
795
777
745
755
747
747
719
775
784
763
712
721
716
738
728
795
828
794
786
754
729
703
736
771
745
795
793
747
757
738
696
743
779
791
789
812
750
741
728
728
691
748
776
728
785
794
712
698
706
730
712
770
796
805
730
750
732
679
710
704
674
625
628
640
748
821
824
711
733
726
687
653
641
636
645
658
659
634
630
614
601
581
562
547
542
540
556
611
775
766
767
757
743
749
728
788
806
793
811
828
813
825
709
672
626
634
639
683
771
785
729
703
703
700
706
795
750
716
729
682
615
589
609
611
609
610
631
637
608
621
621
580
564
554
534
537
546
577
633
597
626
630
607
603
621
604
558
537
531
540
555
591
632
638
613
655
656
658
639
665
631
610
585
571
552
537
522
520
521
533
552
592
574
582
609
609
591
607
601
590
551
541
527
510
503
499
492
486
481
476
470
465
460
464
471
490
515
553
581
566
567
554
564
542
527
534
539
546
552
555
554
550
542
534
527
523
529
531
557
563
609
598
604
628
631
638
642
640
648
648
640
593
543
523
506
511
547
692
669
689
693
704
704
650
690
675
685
688
690
686
679
683
635
609
555
548
545
563
604
732
732
690
698
687
657
704
701
705
630
656
656
673
683
687
702
713
687
648
617
592
586
589
588
589
581
567
589
605
645
669
668
649
589
607
578
565
564
571
611
738
752
773
725
702
706
733
765
776
753
706
612
593
609
630
748
873
804
748
740
790
804
778
752
719
699
733
721
790
832
844
746
756
724
701
696
687
695
723
784
761
723
704
696
673
646
636
641
655
690
711
787
836
886
820
763
740
772
822
716
682
672
751
938
813
769
794
713
731
730
751
767
718
656
613
589
573
559
553
560
623
734
791
803
739
718
680
652
633
608
635
664
702
688
705
649
642
627
609
600
596
604
640
748
797
773
702
705
671
637
592
589
577
600
704
744
807
761
769
726
770
762
740
664
613
604
598
596
583
589
622
647
695
730
735
726
700
625
595
566
543
536
530
526
530
578
767
759
730
733
708
733
693
641
610
581
572
560
567
607
678
727
741
740
701
655
600
583
567
563
557
548
544
540
535
530
523
513
505
500
498
497
499
505
510
530
558
613
661
643
618
627
600
571
555
521
508
507
513
522
534
540
569
612
612
632
647
664
673
684
688
688
665
644
613
565
551
539
544
570
588
721
702
721
733
745
727
727
683
666
692
618
564
543
526
519
522
540
602
773
720
720
767
684
757
762
774
783
786
771
764
691
631
616
603
567
586
590
721
771
735
737
757
731
744
697
603
600
603
595
600
612
636
628
599
586
580
561
550
545
540
537
540
550
549
542
533
525
531
535
533
528
529
543
552
550
581
590
632
696
696
646
641
630
616
601
577
564
561
562
593
650
723
741
714
741
744
741
746
636
605
597
584
601
672
861
834
791
785
747
742
705
657
645
662
653
669
702
752
795
771
766
719
705
678
683
688
692
739
799
746
736
720
710
686
702
725
717
673
701
695
625
655
660
702
669
748
731
621
649
612
593
583
578
576
580
599
626
678
708
668
671
654
620
598
597
611
646
692
728
687
635
631
617
584
577
582
593
602
625
617
636
664
698
680
639
639
633
641
632
640
650
676
664
631
636
627
602
621
637
657
640
652
685
709
700
667
680
670
643
634
638
636
619
617
635
654
687
692
647
658
660
665
634
655
646
625
611
621
625
645
651
668
689
690
671
688
670
652
615
608
598
603
614
659
805
764
710
751
760
760
739
765
736
631
626
622
663
683
765
807
711
667
652
644
657
633
653
677
670
632
641
648
674
666
710
732
718
680
691
675
629
629
620
607
594
595
613
646
668
637
598
586
586
582
569
563
563
571
584
575
587
583
598
616
608
633
647
661
669
663
692
722
729
646
649
642
627
642
704
739
771
713
721
692
679
644
663
671
644
717
771
773
786
748
676
616
615
604
608
642
701
704
646
672
664
671
632
636
636
634
620
639
666
683
702
665
698
674
655
629
640
644
662
679
735
759
702
714
682
641
658
674
685
640
671
693
661
706
739
690
720
709
708
654
673
654
665
643
718
745
708
767
760
698
739
726
709
680
707
704
672
744
737
683
730
713
687
762
804
772
768
758
715
678
686
682
639
682
693
675
702
797
770
740
743
668
626
608
588
586
598
620
619
686
678
689
665
717
712
691
708
707
678
652
684
696
684
706
782
784
694
705
690
710
671
710
686
642
646
654
679
677
765
775
759
790
773
710
688
642
645
635
628
624
663
693
717
768
790
757
716
702
664
618
614
604
589
574
566
551
545
538
531
524
523
526
523
519
511
508
510
516
521
518
521
526
534
541
552
557
564
574
573
587
598
620
645
667
683
653
678
708
736
737
697
658
631
623
652
730
833
833
787
787
757
681
652
634
616
643
685
710
779
753
689
673
650
658
638
617
616
630
672
762
793
770
709
696
688
676
667
683
672
648
658
656
658
663
741
754
732
688
691
671
676
671
659
629
634
624
650
635
657
668
688
704
714
709
707
702
649
645
626
635
681
671
722
759
774
750
732
701
717
667
608
603
610
646
723
759
730
724
698
645
660
659
678
631
641
629
622
613
644
662
725
789
709
653
626
603
609
624
665
726
695
739
746
680
682
668
670
695
651
670
649
629
649
664
700
714
701
716
713
700
651
623
613
604
584
584
579
572
564
561
566
569
557
549
544
533
527
523
518
514
512
505
512
531
551
559
567
564
554
548
539
529
524
522
519
522
547
613
672
729
733
770
761
760
795
798
755
696
679
671
738
819
907
872
792
760
759
693
710
713
733
708
780
869
884
835
841
816
824
773
713
706
671
641
617
630
610
673
791
861
836
813
797
759
703
701
695
746
741
802
834
821
811
791
748
673
666
669
656
693
736
734
817
797
745
681
680
670
681
673
708
699
685
656
653
652
650
683
733
772
717
661
640
611
582
568
568
563
572
610
684
766
699
728
741
745
719
724
670
641
673
702
721
754
784
773
732
736
722
711
681
730
762
817
744
769
760
764
718
742
740
683
684
677
703
721
722
690
692
685
678
652
659
667
665
686
697
725
734
734
740
734
680
684
685
711
691
751
767
785
747
764
737
732
669
686
694
734
716
747
750
716
682
677
676
697
679
719
724
724
721
737
766
730
728
728
731
695
673
662
670
664
655
685
729
731
768
773
749
699
676
656
641
672
707
767
752
784
787
742
716
707
688
653
687
678
668
668
715
742
729
633
620
602
580
571
562
555
566
629
707
737
713
705
692
656
636
608
606
623
613
640
711
733
797
810
805
743
744
708
698
664
683
772
835
812
853
886
853
855
837
768
777
759
729
784
801
801
797
802
802
750
800
812
783
789
791
739
777
781
780
797
758
765
741
729
695
641
646
623
639
673
752
757
715
649
639
627
643
676
745
783
745
723
679
651
623
628
632
651
646
721
693
792
764
752
755
713
750
758
740
677
674
680
666
691
690
692
656
700
719
755
815
781
729
706
688
661
746
782
765
683
669
663
664
661
652
657
635
614
591
577
542
550
542
542
554
573
608
643
659
654
638
607
586
565
530
524
516
509
511
511
553
608
737
714
727
711
723
717
709
675
592
566
538
532
533
542
555
590
671
752
715
733
732
690
710
687
620
606
594
593
588
584
578
576
574
576
576
549
554
548
550
566
621
691
742
740
718
699
657
629
612
591
567
549
541
546
582
706
771
713
724
715
634
699
664
610
594
583
579
580
593
594
592
571
560
536
521
517
534
654
736
740
763
763
756
732
681
724
734
669
627
588
558
544
544
571
656
726
737
722
715
631
671
645
566
548
549
556
573
585
564
568
563
552
529
522
518
504
505
505
504
502
505
513
517
522
531
560
578
586
591
577
582
576
566
563
562
573
579
593
597
592
562
572
565
578
617
717
760
749
751
680
677
677
694
713
647
621
612
616
693
850
793
806
799
752
728
665
611
597
581
599
622
729
788
783
726
779
792
787
722
762
694
641
611
671
779
898
774
831
826
769
826
837
771
828
818
749
792
730
690
761
798
847
801
857
847
790
806
783
716
755
778
783
780
837
873
832
869
840
745
724
688
648
642
642
679
760
803
854
848
808
708
725
703
688
648
656
664
702
721
760
792
801
728
757
761
771
731
792
804
752
771
769
773
716
745
730
678
719
723
787
816
876
896
845
874
875
800
785
753
692
764
791
802
832
827
835
776
778
772
718
770
794
751
788
807
813
761
758
739
705
757
785
730
788
792
725
765
740
678
701
684
653
693
720
753
732
781
764
693
690
667
649
703
766
812
780
782
783
707
669
656
614
624
654
701
730
765
755
734
674
638
595
572
557
543
538
562
620
717
760
765
750
721
677
662
646
617
629
646
666
647
655
645
642
628
673
765
861
769
811
834
806
828
831
700
680
694
767
751
847
838
786
819
788
741
741
716
722
682
718
725
716
786
858
857
815
811
784
707
687
671
644
685
732
806
769
787
779
734
765
760
733
731
729
709
712
718
713
676
657
672
695
746
727
778
768
719
716
682
668
639
684
752
773
817
831
777
807
792
731
766
775
772
775
797
771
786
774
727
751
737
756
753
812
846
821
843
790
791
771
772
741
778
795
783
808
783
739
752
747
698
752
771
752
784
790
775
763
751
743
711
758
783
737
795
827
806
793
782
738
731
738
746
715
771
804
785
824
800
711
713
687
660
717
788
849
843
882
856
829
776
717
678
700
819
851
931
935
871
888
776
677
670
656
669
698
796
871
865
863
833
741
728
674
626
619
639
685
783
853
807
798
759
720
687
716
743
736
760
765
778
707
717
721
723
690
671
684
681
701
680
759
773
813
736
689
676
669
680
664
638
638
633
604
593
588
590
600
635
670
649
681
695
709
722
668
677
652
651
660
664
674
685
667
661
676
687
723
679
716
702
715
662
654
651
655
647
636
650
719
777
808
723
763
761
719
723
649
640
640
674
726
788
780
729
773
768
722
742
756
726
663
704
737
741
773
819
817
730
770
770
707
625
576
561
544
540
533
543
554
573
609
688
735
724
683
621
590
570
555
546
541
538
531
522
521
519
523
536
547
576
625
653
692
702
705
713
724
725
694
699
632
630
656
694
683
743
763
757
751
704
711
715
740
689
677
690
713
799
785
737
742
760
748
663
647
647
705
772
744
693
710
699
684
734
803
771
783
782
785
746
673
656
679
725
747
708
729
723
735
676
690
676
664
653
619
636
606
651
725
720
726
736
734
734
724
682
680
678
618
615
620
646
658
637
672
684
734
757
747
736
724
682
682
679
705
738
724
758
749
756
750
767
759
745
718
713
727
710
690
713
749
823
820
770
752
724
711
688
692
712
758
755
763
740
693
660
680
690
712
751
759
696
688
669
661
689
733
769
759
688
704
688
684
642
658
663
688
711
690
715
723
707
728
713
645
649
643
661
731
716
681
707
700
725
708
637
629
631
644
658
659
650
669
676
682
667
680
688
710
730
725
750
776
767
730
751
747
729
713
727
727
765
779
774
772
775
758
730
739
751
750
740
774
760
737
740
754
799
753
803
814
825
754
768
726
707
725
836
884
819
796
800
772
734
659
646
656
737
827
861
838
826
800
748
704
682
650
656
692
767
783
737
766
781
769
739
670
651
646
659
728
789
769
828
835
814
762
807
803
731
677
653
675
726
827
851
809
843
827
791
701
717
727
764
771
820
837
852
800
813
793
794
749
739
742
771
775
813
839
867
822
823
792
750
692
637
613
612
653
680
719
748
710
759
788
798
763
812
832
824
763
690
652
627
632
649
702
815
862
856
796
800
783
771
737
739
746
745
753
767
743
743
722
716
709
671
648
657
646
674
701
727
709
697
722
727
758
780
787
748
665
658
641
648
699
755
703
711
689
688
643
655
638
619
581
579
563
547
535
531
539
578
625
613
679
717
695
700
709
703
693
656
587
564
556
555
548
548
558
598
679
723
695
704
657
711
715
727
703
676
630
576
559
546
538
536
553
622
779
835
780
792
798
801
749
669
634
605
625
680
833
884
756
801
818
817
768
802
758
698
680
694
735
782
765
833
850
800
773
747
759
704
734
774
845
815
838
803
752
671
658
660
687
821
755
802
771
694
676
654
643
635
605
601
636
683
719
746
777
767
728
710
695
689
668
669
690
739
820
800
849
845
807
790
773
738
692
711
738
749
832
858
865
818
835
794
705
715
712
728
855
935
894
849
874
812
854
836
661
626
620
662
974
840
770
824
844
820
728
674
612
638
718
719
765
779
804
767
816
818
779
822
817
788
799
801
730
679
666
653
620
616
622
647
713
726
713
751
762
729
677
667
650
652
633
642
663
695
745
694
726
715
691
683
658
654
658
651
682
691
650
678
681
656
617
602
588
579
560
561
549
545
536
529
524
520
513
505
500
494
493
490
485
485
479
476
479
491
501
519
520
511
516
531
547
572
597
611
604
602
595
590
604
625
620
687
730
711
732
740
705
738
750
754
753
729
673
620
613
664
747
715
710
711
725
726
713
714
712
705
661
693
673
649
628
637
654
706
691
659
624
622
604
577
573
583
604
598
644
658
684
670
627
656
620
611
584
590
596
628
659
649
680
672
677
639
674
670
672
640
649
670
674
667
677
666
651
673
669
678
639
678
677
688
653
636
631
633
639
646
708
777
738
733
709
732
700
711
702
674
677
686
741
733
730
753
732
660
695
620
612
631
669
688
705
725
728
692
635
575
550
529
524
541
616
606
642
647
657
664
664
670
666
656
653
591
585
613
544
538
540
562
585
604
615
619
614
599
582
568
552
544
537
537
552
536
548
563
596
630
577
604
602
604
602
564
574
543
531
523
523
541
565
573
552
572
583
607
632
646
642
662
650
641
643
641
636
631
615
552
536
537
563
626
697
665
660
666
658
600
633
641
640
604
593
568
563
573
597
607
610
548
568
552
548
557
566
589
607
602
598
592
579
565
561
562
553
561
586
697
658
665
667
671
686
691
691
688
683
673
638
557
561
543
537
562
741
688
705
733
741
721
737
721
709
695
625
605
574
580
601
678
733
698
691
683
672
659
584
563
541
540
586
696
738
676
725
735
735
724
709
695
678
625
580
558
552
561
580
653
688
694
688
646
605
552
540
533
543
608
757
705
720
717
716
720
653
701
617
571
543
533
538
578
717
711
694
705
705
699
627
677
619
560
545
569
605
635
706
685
702
708
719
720
711
700
687
672
580
554
546
556
585
650
720
704
699
712
705
680
713
713
708
667
648
651
640
611
609
619
625
658
679
688
696
665
638
593
601
597
607
651
656
678
697
684
674
675
649
638
586
556
575
585
654
733
702
724
722
729
720
721
719
729
650
607
588
571
571
598
647
735
689
683
675
609
632
619
626
638
659
647
635
625
603
604
589
563
570
561
549
556
567
590
618
646
667
659
642
617
595
563
555
555
571
614
680
730
693
707
646
691
677
647
608
599
594
593
576
596
576
572
580
591
639
668
648
655
647
646
625
637
599
589
585
589
592
595
593
557
583
589
604
653
621
624
623
632
577
617
612
613
613
596
603
609
613
624
573
589
578
578
599
647
678
661
654
655
628
615
639
593
561
551
547
546
546
551
561
577
594
592
609
598
603
608
603
569
568
565
567
573
581
604
628
653
652
647
591
593
563
547
541
543
556
575
614
676
677
640
649
650
622
599
579
563
557
561
586
642
655
640
643
591
642
637
641
641
646
637
639
600
611
568
566
573
581
594
581
619
605
629
645
624
620
625
652
667
671
667
626
638
582
581
607
602
679
657
667
675
675
677
675
666
663
608
577
537
536
532
533
563
657
711
692
666
683
673
678
681
669
645
659
628
595
600
605
579
585
583
608
626
651
655
640
642
626
592
559
564
549
612
699
679
730
728
736
733
729
708
670
683
597
563
541
525
531
526
535
570
628
668
686
628
657
603
582
564
556
555
565
583
614
640
656
637
639
613
605
600
588
583
574
565
563
566
568
591
604
597
578
560
574
566
564
572
583
590
582
593
601
603
604
594
585
581
572
562
551
547
549
560
588
586
566
582
555
562
579
615
643
627
627
633
621
590
566
534
542
527
533
563
647
684
670
603
675
672
684
681
683
680
616
589
571
558
550
545
544
545
558
589
648
688
658
667
611
673
671
678
679
678
672
632
608
593
580
568
568
579
591
627
611
613
600
603
614
608
607
567
578
562
557
559
572
584
606
617
569
587
572
571
565
562
559
558
562
575
563
590
590
598
601
611
585
582
560
554
563
589
617
626
634
622
575
591
559
548
540
549
585
661
645
659
668
665
654
600
641
628
583
567
573
594
604
600
596
593
588
589
596
585
580
569
557
552
556
576
614
675
675
668
659
657
607
646
622
582
575
575
564
585
574
604
678
669
670
661
654
653
639
588
553
551
543
545
562
637
717
724
694
694
691
695
646
611
580
571
569
589
646
697
702
674
659
629
613
575
576
562
549
546
543
549
561
570
571
569
565
559
563
560
573
568
579
607
628
636
641
639
630
616
598
590
567
567
558
571
615
664
677
663
620
606
586
566
561
560
570
600
576
609
638
661
683
655
655
650
644
630
614
611
599
575
573
581
604
656
663
680
692
685
684
688
637
680
664
654
585
590
555
563
573
598
661
717
684
685
686
685
676
671
604
579
545
554
544
574
706
757
730
733
719
691
716
699
688
594
572
572
554
597
592
582
663
677
678
692
651
693
636
677
646
584
576
576
587
589
603
593
610
642
652
640
630
625
595
557
550
537
532
532
539
523
521
514
512
513
520
531
543
557
566
574
584
590
589
588
589
559
539
521
511
506
502
495
503
505
516
533
573
614
626
590
619
621
617
615
612
582
582
569
555
547
535
530
527
535
548
578
560
609
598
609
616
620
581
608
601
595
581
565
556
554
544
544
549
551
561
570
549
562
560
588
604
616
615
610
585
572
533
533
527
521
530
564
661
628
651
658
661
656
655
646
644
597
602
549
538
545
546
646
690
680
681
704
668
706
685
682
679
683
679
686
683
666
656
580
555
539
536
544
562
608
636
680
692
670
679
626
657
623
606
612
603
602
566
577
566
576
619
667
596
642
600
599
604
611
632
667
704
678
677
636
666
626
601
605
614
633
587
626
603
674
654
674
672
680
648
680
663
658
606
592
584
584
593
613
640
660
664
641
621
610
599
595
583
577
568
562
535
543
545
552
578
568
629
658
673
663
667
661
654
648
640
637
591
560
546
523
533
554
640
694
643
626
669
680
685
675
680
680
623
643
578
567
552
582
588
674
728
654
721
708
710
714
718
711
700
607
579
569
581
642
806
770
746
746
738
737
647
669
605
592
600
623
656
712
721
729
653
678
593
604
587
598
657
753
789
743
726
693
643
684
595
563
560
559
568
599
637
654
605
605
598
608
618
620
628
618
605
589
575
563
557
541
539
540
579
672
681
677
682
688
687
682
674
672
608
581
559
552
557
571
596
658
730
715
725
718
729
733
731
730
730
704
652
626
650
649
653
709
756
714
711
716
683
629
616
559
548
546
625
654
688
697
711
708
688
687
684
682
668
594
580
564
553
541
541
533
526
535
538
550
561
579
583
579
588
595
599
595
579
562
532
530
515
507
505
515
555
648
648
650
648
602
663
653
659
665
667
656
646
618
569
552
548
532
559
580
666
661
646
674
689
702
712
721
662
696
655
672
655
633
640
688
725
713
726
732
732
692
706
717
711
678
708
619
604
598
629
707
719
720
731
728
732
720
660
686
612
599
598
599
614
630
668
669
659
650
626
632
595
641
623
624
638
601
626
641
682
729
752
718
717
718
707
680
602
574
539
572
559
616
777
741
767
777
789
771
752
748
688
589
552
517
521
520
548
658
716
666
696
691
708
705
699
697
689
677
595
575
563
561
548
555
551
559
573
636
689
727
692
684
616
608
588
581
585
600
618
637
632
627
608
610
601
589
574
550
543
533
539
572
637
658
705
718
737
752
753
749
734
733
684
621
597
593
604
614
582
615
638
675
681
663
646
617
594
566
551
541
553
603
684
666
631
682
685
691
688
682
660
663
629
639
671
720
780
767
790
798
808
756
705
706
619
593
588
647
778
870
790
786
783
748
747
732
741
737
737
752
767
782
741
694
705
718
754
809
749
703
668
660
638
636
634
666
717
794
850
879
854
821
771
744
724
723
741
766
788
794
759
785
764
750
732
732
739
765
713
700
701
703
743
813
807
732
751
716
711
720
747
713
800
833
886
882
842
854
839
827
742
708
696
774
937
935
870
797
794
819
798
762
793
746
795
789
796
801
781
807
810
736
714
693
700
730
744
719
720
770
800
815
782
721
697
681
678
721
716
743
773
815
847
822
734
715
697
711
686
718
782
854
847
832
816
719
657
654
648
673
708
788
771
762
726
678
654
624
612
619
644
700
753
786
782
743
696
683
689
736
799
843
793
798
791
791
787
769
758
777
804
792
804
797
799
786
751
767
770
737
746
716
670
677
694
660
688
712
758
813
727
709
723
715
683
629
645
664
698
755
721
724
720
707
635
659
636
625
654
757
749
670
714
709
710
692
695
706
663
660
655
656
652
615
581
576
569
564
566
586
629
618
646
698
720
715
668
655
632
629
634
637
645
650
660
653
654
682
709
743
756
755
691
684
666
652
643
654
640
709
771
782
819
789
765
777
795
803
808
802
772
675
641
622
604
608
646
724
776
650
703
680
657
620
599
587
552
564
550
555
571
611
652
605
642
613
614
614
612
603
578
571
569
563
555
552
545
541
536
545
548
557
570
586
597
603
604
588
585
575
567
565
562
563
555
571
582
614
647
698
720
700
611
615
592
571
558
551
550
551
565
556
581
631
708
729
705
698
702
695
634
603
582
571
563
563
574
588
645
702
754
721
734
750
750
745
649
590
580
565
567
614
895
816
857
838
842
854
863
870
876
875
756
674
662
680
830
953
934
921
907
814
800
765
724
663
694
766
855
867
887
889
866
762
726
704
703
682
697
758
785
821
820
834
826
774
791
766
706
726
747
705
785
750
750
703
634
636
614
597
576
568
552
550
543
540
541
535
544
552
561
583
638
666
717
709
688
661
636
621
614
629
657
657
697
741
804
817
772
748
722
705
668
673
650
647
721
840
804
846
832
769
679
613
605
588
595
642
823
971
947
932
876
877
875
751
715
666
677
700
791
844
903
892
823
798
745
745
694
729
790
798
854
847
823
797
785
782
730
763
770
760
791
806
816
754
768
776
717
789
774
705
696
720
731
749
799
814
750
759
734
683
686
681
699
688
740
739
715
726
705
671
653
646
649
668
691
656
662
639
615
604
600
600
622
647
684
714
699
740
735
732
692
683
688
717
730
738
774
801
781
691
707
688
694
686
756
804
795
703
715
703
705
686
761
835
848
763
801
781
754
690
721
738
819
762
817
835
761
737
741
756
718
772
797
810
739
777
783
754
680
690
672
654
651
668
683
744
746
682
676
684
675