547
533
522
519
518
519
526
537
553
586
644
660
612
604
582
570
561
557
548
543
550
548
548
566
573
573
572
568
557
566
553
563
575
601
631
639
654
670
648
668
680
673
654
649
666
658
692
672
671
646
646
653
637
656
680
695
721
712
689
677
708
686
712
691
685
684
658
670
683
725
732
736
706
651
632
659
672
700
672
682
654
606
607
597
617
675
732
810
798
759
785
772
738
755
743
693
739
689
796
767
758
776
744
675
645
629
605
602
619
580
596
583
579
561
553
548
543
553
584
639
661
649
631
616
594
594
591
594
617
635
649
715
775
763
739
698
684
655
640
645
668
710
744
810
820
773
742
710
685
690
684
670
668
669
694
714
693
692
684
654
651
636
618
608
600
604
646
806
856
827
813
783
764
759
620
605
607
646
875
774
807
822
835
805
813
781
767
718
681
676
736
791
832
809
803
782
771
726
723
694
744
813
789
831
810
778
763
703
685
685
703
709
776
821
772
785
773
717
732
742
716
778
812
767
783
778
745
752
767
743
774
798
704
698
680
692
670
729
782
768
810
788
727
733
725
695
725
729
699
717
724
676
674
681
671
674
690
742
742
774
768
724
725
727
754
742
766
779
726
708
650
657
663
692
647
655
703
769
767
758
745
731
675
666
650
663
664
732
785
801
813
799
739
732
700
694
714
697
747
763
748
797
797
781
776
758
680
666
655
725
719
762
790
766
803
801
762
794
799
769
786
771
687
647
625
644
679
692
639
646
632
635
648
632
661
671
693
671
693
687
693
659
671
663
659
681
696
714
677
681
704
745
656
646
628
615
611
608
611
620
631
641
664
688
666
662
661
676
722
808
787
802
797
814
801
784
782
769
683
681
674
651
670
743
818
756
768
769
737
732
711
657
618
604
586
604
634
648
666
657
636
616
601
594
600
637
675
684
672
659
649
615
614
574
570
558
559
568
572
570
567
552
536
523
499
492
483
479
486
544
620
659
692
733
699
726
707
672
704
656
575
554
548
533
527
531
523
517
517
520
543
579
589
624
608
612
607
620
620
613
584
577
573
593
608
604
577
577
568
572
573
581
593
607
604
631
667
657
673
655
651
621
621
600
591
619
610
621
646
684
678
682
660
667
630
656
679
752
771
766
744
720
663
637
621
583
604
600
633
636
656
672
706
724
698
625
619
589
569
559
563
583
633
677
671
711
800
824
817
765
802
793
780
754
641
672
627
635
617
601
583
566
556
548
540
532
526
518
511
501
493
485
483
480
480
496
517
705
630
611
610
688
681
652
649
613
586
633
697
701
716
751
768
723
706
690
688
649
639
628
639
613
634
628
644
643
646
640
628
615
596
567
562
549
545
566
625
680
661
620
588
601
592
595
609
623
628
602
589
585
579
591
572
607
599
618
620
601
637
690
664
688
692
710
746
711
717
713
734
741
770
804
827
763
778
750
710
751
741
711
717
712
752
792
791
730
765
773
729
749
747
754
750
733
712
729
766
802
818
811
761
754
671
662
662
696
699
777
775
771
734
668
639
604
581
570
563
555
557
598
854
786
798
698
741
738
736
740
665
686
770
821
789
677
712
708
756
782
734
759
751
765
777
734
750
720
710
697
659
694
692
684
641
618
600
604
611
673
688
743
740
724
694
667
644
595
573
577
575
629
914
869
855
785
793
781
788
694
665
693
725
754
771
799
790
778
724
718
673
629
642
676
660
739
800
800
739
729
747
760
701
730
727
725
714
737
724
676
650
638
667
762
846
798
787
763
737
665
690
715
789
834
837
754
740
720
699
681
664
708
780
774
749
729
718
679
648
717
854
799
802
783
805
805
778
780
771
757
703
718
746
814
793
813
783
754
726
746
760
732
772
785
797
794
697
713
657
637
643
621
644
652
660
653
649
633
632
578
583
565
564
575
600
627
598
645
613
601
628
672
675
736
760
771
741
745
747
742
721
725
704
652
625
611
581
580
570
559
545
533
523
521
506
498
496
497
496
502
529
554
576
671
700
707
703
670
670
648
636
591
610
666
675
713
702
654
606
578
554
543
535
535
531
533
538
561
605
643
686
728
740
739
741
730
682
673
671
654
680
721
740
781
772
732
729
710
704
685
710
659
646
603
611
627
658
724
850
852
752
847
751
773
769
762
720
730
701
748
746
778
784
707
689
674
677
666
687
650
662
626
629
627
682
730
759
796
747
777
730
706
660
605
573
556
545
548
560
566
664
698
735
704
713
723
726
721
665
606
577
564
560
548
575
591
639
679
664
627
622
620
617
621
628
619
609
565
579
558
543
540
557
595
780
870
770
814
836
812
790
725
649
637
625
615
619
623
686
746
768
736
706
711
701
704
694
682
680
646
603
596
601
618
692
781
762
758
762
784
720
725
697
693
666
648
639
632
630
618
627
634
647
659
652
659
658
646
640
618
628
634
647
637
663
677
738
733
724
705
697
670
677
691
717
712
715
695
672
677
692
688
725
752
712
714
680
622
626
607
596
614
642
641
620
634
631
607
605
606
615
630
642
641
640
606
601
601
591
617
639
643
675
688
698
631
625
610
617
619
600
571
577
572
596
672
724
667
666
673
693
719
728
720
701
675
646
635
631
640
644
648
684
769
817
804
753
758
762
749
680
676
670
691
682
728
756
770
759
750
746
707
715
739
723
670
642
603
574
581
600
692
742
771
771
782
767
765
782
732
706
663
673
655
659
659
673
645
672
680
697
682
672
658
620
626
622
654
672
695
704
721
686
713
703
672
639
638
628
626
632
641
633
660
680
702
694
714
745
751
741
729
735
692
701
710
723
734
741
725
729
703
722
689
729
731
777
787
797
779
754
724
697
707
699
687
711
752
718
737
729
700
684
652
643
652
691
770
806
847
808
780
795
784
752
743
753
759
784
771
792
808
790
802
792
746
771
769
749
799
814
779
785
769
718
719
719
701
733
735
695
695
680
663
715
778
765
762
784
791
778
788
745
745
659
616
615
626
677
719
797
828
796
820
826
788
816
794
764
747
740
718
702
750
765
744
775
738
710
679
663
681
721
672
671
659
649
616
608
590
585
573
572
629
763
785
744
708
646
614
596
574
583
605
701
793
765
770
762
735
730
692
632
641
649
718
719
770
763
733
731
692
649
615
619
602
616
626
659
713
758
750
722
733
717
714
732
753
745
747
737
739
734
709
645
644
633
699
761
854
854
816
833
772
796
764
691
644
628
635
650
754
800
778
809
819
826
826
772
794
718
629
637
640
705
778
798
782
804
790
745
766
752
732
680
672
673
643
665
668
666
694
713
722
691
705
703
659
664
664
663
728
767
766
787
743
691
656
629
607
603
609
624
701
731
730
732
725
679
671
599
571
555
543
540
545
545
554
572
627
725
728
725
718
700
679
632
631
593
611
622
683
762
733
747
732
696
676
657
642
607
619
621
607
633
662
699
716
762
732
665
659
603
601
583
602
613
607
647
686
704
711
729
707
725
715
691
701
696
660
673
677
719
708
733
741
684
668
629
602
607
633
731
743
796
811
798
806
768
801
769
669
644
630
606
641
655
654
702
729
720
637
643
597
571
558
554
561
586
604
619
629
637
627
627
618
624
646
650
680
669
648
623
624
662
682
676
684
760
774
727
755
741
683
670
636
586
592
603
594
573
560
564
562
542
552
545
540
538
540
539
572
622
671
695
707
712
711
691
656
602
553
535
522
509
510
513
529
615
760
713
697
692
699
687
670
590
572
556
539
546
531
528
521
524
531
542
568
588
606
606
594
584
576
549
537
526
517
517
537
573
595
589
607
634
657
643
648
619
595
578
565
549
538
533
537
559
599
645
638
664
678
691
713
687
669
604
587
560
542
539
550
589
633
687
676
658
643
623
604
585
559
542
531
521
499
496
502
517
606
739
737
740
746
715
665
694
586
564
555
556
565
586
646
616
677
658
672
678
667
665
622
620
587
566
553
542
549
548
549
556
590
705
740
711
701
680
590
566
550
521
520
513
510
534
646
748
731
712
712
692
613
576
556
545
548
571
642
689
722
697
657
619
548
555
535
532
544
562
575
590
595
567
570
552
551
559
560
565
569
555
563
555
566
588
611
617
578
592
573
571
581
599
592
623
630
680
738
742
729
688
643
653
643
657
661
646
680
705
783
768
750
701
689
655
672
654
625
658
660
709
712
698
681
649
647
634
622
616
612
598
584
573
567
569
573
566
586
664
714
744
754
752
707
697
678
674
673
678
715
820
819
778
731
721
689
703
719
784
794
787
769
749
754
759
773
754
743
761
716
736
749
762
740
714
697
644
640
623
619
625
614
641
671
695
740
745
768
729
718
698
667
687
697
729
695
739
757
748
742
741
762
728
727
740
705
686
656
656
661
718
797
805
799
802
768
781
745
681
688
675
694
700
733
730
689
700
703
693
695
682
683
649
657
658
688
678
713
741
744
703
683
665
631
645
653
702
755
814
804
775
785
782
730
671
642
611
619
618
660
693
759
805
768
765
737
683
674
662
673
668
688
720
691
711
692
641
627
583
587
624
670
696
658
700
729
754
747
705
709
698
651
631
596
591
583
593
590
591
584
576
566
560
556
557
559
565
577
587
591
585
587
569
554
543
525
525
527
564
646
716
741
723
747
759
735
708
711
611
581
585
582
595
594
611
639
640
646
649
647
623
627
618
611
614
617
635
640
658
653
646
625
623
620
622
631
626
620
604
581
570
553
551
537
542
541
558
628
734
728
695
659
633
609
601
583
592
593
621
650
676
676
681
636
623
594
583
587
603
602
620
618
606
594
566
540
508
512
501
483
484
481
485
488
495
507
515
518
535
546
558
557
552
544
539
532
525
519
512
505
500
495
493
496
509
510
531
596
684
702
673
622
589
568
553
545
539
538
536
543
559
597
727
766
714
690
712
701
646
639
620
602
582
563
549
539
529
529
524
535
541
577
690
768
758
750
730
676
642
609
586
572
564
563
575
587
619
603
609
604
613
640
666
664
646
623
590
568
553
541
535
537
553
584
661
764
752
723
724
729
715
610
601
581
575
607
630
642
815
814
813
780
799
787
776
680
632
626
654
778
785
818
817
796
721
706
673
679
678
639
654
636
606
633
690
697
750
765
774
718
722
692
654
664
673
714
704
726
704
712
670
684
676
688
675
695
722
781
783
807
792
718
691
661
617
683
728
776
826
736
772
788
737
764
750
691
662
637
631
626
637
676
767
790
799
776
735
711
683
678
666
667
669
697
683
701
712
731
704
696
682
679
654
676
675
658
650
639
628
592
569
562
539
533
523
527
524
528
535
544
544
553
554
550
552
554
556
556
559
562
569
580
622
714
757
735
704
695
695
685
659
637
599
609
600
636
763
803
762
734
674
676
705
646
638
621
613
621
648
671
691
679
655
637
609
586
579
591
643
729
786
796
807
793
752
738
717
703
676
722
834
849
805
798
748
766
744
655
646
648
642
654
642
657
679
653
656
655
655
622
633
631
635
608
618
609
592
628
631
619
618
606
598
575
574
559
561
563
574
582
608
619
648
683
660
620
598
583
564
544
535
551
606
679
713
676
688
665
656
634
609
600
604
622
645
689
735
699
717
717
727
714
693
674
657
653
627
636
644
668
670
698
712
745
758
719
706
680
643
669
662
653
679
703
717
716
703
667
609
601
583
579
598
648
676
790
812
794
744
728
705
688
641
653
663
716
729
804
852
797
756
663
638
619
592
606
609
662
758
782
769
716
672
604
593
572
574
636
920
841
876
814
861
863
794
689
649
636
668
727
729
678
652
635
640
661
707
731
756
736
667
670
651
662
669
681
726
785
761
746
688
670
677
714
779
781
803
786
754
729
689
663
703
747
766
779
809
774
709
701
711
664
645
655
687
758
742
764
742
713
673
654
637
618
656
707
732
765
751
704
662
648
637
637
621
629
645
671
673
720
725
699
724
751
740
669
660
646
659
666
740
799
779
813
801
738
727
678
650
646
685
748
791
824
827
782
765
749
700
688
709
740
703
770
758
690
697
704
743
746
769
763
764
689
706
692
697
689
740
802
788
778
756
733
667
686
697
734
712
765
783
752
750
734
719
659
668
663
666
656
694
732
804
803
712
706
667
637
616
614
625
654
726
754
759
776
768
685
671
645
630
608
641
678
762
760
826
823
765
779
755
710
705
686
685
654
671
676
657
677
703
724
684
716
724
737
713
723
714
664
686
695
700
680
729
759
730
754
754
726
739
746
734
697
682
656
623
609
619
675
830
789
821
814
796
740
725
685
646
635
637
658
680
715
779
771
726
689
658
644
614
644
618
607
618
627
649
688
708
704
643
639
612
597
577
589
604
651
710
720
673
663
657
653
629
653
654
622
608
594
596
609
633
640
742
753
717
719
691
631
606
598
584
577
574
580
588
635
718
775
687
650
617
593
573
563
567
597
649
683
686
666
660
652
662
656
637
660
673
713
764
714
732
733
731
701
723
750
730
732
747
735
662
655
642
654
647
707
806
813
760
785
775
744
761
729
689
674
695
720
746
759
751
691
672
681
680
708
766
785
805
778
745
706
711
713
703
752
755
731
688
646
625
603
592
603
637
632
605
603
587
586
580
577
578
590
602
606
607
616
636
621
624
632
658
732
739
738
731
717
676
707
730
791
744
749
717
665
628
612
599
595
601
685
931
872
839
787
792
689
632
589
590
587
668
882
846
844
854
846
782
771
751
688
698
653
645
673
676
716
747
769
698
695
665
664
653
710
749
793
764
786
785
734
758
729
666
669
653
687
721
832
835
815
860
849
771
826
812
770
796
773
675
663
618
632
680
763
840
861
871
884
835
854
842
789
810
798
702
664
656
663
650
632
605
600
585
567
556
546
540
545
560
573
578
558
555
556
559
557
570
590
631
690
692
707
720
743
748
756
748
749
708
724
758
768
788
811
817
775
769
762
765
785
799
798
772
753
762
797
876
854
824
849
815
814
801
725
644
628
683
719
798
844
821
882
827
785
824
796
745
707
670
646
697
739
770
789
806
798
765
750
710
669
683
729
753
821
859
809
839
821
790
812
785
714
689
733
732
767
732
730
735
700
659
646
643
619
597
577
567
551
542
537
529
533
568
596
577
592
606
607
600
595
591
590
605
610
619
644
664
646
710
765
747
761
757
736
730
734
715
681
694
719
700
767
766
744
773
768
703
672
659
673
682
719
730
743
745
736
687
649
634
625
617
615
604
624
672
747
787
815
780
756
771
718
633
624
594
590
634
687
820
851
837
849
827
771
764
678
634
642
672
712
689
741
757
774
764
773
776
735
723
658
654
676
758
820
793
808
783
817
816
794
813
800
723
700
683
683
775
775
739
780
787
762
786
775
753
741
715
680
681
691
707
705
731
715
664
656
642
626
629
618
639
640
681
624
631
616
614
601
604
603
607
625
648
656
654
629
633
629
650
714
761
760
761
758
773
767
770
768
775
734
742
692
701
685
697
728
728
712
677
656
634
634
639
663
696
746
805
814
802
746
707
688
651
681
711
801
818
856
830
799
773
718
746
758
723
744
749
743
729
691
646
625
617
610
610
633
675
815
771
779
751
716
678
658
622
614
604
651
655
678
657
649
665
676
699
716
671
676
646
640
618
610
594
604
622
651
743
800
748
687
684
679
677
689
698
669
694
690
688
647
674
665
653
646
645
637
631
626
595
604
614
647
744
820
817
765
700
638
638
610
583
577
609
682
749
813
787
751
747
733
699
676
685
688
688
717
761
789
760
684
700
683
656
627
631
635
675
748
864
846
739
774
748
666
699
670
628
650
648
684
699
828
829
774
800
773
676
674
641
605
595
590
594
597
603
644
676
680
629
635
632
615
593
579
585
595
617
677
743
742
765
750
684
682
652
615
627
633
676
742
836
791
795
744
667
607
602
579
578
605
665
688
800
849
766
781
729
725
652
624
627
691
787
813
788
782
773
693
670
653
647
676
742
739
769
730
707
645
649
639
633
646
684
740
777
786
795
729
767
761
745
669
663
660
674
673
711
700
657
706
746
765
813
730
780
726
719
615
598
621
682
703
792
743
719
717
711
658
653
646
652
645
623
575
585
570
562
552
547
547
561
586
607
618
604
601
602
605
624
656
663
710
736
765
773
753
750
771
751
705
724
735
790
785
796
803
793
777
785
732
692
705
763
796
817
812
798
819
807
743
766
736
691
766
865
849
842
847
824
832
828
798
804
790
698
733
739
787
800
837
829
796
766
708
709
716
763
754
785
794
735
744
692
644
642
613
639
657
710
734
782
819
754
764
723
687
664
666
719
737
809
804
803
792
807
784
752
767
759
706
757
776
760
776
760
720
740
749
750
712
720
742
725
753
742
706
733
722
679
650
654
708
743
832
845
783
827
828
769
800
781
731
720
724
720
771
795
775
811
813
792
778
769
744
736
761
773
803
806
798
785
774
741
712
720
737
747
806
812
769
791
791
723
724
713
670
706
723
741
751
737
723
741
749
724
729
710
712
710
731
739
679
679
647
633
710
735
704
733
765
723
775
779
733
773
768
719
691
653
621
604
594
583
579
611
674
772
777
772
736
714
676
675
674
679
670
720
757
782
761
759
726
681
664
682
696
771
830
799
839
840
804
820
790
791
779
675
658
635
607
646
668
830
847
822
828
815
766
775
728
693
670
662
637
637
612
638
679
771
761
776
760
719
682
639
613
585
591
594
636
662
729
745
777
744
708
724
691
653
679
685
693
757
794
785
798
784
721
735
721
678
714
734
740
834
858
826
834
806
729
745
726
691
769
774
745
780
784
763
816
832
792
763
684
648
646
690
761
804
824
791
772
777
704
693
675
632
636
694
740
754
772
778
762
787
741
721
674
607
574
572
587
672
812
766
820
832
775
784
752
744
699
624
630
654
688
676
700
683
652
629
628
616
600
610
617
645
631
651
646
648
660
678
680
637
624
590
559
553
573
643
772
773
785
756
767
786
742
762
770
731
657
637
631
629
668
698
719
727
751
741
716
737
736
706
738
748
710
704
703
699
716
852
785
740
762
711
667
651
590
577
605
661
736
778
748
710
721
685
620
618
578
545
547
541
557
588
636
645
644
623
557
552
529
514
507
516
552
668
693
693
694
680
677
644
601
551
543
537
514
523
513
517
532
553
609
630
633
621
605
582
549
531
519
513
516
534
573
636
622
652
644
667
683
686
679
648
614
582
557
534
519
507
502
504
514
531
539
557
592
687
742
717
695
667
635
578
540
532
525
522
546
645
704
714
648
637
586
572
577
582
579
577
565
550
541
518
521
528
542
596
653
695
644
660
610
592
580
561
599
653
846
760
745
762
764
779
734
782
745
760
738
662
636
656
684
734
742
774
769
742
712
716
723
724
715
694
718
712
679
694
705
723
766
802
807
771
764
668
685
672
695
717
713
786
814
843
785
758
736
706
734
754
786
767
813
764
681
665
643
656
790
875
767
799
806
764
792
774
729
721
668
637
682
683
676
696
688
632
647
642
653
665
648
620
567
550
527
518
515
506
504
498
505
523
555
568
545
517
504
496
486
482
482
487
485
499
499
507
517
521
577
603
619
622
603
576
558
518
506
492
476
464
455
450
449
451
464
491
541
625
617
627
588
627
630
635
643
583
577
554
542
525
511
500
492
490
492
495
507
530
547
539
556
561
594
624
642
620
601
583
560
547
530
518
511
498
505
507
524
584
751
726
717
741
734
726
710
610
577
554
545
543
546
565
580
601
608
599
613
611
637
600
594
568
553
560
583
648
720
729
729
731
667
670
639
618
604
603
604
615
628
605
595
578
570
567
586
604
575
624
672
756
771
729
760
765
734
743
738
716
737
691
669
681
730
820
804
755
684
655
634
636
623
629
647
682
735
704
731
729
704
675
646
615
607
579
589
602
685
835
823
813
806
768
766
754
704
611
592
605
636
743
848
846
808
803
770
699
735
642
661
773
828
815
800
757
669
641
619
602
588
583
575
565
577
572
574
584
581
572
586
588
607
602
582
583
577
578
588
642
645
660
661
639
591
573
557
548
539
536
536
559
617
669
633
619
614
604
583
600
607
619
612
608
601
624
595
646
684
777
812
788
773
699
627
640
616
654
780
848
834
786
754
644
602
578
561
585
857
760
815
843
845
854
873
839
769
740
648
631
603
649
714
842
771
796
778
679
632
612
612
674
769
816
864
816
780
817
824
796
790
784
729
689
702
724
757
786
730
755
734
700
629
650
622
600
660
729
813
824
795
779
728
689
630
592
572
557
564
702
874
885
871
830
802
814
798
699
652
618
624
696
792
859
847
841
834
791
810
804
797
767
713
687
622
688
745
793
774
827
851
802
813
802
747
715
645
609
627
629
619
666
633
670
664
683
726
751
736
697
645
608
610
607
631
656
718
740
791
748
798
784
724
706
643
595
593
572
590
785
849
833
853
796
839
817
796
744
698
672
706
711
825
845
782
820
813
757
783
764
688
669
726
836
796
855
804
765
790
761
699
757
788
744
813
792
730
770
756
707
660
687
706
768
759
828
819
758
798
783
758
706
690
729
761
865
841
790
833
816
771
790
769
697
742
770
765
794
772
691
686
684
720
715
761
752
729
697
713
714
663
657
658
656
644
619
606
597
584
572
559
560
591
653
720
733
714
704
721
727
723
694
663
652
650
667
674
750
789
819
822
741
713
635
592
589
600
684
790
820
798
856
838
785
815
797
716
646
620
633
628
779
890
860
838
840
841
807
834
820
746
695
695
713
741
805
831
807
826
811
752
790
730
692
669
705
754
754
825
844
835
809
789
776
704
743
760
761
820
853
811
811
796
783
744
757
762
717
777
800
773
829
835
772
744
727
717
676
741
772
780
808
828
822
778
767
763
695
740
752
756
790
824
784
803
791
761
749
759
746
721
744
749
695
729
754
767
841
861
793
817
794
698
679
660
676
822
862
820
874
867
825
867
850
805
840
825
709
714
699
656
717
719
755
675
688
662
632
646
667
668
707
729
728
708
723
713
711
688
738
747
789
780
787
741
769
715
702
702
665
680
695
734
719
692
685
669
663
669
662
626
642
627
640
681
689
688
696
711
745
759
720
710
677
631
623
616
618
616
634
642
621
616
639
755
852
839
821
813
800
725
628
604
589
615
675
759
793
789
723
738
693
712
771
776
754
750
736
730
685
713
722
773
796
772
784
768
688
712
688
690
664
727
742
790
796
794
738
702
652
659
682
758
784
719
762
769
775
739
660
656
636
637
640
726
754
712
736
787
803
733
766
751
691
669
648
654
636
657
649
638
641
658
663
671
653
661
656
613
627
610
620
633
665
746
812
794
798
745
670
677
655
640
626
686
753
824
769
777
750
696
709
699
701
668
697
697
702
670
721
741
773
780
783
758
715
732
731
688
753
775
740
787
756
700
705
700
680
670
655
632
649
680
648
696
703
731
699
738
747
738
734
740
770
728
750
731
736
681
723
747
819
769
827
833
813
804
767
741
691
711
715
696
735
801
865
817
834
815
749
705
713
711
739
695
734
734
775
761
805
811
764
748
721
707
696
751
804
824
834
831
750
771
743
756
726
792
798
752
793
780
770
685
701
709
783
808
869
866
823
863
844
760
794
700
646
632
613
618
678
875
903
738
847
833
820
780
822
821
790
813
760
753
679
710
699
734
720
843
840
853
802
829
827
788
771
751
744
696
742
740
695
777
816
864
837
864
828
714
712
684
704
705
815
889
861
784
797
775
732
649
635
612
593
600
636
647
845
870
748
798
815
776
725
706
650
655
643
692
744
801
751
778
735
670
616
593
567
557
552
541
543
552
599
694
748
765
752
719
703
687
668
648
636
619
617
633
673
746
794
797
786
796
807
792
715
707
685
661
647
708
734
782
820
824
783
815
820
800
709
667
644
664
797
746
815
818
807
775
818
802
753
663
680
678
735
773
741
798
794
734
727
731
732
706
678
675
686
654
688
689
710
694
722
732
736
693
753
755
762
733
755
740
671
640
645
663
760
786
813
811
783
760
732
710
696
676
644
646
653
673
697
690
745
779
744
785
807
829
743
756
718
704
650
699
702
716
667
682
671
706
731
762
754
703
660
676
679
693
656
668
686
717
730
722
656
667
647
647
631
621
646
691
779
826
826
823
802
730
727
711
704
695
734
777
854
832
793
726
729
687
688
688
702
754
778
753
773
765
748
687
634
605
590
579
571
579
666
790
723
706
683
659
617
593
573
564
565
586
660
807
816
837
839
791
771
699
669
664
680
730
700
771
809
844
829
746
760
732
706
711
743
826
880
892
853
856
823
775
802
813
820
777
839
874
817
858
842
811
760
734
671
688
656
728
728
847
868
850
818
848
845
776
817
735
688
733
747
796
793
864
876
785
832
833
767
740
729
743
711
800
840
800
865
868
812
824
797
722
773
820
770
827
835
775
814
803
732
751
724
648
691
740
832
862
871
800
769
706
682
642
675
676
706
716
744
765
784
735
768
758
741
701
686
650
643
739
859
792
853
856
796
835
843
780
806
739
662
678
688
721
700
741
776
780
727
739
740
720
719
669
621
581
594
633
729
748
739
734
743
701
676
652
649
615
646
666
698
649
676
697
704
670
637
611
594
588
585
573
563
576
613
657
661
657
612
620
613
625
654
709
739
778
778
745
745
742
772
740
794
803
820
772
807
827
844
773
760
689
640
636
621
690
813
894
836
898
884
800
848
837
786
808
752
707
690
743
828
774
804
773
700
753
792
822
838
833
827
799
802
780
734
771
786
809
824
836
813
782
793
804
770
826
819
774
821
840
813
848
827
747
780
802
811
827
876
879
806
829
828
740
783
798
743
802
774
696
696
694
709
696
725
738
787
738
684
663
646
624
598
623
686
725
724
753
756
759
693
692
667
657
637
668
711
772
781
776
755
692
692
714
752
718
795
811
761
809
809
758
786
756
692
715
707
675
694
721
771
729
806
801
740
780
786
763
806
809
779
784
761
719
738
786
771
892
888
795
768
717
649
674
675
692
699
777
812
776
813
764
685
691
688
741
722
770
785
753
807
802
738
765
753
721
767
796
804
761
764
765
696
740
742
695
765
757
721
799
798
757
775
740
658
646
602
607
610
674
707
716
769
787
808
776
748
755
695
632
638
647
655
684
741
767
725
764
759
689
712
701
709
674
689
709
703
712
769
831
787
816
775
701
708
652
633
659
721
731
822
817
811
759
808
776
711
725
677
699
650
655
653
636
630
605
585
567
551
535
522
516
503
500
508
520
530
537
540
538
535
521
525
519
532
552
548
563
556
553
559
575
582
577
567
550
537
525
517
516
525
539
577
670
784
764
768
792
765
775
766
655
613
574
567
588
672
727
729
648
672
650
622
632
611
627
688
706
702
675
589
601
567
550
538
528
527
539
571
605
626
638
577
588
561
553
557
554
557
533
546
539
550
583
661
652
711
682
707
728
716
709
692
620
596
580
552
546
538
544
572
646
702
719
704
655
616
592
575
564
565
550
566
553
560
585
628
649
641
656
581
603
578
564
562
576
607
681
739
743
734
691
678
616
599
590
590
587
588
582
550
563
558
545
558
564
599
622
648
646
631
574
569
551
543
542
552
556
564
628
768
784
760
766
745
730
704
627
604
592
611
620
637
629
652
668
659
646
606
568
560
538
555
567
598
635
666
674
672
639
607
588
577
575
549
575
591
634
708
734
713
671
628
599
589
592
591
594
596
636
721
762
769
747
707
604
617
582
569
575
606
594
654
633
694
831
853
770
816
821
777
792
726
699
660
674
722
808
865
795
823
811
826
796
798
779
697
667
654
660
682
735
788
753
783
770
733
666
677
663
664
751
859
918
844
847
844
824
755
742
737
769
758
816
836
767
776
785
780
758
795
789
778
780
806
833
855
882
880
846
776
759
754
696
705
741
790
744
830
833
752
781
754
724
687
713
715
686
728
739
715
720
735
734
684
714
721
747
690
715
719
740
725
768
771
711
739
715
656
680
683
736
735
820
860
829
834
811
748
747
711
701
665
668
717
798
840
854
853
795
788
751
710
725
732
716
659
672
662
661
774
780
773
705
666
632
605
593
568
616
610
649
709
721
691
654
646
610
625
611
621
624
633
640
637
630
614
590
566
547
535
531
546
571
633
664
762
695
757
762
775
798
791
781
751
642
606
579
568
577
595
639
680
630
663
645
633
660
664
664
652
624
594
557
556
547
549
582
632
676
688
686
672
612
576
561
550
556
599
760
766
763
764
745
747
729
646
621
612
608
620
641
686
740
718
683
654
706
867
830
784
811
813
773
772
759
699
684
763
717
712
769
819
854
850
835
809
799
819
823
780
801
741
681
691
728
807
837
920
879
828
856
857
791
722
712
726
696
821
914
780
805
884
789
833
853
838
790
830
829
830
760
768
778
788
808
830
798
756
762
787
808
906
886
826
867
860
788
711
642
638
702
915
957
860
857
861
814
828
801
707
664
661
685
727
783
780
785
755
702
738
755
705
751
765
763
774
771
724
672
673
628
649
646
661
644
681
673
689
646
639
627
622
652
656
731
767
764
722
709
693
659
667
693
755
744
825
843
780
753
688
664
658
621
626
603
606
646
670
686
683
657
642
621
601
584
571
569
565
542
546
545
556
591
643
691
694
696
662
631
606
590
578
546
554
543
538
547
563
588
611
631
635
623
602
562
567
553
550
554
565
587
609
631
660
671
643
673
647
640
636
623
593
604
584
593
617
643
640
639
673
664
667
635
617
587
573
572
568
589
625
686
718
749
671
678
646
646
630
589
608
601
572
582
569
570
584
606
597
626
609
643
675
707
696
681
668
602
604
610
673
754
777
773
710
682
619
599
603
641
726
803
672
702
680
686
647
596
634
615
641
655
665
663
665
647
634
570
595
569
563
549
552
585
692
774
724
739
774
784
752
713
688
626
620
617
587
611
608
641
717
745
749
726
688
631
595
602
583
657
823
749
774
764
778
753
709
608
610
584
580
611
685
713
704
676
648
612
592
586
580
576
572
564
549
539
549
592
759
708
729
753
747
746
749
735
720
657
605
591
590
548
572
558
562
580
604
619
628
601
587
568
555
550
538
536
558
612
655
694
722
728
663
644
603
588
586
584
584
600
604
636
671
680
664
665
656
633
617
584
572
580
600
632
648
632
592
586
561
550
557
578
616
643
646
650
575
591
565
555
553
555
570
591
643
670
728
722
689
661
629
603
591
586
586
584
610
650
635
657
645
661
660
660
656
640
588
592
567
563
572
611
671
766
754
731
670
697
692
645
646
653
600
631
600
596
594
590
592
592
575
562
625
635
661
697
708
706
673
643
613
596
578
560
562
585
663
749
810
809
775
729
671
604
563
555
554
583
828
742
864
840
777
796
776
762
739
673
622
667
607
636
627
658
704
699
678
646
613
582
543
545
521
535
562
667
691
797
735
749
752
750
745
705
626
603
592
560
561
562
591
676
756
761
740
710
684
657
632
609
578
573
564
566
582
637
704
724
712
704
656
627
590
578
578
590
614
623
638
727
724
708
688
652
603
577
552
552
548
555
619
730
731
707
704
699
690
639
560
558
554
557
592
680
789
785
759
740
719
595
640
574
548
593
639
731
681
740
692
661
638
625
626
622
638
636
640
646
650
596
620
601
618
599
621
646
717
762
742
711
678
603
600
571
564
569
616
712
723
734
678
646
627
629
656
701
659
718
641
630
634
633
648
669
712
698
668
633
604
570
540
534
527
536
630
787
716
653
720
724
726
732
739
731
728
729
593
598
575
571
585
620
683
758
751
720
646
637
609
604
608
621
584
596
604
633
666
684
667
642
611
594
569
559
557
588
647
705
720
705
694
632
635
602
600
611
640
665
665
630
632
592
614
652
688
697
686
697
699
676
612
629
632
669
664
746
766
806
806
782
736
675
659
634
593
609
632
717
753
834
773
782
779
748
665
635
592
597
642
698
749
785
764
726
613
622
581
577
592
667
750
781
758
724
721
702
654
622
627
641
646
653
633
612
597
586
580
583
570
578
562
614
692
839
756
750
750
741
722
672
626
589
603
620
709
746
738
688
667
652
643
588
623
627
669
702
721
718
640
632
598
589
582
589
598
614
657
671
608
636
627
639
654
664
659
643
623
602
586
572
558
551
549
553
586
618
669
713
718
664
673
677
648
639
617
626
634
642
651
649
639
622
602
561
554
546
547
597
696
777
729
676
721
721
720
715
718
608
595
567
572
619
733
794
740
745
743
750
659
683
629
576
566
580
600
693
705
740
674
714
708
700
675
609
615
580
575
558
601
615
738
823
759
767
730
761
736
632
586
562
558
553
542
573
727
759
728
746
675
720
708
628
570
581
563
559
572
608
605
664
657
694
717
704
629
600
593
569
566
576
595
626
653
676
668
646
625
594
568
553
565
651
659
702
721
796
806
805
806
790
777
710
697
597
573
553
558
543
685
745
798
772
783
771
763
738
648
604
587
578
575
574
551
583
569
587
620
660
695
680
654
633
616
602
585
571
563
558
552
562
609
730
736
713
672
633
593
575
550
546
540
537
537
553
593
636
657
668
656
628
601
587
573
569
584
572
604
626
717
763
762
724
674
638
619
616
572
591
602
625
674
722
735
727
684
616
582
565
568
606
762
833
762
786
776
753
737
656
608
561
575
565
594
760
831
771
771
759
768
704
647
603
601
697
928
801
814
837
767
811
817
834
834
769
812
807
809
798
685
718
739
738
785
844
841
702
646
654
647
682
712
723
728
670
634
629
617
616
631
659
662
695
699
689
691
698
719
729
740
723
737
741
703
753
829
871
849
752
747
722
713
733
826
894
928
821
823
815
783
715
727
806
866
783
777
768
747
750
789
798
814
817
809
730
734
746
767
795
707
730
722
727
771
708
697
655
659
694
668
698
754
815
814
729
709
698
686
667
638
690
734
867
822
780
788
779
786
688
684
688
697
693
699
783
810
802
736
744
728
704
691
737
749
746
728
719
716
692
722
745
746
736
751
761
745
681
660
670
683
733
757
821
816
768
773
745
704
696
727
805
862
930
893
836
794
820
784
702
697
806
914
855
870
878
850
857
847
792
810
735
698
779
856
858
877
849
813
787
718
740
688
720
761