482
478
475
474
474
474
472
473
477
477
482
483
475
472
465
462
456
443
441
437
432
432
438
452
505
655
649
648
675
685
685
680
684
567
544
533
525
519
513
507
496
489
483
474
463
457
454
453
450
449
449
449
441
327
491
456
446
448
455
459
468
477
484
487
489
487
485
479
474
470
467
464
463
456
450
451
453
455
467
516
670
652
646
661
616
601
540
526
524
513
516
506
505
506
502
496
491
485
477
472
467
458
453
449
446
446
443
443
446
451
460
482
502
508
512
509
513
512
513
514
500
502
493
483
484
478
476
480
486
491
494
505
518
523
528
527
534
534
531
528
522
513
504
492
485
475
465
460
463
485
575
631
618
622
614
580
556
552
544
541
530
522
517
511
510
515
514
515
514
506
499
488
477
475
479
533
672
668
681
690
688
637
650
587
559
558
565
575
562
561
555
549
549
552
544
536
532
530
528
529
528
526
528
521
519
513
514
518
528
551
562
576
587
558
554
534
526
521
518
517
509
512
510
515
528
533
568
594
634
619
621
609
605
567
566
555
538
525
526
530
528
537
541
551
564
578
587
576
579
576
578
582
578
598
612
611
615
600
595
587
566
560
551
549
547
551
579
602
658
644
679
657
616
605
583
572
552
555
556
562
566
580
590
605
584
587
576
573
562
562
563
562
551
548
540
537
533
529
530
532
537
537
531
524
517
509
500
492
486
481
479
477
477
479
487
518
560
581
603
592
557
545
530
526
520
515
514
512
514
515
516
520
520
525
528
538
546
554
561
561
563
554
550
543
539
540
537
533
530
525
521
516
510
505
500
491
489
498
520
544
558
563
551
538
526
513
507
495
490
492
497
503
502
501
495
493
493
494
499
501
505
512
518
518
518
520
522
524
523
526
531
529
531
527
528
531
531
527
524
519
506
498
492
488
485
481
479
473
470
470
471
485
518
558
606
623
624
591
561
552
545
543
539
534
530
523
516
510
505
502
504
503
509
521
531
554
562
573
572
583
582
578
569
561
547
538
526
518
512
509
507
514
533
549
569
587
604
607
595
581
571
556
537
524
512
501
492
485
487
495
504
512
515
520
529
531
521
508
495
488
480
479
486
518
593
688
705
732
713
723
728
704
659
578
552
539
524
517
512
514
527
537
556
581
639
674
665
639
591
556
535
522
509
503
511
526
539
542
539
534
523
513
505
492
486
484
478
481
505
568
655
674
697
705
716
705
716
670
591
560
544
529
519
509
500
493
490
491
499
504
514
540
575
574
570
569
568
557
548
537
527
526
523
521
521
521
533
561
581
589
598
588
572
555
542
521
515
508
509
506
528
526
552
561
599
652
654
656
646
626
608
591
569
549
534
529
520
511
506
498
492
490
497
506
546
682
715
706
682
719
726
714
617
604
583
579
567
574
582
610
628
593
605
596
597
599
604
597
604
607
607
598
602
599
587
584
580
586
579
584
591
611
643
639
650
636
621
598
567
559
551
558
563
603
654
730
733
741
731
703
646
642
623
612
598
604
604
614
610
595
605
600
595
590
587
592
595
600
604
605
607
610
604
611
618
611
632
636
631
621
615
612
595
600
601
612
602
621
622
607
604
604
603
581
592
580
563
579
585
607
602
627
625
604
615
608
601
593
595
598
578
592
594
607
595
574
559
558
545
538
541
554
562
570
565
550
545
536
526
518
514
521
524
535
555
569
560
554
557
551
556
548
535
524
517
512
504
499
493
489
488
483
483
479
489
523
552
638
649
681
695
714
722
731
729
626
589
565
547
535
528
525
526
520
518
521
530
569
682
754
758
744
683
638
603
579
556
546
536
536
558
604
650
712
732
708
718
695
675
614
616
599
596
592
600
612
621
628
609
617
617
608
608
602
596
570
574
564
569
566
593
611
643
633
642
622
604
575
563
549
548
564
570
590
612
651
692
669
661
638
598
599
588
580
577
569
565
566
578
606
632
615
606
605
598
590
582
570
558
548
538
532
528
531
532
535
536
540
535
544
557
570
570
565
557
537
533
525
519
520
523
537
549
569
576
576
573
559
545
523
518
509
508
512
530
566
575
573
573
575
594
580
571
569
563
559
548
539
532
522
528
538
552
588
590
592
575
563
548
531
517
504
493
483
475
471
464
457
457
454
467
517
634
674
624
706
685
643
674
646
572
560
551
545
541
529
525
516
509
503
497
494
494
485
491
490
486
483
486
484
489
490
497
490
498
503
505
507
515
523
541
545
538
537
542
544
544
539
536
534
528
521
516
510
506
504
503
499
509
513
524
548
574
589
617
642
661
611
600
590
592
597
587
595
600
618
639
669
669
661
641
611
578
550
545
528
516
517
545
604
684
705
673
648
631
615
606
596
566
567
555
546
554
581
655
763
734
743
727
704
654
667
646
634
640
633
611
605
605
604
591
606
599
598
608
608
586
591
579
567
570
585
584
620
649
701
673
699
688
645
650
635
617
624
639
649
621
650
652
640
645
661
646
633
646
646
639
674
689
686
665
657
627
614
622
646
658
716
726
672
662
635
594
581
569
563
571
599
634
654
673
704
679
632
607
577
563
546
546
540
534
531
527
530
533
538
559
577
572
559
542
527
509
499
495
490
500
524
617
686
646
680
667
657
653
599
565
540
530
525
529
533
535
531
522
524
506
511
508
514
524
547
552
556
553
555
546
536
529
523
517
510
508
504
507
506
515
522
560
697
724
725
737
664
705
614
584
565
549
537
528
521
510
512
507
512
531
544
548
580
578
579
584
583
596
559
572
563
563
558
557
555
545
528
518
519
517
513
525
561
631
695
693
677
641
607
584
565
548
537
535
533
548
574
611
647
642
626
620
606
612
618
602
619
627
637
613
631
628
625
619
636
625
607
626
627
646
625
627
615
613
593
600
620
661
688
672
664
655
638
608
575
567
562
557
561
568
582
592
626
651
616
582
576
563
555
546
543
536
527
519
513
505
501
501
511
531
573
659
718
696
732
741
736
725
681
612
578
581
579
604
614
672
697
665
662
646
632
611
617
603
588
602
614
656
655
687
688
667
672
664
646
616
601
577
556
546
543
544
553
562
584
595
628
655
632
646
629
613
595
588
579
581
576
567
558
550
545
543
538
543
542
545
553
556
557
547
542
538
540
546
564
582
577
591
592
574
565
566
558
563
556
572
584
578
595
634
649
653
640
635
583
581
567
558
545
543
546
535
534
532
539
547
584
584
586
572
559
535
526
520
516
513
523
560
626
662
651
663
632
637
618
590
558
549
547
557
595
616
632
683
713
687
688
700
693
661
594
580
566
565
558
572
576
585
590
610
630
637
620
632
610
597
590
582
563
567
561
555
551
546
539
539
533
530
535
533
527
518
527
529
531
535
536
531
519
522
518
514
508
508
512
515
529
562
657
689
709
725
710
681
666
602
563
536
534
530
540
562
617
652
661
642
611
577
554
535
521
513
513
517
553
588
639
675
670
693
673
650
624
563
545
539
546
548
563
567
567
560
548
540
534
527
518
510
499
489
480
481
475
474
475
478
475
474
472
470
472
472
476
490
511
529
561
574
578
584
590
577
573
569
563
564
565
577
576
562
564
554
559
554
554
583
624
712
755
717
662
661
650
657
673
668
628
631
615
600
584
583
599
607
637
685
714
729
712
697
655
628
604
603
590
611
654
726
752
732
726
692
643
635
607
597
590
604
621
619
617
638
632
654
661
609
606
598
595
596
599
609
576
602
585
587
598
607
616
638
604
596
589
595
598
605
617
614
598
574
563
554
559
596
682
705
709
715
728
709
682
705
648
603
585
575
568
558
545
543
545
558
574
641
668
701
655
648
609
596
593
584
581
584
577
572
572
576
588
569
579
585
595
588
597
594
591
582
586
586
596
608
597
599
594
594
577
582
583
588
581
583
577
576
560
567
573
580
578
592
596
596
577
587
581
581
567
567
567
568
562
569
576
579
581
592
585
604
606
605
561
546
520
514
508
509
521
535
563
590
606
604
602
579
559
544
529
515
503
490
478
471
469
460
464
495
595
716
760
834
859
847
828
780
787
646
600
570
553
547
543
551
570
578
588
605
621
622
609
596
579
564
548
530
526
532
554
610
649
700
713
677
669
639
614
586
579
564
557
549
559
563
586
612
641
655
659
660
664
672
652
609
601
591
590
579
582
576
580
574
563
570
585
603
637
629
653
657
651
638
605
593
577
562
553
543
557
569
600
621
646
675
712
670
670
651
608
618
606
604
604
602
577
571
560
559
564
574
586
595
610
597
596
589
591
579
583
582
586
577
575
579
585
585
581
601
613
605
629
622
617
610
586
586
576
568
557
552
542
524
525
519
517
525
539
552
541
549
567
604
622
587
584
572
566
557
547
543
542
542
536
535
539
548
570
567
587
608
642
669
656
648
639
625
607
586
582
574
570
568
560
557
558
562
587
586
582
575
580
562
556
549
534
528
525
519
518
527
563
606
640
642
626
601
578
556
548
537
528
528
538
551
566
587
627
640
646
624
597
587
584
586
581
591
600
613
625
634
610
614
591
576
563
546
533
531
527
532
547
580
608
622
602
586
573
565
564
561
560
558
563
573
581
601
593
581
576
573
564
557
548
526
525
514
513
519
517
523
538
560
561
560
559
550
537
527
523
514
503
497
498
502
507
515
526
539
554
566
554
543
533
518
511
506
506
516
535
548
576
612
680
721
708
658
616
562
548
529
516
511
521
531
555
570
570
553
558
554
555
558
562
553
539
528
522
514
513
511
517
537
574
677
718
716
713
716
658
637
608
592
582
571
543
540
533
532
548
614
771
824
739
689
618
580
566
554
553
566
576
583
595
592
586
582
580
563
566
556
544
541
556
592
624
654
680
686
660
634
611
595
587
572
565
551
553
551
557
559
575
581
573
564
561
545
538
529
519
506
497
489
484
479
480
494
549
666
711
740
749
729
710
691
593
556
537
523
520
524
545
579
619
651
645
612
583
560
540
525
504
499
490
480
479
491
522
559
580
577
548
549
546
541
531
511
507
498
490
484
479
473
467
459
456
449
447
444
447
444
443
447
446
447
451
458
463
470
478
481
485
487
493
500
505
506
505
503
501
498
494
494
499
516
539
565
566
573
575
587
583
572
544
541
532
524
521
527
563
642
753
762
735
681
645
613
584
577
573
593
612
635
626
661
678
702
661
667
648
649
606
624
621
638
612
649
667
714
669
692
666
634
621
639
640
655
654
682
703
662
678
640
602
589
580
583
589
611
651
644
606
626
621
621
573
562
560
543
530
529
542
546
599
618
670
694
638
632
593
578
559
545
539
546
562
578
583
576
580
573
574
576
587
591
581
602
611
630
627
629
616
625
618
604
601
604
584
601
617
650
644
670
664
614
611
593
568
570
577
588
593
644
713
750
733
640
619
594
568
554
547
540
542
563
591
655
668
767
767
667
631
620
607
585
581
583
603
642
686
660
687
691
649
625
615
604
579
583
592
596
583
607
623
630
615
630
616
598
579
579
582
600
621
604
628
629
603
599
591
579
569
561
550
546
540
533
525
519
513
508
503
496
493
499
515
536
561
594
626
623
589
588
573
566
561
555
542
528
554
629
723
689
731
708
725
762
719
719
750
728
633
606
585
582
584
593
594
622
650
690
700
667
665
644
590
573
559
558
579
603
650
756
774
688
723
710
647
593
568
560
557
556
562
566
569
592
617
656
652
646
645
610
612
602
584
571
585
591
604
601
601
623
629
639
612
630
619
619
591
603
596
600
589
598
596
596
573
570
578
585
616
601
629
631
625
599
606
601
583
567
567
566
581
593
601
620
631
605
613
607
607
591
586
576
567
558
563
571
572
598
629
635
625
604
607
612
617
610
598
603
599
595
595
609
614
598
611
615
598
590
598
593
574
583
591
588
601
632
624
605
601
590
568
550
542
540
552
573
580
616
646
634
597
596
591
583
568
576
590
598
588
592
602
611
589
588
586
578
566
572
585
590
579
570
576
595
609
634
611
623
621
623
605
602
602
600
585
567
570
574
583
587
612
647
664
642
651
640
594
592
576
562
556
545
538
532
520
509
500
496
495
493
491
491
505
555
667
696
725
717
691
648
604
592
581
577
588
611
647
674
632
624
610
595
585
596
600
597
589
610
628
618
635
634
608
597
587
586
581
586
579
563
539
525
513
512
535
576
604
605
656
656
653
651
652
615
585
567
552
544
536
531
529
525
522
515
530
540
578
652
688
641
609
644
624
566
552
537
535
547
556
549
559
576
578
570
570
562
564
582
595
598
580
541
540
528
519
509
503
498
494
490
488
491
493
504
523
542
538
563
568
586
618
646
628
623
591
567
545
516
510
502
495
495
511
559
701
679
702
701
709
694
690
646
551
533
518
510
511
529
584
678
711
719
688
657
574
578
554
536
523
518
521
542
561
612
645
654
648
644
618
601
554
544
534
527
528
542
567
587
602
606
598
570
554
539
527
516
508
507
506
511
514
523
531
546
592
621
633
620
572
577
554
540
529
529
531
531
521
529
526
529
549
604
676
681
658
624
581
562
538
517
509
505
510
528
567
635
653
670
628
611
585
570
563
568
575
577
568
556
539
524
512
502
490
488
483
487
513
670
706
707
726
736
723
721
717
662
596
570
559
530
517
513
506
514
563
696
719
721
673
617
563
553
530
518
510
495
497
494
503
523
561
586
680
699
712
701
697
692
617
557
521
518
510
504
514
542
540
594
617
687
719
737
696
654
613
579
563
551
542
540
541
549
564
579
596
602
601
601
583
573
547
545
528
521
521
523
536
562
601
639
645
628
606
580
558
541
525
508
501
501
505
553
744
732
731
753
771
770
752
659
622
609
604
595
577
572
574
578
587
583
580
581
590
603
617
631
619
611
616
617
616
625
632
663
655
649
642
647
647
647
613
625
618
630
619
618
647
662
671
670
694
682
657
612
600
595
591
600
604
598
603
604
616
612
617
612
605
599
582
597
609
646
669
634
643
621
597
562
541
536
538
566
650
722
734
698
708
719
683
648
614
579
569
566
566
560
556
550
538
529
521
510
501
498
491
488
502
578
756
691
656
709
702
711
702
614
588
563
544
533
526
518
516
514
518
529
555
590
619
613
580
595
581
574
567
553
539
531
529
533
539
530
536
532
549
611
690
704
708
683
651
603
556
553
536
525
520
516
541
604
720
782
746
742
747
740
677
599
562
537
519
509
499
504
509
550
694
741
729
727
729
732
648
598
568
546
526
514
506
505
511
519
524
570
669
728
735
638
636
592
574
564
556
553
536
536
535
541
559
581
622
628
635
622
606
587
564
546
536
532
535
543
531
537
537
543
558
577
588
589
578
563
551
539
524
511
506
503
501
515
561
722
758
703
686
627
592
564
540
521
513
503
502
516
549
604
680
710
713
698
658
622
588
564
548
536
518
521
516
518
536
563
588
579
583
576
563
559
551
546
535
525
517
508
501
489
500
498
512
564
667
716
731
700
682
608
589
576
581
577
574
544
543
545
548
554
559
573
571
563
553
540
530
531
532
534
562
612
651
649
596
615
584
579
572
560
552
538
530
524
520
517
506
510
513
535
658
787
743
718
688
631
593
555
548
534
527
534
558
577
610
629
596
610
586
585
584
578
573
563
554
539
527
519
517
517
526
526
550
563
623
697
759
748
716
667
631
598
575
556
541
529
524
513
507
510
532
607
699
701
687
655
625
582
552
544
537
536
556
596
632
665
680
637
603
578
565
554
552
563
572
603
643
667
661
641
605
600
590
588
600
619
623
623
600
592
587
587
602
621
646
661
654
606
596
578
566
559
550
542
541
538
537
538
542
545
538
533
535
544
552
558
557
549
543
538
536
530
527
524
525
520
516
517
524
527
541
577
588
621
622
659
686
675
648
628
601
575
552
541
533
527
537
614
723
793
760
772
726
751
760
663
606
604
597
593
606
605
642
673
708
678
672
653
643
604
606
590
590
602
593
605
618
636
672
647
628
627
614
615
622
604
584
573
565
561
555
551
543
539
539
542
552
535
524
524
521
520
519
514
507
502
492
492
483
480
480
487
492
501
512
518
518
516
515
498
496
491
486
487
482
494
538
659
635
656
650
618
649
640
581
550
542
531
521
504
507
503
501
508
511
504
512
514
516
514
515
512
510
509
509
507
503
500
498
496
493
492
492
500
524
581
709
725
704
705
705
605
560
531
513
499
488
484
487
499
532
573
682
709
730
722
703
651
592
593
561
548
539
540
551
566
592
604
567
580
576
583
587
584
575
563
553
541
531
521
515
515
520
529
524
537
542
557
595
612
612
594
574
557
544
534
526
527
532
540
546
540
548
548
564
585
605
601
596
579
544
537
527
521
526
542
559
572
598
572
590
569
563
559
554
549
548
548
544
542
540
542
556
580
631
688
695
685
648
577
577
563
556
556
565
561
560
553
547
546
544
547
551
550
554
557
553
540
543
533
529
529
538
558
585
581
588
579
574
556
548
550
562
565
547
550
543
538
541
549
561
587
590
578
569
559
548
539
523
523
521
538
613
821
765
738
712
637
597
568
548
531
521
519
523
532
552
557
581
609
695
799
817
775
679
649
615
602
599
604
628
605
591
599
594
613
621
630
630
615
602
584
566
553
543
532
521
511
511
515
539
633
749
749
725
667
619
587
563
532
528
513
502
500
512
527
553
561
591
631
651
653
630
614
588
569
555
546
536
529
525
523
529
542
561
591
632
650
597
591
574
575
571
575
575
574
567
561
545
530
521
511
498
492
497
537
671
714
685
700
711
726
719
708
615
574
557
539
528
524
514
532
563
673
755
700
725
735
733
728
728
641
592
563
540
525
517
514
519
521
530
540
582
646
711
711
669
634
599
571
557
542
538
540
556
592
658
708
744
719
665
615
562
553
537
533
531
545
589
671
723
706
686
640
601
575
555
543
524
521
519
533
558
586
749
773
774
778
787
798
800
755
655
636
625
643
670
669
652
661
673
661
663
646
623
601
605
611
632
668
648
672
654
643
603
590
583
588
589
601
612
605
618
656
651
614
608
591
575
552
541
552
580
612
638
646
627
594
583
572
565
558
551
547
544
539
538
537
538
526
533
526
530
545
566
592
604
595
585
560
555
543
535
533
535
547
573
573
582
587
586
621
651
645
663
665
679
661
634
634
631
629
605
608
611
626
654
639
645
648
652
637
632
633
632
617
626
650
663
658
634
643
643
639
608
613
605
588
591
589
598
617
614
621
638
648
669
640
641
638
629
611
595
595
603
646
721
735
732
725
712
676
661
651
644
622
630
658
702
736
702
713
697
686
641
607
599
583
573
567
563
563
586
639
673
683
642
611
598
588
579
575
578
589
590
590
577
569
563
556
562
558
565
590
602
626
626
613
592
592
591
592
591
591
578
574
575
585
611
654
681
673
653
644
637
637
642
644
629
621
617
617
627
617
645
673
720
746
757
749
729
664
660
643
645
646
631
654
667
701
690
714
716
698
663
655
640
617
634
638
656
647
654
654
659
646
664
669
667
648
655
651
660
634
644
639
646
630
642
641
653
639
637
645
641
636
635
655
653
660
634
644
642
657
645
660
657
658
650
623
605
589
576
564
552
554
577
607
638
622
618
604
594
590
583
580
598
611
655
676
705
729
737
683
690
679
661
644
640
633
622
648
666
688
658
675
662
628
631
624
629
627
655
678
687
681
680
683
650
657
648
645
623
636
635
627
640
649
665
649
677
683
658
643
646
647
646
646
661
665
640
645
645
650
642
657
659
635
648
645
651
635
650
659
651
662
667
681
658
663
646
617
621
627
644
633
653
677
698
670
692
686
647
643
626
614
594
600
611
645
662
722
730
690
692
671
648
630
621
613
595
602
608
628
630
671
693
692
656
648
630
604
590
578
563
553
545
538
532
528
523
521
525
534
546
555
547
539
537
534
531
534
546
567
586
609
611
628
642
654
664
640
646
646
658
648
667
668
645
647
658
679
664
651
654
659
661
636
663
659
658
657
671
682
670
661
659
672
652
661
685
687
684
652
660
668
670
642
661
652
657
639
658
667
671
649
665
663
644
637
630
630
634
628
652
654
652
646
662
663
655
644
644
643
628
629
628
634
629
633
646
647
635
639
643
640
616
626
629
631
622
649
658
659
654
658
650
635
637
633
630
610
615
621
624
616
635
647
660
635
644
627
622
618
597
600
599
603
603
608
625
641
658
676
680
680
646
645
636
630
611
618
622
642
638
684
694
678
699
694
669
668
665
663
647
674
688
680
690
690
673
659
671
662
646
667
680
679
672
701
704
676
688
680
669
654
661
669
651
687
701
681
679
661
641
625
630
630
624
666
688
704
691
704
696
654
658
640
623
629
634
644
641
691
715
684
709
688
660
646
649
651
619
624
609
603
585
602
612
617
617
636
649
671
683
647
651
639
622
591
582
572
572
586
591
599
616
634
652
625
633
629
628
612
623
625
628
620
635
632
641
626
652
656
668
662
665
649
637
610
627
632
662
659
688
693
692
644
651
642
641
621
631
631
643
645
661
665
638
647
648
667
650
665
677
688
660
684
670
649
627
628
633
652
658
660
669
670
657
645
658
658
655
630
641
635
641
615
601
601
604
619
646
670
653
663
650
640
613
607
595
596
603
596
611
626
652
634
645
632
623
612
588
584
581
586
600
617
623
602
593
583
573
571
563
559
561
563
557
553
550
548
545
544
542
546
558
577
614
643
692
706
691
667
657
651
630
647
648
676
655
694
720
728
710
719
720
683
698
682
656
623
626
625
638
639
677
691
676
690
695
684
647
664
659
668
659
692
684
653
656
638
631
607
618
634
687
708
776
776
714
708
682
645
628
630
623
604
625
634
655
646
663
663
677
654
670
662
653
642
642
642
629
648
660
672
639
648
646
644
623
628
616
615
597
600
594
595
585
605
612
628
626
641
644
654
628
632
633
641
640
637
646
647
630
625
630
640
639
619
607
601
589
580
577
591
619
652
678
652
655
642
639
623
620
626
635
643
642
666
672
673
672
680
694
665
693
692
671
661
683
693
671
715
728
702
703
700
688
645
658
659
669
662
712
730
706
720
700
673
655
657
659
644
676
690
690
713
739
720
689
702
699
661
678
673
668
662
686
704
677
681
669
665
636
642
639
652
634
654
659
675
644
659
649
637
623
625
628
628
633
648
666
656
682
677
677
659
659
648
630
638
652
690
684
710
715
665
663
646
643
620
632
629
632
620
640
649
679
675
699
692
651
655
643
643
617
626
625
646
648
684
689
693
661
643
636
628
643
649
682
696
729
698
721
717
725
681
688
688
689
659
664
669
671
671
711
695
685
726
727
688
692
679
645
620
605
589
576
567
558
550
535
532
530
525
519
512
513
510
512
526
543
554
569
575
588
603
603
603
588
596
589
572
577
598
632
636
681
701
735
718
721
709
679
675
658
666
672
702
736
730
778
772
721
729
716
718
698
735
754
729
741
729
714
687
685
685
658
681
688
711
675
691
696
697
676
685
688
701
663
678
679
708
705
716
714
713
679
684
664
634
619
642
646
656
629
632
633
626
616
599
597
589
584
571
580
586
592
580
595
596
609
617
606
610
611
611
596
581
578
570
563
548
542
541
536
532
541
569
586
606
614
606
598
577
563
553
545
542
547
565
602
656
710
737
732
721
706
681
646
653
668
699
729
688
724
725
716
683
695
691
660
671
695
709
678
690
668
644
610
608
607
610
610
614
615
623
604
614
618
635
650
640
652
658
667
648
670
685
706
683
704
699
668
664
662
674
663
685
715
733
717
732
720
678
688
674
668
646
676
682
692
664
668
660
646
647
650
653
632
632
620
620
612
646
671
712
687
695
681
662
631
622
612
594
594
597
607
615
626
651
670
655
680
673
649
639
629
623
611
627
635
635
638
652
655
643
663
665
668
630
646
638
638
631
651
660
650
683
693
689
665
668
666
641
646
659
665
638
646
640
642
607
614
601
585
583
590
609
637
655
641
654
652
657
627
633
626
631
626
660
687
669
697
680
650
657
647
663
648
683
706
687
693
694
694
661
659
653
622
628
624
610
609
614
622
648
673
667
678
668
653
618
623
610
611
598
626
642
677
659
701
702
685
665
667
666
635
644
643
649
629
655
670
687
661
676
659
654
633
631
629
632
622
633
661
676
661
697
701
684
652
652
656
640
647
656
670
646
668
669
654
666
673
664
638
648
644
627
649
672
697
666
696
692
662
655
659
660
635
652
648
638
638
648
650
633
660
658
654
630
641
636
627
635
667
697
672
709
693
664
686
683
648
644
652
657
644
646
659
676
659
642
641
641
613
621
623
626
612
625
635
643
631
650
652
648
640
660
665
654
646
657
664
640
655
674
687
655
677
683
641
657
648
631
610
626
629
637
663
722
735
701
720
686
627
619
604
608
604
638
693
774
743
772
743
664
637
610
600
586
577
582
589
611
653
729
753
713
719
696
697
654
657
636
629
608
604
600
603
622
667
707
689
704
700
659
640
635
629
621
622
660
680
711
707
745
720
671
679
675
652
634
660
677
682
699
747
746
708
731
741
700
705
704
661
657
678
692
666
672
667
671
681
648
657
659
665
656
627
634
627
629
633
614
638
647
669
636
614
608
605
615
649
691
692
683
689
686
665
640
647
644
644
650
702
738
722
748
731
665
677
662
645
675
701
722
693
740
744
695
717
702
664
675
679
680
651
683
688
668
699
713
708
697
720
704
656
664
636
616
613
633
671
719
720
768
765
699
709
688
654
647
653
658
633
670
691
702
662
702
714
711
662
668
656
640
632
646
657
663
674
706
720
678
694
685
646
634
644
654
671
714
766
756
702
708
684
662
640
649
653
644
663
695
705
667
699
685
652
629
629
619
611
592
601
608
622
624
635
673
692
678
673
676
660
624
640
646
663
669
756
786
762
732
721
696
639
641
643
665
653
685
729
752
730
759
746
686
693
689
663
655
688
719
715
695
716
718
674
685
698
684
650
673
651
633
606
608
603
605
599
610
622
634
642
620
639
633
629
607
618
616
617
613
645
662
672
670
704
707
678
687
684
671
646
681
685
667
689
714
708
714
742
735
692
704
705
707
657
688
683
653
640
658
678
717
707
755
768
729
692
692
689
681
653
674
683
681
702
728
717
675
686
674
656
654
690
706
683
723
719
705
677
696
689
663
666
673
688
660
684
688
683
657
682
682
667
660
671
677
660
654
663
659
628
624
623
631
656
652
687
706
673
681
690
685
641
657
658
655
648
698
709
709
693
726
720
659
666
660
660
630
654
664
676
655
680
668
638
644
654
667
631
630
639
657
680
675
723
721
688
665
671
664
649
654
674
687
661
680
689
676
644
664
662
646
654
688
706
701
718
721
677
654
660
656
645
653
693
723
694
708
717
708
660
664
650
637
633
668
708
770
737
766
766
710
688
673
643
613
623
625
617
613
635
671
749
708
736
718
679
635
634
622
615
608
624
644
670
662
696
698
672
655
666
655
630
633
639
646
627
649
670
685
651
667
668
651
634
656
657
644
627
643
638
644
628
648
666
696
684
664
670
660
644
622
615
628
649
689
672
706
688
651
628
618
602
590
575
551
550
544
536
529
522
519
521
535
535
539
553
562
566
564
559
549
547
542
539
543
553
582
611
654
690
710
687
663
624
612
607
615
639
688
717
702
662
651
635
628
627
616
621
640
648
654
716
747
723
665
651
626
609
595
572
574
572
595
653
671
693
726
741
750
717
688
672
644
646
620
632
628
632
633
610
605
586
574
562
552
541
530
524
518
511
510
516
519
526
559
603
637
659
661
652
645
612
599
584
585
586
574
587
604
649
669
708
718
713
673
626
607
588
574
574
590
605
640
655
681
666
660
648
648
641
626
635
646
682
688
718
722
717
670
663
640
630
616
618
609
608
614
584
584
573
572
566
562
557
552
544
536
526
521
519
516
516
512
507
506
510
524
551
570
572
571
567
560
554
554
560
568
588
608
654
677
681
676
671
671
662
654
655
666
680
696
709
731
743
723
700
664
646
616
617
612
625
622
628
616
619
639
642
641
636
609
597
581
569
565
562
561
568
589
631
661
701
715
715
661
639
604
588
577
565
564
561
552
550
555
567
568
569
576
580
595
592
610
604
621
611
596
587
599
634
670
666
650
620
604
588
572
562
553
548
552
558
560
558
549
544
538
536
545
565
597
636
644
633
629
626
633
635
630
664
687
730
766
735
742
750
728
679
661
642
639
634
646
653
685
686
694
689
681
666
660
648
656
633
633
632
654
655
657
653
656
651
657
652
632
610
589
576
565
573
583
601
629
643
654
646
649
646
628
613
602
606
613
627
634
645
621
628
624
619
584
597
580
573
560
559
549
538
538
531
531
530
534
539
539
543
564
592
631
688
724
711
639
604
588
573
555
540
529
530
569
654
671
674
751
780
782
745
705
671
641
635
663
719
786
742
769
771
794
724
724
719
732
680
690
690
705
681
692
701
710
702
684
694
694
661
664
682
695
665
689
711
732
716
758
771
760
698
695
668
621
634
622
632
636
664
677
669
656
686
694
697
658
636
635
646
685
706
714
761
763
718
717
694
652
666
688
734
770
754
793
758
717
717
713
689
698
731
744
762
729
750
748
708
718
715
717
728
766
734
714
704
694
649
666
663
672
652
728
764
734
770
763
702
700
686
639
633
656
689
686
800
815
740
725
724
718
701
658
627
626
612
613
613
608
640
658
700
669
694
667
638
642
654
687
676
735
739
713
683
667
646
609
608
621
669
721
721
797
836
815
828
785
693
664
649
643
646
619
655
667
683
653
681
685
689
655
673
657
664
639
667
678
681
647
685
687
678
665
691
702
661
675
662
680
659
660
663
646
614
617
608
610
627
625
651
674
695
665
697
697
666
686
684
677
660
667
670
660
668
702
730
708
702
685
645
619
631
645
653
672
720
755
718
702
674
651
619
640
644
646
665
711
731
698
708
688
661
629
633
626
616
630
663
677
680
728
741
684
699
682
654
632
652
658
664
671
700
713
676
707
696
673
669
689
702
661
685
684
666
665
707
707
680
699
700
668
694
679
648
639
635
631
637
647
705
728
713
747
741
688
691
673
645
652
672
688
652
678
657
648
657
641
628
612
610
601
591
573
566
561
558
560
565
568
563
563
568
577
592
610
645
657
660
649
635
614
592
579
566
561
566
568
564
576
620
678
721
745
742
686
676
633
615
604
584
597
610
643
665
691
692
674
707
716
712
678
683
675
655
680
699
748
728
761
753
702
705
685
646
680
691
729
709
747
736
691
703
692
686
646
668
671
682
683
723
747
752
718
680
651
628
628
643
639
673
692
720
713
726
708
682
684
680
687
662
685
695
716
710
753
746
701
707
688
676
666
695
715
714
767
770
732
741
703
640
649
649
650
681
769
781
760
785
748
723
692
645
625
615
614
600
629
653
703
707
764
746
689
662
654
645
644
630
652
662
709
720
784
795
777
760
728
689
657
662
661
666
630
623
626
646
715
793
790
774
721
685
665
646
612
604
601
608
652
720
706
748
752
752
708
698
680
675
634
650
646
663
657
699
735
791
806
759
737
698
637
633
609
605
604
651
731
818
813
838
831
757
750
692
632
616
612
614
648
670
735
734
703
746
757
757
728
708
686
646
654
648
657
652
695
707
692
719
724
706
689
688
695
669
673
643
630
642
656
691
697
744
756
721
733
700
649
659
654
668
666
713
709
704
731
732
697
712
712
688
714
707
698
657
655
648
659
638
655
655
675
682
682
639
650
631
628
619
642
663
682
736
764
777
714
732
720
690
699
685
650
626
635
645
697
712
789
796
744
716
658
592
580
560
542
532
533
541
561
613
658
736
722
726
753
754
714
647
647
653
641
616
582
558
547
543
551
578
648
697
716
685
707
707
722
748
756
736
733
714
673
638
645
668
741
802
763
770
746
709
667
637
639
635
663
646
640
639
632
604
624
621
648
645
678
691
727
700
692
670
658
619
614
610
609
620
604
635
661
711
683
693
688
688
651
655
654
668
662
693
716
720
716
745
755
720
728
712
692
692
695
713
688
744
759
750
766
765
737
721
706
687
657
675
673
671
648
687
710
710
746
756
742
689
688
669
643
653
664
693
680
728
738
735
707
719
710
671
696
692
677
679
707
709
675
710
717
688
717
712
674
688
698
693
701
725
721
705
741
737
695
702
692
681
664
643
627
636
650
662
648
681
680
683
646
654
642
637
606
615
621
646
671
658
632
630
630
612
610
609
611
631
666
682
690
684
651
641
622
611
604
590
600
620
679
721
793
813
809
771
771
751
685
665
670
697
676
710
693
689
653
668
661
675
690
663
685
672
667
639
654
669
692
688
714
720
715
667
693
692
718
695
730
729
724
688
699
704
690
690
727
748
749
750
747
735
693
709
708
687
740
737
743
748
761
742
699
716
705
656
664
657
658
641
684
729
753
729
766
761
695
711
698
674
645
650
656
652
690
732
765
747
770
729
656
649
626
615
613
645
666
713
718
771
778
722
727
711
668
674
682
695
667
704
718
699
719
733
745
704
716
699
654
656
646
645
627
666
686
702
708
726
698
643
633
612
595
578
568
554
544
537
534
530
526
521
518
514
521
558
606
645
662
658
650
629
610
589
585
571
568
574
571
594
651
785
841
802
779
798
808
768
702
653
651
646
655
675
663
700
716
694
695
698
720
686
712
700
676
672
689
698
694
708
727
720
688
731
731
733
727
746
739
698
737
752
713
735
724
682
690
702
717
705
755
757
704
692
687
685
672
730
769
752
737
710
674
659
654
661
649
660
685
703
669
681
659
638
615
615
623
642
639
676
697
698
674
680
662
635
637
642
652
647
690
702
676
685
686
678
646
663
664
675
638
644
622
604
586
604
618
610
603
620
613
640
648
646
613
614
602
593
581
587
593
586
603
622
661
672
682
698
692
666
663
653
626
598
582
578
585
599
657
724
729
752
735
712
674
671
654
643
623
639
649
668
663
698
709
707
688
695
694
650
663
652
660
627
645
634
601
577
571
587
653
766
711
729
722
732
712
672
612
597
590
579
589
602
588
582
575
563
563
563
563
559
551
545
539
536
529
527
530
535
547
556
558
559
565
573
586
610
631
655
654
621
641
650
674
720
698
767
770
779
729
733
716
663
704
722
700
708
732
764
807
767
736
713
693
651
682
689
715
690
736
730
673
701
686
690
686
764
815
775
797
785
722
743
714
673
697
685
669
668
711
740
698
734
727
681
666
667
660
639
648
656
671
650
692
720
719
751
762
747
693
699
671
636
633
643
676
680
736
765
741
732
734
693
675
687
678
641
663
652
623
629
640
615
654
666
729
741
709
688
662
627
591
587
599
645
721
788
787
729
768
780
727
741
663
608
600
581
600
651
767
826
763
756
816
801
778
820
809
718
690
625
604
572
557
549
571
612
674
699
709
670
701
721
646
659
633
605
586
587
580
575
571
593
615
632
632
659
665
641
660
661
626
613
611
602
587
634
676
712
677
683
637
598
583
569
551
544
549
548
570
596
633
647
639
618
584
537
530
517
507
499
501
503
504
519
523
555
557
579
577
645
674
638
653
684
694
668
684
708
717
670
640
618
622
613
675
723
771
709
729
726
721
670
692
690
698
678
726
745
737
749
770
746
691
715
704
692
758
811
785
798
792
778
708
740
716
678
716
755
760
700
686
672
646
662
718
806
843
838
864
814
768
761
728
686
698
688
649
629
634
654
714
827
838
790
787
760
700
693
681
683
647
687
701
731
753
771
779
757
682
674
659
671
661
689
701
722
689
695
699
702
656
655
651
652
635
680
726
780
736
768
721
666
663
652
651
654
642
653
652
627
623
612
640
639
645
635
672
693
719
680
715
704
688
702
719
738
684
717
689
655
667
706
766
798
835
775
782
759
674
663
636
620
604
593
595
592
613
647
618
625
615
609
631
665
706
728
735
717
663
645
625
617
606
614
638
667
682
701
704
713
672
666
642
643
631
662
716
771
792
803
789
762
740
666
619
615
603
589
609
622
668
708
703
736
733
773
753
662
653
625
612
617
632
627
648
613
640
638
650
668
679
639
655
651
621
608
607
596
588
608
632
638
647
648
636
620
597
580
563
545
530
514
505
501
493
485
490
522
653
745
660
700
744
734
674
664
635
609
594
586
582
590
609
654