552
536
526
521
520
535
600
687
772
838
791
822
794
751
696
653
609
574
562
540
520
522
522
530
556
601
600
614
631
630
665
664
612
600
595
577
549
553
557
554
552
574
593
597
604
595
596
577
572
571
575
588
604
588
602
601
581
623
635
671
619
621
602
591
569
576
569
555
573
576
578
585
592
592
589
598
600
608
614
635
669
692
674
679
657
622
625
607
592
621
631
614
633
640
619
621
620
611
593
607
590
578
587
582
577
565
574
581
604
636
693
732
731
707
717
702
667
667
668
662
653
701
724
757
742
739
724
687
687
677
651
689
716
773
747
759
774
747
711
725
752
779
775
811
798
729
762
718
722
700
754
802
823
745
732
703
650
645
632
628
633
641
684
721
726
672
650
637
646
668
693
702
760
776
781
742
733
713
706
677
699
705
701
705
745
767
742
744
733
699
717
708
711
696
722
704
677
695
708
696
694
702
712
692
716
721
699
731
737
717
729
722
690
700
739
786
794
810
773
751
702
650
678
705
709
774
832
816
768
793
761
745
666
606
570
561
552
563
574
617
662
715
723
744
725
704
698
676
624
606
588
582
618
737
815
764
745
671
702
624
592
578
569
572
579
582
588
593
598
582
586
580
597
627
652
652
648
641
628
626
618
615
632
688
756
748
739
758
758
717
712
686
662
642
648
676
733
788
795
755
767
773
740
752
682
646
631
630
641
645
694
711
726
686
657
639
620
595
570
577
592
608
617
605
596
598
604
626
663
693
668
683
678
689
673
689
702
728
759
773
788
796
756
748
734
727
700
735
747
771
771
779
799
747
753
733
688
701
706
707
698
681
661
667
674
643
662
660
684
707
729
742
695
692
686
686
729
759
789
793
792
779
778
762
703
672
633
617
623
667
769
867
833
818
821
776
777
714
687
632
632
645
683
738
753
779
781
768
745
699
696
636
618
608
593
590
681
790
816
814
806
783
739
718
696
693
698
737
764
797
801
803
789
751
749
733
732
753
760
771
775
777
765
755
733
729
719
703
682
691
700
702
756
777
771
778
749
738
709
665
682
692
731
795
846
850
833
826
798
782
758
729
749
764
784
791
799
785
801
782
771
777
786
771
801
813
782
797
797
769
792
813
798
826
794
812
803
767
781
799
777
810
799
757
750
707
700
712
766
766
806
786
780
764
695
699
665
649
625
643
699
821
877
884
813
818
811
771
744
696
668
663
679
738
729
764
775
764
734
721
665
652
631
630
619
627
637
648
655
638
646
643
648
631
653
664
701
699
696
691
665
641
631
584
592
593
605
587
586
573
562
550
538
532
531
539
554
567
573
564
563
566
586
635
712
757
766
774
779
771
747
731
722
722
687
686
691
708
685
700
691
691
694
704
737
721
749
742
724
696
685
668
663
659
668
686
699
709
725
757
753
747
743
728
695
699
695
682
715
728
697
688
641
645
625
618
610
619
626
625
629
645
657
651
671
657
627
631
604
587
593
593
587
590
613
620
661
691
711
727
710
678
670
646
637
611
615
608
629
644
691
697
674
665
645
647
660
699
738
729
752
752
711
711
693
660
658
658
636
620
643
651
672
669
675
645
631
626
631
646
688
730
721
763
770
735
748
679
647
604
580
581
646
694
718
774
723
734
749
707
741
749
702
710
681
674
674
656
631
607
606
614
635
677
683
673
707
729
712
729
699
642
634
598
584
582
594
608
641
674
722
762
734
749
717
666
645
613
578
547
544
578
646
744
770
745
761
769
741
787
790
771
816
809
782
813
816
742
711
671
660
676
695
670
686
678
655
669
657
643
671
669
650
663
645
632
621
597
574
575
586
618
696
716
730
738
723
727
711
658
645
593
575
580
604
645
675
712
697
654
638
609
588
604
631
690
727
773
762
718
752
722
652
590
549
535
546
589
696
711
729
742
704
718
714
661
678
632
608
625
624
599
588
568
553
545
541
540
535
527
526
522
525
530
533
530
520
507
497
489
481
476
471
466
463
459
459
458
458
461
466
481
474
491
499
501
477
489
495
479
475
474
472
469
469
472
472
472
472
479
484
492
503
505
503
501
494
482
480
473
467
463
464
467
477
488
504
526
571
591
594
616
619
616
646
653
630
652
668
657
624
592
579
563
563
563
580
621
664
719
738
713
713
706
670
697
723
680
698
686
653
620
626
640
682
699
699
725
744
712
740
732
706
721
742
744
730
724
728
683
699
736
729
767
791
734
769
749
727
698
692
656
707
718
716
720
724
741
719
724
704
675
653
667
686
754
746
754
734
695
670
654
648
650
690
742
771
735
740
721
677
678
678
693
660
658
664
664
659
640
657
674
695
674
697
701
715
680
672
644
615
621
611
597
593
596
581
577
600
626
647
636
624
610
589
565
552
549
555
576
635
700
724
772
797
808
748
769
769
778
711
724
746
766
771
795
796
752
797
763
714
717
694
690
699
733
795
774
799
788
757
776
767
705
693
670
642
662
688
722
743
741
759
758
729
721
699
691
653
662
656
675
678
695
706
724
692
702
696
676
670
661
660
660
676
703
735
722
728
722
689
678
672
658
637
638
655
687
739
773
781
768
749
726
696
652
646
641
647
672
715
766
750
739
711
664
667
661
642
641
630
610
601
604
628
647
653
646
640
629
607
600
593
591
591
612
601
629
661
701
697
677
679
671
653
615
615
616
643
688
783
801
728
768
777
744
771
748
670
660
659
634
677
713
737
751
765
768
766
744
690
672
645
632
616
629
642
676
714
752
758
730
707
692
650
646
637
635
649
687
728
735
752
746
728
679
664
636
608
610
618
642
662
708
751
734
708
681
655
622
601
580
599
636
617
635
643
663
658
671
664
656
627
639
675
752
819
796
808
800
771
783
769
710
678
653
635
682
770
790
842
845
811
803
768
779
727
655
643
626
635
613
645
670
723
730
688
699
704
698
683
697
716
698
715
719
727
727
742
757
727
738
723
690
686
665
679
680
739
763
750
762
765
750
769
755
704
707
688
660
692
712
748
772
784
780
750
727
695
678
671
690
693
747
772
766
799
806
747
729
693
646
649
656
695
752
810
789
748
750
749
718
723
698
651
647
634
651
724
767
758
791
779
747
741
688
659
647
641
621
641
663
655
666
650
636
628
614
626
626
602
597
573
558
532
513
506
498
496
505
522
548
573
597
611
592
583
559
536
527
518
521
525
544
542
606
671
639
662
671
648
673
680
652
606
585
591
589
603
634
665
679
676
670
648
660
670
645
646
636
626
637
651
637
644
648
675
681
710
718
709
670
657
643
635
629
656
682
722
742
766
761
702
699
685
662
626
601
582
566
558
551
550
580
658
639
666
694
705
686
660
635
632
646
650
675
711
743
737
760
745
714
710
698
700
660
689
688
721
714
733
745
752
714
709
684
666
641
635
628
633
664
682
733
760
752
726
693
645
615
600
586
572
577
635
771
798
766
737
771
777
738
693
662
681
699
735
768
740
753
740
714
647
613
572
554
582
660
786
765
747
786
802
754
790
794
740
771
665
654
638
635
623
612
590
594
616
651
674
707
716
688
677
662
654
638
653
658
669
673
658
654
657
653
647
639
643
632
642
639
664
640
662
675
686
664
678
656
627
604
585
578
598
642
755
755
722
759
775
735
764
769
671
658
635
646
629
657
663
673
688
704
714
693
712
706
694
685
676
664
647
665
665
646
654
649
669
672
711
730
735
758
765
747
748
723
681
659
643
636
617
635
642
659
686
716
719
687
690
688
656
644
619
600
587
606
667
730
768
760
701
743
737
685
703
653
617
595
609
620
643
657
684
692
663
674
681
702
687
699
693
704
687
710
706
721
700
674
638
599
586
610
711
807
819
783
757
805
805
713
748
658
620
586
579
567
565
568
621
698
736
756
765
747
691
677
653
643
626
643
650
659
631
636
621
630
651
654
679
706
684
700
707
694
674
678
669
646
665
666
690
679
677
652
611
616
612
630
643
675
692
672
688
692
670
644
623
602
589
605
629
682
689
727
737
700
693
671
658
630
632
607
598
579
565
560
555
548
540
544
561
573
579
582
566
557
551
546
548
552
562
579
604
652
729
751
708
634
602
575
584
662
733
785
731
698
734
723
712
671
689
612
598
585
604
636
658
665
688
709
710
673
686
664
635
635
633
651
665
703
728
724
737
748
756
714
722
694
650
653
638
652
633
619
610
590
584
593
593
572
555
535
529
525
528
555
604
634
674
701
688
686
671
666
622
631
618
633
618
642
657
677
648
658
645
653
658
679
694
733
721
657
623
585
554
556
578
781
688
729
746
710
739
726
706
668
621
602
601
592
610
605
629
622
648
643
647
628
632
623
624
602
600
583
581
569
572
584
608
623
646
664
682
646
636
619
606
594
597
596
605
596
604
598
591
573
571
566
586
606
633
650
640
626
596
567
550
536
512
505
503
499
499
507
528
563
592
605
594
578
560
532
513
503
496
488
480
471
471
466
467
481
527
604
609
635
655
664
665
659
609
642
631
574
536
519
502
492
483
476
474
475
475
477
477
473
470
465
462
464
465
478
487
504
526
548
574
572
560
544
526
517
502
480
481
476
467
459
455
452
454
458
468
482
503
503
522
508
520
507
512
499
502
497
492
489
485
485
487
483
480
478
475
473
472
474
479
486
495
505
509
517
538
551
542
539
545
543
545
536
533
527
523
521
526
533
555
544
560
563
546
532
530
527
530
541
565
605
622
611
610
597
587
573
565
563
551
546
542
545
563
588
646
713
727
696
660
613
568
552
541
540
558
596
635
658
629
631
601
588
574
568
572
578
570
563
553
544
540
529
529
536
556
575
603
632
667
632
636
643
644
610
576
561
547
542
537
528
521
525
540
575
622
664
661
666
693
717
736
744
718
709
723
621
604
605
654
733
792
786
811
801
764
737
676
680
677
726
792
808
769
764
729
703
684
647
659
661
689
717
709
750
746
732
699
685
664
654
659
697
743
785
769
788
777
694
674
636
640
630
694
758
819
796
782
767
739
745
699
674
649
664
693
710
711
758
762
746
725
728
705
646
634
606
605
601
604
594
573
571
563
557
553
544
543
553
568
595
619
627
641
643
643
642
645
645
619
627
624
645
683
722
718
716
705
702
688
645
640
635
648
677
649
672
674
686
707
675
683
685
687
671
640
631
614
623
625
681
708
773
728
758
754
692
656
631
590
580
572
565
572
577
591
608
604
607
601
600
588
588
590
594
608
617
628
623
631
625
630
624
602
611
602
604
610
614
614
621
615
597
601
604
634
641
690
697
675
659
637
629
615
613
600
592
575
582
588
616
677
689
740
739
688
726
672
633
601
581
563
561
569
625
702
721
680
714
710
675
701
700
672
615
604
590
571
561
553
560
588
666
690
729
711
707
682
707
687
632
619
596
573
552
550
550
565
618
645
689
642
681
694
646
666
661
655
642
626
595
574
552
522
518
513
509
517
537
582
644
650
628
601
583
565
539
536
530
524
516
519
526
536
559
573
581
591
610
582
599
574
558
542
520
516
505
494
494
497
507
540
567
617
631
646
640
596
613
574
562
557
556
558
573
571
604
618
686
737
713
689
733
742
757
737
761
740
634
635
630
659
674
742
792
825
756
750
723
700
666
632
628
617
634
659
707
732
760
759
701
710
701
707
705
683
699
712
717
725
667
646
642
631
616
634
647
647
641
628
618
584
576
570
571
580
586
591
586
590
582
578
561
571
579
611
655
706
737
729
694
682
658
650
656
664
626
634
637
660
700
691
704
698
687
654
662
648
648
657
634
619
605
593
579
582
629
722
822
802
741
771
743
714
641
633
637
667
688
729
756
747
742
722
703
651
622
586
569
561
593
660
794
711
763
764
741
767
741
702
728
707
638
601
602
624
659
680
715
725
712
682
674
649
608
587
572
568
570
583
612
615
646
652
613
562
601
573
535
537
533
529
529
536
539
542
542
537
534
528
518
517
516
530
549
593
646
646
647
650
648
639
607
604
586
596
671
677
656
679
694
700
683
677
700
699
651
596
572
564
579
604
605
634
645
677
702
709
693
692
661
651
626
613
646
699
751
788
774
734
777
786
767
762
722
710
712
728
703
752
787
795
791
771
707
705
696
667
718
754
784
772
784
751
741
731
706
663
664
628
622
626
673
762
798
758
754
748
712
729
695
654
616
617
602
603
613
623
666
697
713
695
687
641
620
601
575
581
542
537
532
526
527
538
558
576
590
604
584
569
563
557
552
547
541
540
539
542
554
595
653
745
748
744
719
764
770
765
739
729
673
610
613
614
638
692
714
740
696
705
710
725
712
709
695
683
664
626
611
575
560
604
705
765
734
688
695
718
704
654
620
667
653
668
677
673
711
722
699
672
671
633
622
602
592
584
569
544
534
534
552
608
642
672
679
683
671
677
680
685
685
653
675
655
595
563
547
529
520
515
518
521
538
609
677
658
650
654
651
646
628
616
574
573
572
582
577
562
546
536
529
525
522
522
522
519
514
510
506
503
499
494
491
490
489
488
491
508
534
590
600
636
674
700
733
734
788
746
710
702
716
715
714
706
687
681
631
644
661
664
689
696
713
706
665
699
712
712
708
689
693
683
650
600
569
557
562
593
729
708
664
700
693
694
691
669
670
667
657
605
559
547
539
548
573
603
643
661
671
646
684
695
707
694
681
715
721
723
703
675
618
606
604
605
625
657
765
821
741
771
779
772
726
661
639
637
646
735
792
856
763
774
763
714
689
613
591
571
597
642
814
723
767
771
744
781
784
776
716
687
604
575
558
543
541
548
569
670
760
780
734
734
753
759
710
690
672
641
638
641
648
678
687
714
702
678
653
631
639
652
664
687
691
676
626
612
589
589
589
597
649
683
713
679
646
678
662
652
643
619
597
609
581
582
592
612
660
664
677
673
696
710
714
716
688
706
672
619
617
608
609
624
652
746
777
718
736
736
732
688
637
616
605
603
602
601
600
628
653
688
680
627
609
573
559
550
541
528
525
531
544
591
677
663
631
657
649
652
647
634
616
625
590
598
604
619
608
616
621
614
603
580
565
572
590
645
718
752
722
729
727
720
695
642
619
609
618
634
666
658
646
631
604
618
634
623
609
591
568
547
535
527
515
516
530
561
577
640
662
681
663
669
682
681
664
632
656
641
616
576
591
603
631
645
683
669
673
650
687
691
701
683
689
648
616
595
599
589
593
618
701
757
746
738
742
725
746
754
726
699
646
643
628
679
727
752
814
824
742
772
762
721
714
662
659
713
764
822
750
769
771
714
696
725
782
775
808
773
765
776
767
637
620
618
669
758
854
834
783
784
780
762
711
665
615
594
579
572
563
558
556
576
631
647
616
624
628
621
612
607
603
602
604
594
612
621
659
692
672
666
667
664
686
711
700
700
693
676
632
594
583
583
673
732
683
743
751
761
729
690
700
710
702
655
628
603
575
550
536
526
515
495
494
482
477
481
493
540
607
600
598
575
576
569
567
556
526
490
477
470
457
459
455
461
467
479
496
514
553
577
563
570
574
571
537
524
512
500
491
482
478
478
476
473
474
474
472
469
467
465
463
458
453
450
448
445
444
444
443
444
445
451
473
520
533
542
542
540
539
541
535
533
501
483
474
466
463
460
462
468
473
471
481
488
494
502
508
513
518
522
529
515
494
483
473
470
468
455
457
457
452
446
445
445
447
449
449
448
451
452
454
447
456
453
457
457
460
460
452
458
453
449
444
441
445
455
470
486
505
517
523
524
513
501
487
479
473
472
479
496
514
529
506
525
525
521
518
504
499
493
490
478
476
469
465
459
458
460
468
477
485
489
493
504
489
525
537
544
547
546
544
543
538
530
479
470
461
456
456
458
471
497
523
528
550
555
557
558
553
564
563
562
556
552
519
489
479
470
465
462
463
462
474
490
517
578
563
581
561
555
555
530
519
513
516
480
473
473
475
476
475
477
479
483
473
480
483
487
488
492
488
486
481
476
470
464
459
451
453
448
447
457
491
558
563
551
582
600
606
606
605
595
584
573
518
495
476
468
467
470
476
488
501
506
521
527
521
517
509
502
491
482
478
473
467
463
463
459
462
473
486
510
533
563
556
551
550
536
509
495
485
480
476
482
500
524
588
611
602
608
605
572
580
582
532
512
510
510
504
503
499
499
500
506
518
547
582
619
622
591
580
570
566
576
590
637
616
625
591
582
566
561
558
554
553
548
548
553
537
532
523
516
504
504
499
500
511
535
566
592
615
638
641
625
612
606
588
588
576
568
568
573
578
576
568
564
567
559
549
544
537
533
527
532
524
523
524
519
516
515
513
515
523
536
557
583
607
604
618
616
611
595
578
549
534
525
519
522
550
613
725
720
693
698
704
703
700
691
599
579
575
567
584
625
685
724
729
714
665
620
598
578
560
547
561
575
583
624
639
659
667
604
642
619
589
566
534
518
509
495
493
487
487
506
527
569
613
616
606
600
600
580
595
567
510
501
487
479
479
479
482
486
486
485
488
491
496
500
506
511
515
510
502
491
485
482
486
483
496
507
521
552
565
593
580
555
535
517
499
485
475
463
455
452
452
452
469
502
609
576
584
598
610
628
640
639
630
624
613
568
495
490
477
467
469
477
488
529
561
590
646
624
637
633
639
635
636
632
574
534
517
511
495
488
491
501
516
530
534
545
541
536
518
528
518
512
503
499
497
490
469
471
467
470
488
525
575
574
570
575
561
562
561
521
501
481
468
460
460
463
478
494
525
533
562
563
569
569
575
580
580
580
534
511
496
486
478
472
458
460
458
457
468
500
561
598
549
588
592
584
584
586
582
573
538
503
479
481
473
454
458
452
448
450
459
480
503
554
577
563
569
572
576
581
568
566
536
466
479
465
458
452
449
446
445
441
440
442
451
465
484
511
526
531
528
523
521
505
497
489
483
480
479
470
468
465
459
454
451
451
452
456
456
465
483
496
505
531
536
539
528
524
512
504
496
489
482
478
474
474
479
479
487
496
510
524
531
535
538
544
536
529
523
516
506
500
493
493
494
502
521
545
548
557
546
570
598
622
646
624
592
577
565
569
569
590
580
602
597
589
592
601
606
611
607
604
590
570
557
535
535
532
533
543
581
651
719
743
743
707
667
633
595
566
549
545
551
572
620
722
775
792
742
740
732
735
726
661
690
725
786
785
790
786
788
773
737
694
626
610
665
860
896
778
793
801
801
792
793
748
755
680
634
622
615
673
817
836
743
746
759
711
745
732
733
726
697
658
625
635
630
688
767
749
783
766
740
695
667
661
648
648
646
666
694
728
765
743
771
748
726
670
673
658
653
648
690
700
733
729
721
694
684
649
622
636
655
723
773
722
738
728
699
662
642
633
644
652
653
639
623
626
622
636
664
669
635
622
623
628
623
618
618
613
620
633
655
685
693
663
681
673
687
695
681
699
705
728
751
755
757
715
730
715
713
725
687
717
717
743
734
769
790
788
743
742
702
692
693
690
663
670
676
719
796
770
781
732
705
653
666
649
634
653
688
754
734
741
711
684
670
614
611
593
591
606
626
610
637
678
720
688
714
682
659
633
613
599
609
643
712
699
756
763
767
730
687
703
647
639
646
653
645
671
685
694
668
657
660
682
729
771
735
724
689
657
620
641
689
795
813
792
783
787
739
775
746
673
622
640
651
690
691
756
819
784
767
729
744
724
648
618
602
607
648
711
700
755
764
682
668
631
619
614
611
588
592
580
573
571
566
575
599
621
639
630
641
665
678
687
665
646
617
574
567
567
578
580
614
641
691
727
688
657
688
690
688
658
646
614
628
655
673
639
604
592
577
566
569
598
649
682
678
667
641
622
610
593
586
582
588
604
656
671
721
715
714
688
656
632
618
633
654
667
688
677
693
694
698
646
633
608
597
597
611
627
646
683
741
727
729
701
716
739
742
742
727
690
668
611
618
658
764
813
758
790
794
782
754
785
790
793
728
697
662
658
637
692
743
817
858
792
777
731
719
676
697
690
711
716
748
765
779
739
702
692
689
725
738
749
731
739
678
658
644
636
644
624
661
686
720
711
687
680
634
586
583
586
624
656
725
675
716
746
744
742
701
675
706
617
608
620
640
651
612
622
607
612
619
628
629
599
589
599
604
594
610
626
652
681
664
646
624
599
567
558
546
539
541
563
613
687
695
703
707
707
710
671
639
593
577
566
562
589
659
766
713
743
778
771
760
755
704
674
619
570
555
544
545
556
566
577
579
577
553
540
539
538
535
544
568
660
713
699
690
723
734
738
713
737
745
686
601
591
572
570
575
625
688
779
744
740
725
684
625
619
598
603
604
596
627
635
667
687
649
637
623
613
612
612
592
587
579
564
552
544
534
532
533
534
534
551
598
656
695
702
686
651
624
601
585
580
581
577
582
594
631
698
747
777
740
719
682
653
606
574
562
575
592
742
779
687
774
803
806
798
775
699
675
583
564
567
563
598
659
737
781
758
706
731
734
722
681
671
610
596
602
610
642
663
665
627
625
610
617
633
623
625
619
614
621
630
602
603
580
570
557
539
536
526
529
553
646
661
666
681
683
682
676
636
649
576
561
553
548
556
570
631
657
636
678
676
655
679
679
680
683
644
666
606
572
565
564
595
626
679
729
697
701
705
699
655
617
578
561
537
530
529
541
631
687
654
684
693
680
645
674
665
658
586
565
552
546
547
569
600
597
621
642
665
655
648
620
611
609
607
604
604
602
595
589
593
592
610
612
589
588
576
578
611
620
675
694
709
658
676
641
618
594
584
573
569
564
589
611
689
715
711
699
699
702
657
604
567
554
551
559
621
773
684
704
712
720
679
726
720
721
666
640
610
596
590
575
570
566
564
560
551
545
548
561
593
602
582
595
604
613
599
582
578
568
567
582
613
674
725
755
774
761
694
655
635
629
614
656
705
791
765
762
714
657
589
568
551
558
642
779
723
727
714
730
724
722
716
689
628
608
605
609
625
650
638
688
707
708
666
646
617
575
548
547
552
575
733
730
616
759
723
705
688
685
663
653
646
584
580
584
594
603
582
574
565
559
549
550
545
540
528
521
517
510
503
498
495
494
492
494
505
508
520
524
529
529
524
522
527
533
541
548
534
531
529
528
526
528
526
528
534
546
561
586
579
572
563
558
560
555
560
572
589
571
570
558
562
565
570
568
569
553
537
526
521
517
514
516
514
510
503
500
494
494
497
502
504
518
530
531
529
532
536
532
529
521
514
502
492
480
471
463
455
451
448
445
446
449
459
476
501
528
536
537
532
534
533
534
531
530
514
478
465
456
450
445
440
438
436
437
439
448
479
517
503
538
521
505
497
489
479
473
465
459
452
451
442
438
433
432
428
428
433
443
455
475
494
501
511
506
498
496
494
491
468
473
462
456
453
454
459
467
475
486
491
495
481
499
489
483
469
469
463
457
453
450
447
448
451
453
464
492
561
579
558
566
568
564
563
565
548
557
526
496
491
481
479
479
472
474
475
478
494
518
546
600
572
570
583
581
577
570
509
492
482
476
474
473
479
483
499
506
548
603
590
600
609
616
626
623
619
567
603
539
503
487
479
476
475
482
498
512
529
546
541
542
522
520
519
519
519
514
510
504
497
490
482
476
474
475
489
524
577
611
586
584
594
596
546
535
525
514
505
500
489
484
481
484
487
489
491
488
482
471
467
463
456
463
471
494
617
593
596
602
606
605
608
581
601
578
499
479
468
461
447
451
449
450
460
511
623
598
564
608
618
619
624
621
616
615
611
572
510
501
494
478
472
470
472
466
474
476
475
479
488
498
509
512
521
511
506
497
491
479
471
465
452
450
450
449
454
473
517
570
577
566
562
562
533
519
511
498
489
472
459
463
459
457
451
448
450
455
462
467
470
474
479
479
479
486
491
495
486
505
507
519
535
542
535
525
504
501
486
477
469
468
467
471
483
500
524
573
593
563
554
534
521
505
489
476
474
466
461
458
459
463
469
479
491
500
500
504
516
524
527
524
517
509
501
495
492
489
488
492
499
511
515
529
538
557
561
563
548
532
518
507
503
497
500
507
513
536
545
556
570
572
548
547
549
537
542
526
519
511
509
496
486
477
472
470
473
483
485
513
525
540
563
597
573
560
566
546
528
516
509
502
494
486
483
480
481
483
491
498
506
511
524
523
519
513
508
505
486
496
487
481
480
482
479
479
486
504
532
562
580
570
552
535
526
515
504
485
486
481
476
482
487
492
508
548
609
601
582
579
569
526
512
502
493
488
483
483
480
480
479
478
480
491
521
575
604
581
575
542
522
521
510
520
557
593
574
575
576
583
581
568
530
516
504
494
489
485
486
490
503
513
527
547
570
564
564
545
514
512
504
500
502
511
523
534
551
551
543
506
518
507
497
492
493
497
510
523
521
536
563
591
589
568
527
517
499
486
480
487
503
557
633
603
612
607
611
607
603
589
523
506
493
487
485
488
489
494
493
496
491
495
496
497
489
485
481
469
470
463
455
450
444
439
436
433
428
427
425
428
432
440
438
445
453
470
480
503
512
505
483
492
487
484
480
481
479
476
471
469
464
460
459
453
447
445
444
443
443
445
443
443
442
445
448
460
467
510
515
562
540
536
537
537
512
493
485
477
472
466
462
453
459
456
458
471
507
560
569
523
560
559
561
563
568
567
543
513
502
492
467
478
468
465
467
481
514
580
608
586
588
557
587
537
521
502
512
487
494
490
490
499
515
525
539
542
547
550
537
529
510
495
495
486
479
466
481
479
494
522
568
637
596
599
594
593
585
540
504
486
474
467
464
466
478
502
525
567
607
589
567
586
584
578
536
507
507
494
486
481
480
480
480
489
506
550
642
604
568
589
587
579
524
508
496
487
478
473
467
466
467
471
479
490
541
572
586
571
583
574
575
578
532
523
507
499
496
492
486
483
481
478
475
468
470
471
472
482
485
502
519
563
600
608
596
593
542
522
505
494
485
480
479
483
498
511
570
606
578
589
593
594
590
570
590
522
507
501
498
498
497
497
499
501
507
514
541
557
548
578
556
555
544
530
521
514
509
506
501
500
496
488
483
479
475
475
475
481
479
491
512
569
627
599
603
605
602
601
563
528
511
499
491
490
492
498
517
532
562
582
604
604
582
535
537
520
508
498
486
496
499
515
538
561
583
625
612
608
587
570
557
550
535
524
517
517
520
526
536
553
603
590
629
640
652
634
620
615
596
579
557
538
521
510
502
503
507
527
585
650
637
655
653
648
624
600
588
578
576
570
561
548
532
521
509
506
504
504
514
548
631
726
672
628
650
635
621
569
554
539
510
516
503
495
501
519
563
617
667
633
637
622
646
620
552
536
520
512
515
531
560
583
597
635
623
618
598
584
567
544
547
514
524
512
505
508
519
532
554
583
603
605
585
568
553
518
517
498
493
500
517
543
593
645
648
646
628
592
566
541
532
528
528
531
544
546
546
545
541
542
551
548
539
521
500
497
489
484
482
485
493
506
525
539
548
554
569
583
568
581
581
574
567
558
557
547
559
575
585
599
598
584
577
576
574
567
569
562
570
574
589
605
646
675
717
735
705
669
605
581
567
568
595
714
785
817
747
745
731
725
659
603
589
604
705
709
754
789
763
713
687
650
623
602
604
616
721
778
772
729
714
710
710
651
614
555
560
534
530
538
569
645
740
715
694
688
668
634
573
551
538
522
530
536
579
757
701
717
727
712
703
659
669
667
571
554
553
569
604
661
717
760
723
712
726
747
760
681
634
611
606
594
611
641
669
708
655
666
652
658
671
691
702
676
628
627
623
660
713
699
726
723
740
730
727
673
682
674
690
718
699
724
716
717
679
675
636
602
587
583
575
585
615
726
810
773
759
716
742
739
739
730
661
640
656
700
754
802
766
760
764
741
693
677
672
688
718
744
790
775
744
704
725
706
667
649
633
656
697
762
793
757
734
755
743
703
618
603
592
604
645
720
719
741
736
731
705
661
672
673
708
751
739
739
726
712
706
676
696
712
758
761
757
749
744
717
648
639
619
619
651
682
691
742
767
771
752
710
717
684
639
634
626
659
712
755
809
759
722
741
739
729
674
632
608
598
581
590
637
704
778
788
781
764
727
678
635
627
635
677
696
741
792
787
761
752
759
745
662
644
627
653
701
714
783
810
812
769
746
707
665
630
636
661
768
841
760
777
717
660
628
620
604
599
615
661
723
805
780
781
767
761
746
681
686
688
725
757
790
792
759
707
705
667
656
672
698
785
814
755
748
755
732
625
612
596
594
634
734
765
802
764
741
718
630
614
604
619
675
758
771
751
771
734
739
656
628
604
617
683
728
759
780
766
737
725
743
742
747
735
674
654
633
644
671
678
747
758
780
735
750
732
713
667
664
652
656
665
642
649
660
661
673
658
646
649
618
623
619
631
638
644
620
627
623
636
642
623
630
654
676
664
688
688
673
636
655
655
688
675
691
726
795
746
713
730
755
747
730
702
734
687
707
725
694
741
774
805
739
737
751
761
715
710
685
725
757
840
829
761
780
727
710
682
699
726
786
836
825
776
744
783
733
709
685
702
746
792
764
762
744
719
667
663
654
685
766
776
707
723
715
707
676
666
649
660
683
671
702
700
731
734
698
715
687
646
606
597
600
610
614
667
696
773
800
708
732
758
724
683
671
679
730
780
758
787
780
766
698
698
681
685
662
687
724
786
815
757
756
722
700
661
680
695
721
729
781
792
712
766
740
677
617
620
643
721
755
796
801
771
772
807
762
725
720
648
643
643
701
776
880
768
810
791
739
744
737
639
605
608
631
750
823
783
791
778
721
776
767
708
654
642
633
643
685
674
710
729
746
741
677
675
655
652
642
626
637
660
708
723
753
763
762
702
683
650
632
659
681
789
835
785
730
788
771
768
700
692
654
682
712
683
722
745
785
795
739
776
718
636
626
609
604
613
666
752
800
812
767
770
748
646
634
611
596
592
654
726
743
753
709
678
628
640
659
691
698
693
739
760
758
686
725
669
640
610
589
566
563
567
587
643
644
680
675
680
670
650
623
614
605
605
634
691
691
686
684
683
681
687
685
680
647
650
656
691
690
699
709
721
717
663
645
643
626
635
652
664
661
682
689
700
676
672
649
622
592
571
553
555
559
575
599
648
723
750
726
713
687
655
582
558
540
531
531
534
558
593
640
671
677
662
652
628
606
588
572
560
552
548
549
562
597
658
779
839
758
729
723
717
706
620
586
582
587
593
600
634
664
736
735
789
780
762
713
667
646
634
632
653
699
747
720
737
741
737
708
677
663
652
651
622
634
619
613
607
612
655
711
704
726
699
671
653
625
575
560
556
585
607
658
727
792
746
726
757
768
762
720
712
627
616
610
601
649
694
791
808
756
743
708
688
661
623
632
650
735
787
759
770
711
648
628
591
563
545
539
566
661
758
714
697
695
631
670
620
586
576
568
563
563
558
548
537
531
527
529
538
548
539
540
530
526
532
546
554
556
557
549
549
539
534
535
536
526
525
520
519
516
509
500
495
479
471
467
468
476
484
517
538
527
553
556
557
553
556
554
530
521
510
493
489
484
478
477
479
497
528
586
634
562
598
602
615
610
614
610
540
540
525
515
513
523
547
601
624
636
636
635
619
563
562
539
521
503
491
483
483
485
495
518
566
642
652
625
621
603
566
556
542
529
518
512
509
511
508
520
529
555
593
619
620
610
590
563
586
569
562
555
550
545
534
520
503
496
489
483
490
519
643
699
661
672
683
683
679
673
671
617
568
544
519
505
488
479
471
468
469
475
492
500
510
508
503
523
527
544
554
573
557
558
545
544
534
529
527
524
513
523
523
531
554
584
605
617
606
592
555
551
535
517
520
518
517
526
542
552
568
572
571
547
549
539
534
533
533
533
544
556
585
587
571
578
583
578
575
569
560
548
542
548
562
574
588
612
607
617
614
612
586
579
565
562
572
590
613
610
636
670
700
717
704
644
628
615
612
619
650
691
682
720
757
773
721
734
680
662
630
646
674
792
788
807
784
777
747
757
749
724
646
621
628
650
754
880
776
751
772
783
775
742
764
729
630
614
633
665
693
700
715
743
732
719
669
675
704
762
770
800
765
778
749
763
764
767
721
669
656
680
698
750
774
788
757
759
738
727
708
692
655
679
682
702
728
715
737
736
733
679
682
671
681
682
697
742
772
767
745
749
750
725
732
682
670
657
715
765
795
781
775
795
756
753
663
599
587
588
639
719
737
703
657
604
567
548
532
522
525
548
612
717
753
744
714
741
732
698
723
704
634
620
616
632
678
737
778
742
745
730
724
682
619
604
605
614
627
643
649
646
633
625
603
613
606
595
580
591
598
622
661
671
689
687
671
660
646
639
602
622