538
531
522
511
503
498
495
491
490
489
489
493
506
521
546
560
573
555
559
570
552
558
556
566
564
563
566
564
552
534
519
500
485
476
468
495
514
536
624
610
597
649
721
768
817
936
775
783
812
817
710
633
651
649
666
713
760
744
712
659
614
637
643
730
767
701
689
648
636
604
616
638
680
657
695
719
729
704
629
647
641
651
671
630
676
675
692
718
706
690
663
619
602
587
578
598
662
718
736
705
705
742
693
676
694
716
745
789
744
658
635
634
631
689
808
827
758
765
740
722
688
646
642
639
662
681
683
678
683
702
677
708
701
699
679
707
707
714
670
684
661
629
602
605
612
643
640
668
719
767
786
765
758
708
647
621
587
589
585
658
718
866
845
835
823
790
772
696
640
600
564
562
554
592
707
759
772
729
763
761
770
747
668
635
581
582
568
561
558
565
580
609
615
626
639
689
852
815
768
787
757
683
643
621
611
604
591
609
604
594
585
603
602
600
596
596
580
572
565
555
535
528
520
512
508
503
498
501
517
536
573
604
646
739
734
731
751
766
747
657
626
604
575
587
596
714
900
844
808
867
880
841
785
829
824
789
751
757
721
762
773
754
725
715
686
684
651
708
742
792
766
780
767
696
648
633
592
570
565
606
800
818
830
791
752
687
637
619
606
588
590
613
688
727
713
679
678
645
628
637
642
638
639
646
675
716
689
722
719
722
678
681
646
646
672
723
769
790
773
746
742
744
720
690
674
653
639
607
589
583
574
591
657
784
817
801
825
802
820
806
796
698
642
645
627
637
667
741
751
743
742
760
737
709
713
706
712
688
717
723
727
665
674
652
643
604
586
584
592
652
747
772
734
737
736
687
692
674
648
633
604
608
613
610
595
591
612
707
767
734
702
701
680
672
655
626
629
643
676
648
682
702
729
674
680
668
670
636
662
646
652
627
662
682
716
703
717
723
724
687
705
695
697
663
696
692
707
670
675
668
688
662
694
705
721
683
701
679
638
642
633
640
622
654
664
696
687
716
723
734
698
697
678
675
660
686
688
684
655
655
618
606
604
607
601
589
604
614
652
693
725
728
713
685
663
639
649
640
684
744
756
763
776
772
762
752
725
691
687
661
707
828
735
777
764
745
746
723
706
691
629
630
609
603
604
630
631
602
616
616
636
658
633
669
656
652
663
645
627
620
597
579
553
563
561
577
620
658
709
768
796
780
763
731
667
633
623
637
644
700
736
790
799
771
701
676
660
660
679
659
655
678
687
728
688
680
677
680
686
673
628
640
613
600
594
594
584
584
595
607
626
607
649
677
719
729
702
709
680
624
621
615
626
661
685
718
700
673
648
614
594
591
604
623
628
700
741
788
783
769
739
712
684
662
678
689
711
667
729
729
733
664
695
680
693
650
696
704
720
697
721
712
660
671
637
635
638
655
690
735
724
771
771
764
717
712
701
700
680
720
732
745
727
731
704
652
667
652
674
681
758
787
781
768
750
722
664
677
650
646
647
631
654
667
688
683
690
685
684
646
650
637
637
638
639
663
686
719
683
706
712
714
663
678
659
674
647
660
652
673
666
660
667
686
664
677
678
706
740
752
696
670
646
622
603
596
614
656
704
644
655
641
640
641
661
620
624
612
601
599
661
687
667
646
642
624
608
598
595
585
575
571
576
617
721
807
765
712
693
689
696
718
715
718
700
708
686
685
679
666
657
657
652
626
661
660
681
702
708
647
655
636
639
648
691
762
796
833
791
746
740
718
650
638
620
628
672
730
687
746
757
706
714
715
708
657
672
663
685
701
646
667
659
668
646
687
717
778
760
774
753
688
705
701
720
700
703
737
767
719
757
729
657
667
652
651
658
755
839
790
813
807
726
746
727
693
659
640
637
641
692
787
798
760
784
769
694
719
701
678
647
669
668
680
637
666
676
717
668
704
685
680
634
639
619
611
627
623
635
613
672
656
653
635
620
598
576
558
542
532
522
512
509
509
502
502
512
512
519
535
542
563
584
608
612
594
588
574
563
556
542
539
531
530
536
564
601
627
643
643
640
617
592
565
565
563
601
793
813
802
780
768
761
673
641
617
629
661
690
648
681
709
665
722
714
726
668
661
666
668
693
658
715
701
710
654
691
708
781
752
814
824
711
712
686
663
641
654
659
666
637
675
681
692
693
676
684
686
679
649
679
690
718
700
707
700
685
623
621
602
611
668
690
744
781
802
724
735
686
636
628
633
644
681
691
749
771
761
709
714
699
684
620
638
634
649
627
610
605
605
620
638
650
676
646
661
657
653
638
620
628
637
658
679
654
682
688
685
679
663
645
635
599
600
618
721
832
844
809
825
807
766
741
707
643
637
645
681
751
726
795
782
708
735
707
691
691
716
734
688
724
715
721
667
700
688
698
657
684
678
648
692
706
700
722
729
711
675
694
681
674
633
630
617
626
612
644
661
699
728
808
761
723
709
632
620
609
572
570
573
590
612
629
629
630
621
606
590
578
564
545
538
528
521
520
528
553
557
563
589
621
641
621
607
614
615
620
616
609
592
575
540
542
536
531
540
567
603
631
644
640
593
598
581
569
564
575
581
598
596
593
582
565
562
551
547
557
583
643
680
695
681
658
628
603
570
563
557
570
608
798
796
804
797
806
789
699
650
616
606
603
577
588
597
631
668
714
715
694
628
650
627
619
622
626
629
640
646
635
635
617
624
629
620
608
598
582
573
554
557
547
551
570
593
606
613
618
619
613
601
588
578
571
555
557
551
548
545
553
566
614
653
633
581
587
579
581
577
570
570
571
564
568
568
596
635
684
711
648
673
704
712
697
694
727
756
691
681
666
646
645
643
641
642
634
605
609
589
577
585
617
670
688
689
661
627
576
581
570
580
636
713
754
761
746
731
702
669
650
659
703
719
762
759
762
697
680
653
641
601
609
612
639
704
739
728
639
675
649
669
681
688
657
636
604
577
562
553
550
559
583
610
644
666
707
709
693
655
622
594
553
545
539
556
614
682
703
711
696
660
652
615
629
649
661
682
679
670
660
635
603
582
563
551
541
533
524
531
559
618
656
695
689
675
614
604
589
585
594
601
594
588
577
563
551
527
526
526
548
619
710
715
688
648
617
589
568
546
529
520
511
500
497
488
492
489
496
524
562
638
681
659
624
603
578
563
541
538
524
517
522
531
571
647
722
715
723
720
723
723
659
616
585
592
597
614
607
606
611
616
625
623
588
590
578
569
576
590
640
673
692
684
664
646
623
607
588
574
545
546
538
538
554
603
680
689
693
669
632
582
599
580
574
579
579
592
593
571
583
583
602
623
647
634
640
641
633
615
600
585
568
558
535
535
534
539
530
551
646
785
769
753
700
718
641
625
617
605
573
585
586
594
617
648
672
688
685
664
646
634
625
611
603
574
558
551
563
605
715
782
777
771
773
732
661
611
588
571
566
572
586
600
640
651
673
658
644
628
616
604
603
578
578
569
579
597
629
650
646
664
664
677
647
630
617
577
596
591
604
641
656
652
698
729
754
752
738
693
656
639
632
630
620
610
652
691
808
830
837
807
765
701
608
581
564
559
569
651
924
860
869
869
865
838
827
815
677
647
629
642
690
774
840
869
840
814
786
755
741
680
667
675
689
717
762
788
786
770
756
722
690
660
635
601
595
631
711
773
776
713
731
744
752
757
733
676
678
650
683
743
737
777
778
771
729
697
696
681
705
694
690
730
764
784
732
714
746
715
707
699
698
667
651
611
602
598
622
680
777
806
787
775
750
726
671
688
700
702
710
765
818
822
744
775
761
685
646
631
616
624
681
764
758
759
702
723
708
703
702
644
645
626
614
606
588
604
593
590
583
568
565
559
570
583
621
679
717
683
697
678
665
667
642
628
638
643
663
696
669
704
693
701
675
681
678
692
716
720
716
699
693
674
662
672
694
735
694
718
726
729
686
707
706
706
693
720
721
707
739
748
721
740
724
720
679
708
702
708
668
691
688
709
680
716
687
677
669
666
656
626
641
652
688
681
727
739
721
725
713
701
648
637
634
635
628
654
677
688
667
682
658
645
626
610
620
643
692
692
699
709
728
727
687
708
676
675
676
652
677
699
724
714
755
750
728
745
738
727
678
692
681
696
696
722
738
719
746
751
703
687
669
667
672
691
707
690
672
686
670
651
622
635
629
635
642
629
651
654
681
675
683
682
682
676
646
631
622
633
695
688
764
741
717
749
693
713
695
695
669
626
627
629
671
670
645
646
635
621
634
716
787
797
791
777
758
729
700
688
678
674
675
691
657
699
702
716
708
649
659
648
670
710
695
711
719
750
719
737
727
686
642
652
641
659
663
770
822
796
817
825
783
768
729
693
638
679
698
729
698
751
784
793
730
748
744
726
735
725
698
641
648
648
674
655
735
789
822
752
782
777
713
723
706
701
655
644
631
625
660
741
809
742
776
800
711
715
722
726
709
687
692
671
626
618
598
573
594
597
589
621
658
683
669
638
605
582
562
535
521
521
506
510
504
515
606
673
673
637
616
613
629
681
725
685
658
643
636
629
642
646
646
646
628
603
575
573
576
634
752
804
784
741
786
800
808
799
761
663
599
581
573
606
765
891
774
775
813
800
777
744
705
654
643
626
629
652
678
723
744
725
688
657
608
587
564
558
548
556
607
786
812
785
787
784
775
761
711
622
585
590
607
651
804
867
741
817
833
819
752
677
649
609
572
572
577
575
581
583
573
568
567
562
552
557
560
559
591
608
630
615
609
580
563
566
562
558
559
551
581
581
603
639
702
701
689
642
608
600
607
598
590
613
648
722
759
744
746
743
735
714
683
656
626
613
619
614
631
676
676
671
661
609
622
608
616
624
635
636
606
591
591
586
593
625
663
702
736
727
722
700
655
584
552
538
524
514
508
502
521
627
771
749
779
791
802
801
739
699
631
613
587
576
576
593
602
583
609
616
632
660
688
719
728
721
671
647
643
642
665
679
683
702
664
707
711
675
668
606
573
561
556
549
542
538
536
532
527
519
513
506
497
491
476
479
473
465
469
476
497
533
651
706
719
737
715
692
698
704
660
596
590
610
646
657
671
699
693
681
668
664
647
634
613
618
638
674
671
653
660
628
610
577
563
554
543
542
541
555
586
646
712
725
689
666
634
601
581
573
583
608
669
714
751
754
693
693
642
610
587
576
570
567
573
585
591
608
615
583
583
575
575
565
571
577
609
629
705
716
652
676
667
643
684
643
671
689
705
717
729
740
749
752
754
753
683
651
656
704
703
680
676
674
674
664
680
682
642
668
674
698
723
689
675
624
609
589
586
597
633
714
811
726
711
749
786
794
787
774
703
611
601
587
592
612
652
730
765
736
715
647
668
643
625
618
616
623
672
709
813
833
788
686
682
651
624
604
581
572
566
568
584
631
682
688
641
611
587
565
552
557
572
654
741
781
747
745
750
755
738
648
592
564
558
558
565
603
650
735
743
749
676
634
596
597
568
562
559
556
562
574
566
582
596
606
611
622
616
597
591
569
561
551
541
533
537
561
643
729
712
661
651
648
661
635
601
567
542
529
512
513
506
504
501
505
508
502
515
522
529
529
540
554
563
573
587
586
595
593
573
565
563
563
577
606
640
652
669
646
615
590
567
553
541
535
537
559
625
776
830
790
772
770
766
746
665
621
607
596
596
597
623
639
688
729
697
696
642
640
644
691
712
729
719
708
709
717
685
677
646
658
669
682
690
716
754
726
685
655
624
608
578
567
562
586
720
840
818
811
804
802
805
807
800
797
728
696
693
689
702
718
730
745
755
762
672
671
679
697
751
779
806
790
761
742
744
744
758
772
806
797
801
750
707
707
732
709
694
692
690
651
634
615
620
700
813
714
737
805
804
731
775
682
658
608
589
575
567
559
550
542
529
520
510
505
500
493
489
482
483
479
485
491
496
498
497
494
491
487
483
482
478
475
475
478
481
481
498
544
695
675
675
723
718
728
734
737
720
604
579
568
582
623
659
707
713
720
652
619
630
645
644
637
624
647
682
718
746
732
706
701
656
616
597
575
553
548
535
526
530
541
570
656
767
739
717
734
711
628
593
588
592
613
634
737
754
694
666
630
591
582
563
551
556
577
628
714
747
733
684
674
679
651
646
634
598
564
551
547
532
518
507
498
481
483
479
477
479
485
502
530
562
608
653
677
678
669
650
625
602
602
594
575
577
581
565
570
576
573
581
580
577
584
564
554
541
524
513
503
490
484
486
481
481
483
488
504
537
564
554
566
588
618
624
628
616
607
610
621
619
634
642
658
706
735
737
753
726
708
650
634
646
680
745
768
749
693
693
671
706
693
692
693
662
663
648
643
621
657
663
674
666
657
636
606
588
585
568
591
611
667
722
732
669
671
659
646
610
591
573
560
542
521
516
511
503
501
501
508
521
574
608
666
795
786
779
762
762
676
649
615
603
594
610
572
571
557
562
577
611
644
632
612
581
564
548
528
520
515
522
532
599
827
850
775
833
808
795
781
703
649
607
596
589
604
693
848
891
870
834
801
756
708
675
630
616
603
610
657
792
788
718
720
732
724
687
663
645
636
610
586
594
623
676
721
745
729
722
665
632
610
594
613
687
813
791
765
752
716
738
744
751
682
667
677
691
690
678
639
618
608
584
573
581
606
643
710
670
689
722
737
714
651
638
634
641
689
675
774
797
826
745
697
647
608
599
588
598
666
799
825
799
777
760
724
680
648
631
625
597
572
562
549
536
544
550
573
615
692
776
804
782
745
689
670
649
606
606
603
629
662
707
834
863
854
824
764
714
675
652
635
618
604
591
590
594
649
798
796
772
761
751
747
672
676
647
593
581
579
576
600
620
666
700
706
673
719
717
720
671
656
628
623
609
596
605
628
701
806
811
783
692
650
657
651
676
727
729
702
662
642
607
579
563
549
534
537
534
563
658
792
789
748
754
739
720
735
729
742
731
662
652
634
626
609
592
584
570
561
567
589
584
605
598
617
631
624
670
656
647
642
616
623
636
623
614
609
583
558
555
543
528
521
524
523
531
546
578
641
740
770
767
721
677
646
620
611
619
600
604
618
636
668
678
694
658
614
604
596
602
598
580
573
583
602
644
673
690
675
653
632
609
593
578
563
561
565
561
571
611
700
787
689
774
765
751
703
633
594
565
544
525
512
503
497
492
492
510
562
674
726
788
849
826
833
818
835
840
842
704
657
606
587
552
540
534
554
583
629
727
835
763
768
734
694
657
625
610
610
609
611
623
636
628
664
694
732
760
748
716
682
658
637
620
613
626
650
630
625
614
593
597
596
625
657
687
696
681
653
627
604
576
562
545
531
520
513
509
565
789
801
655
746
898
942
891
881
885
879
805
804
685
625
624
636
673
685
722
713
712
698
729
746
756
716
744
717
654
650
672
688
678
646
618
602
609
645
708
744
743
693
700
694
671
673
654
630
604
576
574
588
639
713
761
670
709
726
731
729
688
705
666
649
625
657
673
670
710
711
692
650
599
591
551
533
521
511
502
498
491
492
495
508
525
530
530
539
537
537
539
529
525
525
521
510
507
507
503
499
500
500
513
521
535
553
562
564
556
549
543
528
522
521
524
549
606
703
708
711
715
729
730
749
753
760
766
715
629
597
577
592
622
696
802
870
860
811
734
651
608
609
623
701
836
879
819
802
823
821
800
766
694
650
671
695
755
775
854
874
854
775
818
819
742
665
671
687
740
742
817
813
798
783
766
745
753
692
697
705
709
716
695
661
644
617
585
567
553
547
537
545
598
770
846
821
751
733
699
630
595
580
587
641
738
821
810
749
769
712
722
720
691
679
643
665
701
718
725
730
690
688
688
657
617
595
585
573
564
577
613
648
664
723
703
695
668
638
628
622
635
672
716
749
730
680
651
635
594
579
565
561
547
549
551
576
633
705
828
818
809
775
733
664
608
607
624
623
675
720
695
703
732
731
736
739
740
751
736
679
609
581
562
578
649
713
774
723
730
779
771
784
784
785
760
733
633
598
594
603
598
691
739
729
706
703
689
659
597
579
563
552
538
532
521
521
519
516
522
533
547
554
561
554
550
543
538
535
530
521
520
519
518
526
526
529
521
519
512
505
502
501
512
530
568
613
625
636
670
700
725
723
738
741
708
683
666
609
591
582
583
608
713
785
771
737
730
718
688
641
610
596
597
640
638
640
661
698
748
786
775
739
685
667
640
638
672
742
725
788
789
785
763
747
710
662
653
643
662
704
825
832
832
805
741
678
630
594
579
575
587
583
635
633
644
666
625
645
658
678
667
612
646
651
691
705
747
762
777
765
736
675
610
591
604
655
713
683
717
704
677
675
664
697
700
708
677
680
688
691
715
693
692
665
613
627
658
691
725
707
730
743
739
655
616
596
593
603
620
647
698
718
707
664
666
618
598
576
600
655
722
709
698
668
680
688
672
636
606
593
566
545
539
542
556
643
736
764
731
683
688
682
685
686
669
665
631
590
563
552
548
570
633
731
769
758
758
746
762
750
668
668
599
617
676
729
763
778
737
639
612
593
589
605
614
614
608
588
571
571
580
599
637
657
687
720
729
666
664
629
602
592
587
581
623
657
712
727
725
699
711
718
722
704
605
576
561
552
554
562
561
581
644
747
710
737
731
743
756
767
775
785
771
672
622
603
599
625
694
767
782
795
759
707
677
653
624
610
591
603
658
878
819
839
837
831
808
703
731
662
657
661
682
700
685
723
751
769
789
781
758
720
677
638
603
591
574
565
549
561
564
577
606
653
680
692
697
678
668
651
631
588
570
589
593
644
715
774
809
786
773
748
728
715
648
634
634
647
682
707
730
721
718
714
716
718
684
655
619
589
563
567
618
793
712
715
774
788
787
763
787
498
826
605
577
560
546
541
533
521
521
517
510
507
509
505
506
506
509
512
511
517
523
547
600
708
744
731
723
676
653
636
619
598
623
676
753
845
829
777
799
754
690
655
627
625
625
604
595
602
571
578
579
592
652
762
816
822
819
770
735
683
636
592
565
574
614
757
870
798
835
838
833
835
784
721
659
645
609
631
633
680
753
737
696
700
690
676
642
614
590
588
608
684
745
740
721
758
772
767
773
719
615
630
573
560
549
536
530
524
518
512
506
502
505
503
507
515
528
540
558
558
565
551
567
565
568
583
611
615
604
626
604
604
590
591
567
576
600
656
825
827
782
777
687
635
620
625
612
668
747
808
825
851
740
735
681
661
642
640
619
650
680
771
820
831
822
731
661
609
582
563
555
565
582
725
877
857
897
893
889
826
693
644
611
595
594
621
620
653
721
778
713
695
673
659
672
703
717
724
725
728
706
680
662
661
670
695
720
732
687
668
652
631
622
626
639
642
647
658
666
654
633
596
597
608
613
633
678
721
729
732
725
732
698
690
637
593
582
581
617
705
713
704
732
748
711
745
754
771
771
742
719
661
606
617
631
653
687
699
677
680
674
663
657
662
667
688
699
714
702
692
679
661
605
595
584
586
605
699
735
754
728
684
650
615
583
559
538
523
523
534
587
774
751
749
768
782
782
785
776
768
610
584
563
543
527
528
525
523
536
535
549
559
569
578
592
598
601
600
593
585
563
558
546
545
557
578
583
591
592
583
585
582
592
601
581
561
564
563
571
599
634
669
698
717
719
707
681
656
633
624
634
666
706
754
752
757
746
720
709
700
700
665
651
688
713
737
795
804
703
725
694
663
637
631
633
618
622
651
708
813
840
758
773
768
753
693
747
719
762
745
732
690
691
702
730
738
760
688
679
654
638
621
610
606
616
623
646
687
730
708
725
699
683
688
691
695
685
690
703
725
733
709
697
633
614
609
606
633
716
787
808
813
788
753
704
656
621
603
599
629
695
726
802
877
936
870
851
823
729
649
622
596
588
578
606
699
797
745
742
719
700
690
698
705
691
659
686
679
657
702
712
703
688
632
640
627
647
675
676
741
766
786
762
730
683
637
635
645
676
640
636
619
622
639
671
705
722
723
734
713
673
646
617
603
601
621
667
716
661
677
692
700
711
728
744
710
701
681
660
612
611
605
614
651
732
801
811
800
767
729
706
694
709
741
773
787
777
705
728
722
730
709
722
765
786
717
725
713
710
664
679
712
738
718
720
735
736
684
714
694
697
652
683
649
643
614
604
600
637
692
734
770
796
741
737
715
696
667
625
626
642
682
734
780
804
799
738
734
703
691
673
679
702
720
718
717
706
695
696
698
658
647
648
663
683
711
727
720
676
683
674
689
702
716
704
688
670
654
617
620
621
664
785
852
832
787
777
736
700
649
660
670
732
807
757
790
783
683
685
681
674
676
681
749
776
735
700
695
685
692
648
644
647
651
637
686
687
712
717
715
680
657
609
599
573
571
576
593
636
709
747
756
755
746
698
656
626
604
586
578
560
571
590
710
897
793
791
828
829
825
815
772
725
695
689
656
674
675
676
685
662
663
668
669
693
653
688
700
711
694
675
687
687
694
657
704
725
735
682
679
650
642
623
606
621
613
631
651
683
720
679
693
681
664
619
628
650
700
753
711
687
660
642
615
590
591
621
635
706
743
777
789
738
741
712
699
648
673
693
709
730
721
764
786
768
717
709
690
683
627
628
634
642
662
684
701
646
650
653
658
675
679
691
684
662
635
607
626
647
697
784
818
789
781
767
738
662
636
607
588
577
580
615
704
756
714
739
734
692
702
651
619
587
559
575
585
606
631
658
642
636
641
634
612
615
563
592
563
563
561
577
581
629
656
669
664
653
642
659
654
618
578
589
574
569
569
568
567
555
534
524
511
499
491
489
495
513
584
676
646
641
646
687
704
728
738
732
687
704
682
612
604
612
615
611
604
594
591
588
584
595
597
594
616
645
651
638
624
611
607
604
604
591
584
573
578
630
689
716
711
678
636
613
589
580
589
629
727
802
840
811
758
702
660
624
610
592
597
598
578
600
588
604
609
629
612
611
593
579
562
550
542
558
594
634
639
635
677
679
667
662
646
616
604
581
567
573
597
646
694
708
709
654
646
637
629
628
636
635
633
641
648
657
667
670
666
664
618
610
598
590
595
614
637
685
703
708
696
683
659
638
616
585
572
553
545
543
616
828
755
716
742
750
751
749
740
678
616
593
573
549
549
554
608
749
779
689
746
737
748
748
692
757
694
621
604
563
587
595
600
641
702
750
734
745
734
719
624
601
588
595
626
643
667
695
687
654
640
646
653
639
625
620
607
601
593
583
571
571
559
560
594
700
780
764
784
785
780
777
722
595
591
572
562
582
643
687
747
777
753
660
664
643
627
641
640
611
608
583
581
591
626
650
659
637
587
593
576
572
578
600
623
636
653
651
623
602
578
556
549
541
549
582
627
646
648
640
602
593
579
571
571
582
589
605
601
579
580
557
548
535
522
525
541
593
644
639
646
634
642
649
639
618
582
572
561
550
552
567
590
621
632
630
618
600
583
566
559
565
593
619
611
630
670
683
668
640
615
568
568
563
566
580
591
631
638
634
630
631
620
622
622
629
625
629
624
603
583
561
547
545
564
581
621
702
767
772
792
791
790
727
674
612
595
585
593
640
673
777
782
808
807
803
803
785
683
627
604
591
581
581
575
592
619
649
704
688
692
682
668
645
623
599
594
569
626
680
781
833
854
844
791
734
685
643
598
621
639
703
792
822
831
820
801
772
740
719
713
707
713
649
646
643
646
684
744
770
773
767
736
714
692
677
668
627
631
629
671
746
782
798
791
771
734
683
647
616
612
632
692
777
848
860
832
771
737
689
656
660
671
688
703
702
689
671
660
634
639
664
683
717
727
734
731
719
688
659
618
583
558
554
542
552
679
858
770
792
784
794
836
834
845
846
791
755
656
627
604
584
570
575
578
615
694
780
819
827
808
802
803
752
704
688
677
675
685
709
740
747
766
768
747
717
662
679
660
689
784
783
781
744
701
671
628
585
583
571
593
701
783
822
823
812
802
794
765
711
684
678
682
659
684
692
726
760
714
776
779
778
772
677
683
677
663
677
657
720
798
849
834
777
802
819
809
799
746
716
677
687
743
788
840
803
738
770
770
767
738
672
688
702
761
771
705
713
715
720
683
721
725
728
670
709
763
797
809
715
702
701
684
676
649
671
701
716
741
795
735
756
760
750
730
684
668
684
718
776
774
752
780
794
794
727
748
727
728
691
711
726
753
751
747
778
783
756
684
659
644
628
636
688
732
766
805
814
814
795
770
715
673
632
596
580
580
601
766
852
857
858
862
854
856
752
678
627
632
625
682
806
790
850
844
816
771
780
740
695
635
639
659
706
848
778
816
831
813
722
757
739
741
688
722
702
694
647
657
636
634
666
713
708
716
742
752
755
713
722
665
633
636
630
644
693
741
748
750
727
709
681
658
635
615
600
590
588
582
624
702
836
887
764
827
840
838
817
766
699
658
671
683
752
758
820
851
839
766
776
750
718
724
705
658
685
698
763
796
806
781
753
729
707
688
676
675
684
691
701
711
704
712
715
660
690
693
719
746
705
751
688
705
693
698
711
711
696
690
673
644
628
628
609
613
643
726
854
893
832
828
786
691
671
645
634
624
645
654
694
810
853
868
854
782
799
762
732
664
666
676
714
769
772
777
764
712
667
675
697
751
750
765
813
799
771
688
704
671
665
655
654
669
706
789
813
732
733
731
723
686
676
695
710
727
683
729
737
742
691
708
702
703
671
671
688
700
714
695
717
748
759
706
715
723
726
687
706
732
745
761
732
757
759
735
724
756
758
703
723
754
766
706
705
722
736
714
731
758
754
708
725
723
726
688
715
724
724
696
747
771
756
741
756
754
697
713
709
714
683
710
735
757
713
744
745
726
704
717
725
727
727
731
736
679
676
669
673
671
706
767
783
758
724
725
699
662
636
651
692
740
758
849
877
843
790
770
758
688
688
679
685
664
721
771
814
758
798
811
808
718
722
714
722
694
763
817
852
779
819
808
728
706
682
688
728
683
663
668
663
666
633
621
603
594
588
599
625
658
705
689
735
756
760
723
717
706
704
660
693
708
742
770
753
786
777
704
702
707
711
704
753
789
779
729
751
736
721
676
688
725
769
736
794
800
778
766
791
775
725
744
720
669
665
679
720
739
730
697
714
664
677
657
646
636
627
599
594
588
583
579
599
636
703
678
704
713
712
664
638
641
641
651
669
694
670
694
688
701
704
674
692
707
732
696
741
762
772
707
725
702
703
689
639
652
656
673
703
699
663
681
671
668
646
615
612
611
623
622
651
669
710
712
677
665
655
638
636
632
614
639
654
698
727
768
761
744
711
716
697
655
669
660
672
654
704
698
744
673
672
643
618
582
573
566
561
565
582
573
571
575
575
586
612
621
613
595
604
605
616
607
596
579
563
551
539
532
534
535
534
545
548
560
566
555
549
538
534
529
530
532
535
540
542
546
571
613
778
729
753
765
791
806
809
802
803
797
807
755
721
660
672
677
699
718
669
671
663
684
718
750
771
747
729
704
682
643
644
677
720
793
821
811
754
716
705
655
656
699
729
803
803
703
674
664
643
643
660
659
638
646
675
698
709
686
718
734
734
715
689
683
678
657
645
671
719
792
797
814
827
773
689
678
649
649
641
621
607
585
576
584
589
604
680
730
735
702
671
672
657
657
668
664
669
659
649
657
650
640
632
629
635
653
679
647
655
648
652
654
673
706
722
709
686
679
690
669
654
635
604
602
614
663
748
781
798
779
738
700
671
659
648
649
648
646
640
623
646
682
688
717
699
682
649
623
611
603
581
567
565
568
591
635
651
669
700
703
655
648
682
678
697
702
693
697
690
689
687
691
696
709
694
656
613
591
574
564
553
546
536
532
528
524
522
533
552
564
579
582
595
603
600
583
575
572
576
590
642
716
733
751
736
688
656
645
631
635
642
679
699