478
485
492
501
506
506
502
498
492
483
478
474
470
473
484
489
481
499
497
513
521
538
544
562
563
583
601
602
597
587
569
553
553
539
534
528
520
520
527
556
569
580
591
590
597
617
633
618
608
617
636
634
657
672
773
852
772
774
771
749
640
635
634
658
705
737
813
820
773
777
755
726
724
661
631
609
587
575
554
555
573
601
600
600
579
583
582
575
574
575
589
587
608
624
620
594
580
578
567
601
623
662
715
683
736
761
711
741
733
677
686
680
692
692
689
698
713
741
751
736
704
660
596
596
583
595
660
773
797
773
733
697
646
615
599
599
604
617
643
654
646
633
609
604
605
614
619
619
631
625
627
623
590
581
578
593
649
698
729
719
694
654
614
588
569
564
563
590
760
852
745
774
788
765
771
742
653
615
602
628
655
689
641
667
655
662
661
644
626
592
595
585
614
672
630
679
692
716
741
738
756
769
701
677
644
615
595
620
619
703
739
761
706
740
728
703
692
654
642
623
655
667
642
680
688
663
681
673
662
640
660
664
656
695
687
696
638
647
643
589
575
565
563
563
572
594
624
648
647
636
624
618
613
609
607
621
647
682
689
695
653
648
650
676
704
748
765
761
743
695
674
664
689
740
762
781
767
764
705
712
693
712
729
700
711
712
707
689
671
623
605
595
598
631
705
684
719
745
766
747
745
713
685
644
627
634
671
717
716
672
704
700
700
685
672
660
656
668
667
630
656
650
675
654
693
690
693
648
655
641
644
684
711
722
696
692
686
669
631
640
629
641
660
642
683
693
705
701
678
650
628
608
599
612
673
708
729
744
735
736
736
700
703
683
685
691
698
688
670
634
636
625
633
635
694
741
773
747
756
729
681
686
632
621
626
621
627
635
660
700
718
690
686
671
649
637
629
627
615
615
618
610
602
588
587
580
574
580
593
591
606
598
597
597
588
575
567
568
575
598
623
646
653
657
631
616
610
604
595
588
582
561
568
574
595
648
688
707
705
688
670
650
633
599
595
578
601
721
765
729
708
705
680
677
620
573
554
540
526
522
516
512
518
523
529
539
547
549
542
547
562
576
593
598
605
593
590
591
629
751
727
720
731
692
722
691
654
653
650
629
614
580
566
552
546
548
561
578
582
584
568
579
563
563
563
563
564
565
563
553
542
533
525
515
521
518
542
744
701
722
745
757
747
762
785
785
804
750
797
803
771
653
636
642
634
652
651
612
615
595
586
590
590
583
564
547
532
518
504
494
486
490
480
481
497
569
701
661
679
687
688
670
688
688
656
627
632
603
598
582
571
564
554
547
543
539
537
532
525
520
513
505
509
497
501
511
533
557
592
623
602
596
571
563
560
558
557
560
563
568
566
564
554
535
526
520
518
515
512
513
506
508
513
528
544
559
558
1099
532
522
519
515
506
496
494
486
483
493
510
566
679
631
630
628
616
554
539
527
521
519
524
523
524
528
519
531
526
537
563
609
644
617
627
604
588
581
565
546
537
531
527
524
529
532
534
535
527
534
536
548
576
615
655
612
611
588
574
564
577
573
555
553
552
551
563
592
623
652
604
601
560
540
545
592
685
670
684
687
685
658
667
681
630
608
622
621
614
596
589
579
582
592
590
581
570
572
569
575
593
594
563
562
559
568
573
587
594
603
576
576
558
546
544
551
563
577
586
588
586
579
571
572
567
566
576
579
639
686
758
717
718
713
667
625
608
578
585
602
609
595
578
551
530
512
499
497
493
507
567
611
709
721
744
760
774
785
794
803
776
767
753
661
652
652
689
722
773
736
665
625
595
571
564
572
585
600
626
746
879
809
729
762
817
783
763
682
654
618
620
646
682
688
648
641
627
620
604
581
553
546
534
528
539
587
680
745
752
717
725
724
706
649
638
612
627
648
690
719
749
765
746
745
708
679
622
606
614
650
695
705
729
745
771
777
730
716
705
727
786
744
781
771
749
722
706
642
660
641
652
689
733
742
718
670
632
583
558
564
573
624
694
726
710
710
705
643
687
627
596
594
598
601
608
606
569
577
568
564
563
563
574
574
593
592
595
596
595
581
577
561
545
545
552
580
639
672
664
654
633
611
591
568
544
538
535
543
564
589
609
611
594
574
559
548
537
524
528
526
535
563
621
706
725
704
678
650
637
619
604
584
572
567
552
553
558
573
604
640
666
677
655
631
594
587
565
552
548
558
578
603
604
584
588
563
569
568
585
602
613
638
640
621
604
605
605
612
623
627
639
643
661
681
699
716
741
751
721
696
685
705
743
776
720
740
734
734
723
687
718
716
737
739
749
684
710
704
715
720
721
728
743
740
700
644
641
639
650
676
711
729
730
695
656
630
620
627
660
706
703
736
752
763
730
704
664
655
638
632
634
653
638
646
649
657
722
721
700
692
690
644
655
657
672
677
643
626
598
603
600
594
624
716
759
764
745
716
683
657
633
613
600
590
576
566
572
594
640
676
705
722
714
683
653
646
640
649
688
733
719
741
739
741
728
702
701
696
711
703
716
714
701
685
684
684
690
666
680
679
692
672
680
670
672
663
674
670
684
665
686
688
700
670
682
676
684
660
686
691
698
671
679
675
668
671
661
674
679
714
724
717
702
688
686
681
675
680
690
691
682
664
651
645
620
613
613
605
604
596
585
577
567
566
579
603
646
684
697
693
673
634
619
600
601
613
640
657
676
689
702
674
674
662
669
671
683
688
682
674
642
629
628
646
673
671
644
652
645
658
684
694
684
665
650
648
642
661
684
713
695
712
706
705
675
654
647
655
626
601
630
627
660
688
669
635
624
603
595
589
586
580
576
580
581
575
566
559
558
568
582
608
649
686
725
718
740
735
741
713
710
668
645
628
601
612
618
655
701
677
701
716
737
713
727
713
714
692
666
660
672
689
669
684
684
716
747
760
774
781
725
714
688
705
701
708
719
720
711
718
712
700
667
661
662
686
688
666
676
676
674
659
687
712
731
700
711
695
671
662
656
663
654
660
671
686
676
672
675
670
648
636
633
639
654
638
654
661
672
652
655
648
646
649
653
673
693
703
686
693
684
677
657
665
663
668
637
643
631
626
617
599
598
592
595
599
580
571
558
549
543
537
539
562
599
612
651
699
727
729
683
661
635
622
629
645
652
690
731
764
773
725
708
685
671
668
644
651
673
714
741
751
748
751
700
706
688
698
691
697
717
741
756
723
735
709
679
653
649
660
665
649
669
686
708
682
714
706
694
646
637
615
610
602
599
598
606
620
611
643
648
670
672
681
697
703
700
677
679
673
678
661
663
665
679
694
676
688
672
655
637
610
606
602
597
598
592
570
570
563
563
565
586
590
608
604
606
613
620
641
641
623
616
608
611
600
607
615
644
685
689
734
750
731
650
636
604
589
583
576
594
634
656
655
620
612
591
583
577
569
552
547
541
535
531
528
528
539
556
571
579
589
593
592
588
578
576
559
558
556
555
561
603
611
617
630
627
656
672
659
627
601
590
566
552
540
535
531
532
539
551
548
546
552
551
557
581
613
688
727
752
754
750
725
687
639
600
573
554
539
535
542
551
555
567
602
690
830
751
763
779
749
781
741
663
639
613
579
578
572
578
589
626
663
712
762
788
787
758
723
691
667
650
611
630
636
651
690
682
677
688
697
712
675
668
663
653
640
627
604
592
586
577
576
585
603
631
635
602
602
598
604
605
613
613
623
627
607
599
597
604
587
582
600
614
606
637
649
680
670
682
670
646
619
612
627
647
664
630
656
659
668
635
647
651
649
639
628
644
645
642
630
635
639
646
648
619
632
635
627
604
600
591
598
615
613
634
662
699
697
697
709
700
680
633
634
624
624
600
622
621
648
647
673
692
697
666
665
655
651
629
608
608
616
632
612
604
607
614
616
607
592
604
604
626
613
617
613
619
623
599
615
615
625
618
599
608
624
654
701
697
744
726
670
663
639
621
597
604
605
620
612
628
639
653
626
630
615
601
580
583
581
595
611
606
646
666
682
650
660
647
635
606
593
579
579
588
591
642
658
656
704
713
697
680
696
669
615
604
582
585
572
605
634
694
687
649
617
597
595
597
598
587
581
568
558
552
549
550
551
546
553
560
574
590
608
633
638
635
624
618
606
576
567
561
563
596
630
701
728
730
690
682
655
623
637
632
627
612
628
643
616
591
597
594
602
604
609
582
586
579
577
570
561
561
558
563
560
553
550
550
551
548
541
553
557
567
605
632
620
624
608
604
606
583
587
578
585
604
604
615
620
636
651
646
618
603
563
549
543
531
549
652
688
701
705
701
717
738
742
747
735
650
592
563
546
531
532
553
604
663
708
773
784
752
664
646
617
602
592
578
563
553
543
528
530
531
546
589
663
705
682
694
681
667
612
597
589
595
627
673
671
711
728
763
748
744
729
715
698
686
688
688
675
676
661
670
618
623
623
644
652
641
614
599
590
583
586
615
600
625
618
634
640
635
616
607
571
573
557
551
557
584
619
672
687
682
656
628
588
586
573
551
555
559
564
589
622
645
631
614
592
568
545
527
521
522
536
563
587
653
731
716
733
736
666
732
724
689
613
593
579
571
565
570
576
594
628
684
681
725
740
762
758
726
660
607
583
568
555
548
542
533
540
529
523
523
541
582
650
679
689
652
649
646
635
629
619
625
621
618
634
661
693
710
707
693
617
621
593
587
596
604
609
638
669
680
661
645
620
599
569
559
547
545
557
556
575
623
605
626
606
595
585
576
576
568
562
552
560
569
602
610
645
664
701
702
685
661
623
594
577
559
544
542
546
570
596
620
635
669
687
682
659
645
636
627
616
593
592
585
586
594
596
583
578
575
580
565
541
540
538
549
587
638
669
676
667
643
614
589
575
565
553
542
534
549
615
828
769
779
768
767
793
796
783
757
650
631
599
609
607
612
629
644
651
640
592
602
590
588
602
622
626
608
622
622
633
637
639
608
599
592
582
576
581
573
574
584
600
621
627
634
629
622
599
575
555
547
540
539
554
572
591
592
581
584
588
604
609
607
605
602
600
584
572
564
563
564
571
574
588
594
594
580
564
543
533
528
523
536
586
673
744
730
691
645
605
560
543
526
512
505
505
511
515
524
538
552
579
616
624
607
581
576
573
567
557
543
531
520
514
505
508
506
521
553
617
671
678
658
659
662
612
582
573
578
604
659
697
700
677
642
618
592
579
571
562
579
604
710
812
747
744
736
742
707
644
611
606
610
623
618
616
640
641
645
626
596
590
582
569
557
557
550
546
542
536
537
537
535
534
525
524
533
540
549
563
540
546
528
524
521
516
520
533
567
599
675
661
662
641
646
657
627
621
621
613
605
584
586
592
579
590
607
607
622
626
605
634
641
646
637
595
589
581
582
593
609
621
606
626
629
630
631
608
597
602
595
603
601
599
621
630
632
596
579
570
553
546
548
550
575
608
648
689
685
618
623
592
578
564
557
550
546
543
540
537
543
538
523
531
532
551
600
637
633
630
580
566
555
547
547
555
578
581
594
572
578
586
605
618
608
598
588
579
562
557
550
543
539
539
553
572
588
617
637
628
623
604
574
566
563
573
611
663
654
696
699
728
730
729
710
678
646
615
579
549
537
526
542
616
713
751
748
720
669
734
737
729
719
707
622
617
583
577
576
589
591
629
659
710
670
671
688
705
725
718
687
643
604
572
542
520
511
511
507
520
562
679
811
726
694
758
686
725
746
742
735
678
616
595
593
603
597
586
575
568
561
550
538
526
516
502
506
506
531
653
716
683
681
681
680
679
656
582
557
546
537
542
547
551
571
608
663
673
664
646
627
604
576
558
550
546
556
566
574
602
628
705
788
767
740
736
646
607
566
559
547
543
551
575
602
583
628
631
653
663
664
655
633
604
572
570
567
571
589
597
605
650
656
664
659
661
658
608
604
594
584
578
574
568
542
548
544
536
534
534
533
531
527
521
515
514
509
511
512
518
523
530
556
616
727
691
695
692
673
675
699
643
634
604
616
608
609
600
593
590
567
557
547
535
536
531
521
534
536
542
545
544
560
556
552
553
548
544
558
572
594
609
592
582
573
574
575
568
556
537
537
541
565
597
633
673
698
685
655
642
641
629
593
587
582
581
569
565
586
601
621
659
670
638
650
633
619
623
594
600
606
617
597
614
632
632
623
593
591
585
589
610
620
602
606
606
621
642
638
637
622
603
600
580
565
568
570
577
608
613
675
683
704
637
639
605
591
584
583
580
579
571
562
550
543
528
532
537
543
560
582
622
661
648
648
672
675
632
651
629
608
572
554
543
535
524
521
523
533
541
554
572
573
572
561
551
545
539
522
520
521
527
553
593
640
679
691
686
616
624
607
607
619
627
625
617
599
604
600
601
604
596
620
577
581
590
608
632
644
654
646
631
614
596
583
571
566
569
576
598
630
635
626
617
601
578
562
542
522
525
522
531
563
639
707
704
671
651
639
614
599
580
563
549
535
526
521
521
546
574
621
604
648
665
707
708
697
651
624
591
570
567
568
571
582
603
608
616
623
620
611
599
588
574
573
581
584
588
582
577
590
608
633
644
598
604
587
580
582
582
585
580
575
574
550
552
551
555
561
570
549
561
567
569
575
576
573
569
569
565
565
566
567
556
559
562
586
657
750
763
729
679
639
602
577
568
562
566
589
584
618
665
696
707
697
688
667
636
600
566
556
545
540
545
545
557
576
565
547
558
566
589
611
632
627
619
604
588
571
555
541
531
526
524
525
528
533
544
570
614
613
688
722
690
676
647
617
590
556
555
552
537
552
555
572
626
636
652
646
640
614
588
571
565
567
570
575
578
576
563
546
543
539
540
558
593
643
700
708
704
671
631
607
577
554
551
538
545
552
608
692
761
768
739
722
665
627
608
598
593
590
579
594
614
646
687
716
695
667
648
613
605
593
585
593
601
607
581
590
585
584
600
603
594
569
564
556
548
527
529
524
521
521
525
529
528
528
521
518
514
511
506
505
508
502
507
506
502
502
501
502
509
524
546
578
599
620
652
652
623
617
604
606
599
595
568
591
595
606
605
589
616
625
645
652
643
631
606
601
596
593
570
576
580
596
618
640
644
640
628
623
607
588
572
561
555
552
544
535
539
557
599
708
675
683
661
623
629
633
646
619
629
612
608
603
588
594
593
601
604
631
669
694
702
663
672
663
644
630
644
642
646
646
639
651
666
650
651
653
656
658
640
658
661
667
640
651
653
659
646
622
620
614
617
622
637
648
657
639
661
679
687
671
673
666
664
642
605
603
586
585
589
584
584
587
584
584
583
587
594
611
627
642
622
647
653
665
666
657
649
643
634
626
621
622
636
630
614
617
611
621
632
625
646
655
629
641
644
639
632
611
589
578
564
560
559
559
559
549
544
548
540
533
529
525
524
526
523
525
526
521
523
530
536
554
584
602
621
605
614
633
653
654
661
642
617
575
559
544
526
521
510
503
521
590
668
693
655
680
684
697
699
692
673
638
621
605
589
560
544
533
529
545
602
722
753
760
723
678
697
641
635
655
659
659
638
614
598
584
574
555
550
547
553
566
608
678
718
725
711
673
642
613
583
563
550
542
543
559
592
636
682
701
726
738
716
720
706
707
694
671
655
618
611
603
604
605
588
584
581
582
598
611
603
582
572
564
555
547
544
540
534
534
541
549
554
558
560
558
554
555
560
568
594
610
636
654
659
642
632
599
594
584
586
603
597
630
614
611
601
581
588
575
569
563
560
552
532
538
527
523
526
543
571
596
613
634
641
629
608
586
559
541
532
525
529
553
579
618
655
647
630
611
593
554
558
538
527
524
531
541
563
599
617
616
624
602
602
596
572
586
578
580
586
580
569
549
552
548
551
567
605
626
633
625
610
599
571
564
548
542
539
540
545
550
555
557
553
551
540
549
545
548
556
573
580
592
571
584
575
595
627
668
677
724
687
668
645
624
613
605
602
601
602
618
627
648
628
640
645
640
641
627
622
615
618
605
604
609
619
625
619
586
586
585
592
608
620
629
627
623
615
605
597
593
592
596
606
616
618
615
612
602
595
606
626
685
759
783
781
766
729
667
619
578
545
558
540
549
578
592
585
578
561
553
546
543
535
535
534
544
569
605
621
626
624
621
614
604
600
612
628
650
670
676
675
681
681
680
676
648
649
655
663
681
683
652
637
634
625
626
634
615
604
605
604
614
623
640
629
654
660
659
651
624
597
594
592
596
624
622
626
645
665
684
684
648
653
641
632
612
584
574
563
562
568
560
553
559
557
552
557
575
594
579
584
581
583
588
579
571
569
572
577
579
565
564
568
595
629
642
634
603
613
607
611
604
580
562
552
547
546
563
574
599
656
676
663
594
601
572
557
544
532
529
524
521
518
513
507
507
505
515
532
559
574
586
625
632
632
632
610
590
565
547
522
523
525
534
561
618
663
699
700
686
644
633
625
605
601
592
586
575
576
574
582
602
626
646
665
674
674
658
638
621
595
577
572
567
578
627
671
725
715
712
667
632
605
591
578
570
572
590
627
671
682
683
682
675
651
623
587
572
557
554
557
552
561
583
614
641
634
640
634
635
637
622
614
604
580
577
570
575
604
638
648
642
648
644
642
629
612
583
572
555
546
553
556
606
650
742
785
770
759
763
696
659
624
600
595
595
586
580
563
555
545
539
531
529
543
599
676
725
718
693
641
639
621
615
617
613
611
603
618
646
689
718
731
723
710
680
641
607
580
562
559
563
599
713
804
762
758
741
672
662
642
629
596
594
618
615
614
591
591
578
566
586
620
675
686
673
652
630
609
590
565
549
536
532
530
534
545
557
573
586
573
565
571
580
584
559
565
558
554
548
543
540
535
531
528
529
528
521
525
538
568
616
660
669
650
649
632
611
598
574
569
560
556
568
593
665
709
684
669
647
643
646
643
636
620
619
621
622
614
604
613
602
602
604
597
593
595
602
611
622
622
629
612
594
593
586
585
591
599
609
624
640
645
606
612
594
588
576
587
604
649
701
683
700
683
669
656
622
627
616
594
607
604
604
608
622
641
636
654
655
652
611
608
609
604
607
594
603
598
581
590
586
594
586
613
626
645
609
628
622
609
591
574
563
558
548
540
538
540
544
561
569
572
569
552
552
543
537
529
528
546
549
563
574
592
620
650
621
629
624
613
608
596
595
590
591
578
581
592
612
611
651
654
664
666
663
650
626
627
612
612
599
619
623
629
625
649
651
626
652
655
668
627
648
640
628
597
576
567
563
573
586
606
637
630
631
606
582
570
553
541
540
546
565
615
692
689
676
621
594
578
564
549
534
525
524
534
568
647
702
629
662
665
669
660
638
647
595
589
586
573
585
594
616
608
632
646
649
623
637
628
607
604
613
623
638
631
612
608
603
609
618
603
599
608
592
604
620
654
696
712
702
689
671
652
639
618
624
630
655
687
666
681
677
676
646
679
678
668
651
658
656
626
624
632
646
677
653
649
637
607
585
565
558
557
560
577
590
581
573
563
552
541
534
523
517
511
511
514
524
539
557
566
562
569
570
573
560
574
590
614
612
589
558
536
521
517
528
571
684
691
642
631
639
605
604
554
548
538
532
526
518
515
510
507
512
520
524
533
530
527
521
516
507
502
504
508
516
527
536
537
565
614
641
639
628
593
577
553
547
553
565
593
607
624
642
681
702
710
662
655
628
604
577
579
572
581
599
598
632
633
642
634
605
598
591
578
573
560
546
546
553
573
613
645
654
614
611
593
583
579
573
576
583
595
610
626
641
648
652
639
615
613
603
602
582
584
582
596
612
585
591
581
584
602
607
597
609
608
610
612
594
604
598
615
621
605
607
594
573
564
572
584
622
628
659
675
669
644
638
622
599
590
592
592
597
590
606
604
590
579
578
577
586
579
588
615
651
700
659
675
661
628
615
609
603
581
577
572
579
581
598
650
708
722
731
730
732
670
670
648
642
630
624
640
646
617
615
603
603
604
596
635
650
668
639
669
663
659
623
632
603
607
590
616
645
673
653
688
689
689
653
661
651
645
628
627
634
636
640
668
688
679
669
670
662
627
636
626
618
585
581
568
563
551
545
541
553
561
563
555
559
563
566
601
601
617
611
596
578
554
552
544
538
538
536
533
530
525
524
521
515
507
500
492
483
478
479
487
498
521
575
633
634
646
631
655
666
667
662
643
668
664
613
586
577
592
619
659
703
688
661
646
634
630
619
638
646
688
677
681
656
640
596
598
610
614
595
601
617
646
654
647
669
673
648
604
591
569
552
544
546
556
578
604
628
606
614
606
592
571
568
560
562
567
555
558
560
560
568
566
575
580
592
604
604
588
587
583
585
573
563
566
574
571
615
673
706
646
664
665
642
598
588
574
561
578
595
601
640
688
660
648
639
605
579
565
553
556
555
598
637
661
650
659
660
631
646
635
599
563
575
573
589
578
606
590
576
561
542
544
560
604
679
631
649
653
644
629
651
641
603
590
553
546
533
549
558
599
604
660
650
622
656
662
653
643
654
606
571
562
548
538
531
543
568
651
632
642
640
618
642
648
624
640
640
619
631
641
610
564
577
570
576
568
581
593
585
596
609
610
598
614
598
569
581
575
571
565
564
557
544
548
546
553
555
579
604
646
647
662
662
638
655
670
659
620
590
584
579
580
578
586
600
598
623
631
601
600
580
555
533
538
563
610
659
664
675
639
646
663
664
629
653
653
650
635
636
577
531
517
512
517
528
546
588
657
614
633
636
639
638
624
605
600
552
544
545
528
537
537
538
539
541
542
554
560
566
587
591
584
578
565
550
552
552
543
559
555
557
560
550
565
583
609
604
614
607
585
555
546
538
546
563
571
563
576
578
583
582
573
552
539
527
522
527
526
521
522
519
517
512
509
504
503
499
501
508
520
522
529
529
529
528
522
506
498
492
503
537
581
563
574
587
601
609
599
616
626
629
632
607
626
586
587
582
563
573
569
573
569
552
560
561
579
591
579
563
557
548
546
567
587
594
626
645
660
646
637
614
604
592
575
566
563
554
548
550
543
533
530
535
547
600
703
747
698
699
699
638
589
569
558
550
545
541
534
541
549
573
615
626
611
621
624
625
607
580
565
545
550
547
556
558
551
552
569
593
638
649
646
654
657
629
585
583
568
565
553
552
553
557
562
568
582
612
628
639
624
635
633
610
583
575
571
568
578
578
601
612
617
603
616
609
608
596
592
594
599
619
607
617
609
604
587
591
578
574
576
590
608
636
646
621
621
612
609
589
579
578
577
582
576
586
584
591
600
599
604
591
564
558
564
575
604
623
658
655
650
605
586
562
550
554
556
589
612
628
610
621
619
614
614
585
598
580
567
557
538
522
517
508
502
510
540
570
601
613
622
607
607
630
632
633
620
618
636
581
546
541
540
550
588
629
640
653
655
650
604
604
588
578
581
573
569
554
562
563
571
585
567
567
565
571
573
583
585
568
562
549
543
540
538
531
536
538
561
608
680
642
643
663
666
655
655
631
564
545
549
546
554
551
561
586
653
711
639
677
674
662
658
676
675
664
650
600
584
576
563
548
543
539
553
566
573
576
563
561
566
549
543
537
524
511
503
492
488
485
485
481
485
482
484
485
489
495
497
501
500
488
487
486
483
488
489
496
498
501
501
500
494
490
487
484
478
477
475
474
475
485
517
562
566
548
545
543
539
533
519
508
501
494
487
486
491
493
492
488
488
485
487
484
486
490
492
496
502
509
517
526
522
507
504
497
487
484
493
511
528
541
538
518
512
511
508
501
500
513
554
624
598
599
587
598
573
581
577
516
500
486
478
473
471
470
465
462
460
460
467
486
511
538
565
557
532
513
493
488
481
473
468
464
463
458
458
457
457
457
452
453
453
457
463
473
491
515
543
572
557
557
539
526
512
487
492
479
473
468
466
464
467
469
476
484
486
479
490
492
494
488
490
491
494
493
490
475
478
465
461
460
470
489
520
555
591
585
565
582
581
581
556
539
523
506
508
502
514
545
586
611
606
604
582
566
516
529
511
504
499
502
501
505
500
507
501
506
511
511
514
510
508
498
479
484
472
470
475
501
551
596
624
599
604
603
576
531
509
500
499
503
499
520
512
518
539
555
553
546
546
534
524
519
494
497
492
495
509
521
548
563
584
566
570
566
562
558
549
540
531
526
521
501
510
508
517
530
540
549
557
549
538
522
511
499
495
484
481
490
514
568
615
566
590
586
594
580
550
537
504
513
502
494
490
486
475
472
466
462
460
464
468
473
487
530
595
598
584
586
592
598
595
565
521
509
501
498
493
491
489
492
483
497
500
520
547
576
535
553
533
533
528
525
519
514
506
498
492
486
479
477
480
487
513
568
609
548
583
589
600
594
604
604
604
581
555
516
504
494
480
487
485
485
485
491
503
541
646
644
639
646
645
646
649
646
618
591
521
505
500
505
518
542
562
580
585
578
546
554
529
520
511
513
521
550
586
603
562
581
556
566
555
544
537
512
520
508
498
490
484
476
485
494
516
559
603
619
585
604
604
570
553
540
531
520
514
504
486
486
480
477
477
486
502
523
511
497
500
494
499
513
507
513
524
526
526
515
506
494
484
477
468
463
459
451
453
452
454
469
541
600
598
599
598
603
591
589
584
588
553
512
500
490
477
476
471
466
468
472
469
470
473
472
470
467
466
462
466
459
462
460
460
460
460
457
457
454
454
451
449
445
444
442
444
442
443
443
442
439
440
438
437
435
436
435
437
437
439
438
441
449
452
460
463
469
473
479
481
471
479
468
465
459
459
458
456
454
451
451
451
451
458
465
468
475
484
501
529
551
536
521
509
498
488
473
470
467
463
456
462
458
463
474
488
511
542
542
542
532
518
499
494
485
477
471
465
461
459
460
465
467
479
492
543
693
648
640
643
633
633
632
549
519
504
494
485
481
475
480
475
479
496
510
515
518
521
515
505
495
484
470
471
465
464
468
479
493
502
512
498
492
491
488
486
483
488
486
474
482
475
479
480
482
486
492
493
493
493
486
482
477
472
467
463
461
464
470
482
509
555
666
642
644
649
642
630
591
604
527
518
518
521
525
535
543
546
546
516
521
507
497
489
485
487
491
503
545
565
602
618
653
671
659
623
590
555
538
525
514
504
495
488
482
474
475
475
481
502
534
573
586
574
563
543
528
513
512
504
506
505
504
506
510
506
512
504
502
489
498
479
480
477
479
480
493
483
493
502
513
533
555
582
576
555
517
506
496
488
482
475
467
461
456
446
450
442
443
453
488
611
572
595
605
610
603
597
601
601
599
543
521
511
502
493
487
481
477
471
468
466
470
476
481
485
488
492
500
500
498
494
479
482
474
469
464
463
462
465
465
467
464
469
465
467
473
490
514
531
533
529
515
498
476
477
471
467
463
463
465
472
468
478
483
497
516
515
528
516
511
509
502
498
496
494
493
489
476
479
470
467
476
502
564
641
596
597
601
599
593
590
532
507
497
488
478
477
479
484
510
603
649
628
616
624
622
615
595
529
506
490
479
472
468
466
469
472
479
482
505
522
538
530
508
504
497
495
491
489
482
476
469
464
461
467
479
497
501
515
509
511
516
526
525
521
515
507
499
490
480
475
471
473
474
479
494
513
521
536
549
562
563
557
547
528
513
498
488
474
469
468
465
469
489
567
613
586
586
585
593
588
591
555
512
498
487
482
477
476
470
474
470
475
487
521
560
581
592
598
576
563
541
532
519
503
492
484
478
473
467
458
457
458
458
472
529
624
628
607
587
622
619
604
558
514
486
492
477
465
455
448
454
446
442
439
437
433
431
428
427
421
426
418
417
417
413
415
428
462
525
572
549
560
563
568
572
568
516
484
469
461
457
458
459
463
465
468
471
466
466
468
469
475
484
500
505
515
512
514
510
507
502
495
491
484
484
483
484
486
492
511
532
546
563
568
553
539
513
502
489
483
482
483
486
489
486
493
492
501
508
522
533
534
523
520
500
501
487
481
472
461
468
456
466
487
539
608
659
639
643
655
656
660
646
613
527
530
506
493
491
490
497
516
573
631
695
714
686
648
608
580
546
531
521
514
514
513
521
540
562
586
593
590
575
565
552
533
519
509
492
490
479
474
474
483
494
525
523
564
559
563
567
555
545
526
512
501
491
484
479
470
471
468
476
506
582
628
599
604
601
561
593
573
518
509
505
502
501
503
500
502
499
494
488
485
480
484
503
550
667
593
630
635
638
638
641
632
550
524
513
509
498
493
492
491
490
492
498
511
531
555
567
567
563
536
524
505
486
487
477
474
467
462
456
452
451
449
447
447
444
443
441
439
438
440
446
460
469
487
515
535
537
526
515
500
486
479
471
465
459
454
450
447
444
451
452
459
471
483
501
523
553
570
552
549
536
520
508
496
485
478
473
474
468
473
480
506
550
583
592
584
558
521
515
507
502
500
498
496
493
491
487
482
475
475
468
465
469
474
484
496
510
526
537
533
529
524
521
521
516
507
506
490
481
472
468
465
472
485
507
527
540
546
559
579
629
639
652
659
655
654
653
648
563
537
525
518
510
506
512
523
563
630
688
707
674
639
612
595
583
574
567
562
562
568
583
609
654
665
635
601
603
579
559
548
552
569
604
647
664
636
621
603
593
591
585
585
582
578
583
593
603
632
688
702
671
662
640
616
605
600
590
588
580
614
652
717
760
766
727
736
731
717
665
607
590
571
582
586
610
651
656
695
688
687
661
626
583
586
574
581
595
587
624
630
646
669
626
624
594
584
565
569
569
587
652
739
736
730
696
658
617
591
586
579
592
633
646
690
692
700
649
651
628
631
601
606
614
626
640
662
664
662
656
636
641
624
613
605
595
602
617
654
628
651
642
630
587
565
563
559
570
602
620
602
616
603
599
582
570
584
589
625
613
630
648
666
684
661
668
654
622
580
582
563
572
569
582
581
583
616
665
678
650
644
628
603
573
563
560
564
561
558
555
551
555
560
561
578
612
684
755
737
729
708
668
636
601
595
589
596
637
673
701
727
728
719
657
654
631
627
615
614
609
613
609
613
653
703
750
730
724
717
675
664
646
615
615
599
591
571
557
554
563
579
611
613
628
634
629
604
607
612
617
614
608
598
599
599
605
607
622
614
587
576
563
556
555
563
579
595
635
644
661
629
633
615
608
595
578
581
582
600
590
611
613
622
601
599
593
597
594
589
587
588
600
609
619
605
615
603
604
587
580
570
563
551
547
541
534
531
531
534
539
545
545
545
541
520
523
518
514
513
519
533
542
562
557
555
551
542
532
525
516
514
513
521
536
564
582
611
604
587
562
543
536
534
533
530
525
519
514
503
496
487
484
480
479
481
501
575
753
719
720
727
716
707
687
617
586
573
574
563
573
563
550
558
580
604
604
622
604
583
577
546
516
493
487
481
475
476
486
496
509
527
528
522
517
502
488
484
476
468
467
465
469
466
466
468
467
470
475
475
479
475
473
464
460
455
450
441
440
434
436
430
430
429
436
454
514
634
645
657
751
804
739
739
735
741
733
628
595
573
559
553
550
550
551
554
556
557
549
537
545
536
538
553
572
590
612
620
608
616
606
613
610
603
596
581
584
591
626
743
736
712
646
618
583
565
548
540
543
575
642
710
743
707
625
609
578
564
544
529
521
508
509
513
538
644
888
764
733
782
793
746
667
621
622
605
588
604
610
642
696
722
722
666
655
635
622
617
610
622
632
664
648
676
671
668
651
662
653
668
679
672
674
690
689
668
673
683
667
635
645
636
639
630
669
697
705
662
684
658
638
604
609
596
576
601
690
790
774
766
766
702
683
672
654
606
621
629
648
630
660
649
631
614
630
634
648
633
644
638
627
604
635
670
729
713
698
683
650
602
592
588
593
580
599
603
624
625
609
615
612
613
603
593
582
566
541
539
546
558
593
644
704
716
670
703
696
695
675
654
586
549
548
544
551
575
589
572
566
560
556
576
606
621
616
604
573
563
548
546
545
549
547
553
564
575
583
585
600
610
628
630
611
583
576
566
569
565
582
562
569
572
581
578
558
542
530
518
507
494
482
482
476
471
473
495
541
604
647
623
595
580
562
530
516
509
507
508
515
522
529
517
513
513
509
510
508
505
509
511
521
524
531
541
539
544
543
563
618
723
767
735
742
752
741
659
579
551
523
517
513
510
508
514
528
528
521
516
504
495
484
479
471
466
460
458
453
457
468
490
512
539
563
609
604
660
593
587
576
564
582
630
675
684
672
608
571
568
566
563
572
588
607
631
641
641
625
627
628
638
635
642
615
614
615
617
640
611
611
613
604
624
630
625
593
580
574
558
544
536
536
555
597
616
647
669
679
672
657
636
620
615
616
619
636
639
647
637
630
617
612
611
595
584
584
584
585
573
556
558
561
565
558
551
536
526
509
510
499
499
490
488
497
519
563
626
703
661
687
671
651
620
589
555
552
541
529
527
540
567
617
668
702
705
677
640
602
568
565
555
557
580
596
618
626
619
601
590
621
655
679
676
663
633
609
610
599
592
584
590
604
646
696
719
717
670
652
631
612
602
590
585
593
608
648
701
723
711
702
675
647
604
575
563
549
552
619
803
779
757
755
753
714
715
656
645
638
608
600
609
635
677
721
698
660
652
635
636
628
606
633
648
676
710
696
686
694
688
674
647
592
586
572
583
630
626
639
639
618
637
664
633
647
650
650
646
621
626
609
575
543
533
533
554
674
716
733
722
706
727
743
741
704
733
654
628
592
598
591
604
602
608
646
669
661
658
659
662
643
639
635
639
627
641
647
654
629
634
625
624
604
629
646
682
667
667
674
667
645
617
589
567
548
553
560
587
613
692
711
682
655
627
619
606
591
574
568
553
554
557
564
568
561
547
544
543
554
577
594
632
686
726
711
721
709
661
668
647
641
612
620
611
618
613
644
671
680
661
677
648
640
603
623
621
641
631
663
663
668
656
684
678
641
631
615
609
587
585
585
593
572
572
563
565
579
591
604
615
620
609
593
576
562
553
539
523
524
522
520
520
524
528
540
564
618
652
666
660
638
616
582
561
540
529
528
541
554
600
651
729
786
798
778
738
660
655
619
604
611
644
676
684
715
699
698
678
672
678
702
695
698
700
695
651
644
642
655
670
685
684
662
642
615
613
603
614
650
678
731
751
730
724
708
689
664
618
597
593
590
595
650
711
763
767
754
699
685
655
633
607
615
627
647
674
647
678
685
702
688
668
654
646
646
638
634
656
650
652
640
624
628
624
635
639
654
615
624
604
577
565
546
545
570
605
626
631
640
633
619
611
599
581
566
543
542
540
556
581
658
707
728
720
701
687
667
648
626
592
586
577
583
599
607
618
653
653
647
623
594
593
596
612
652
633
611
612
601
595
597
597
581
571
574
570
581
591
579
577
570
569
580
612
638
643
652
639
637
608
604
583
570
570
564
606
646
710
728
715
686
642
570
548
533
532
555
693
736
715
741
754
691
733
732
727
650
636
614
608
588
601
594
600
609
593
603
602
606
591
590
581
576
586
581
605
620
625
626
592
583
578
583
601
596
579
583
568
563
562
553
555
572
583
621
645
652
616
619
601
574
553
538
513
514
502
493
487
485
488
491
491
489
476
477
472
473
471
472
469
462
466
467
466
465
470
479
499
536
578
615
618
582
569
548
537
531
526
522
519
515
509
504
496
492
494
497
506
527
558
593
629
625
605
569
557
540
528
525
535
549
568
600
659
702
655
675
646
635
605
606
624
635
622
610
614
613
635
667
650
687
686
689
673
638
646
641
663
634
666
700
731
733
684
674
636
595
578
579
577
592
601
623
663
677
671
686
712
720
722
701
680
658
639
608
597
606
620
662
699
715
714
681
658
605
606
582
577
583
599
604
583
609
594
593
578
571
563
543
551
540
539
550
565
581
589
596
606
591
614
599
583
562
550
543
537
533
529
526
512
516
514
515
518
516
525
523
533
539
543
549
562
557
564
563
555
569
568
579
593
617
641
653
666
645
641
633
623
608
587
591
601
622
672
699
711
729
710
661
633
620
599
598
608
604
651
670
693
702
650
678
659
645
623
625
632
632
631
660
654
645
608
581
576
573
566
586
600
630
665
686
693
684
659
628