472
481
514
558
595
597
578
559
546
525
513
495
492
488
479
474
468
461
466
464
462
463
456
458
461
467
464
468
480
500
506
521
550
584
551
577
590
604
571
610
628
599
638
611
612
603
581
573
578
624
652
699
647
637
611
606
609
624
620
607
585
571
587
603
611
685
698
693
683
650
592
582
563
543
565
658
761
667
658
658
665
667
677
640
671
624
585
576
579
568
581
593
621
609
580
568
556
553
572
597
668
740
722
739
710
698
673
627
609
602
591
607
653
742
750
705
714
663
683
626
602
593
579
584
573
581
586
597
605
606
599
588
569
553
534
523
506
501
499
506
525
545
581
645
706
740
695
710
707
656
662
574
550
544
541
565
624
736
717
669
646
665
648
598
580
586
595
598
617
607
594
612
622
603
616
611
600
591
572
565
570
582
593
593
601
597
586
578
567
556
553
554
569
595
591
599
574
566
571
571
581
588
587
587
590
606
603
610
610
594
591
587
580
565
576
607
665
686
709
675
673
688
651
657
644
598
587
579
597
601
635
686
669
656
659
646
616
603
583
566
551
533
527
537
560
614
656
670
626
660
666
630
646
581
569
568
570
581
601
599
593
600
599
608
611
616
620
607
599
602
599
594
630
715
771
771
731
737
730
677
594
570
564
581
647
702
689
702
726
695
729
723
677
715
673
637
596
589
587
598
602
601
615
619
624
619
614
592
589
591
597
593
564
534
519
500
488
482
485
489
489
506
520
525
521
511
508
501
498
492
484
486
482
480
477
481
484
486
495
510
525
525
542
540
548
544
542
540
530
526
525
539
591
666
620
635
661
673
663
679
700
668
706
708
676
693
688
601
589
577
575
576
568
587
588
579
580
570
559
559
562
575
593
606
596
608
585
585
578
560
558
554
552
548
543
539
530
531
533
534
534
537
541
545
541
531
525
516
495
495
487
480
473
469
467
461
459
469
484
519
577
612
592
619
620
626
628
626
668
667
633
660
677
671
655
618
629
614
676
751
724
705
687
636
629
645
671
711
754
751
782
778
712
693
661
613
622
631
659
676
780
812
729
687
631
616
610
597
625
651
653
658
674
694
684
627
635
618
591
584
578
586
615
644
663
646
621
591
561
542
522
513
508
512
580
726
724
753
769
775
771
752
726
678
588
560
542
540
555
580
711
758
747
667
720
723
682
733
722
677
695
634
595
605
614
621
647
693
679
678
656
627
619
604
585
614
652
672
651
642
626
628
628
622
608
579
581
567
553
548
545
557
585
713
734
672
712
704
665
697
678
601
594
588
593
599
624
674
688
676
641
636
608
623
620
593
616
616
619
611
619
623
614
612
614
616
597
604
603
592
614
620
627
641
645
621
632
624
615
621
615
592
590
587
585
610
656
685
716
706
670
657
640
612
617
610
607
637
631
601
604
607
626
626
624
616
599
579
568
559
556
570
611
646
696
738
698
685
673
638
627
618
618
611
650
675
671
696
696
657
655
650
625
648
676
714
701
721
722
688
703
686
667
684
696
691
690
708
717
707
723
704
679
667
628
630
639
657
668
693
708
668
677
675
626
629
622
623
632
662
685
666
672
668
623
632
643
666
646
662
666
635
634
631
615
646
699
733
796
734
708
720
679
642
639
643
636
645
637
619
623
618
612
626
638
618
613
587
574
567
583
619
644
668
696
693
704
716
661
652
637
601
605
592
577
570
570
574
563
588
600
623
646
656
641
643
620
587
576
573
586
597
593
581
573
587
617
650
643
635
629
626
596
590
583
590
587
617
641
688
684
720
726
712
678
674
665
639
670
705
761
775
804
793
741
721
704
660
669
681
702
727
776
739
722
706
695
658
645
631
599
593
597
634
656
712
740
715
707
712
696
657
625
610
602
615
641
673
663
673
667
660
658
650
645
630
630
630
624
650
671
665
697
703
690
688
681
644
635
631
643
641
692
744
703
700
702
684
688
672
632
633
622
606
629
653
675
691
702
674
684
667
639
641
629
603
600
598
625
661
743
738
708
719
673
684
639
616
634
642
655
714
718
696
726
725
696
701
652
659
646
629
646
651
619
632
621
640
647
659
630
637
623
600
611
613
642
646
656
672
681
636
641
628
620
614
607
617
618
687
744
713
723
711
684
699
666
628
613
593
586
606
637
661
731
757
710
746
721
712
715
679
641
626
628
613
643
678
692
758
757
713
715
681
655
657
648
619
634
643
631
652
652
636
639
636
637
649
657
649
663
666
654
661
654
628
613
608
626
640
696
740
676
711
747
735
718
719
670
686
642
590
575
565
555
555
566
575
563
559
563
562
572
576
589
613
621
630
627
647
651
662
688
723
741
744
746
742
713
726
740
706
727
737
698
732
744
718
730
721
689
691
688
701
712
739
751
739
755
735
716
714
690
652
658
672
656
700
717
717
719
721
724
674
684
674
657
672
703
730
701
727
741
714
749
743
698
716
699
663
699
715
703
725
731
729
767
771
729
742
722
684
691
692
668
722
740
713
750
745
687
685
654
621
639
686
800
814
801
757
799
790
722
744
728
657
679
698
704
765
800
760
764
756
694
698
697
688
738
799
798
781
796
758
749
716
647
654
639
642
709
800
802
773
823
768
773
755
686
688
663
646
700
765
749
785
807
746
760
736
660
671
664
666
718
750
717
766
773
718
733
709
634
645
649
690
725
704
661
654
617
634
647
666
661
643
604
599
590
572
563
557
563
586
604
620
634
634
634
612
620
611
617
593
593
587
592
588
688
751
758
780
783
751
771
736
662
615
582
581
649
751
799
815
787
718
738
722
666
629
639
625
640
629
641
626
631
625
622
606
593
569
549
537
534
526
522
526
537
552
561
560
548
534
530
521
513
513
522
537
562
574
589
587
585
567
542
521
517
510
503
502
516
565
736
677
714
746
769
762
747
752
703
614
594
593
604
647
715
742
692
690
664
608
598
580
562
554
561
645
817
783
695
699
660
643
616
584
561
560
553
557
593
656
681
664
645
610
608
604
629
679
705
771
801
779
764
736
725
700
704
726
708
748
759
776
789
769
753
713
720
724
662
675
635
647
703
736
797
819
744
755
736
688
703
702
747
769
825
793
748
717
660
617
598
590
592
588
584
600
631
685
729
754
735
724
701
676
664
659
671
665
610
604
602
688
940
827
855
888
858
863
815
783
667
638
629
644
706
776
776
834
816
789
778
774
768
706
717
730
747
681
726
680
676
634
612
636
648
657
650
631
638
630
605
583
569
556
532
530
525
524
541
636
782
642
698
688
656
618
601
590
582
569
552
540
532
532
528
547
566
586
598
607
608
602
594
583
572
557
538
525
515
510
512
541
669
761
717
735
727
733
687
618
576
554
551
571
620
681
699
691
670
642
625
609
590
585
563
568
561
571
625
723
751
740
648
647
606
584
560
528
524
519
519
547
608
682
687
599
642
628
580
584
587
587
578
579
572
534
542
529
524
525
530
537
548
562
577
580
576
561
543
531
522
518
506
513
516
532
618
758
695
701
664
646
689
607
577
568
565
564
561
545
541
542
546
553
563
586
594
609
615
621
634
681
706
722
681
637
623
586
575
568
574
596
621
665
660
608
605
596
611
647
667
709
695
707
685
672
670
666
646
665
705
755
832
795
801
760
717
637
621
613
595
610
659
871
913
823
847
853
779
698
674
657
668
677
693
701
673
625
614
597
611
640
700
702
770
785
773
749
740
727
676
662
658
680
660
706
712
745
702
712
728
738
739
749
756
699
716
707
698
674
694
725
710
744
729
728
716
722
725
679
699
687
679
667
691
714
700
719
710
703
672
680
700
680
718
706
716
695
695
686
652
618
609
588
576
562
565
639
781
728
755
750
734
668
669
640
644
634
673
710
763
744
758
710
654
662
622
614
638
647
694
763
740
777
782
704
708
683
677
660
702
737
753
777
765
713
729
713
688
710
722
691
713
735
742
706
727
724
672
709
708
724
745
726
708
672
677
683
658
691
700
701
679
690
680
635
640
637
640
641
620
605
589
583
602
623
642
654
665
657
642
630
601
593
576
574
573
566
582
603
643
687
693
703
711
709
671
681
659
657
646
646
636
615
599
604
594
608
599
602
597
651
722
723
746
742
713
722
699
650
664
652
655
626
646
621
601
595
600
604
591
600
606
612
623
589
588
569
564
555
556
558
551
541
533
528
552
647
743
665
713
707
655
604
593
571
558
548
554
549
549
600
677
695
698
697
654
701
688
639
577
561
560
550
554
544
533
528
522
516
511
504
500
496
495
491
487
488
489
491
491
489
490
498
500
521
552
592
637
606
631
646
645
620
645
604
611
646
619
663
685
682
621
636
616
630
657
634
672
676
659
665
683
688
645
676
670
651
628
647
660
682
651
677
695
661
729
746
691
734
740
712
753
752
688
720
719
665
710
730
690
773
812
774
809
714
695
667
662
658
649
616
604
609
627
637
642
723
732
677
701
715
706
671
705
688
634
652
657
680
670
749
764
707
727
701
672
649
667
734
754
836
766
703
743
771
781
732
765
741
698
695
699
668
701
752
716
726
716
688
650
667
641
625
658
691
678
651
643
631
656
666
656
646
674
666
630
653
695
722
675
723
733
669
630
636
645
676
645
679
700
685
655
659
657
622
636
662
691
647
668
674
649
643
691
709
690
690
719
710
646
638
633
648
648
770
832
727
762
778
724
729
691
627
646
696
744
750
812
772
738
723
673
640
646
680
724
676
682
678
632
619
607
600
633
670
707
698
744
736
660
679
659
628
608
617
626
625
640
641
670
662
702
755
772
746
711
691
639
633
625
626
630
640
686
744
716
744
730
666
660
630
622
605
639
702
784
720
760
707
647
630
602
599
619
659
706
690
760
778
694
683
657
639
631
643
646
636
752
802
710
742
745
695
732
723
630
595
589
591
607
607
651
707
702
682
716
696
683
717
688
662
652
602
592
599
659
689
659
716
717
656
684
707
683
667
658
646
614
624
626
618
593
602
592
585
614
635
695
713
668
673
667
630
613
609
602
582
590
622
659
694
779
730
757
748
679
637
618
612
604
652
731
793
765
772
786
734
771
757
634
626
617
594
599
662
813
754
775
755
723
771
749
700
678
625
594
601
627
660
642
701
735
719
707
714
674
653
648
626
596
609
644
675
776
772
727
734
666
647
662
620
619
647
678
704
708
711
665
626
631
640
618
638
662
669
648
666
666
624
631
642
623
622
633
640
623
658
690
663
658
652
611
594
604
606
604
632
666
674
658
667
672
638
629
633
626
604
608
631
630
633
663
655
621
602
572
573
574
582
592
619
670
660
667
675
640
622
627
616
598
616
640
625
654
725
702
695
687
630
609
619
613
598
609
624
626
632
667
652
637
643
621
600
611
618
608
628
677
686
637
626
637
635
620
651
660
643
644
661
686
659
676
695
678
636
639
624
611
633
672
685
679
737
732
676
668
663
626
633
650
633
646
660
642
625
624
656
681
647
646
649
655
620
620
609
586
573
585
637
649
682
757
771
718
734
729
684
692
656
595
588
585
572
578
611
641
724
771
753
698
697
668
635
615
604
615
646
710
681
716
711
652
646
645
637
613
637
663
683
651
673
674
634
637
626
594
585
593
620
688
693
728
738
659
660
640
627
599
611
620
618
623
670
670
674
723
698
668
669
639
604
596
595
613
610
623
666
675
648
678
704
655
638
652
655
612
607
604
593
607
668
728
699
729
722
667
652
637
602
607
636
648
687
747
720
677
664
644
603
592
585
582
581
590
615
628
624
651
640
609
597
588
582
573
578
584
588
580
582
594
612
628
606
601
614
604
588
573
573
583
619
635
718
774
726
745
714
643
619
610
606
616
604
621
647
685
654
681
682
680
639
639
640
643
630
655
677
649
644
651
650
616
614
622
623
614
613
607
586
577
590
586
597
620
637
620
624
646
652
651
636
654
646
601
591
581
575
558
562
563
564
553
547
543
548
565
602
643
648
666
657
600
571
563
548
534
530
538
571
616
635
642
649
638
636
630
617
634
662
641
643
636
638
637
641
687
746
779
804
788
727
721
695
656
645
679
741
768
821
818
756
746
709
652
638
635
648
677
641
669
661
688
690
683
668
666
641
624
613
630
663
691
687
723
729
718
704
707
699
632
634
612
585
585
614
651
671
741
752
745
688
673
666
661
667
648
637
641
650
651
756
818
734
784
785
704
708
670
654
665
649
683
682
667
650
657
666
648
665
676
687
646
618
617
610
593
568
553
540
536
528
521
514
510
505
500
498
499
515
543
567
579
588
585
565
547
534
525
520
516
543
704
799
767
785
770
713
696
656
606
582
581
604
635
660
786
801
746
714
742
773
786
796
809
807
715
663
631
631
639
621
646
726
889
851
768
818
825
817
737
673
650
651
660
712
816
836
803
810
780
737
651
658
647
676
670
683
739
757
720
661
617
601
585
571
560
566
627
766
767
702
719
704
702
687
671
656
643
660
671
632
650
648
667
682
644
676
669
700
667
661
691
653
701
805
787
797
807
756
783
785
734
705
723
729
727
671
706
778
838
750
816
826
750
758
754
730
655
653
642
670
664
739
808
803
732
746
738
710
692
737
771
728
705
740
756
686
651
648
648
691
744
707
740
727
718
677
680
712
763
754
799
804
769
724
703
689
641
653
662
677
674
707
679
623
610
600
611
645
632
693
690
634
654
637
604
595
595
592
585
574
597
597
617
617
664
665
628
643
670
664
628
609
601
591
563
557
549
543
533
543
569
608
620
676
666
639
649
672
679
646
683
656
622
590
605
614
598
578
569
561
550
540
539
555
556
544
542
536
527
525
521
517
525
539
573
580
589
628
644
681
657
620
619
608
608
604
681
722
681
674
666
628
650
668
670
643
707
712
662
697
705
681
691
625
604
580
592
599
634
653
729
791
765
727
748
693
639
665
660
654
691
771
732
699
720
736
707
733
741
739
684
729
727
706
678
715
762
779
746
771
771
696
722
712
689
701
749
759
765
826
737
690
685
667
641
620
636
648
669
638
615
596
581
577
568
558
569
596
636
620
618
638
644
655
642
650
653
668
685
667
729
769
772
756
757
743
747
721
751
774
751
807
790
714
732
695
646
650
650
646
646
613
623
622
611
602
575
577
595
672
725
834
791
802
757
806
813
821
766
745
700
704
675
753
837
858
815
708
706
692
706
775
857
871
822
864
844
748
774
735
673
715
718
730
703
755
781
687
712
664
635
614
661
722
865
822
824
801
740
799
695
626
626
606
613
631
677
690
646
667
732
777
789
744
701
686
678
634
646
636
631
639
612
658
678
721
723
712
707
695
688
684
655
671
680
711
677
705
714
724
685
716
717
721
657
694
688
713
674
732
760
782
729
747
734
737
675
721
730
725
731
752
780
708
756
757
767
712
765
771
695
735
726
729
696
743
738
690
733
716
676
760
800
803
834
860
771
811
794
714
734
710
712
790
827
792
763
729
711
675
704
690
786
800
768
772
780
785
715
776
765
708
717
706
718
663
694
694
730
687
712
694
689
632
643
619
601
604
599
585
589
635
635
669
678
700
667
660
640
620
593
604
619
682
708
754
783
719
761
759
717
676
603
580
564
560
554
547
554
579
623
670
692
684
680
669
656
641
620
602
574
560
541
528
529
533
535
556
588
658
695
703
702
676
721
734
748
755
727
759
712
660
626
618
645
696
791
782
797
801
789
776
696
720
698
669
645
676
704
697
756
782
790
757
718
737
740
737
672
707
717
756
763
796
782
783
697
738
744
747
689
729
729
679
667
646
616
619
612
588
587
591
605
632
613
647
648
674
693
643
666
652
653
647
614
643
631
659
659
765
802
813
737
757
737
703
721
731
762
740
789
798
706
739
724
673
676
686
686
666
655
690
747
749
785
764
708
665
665
646
611
640
648
712
744
849
856
786
845
840
814
728
705
677
694
683
747
725
657
652
630
615
623
763
764
820
823
739
791
775
754
672
663
661
659
659
702
755
728
759
742
686
732
724
705
712
714
663
690
665
640
604
619
642
825
838
866
842
772
836
803
661
652
633
651
651
667
646
649
668
715
756
696
756
792
815
760
747
707
693
654
670
677
679
690
654
682
686
717
693
654
652
625
604
633
634
733
792
777
721
783
797
797
709
738
701
689
646
713
752
806
735
816
798
727
717
699
698
666
742
794
803
852
828
770
771
763
748
672
693
647
608
604
594
624
734
867
742
784
800
777
736
787
785
665
691
681
699
648
688
684
701
652
676
662
628
644
692
656
707
715
728
678
700
685
695
654
691
688
697
654
684
684
662
642
662
686
668
732
790
709
722
688
655
607
617
612
654
679
771
801
792
730
772
769
711
704
717
697
643
634
631
636
706
731
824
812
728
759
768
729
691
723
717
685
700
704
703
660
670
672
671
636
668
694
738
713
782
793
724
726
688
627
600
583
563
570
830
719
819
832
777
828
831
729
657
621
602
584
614
664
688
671
647
632
624
587
573
593
629
651
622
608
614
597
594
594
606
628
658
635
663
669
675
676
621
620
610
606
674
822
813
773
775
733
722
656
644
630
644
635
687
723
781
779
801
797
750
668
645
644
649
710
783
763
796
780
747
681
695
688
705
706
773
796
771
696
722
736
719
782
835
854
821
824
786
691
702
688
729
716
866
901
842
861
800
697
679
632
602
588
684
954
845
787
851
825
755
790
657
637
637
611
631
651
663
651
626
627
606
608
605
670
722
792
736
774
790
753
789
801
719
640
638
616
613
596
622
647
696
757
810
766
706
733
753
752
678
685
686
667
676
676
671
629
633
614
604
572
569
560
561
563
563
579
602
634
695
686
633
630
646
647
633
632
632
636
649
659
668
665
651
663
672
686
678
652
669
688
749
724
790
815
783
801
790
757
740
740
724
703
715
698
656
725
796
813
885
847
752
824
806
732
777
679
619
605
594
591
636
638
684
701
738
725
688
729
725
684
707
716
680
614
608
600
611
638
635
733
755
790
736
734
666
633
600
582
566
563
579
626
715
698
761
776
779
717
710
685
666
632
622
631
652
742
775
814
809
736
752
741
732
688
719
724
715
752
796
776
794
795
738
711
731
713
669
722
747
722
785
790
702
737
747
739
681
726
730
682
720
708
724
726
800
781
731
761
747
688
730
744
703
734
735
674
688
672
641
657
650
682
680
648
610
588
575
566
562
562
568
623
681
656
636
639
626
591
601
586
578
580
574
622
691
786
688
732
739
703
742
734
687
734
729
692
654
665
690
665
681
683
658
667
704
718
664
698
708
689
666
694
688
634
656
656
663
631
668
675
671
634
609
597
587
580
569
560
551
550
555
569
576
573
579
562
559
562
566
576
576
598
595
592
588
591
664
728
723
714
776
791
760
803
797
734
789
783
728
690
653
659
634
722
737
786
750
796
779
716
769
771
717
688
654
617
604
622
637
733
783
824
761
777
738
713
661
689
712
776
753
810
812
690
664
632
619
610
705
774
854
809
802
744
801
804
725
695
690
715
715
794
828
806
705
679
671
698
751
883
825
770
814
823
760
798
812
777
752
706
669
650
691
710
659
634
619
593
573
591
617
710
763
698
702
742
727
701
750
752
705
740
684
655
621
648
652
669
663
738
735
667
642
637
633
682
729
836
858
751
812
826
762
768
698
651
636
639
629
736
823
779
788
694
687
699
664
692
651
651
632
610
586
565
567
565
604
645
676
674
717
733
738
677
688
658
652
604
626
642
673
688
748
724
662
656
644
609
578
563
552
551
575
599
647
650
640
600
594
596
604
612
625
630
606
598
596
597
600
596
576
573
563
554
542
540
548
578
637
696
640
609
591
572
565
549
531
518
501
485
482
490
631
729
784
749
792
828
787
777
771
738
779
771
768
731
693
655
578
576
604
666
696
673
640
608
585
560
531
521
509
493
487
479
476
484
506
533
561
575
569
559
555
543
508
497
491
488
491
498
504
501
492
493
495
500
519
551
607
654
646
685
759
676
690
687
639
626
554
529
524
533
580
640
693
671
671
679
654
691
694
673
683
702
611
598
608
620
606
615
627
643
633
676
676
653
623
634
644
615
634
643
649
627
668
668
627
634
607
622
617
617
642
733
754
715
760
697
655
638
610
640
683
739
728
711
667
633
573
547
526
523
531
646
787
689
675
669
697
695
684
687
689
682
701
701
703
711
660
600
556
539
530
524
523
524
526
532
558
572
582
583
582
570
552
521
494
491
482
477
470
465
471
487
531
557
559
563
561
558
531
533
533
527
521
510
520
526
526
494
494
487
474
467
463
459
456
454
453
454
457
467
471
474
485
491
501
495
506
504
501
505
503
500
494
488
483
479
475
474
472
472
471
475
483
497
505
524
524
522
528
529
520
512
503
500
489
480
472
459
458
456
458
468
484
515
554
584
572
574
582
578
537
568
521
501
499
510
507
527
522
539
586
642
669
639
640
630
604
580
528
498
497
492
492
507
542
561
649
635
638
646
647
577
603
598
520
507
500
493
496
518
570
578
600
582
577
579
582
588
591
592
583
552
529
514
502
497
492
503
536
597
653
630
654
657
664
645
622
595
565
557
531
527
529
539
539
550
548
541
546
539
525
517
514
518
524
532
543
562
594
643
639
644
624
595
578
564
553
519
520
510
506
514
533
592
676
647
628
626
614
593
574
568
561
547
536
525
517
509
516
545
563
624
660
675
666
667
668
657
618
533
523
514
512
536
568
577
625
581
616
613
631
623
560
580
562
554
554
551
550
542
534
535
530
522
524
526
517
519
507
500
497
501
497
510
534
616
655
644
633
625
634
628
628
591
554
514
532
520
516
515
538
605
649
674
635
594
639
635
633
631
614
562
530
519
513
513
531
686
690
676
698
709
708
694
633
602
535
516
514
536
573
580
655
610
667
660
645
673
672
669
661
646
585
543
524
517
514
505
535
576
730
694
714
729
726
721
703
685
659
540
547
526
520
526
552
576
605
675
696
674
674
681
668
593
562
526
521
528
594
655
720
674
707
710
681
672
656
548
530
517
511
510
519
536
576
617
639
622
601
588
578
563
548
537
522
513
493
490
488
495
567
687
646
648
653
648
646
610
571
564
525
516
513
514
521
524
523
520
514
507
498
497
494
492
492
481
485
487
492
510
558
592
596
599
583
561
538
512
479
482
472
466
472
508
611
623
650
657
669
720
718
674
654
587
566
535
510
516
551
589
589
591
580
576
563
543
534
528
521
513
500
491
481
474
458
453
452
445
439
442
452
480
531
580
565
591
603
614
626
626
628
614
579
600
531
505
493
482
479
475
474
471
465
462
462
464
472
473
479
487
505
523
550
561
572
556
543
532
521
504
497
486
479
471
468
464
462
458
457
457
460
472
497
553
631
541
571
574
572
548
525
517
506
508
504
502
500
487
477
481
477
473
461
469
464
463
463
469
479
506
534
544
555
549
510
519
503
498
491
487
484
481
487
492
496
509
503
515
536
530
555
585
594
592
577
561
547
512
513
498
492
495
514
571
659
664
605
637
623
617
545
533
537
555
601
646
661
643
617
592
582
562
518
517
499
496
487
500
520
614
615
630
644
660
655
677
674
667
651
618
537
521
496
481
478
479
493
524
571
606
571
608
583
565
555
543
536
531
534
532
518
519
505
511
519
533
544
559
560
548
539
531
523
518
512
511
518
524
528
538
565
629
658
641
648
659
667
662
653
624
550
530
523
531
554
593
563
590
595
669
697
646
642
636
587
542
538
526
520
522
543
588
666
696
662
657
611
663
634
581
567
557
548
536
534
530
535
541
546
545
527
530
524
529
526
523
512
509
508
508
508
509
508
509
508
505
506
506
506
495
514
509
517
554
605
648
625
581
555
575
521
517
517
532
557
609
634
615
601
577
562
550
537
527
518
501
499
499
507
538
600
646
666
653
663
666
658
651
573
548
543
525
527
544
556
625
637
713
740
718
726
727
727
679
604
561
533
500
507
510
563
786
700
739
741
730
723
704
688
619
534
534
515
511
527
623
767
720
723
731
727
680
688
604
542
522
517
526
545
566
591
600
591
571
572
577
580
552
541
530
522
516
516
524
531
550
576
608
624
622
607
581
566
551
536
506
506
501
503
525
677
725
681
683
680
668
663
640
577
521
521
515
501
516
586
723
687
695
698
697
678
680
633
560
538
529
529
537
540
559
573
626
624
729
700
695
707
697
695
609
561
553
535
531
561
674
773
653
706
693
671
684
690
689
674
632
611
583
539
531
521
521
541
635
724
729
691
694
677
671
663
616
599
588
570
555
545
530
537
541
559
653
706
713
707
674
630
597
574
544
539
536
538
556
619
625
668
637
609
593
588
586
587
585
580
554
552
532
527
542
569
604
580
638
641
655
667
674
671
659
658
608
605
551
540
531
530
533
560
643
698
706
683
653
621
561
564
548
555
545
565
607
667
698
657
652
645
614
578
558
556
563
595
690
763
676
661
705
703
639
678
677
609
586
579
558
557
563
571
584
610
608
617
603
581
566
551
539
526
521
519
526
547
604
685
656
670
688
694
678
719
707
690
679
645
599
613
647
696
663
728
702
683
648
620
604
590
591
585
592
597
585
574
567
573
596
594
662
668
672
652
627
594
563
554
538
535
545
572
595
695
690
688
678
670
651
586
563
555
563
570
568
610
656
704
712
673
638
624
604
581
574
559
550
551
543
542
550
562
577
585
576
586
581
568
531
531
525
527
552
652
750
703
717
727
704
706
656
595
584
573
580
584
588
595
604
605
635
637
643
627
620
581
569
549
527
529
543
584
734
715
670
707
728
735
722
745
760
714
711
664
668
700
728
761
708
670
659
647
627
612
646
728
732
776
779
770
722
711
698
712
690
731
792
844
849
839
822
788
697
705
737
827
823
881
878
870
799
804
781
741
728
774
833
813
879
898
869
841
786
730
679
731
821
870
834
858
873
754
757
767
733
685
640
668
725
782
825
805
830
825
744
774
763
742
687
704
708
738
707
774
787
794
722
752
744
734
675
695
696
715
685
728
707
665
679
670
653
664
664
689
706
678
706
712
711
689
711
716
685
680
672
643
648
628
637
656
666
683
661
639
635
626
595
600
600
611
625
643
702
717
677
690
707
694
673
654
639
628
625
640
697
775
822
766
793
793
789
739
744
706
708
693
746
802
839
792
792
773
722
729
710
708
671
698
712
749
745
746
732
725
709
708
712
737
753
688
690
673
670
709
719
800
824
794
797
809
795
771
752
746
741
709
725
745
774
736
765
771
734
763
771
745
729
748
751
714
750
750
732
727
780
780
751
801
796
727
730
744
728
710
767
809
783
808
813
741
781
756
717
683
726
771
842
766
818
832
786
784
776
752
678
695
713
759
731
731
796
786
737
705
724
677
712
709
716
699
728
756
757
752
773
765
744
685
699
704
740
702
749
759
775
737
775
768
729
708
712
714
695
704
703
705
673
727
777
823
758
828
834
754
800
784
710
703
678
675
677
677
717
750
741
745
743
747
699
711
699
713
686
724
729
724
678
676
666
674
694
799
844
784
803
797
738
709
696
682
664
715
780
845
794
810
794
721
730
707
677
704
731
723
788
803
779
791
790
783
702
705
692
670
680
713
747
707
752
755
729
700
701
710
696
742
772
795
773
759
708
721
727
748
718
738
738
756
698
691
686
699
708
706
722
731
696
700
692
698
669
694
720
767
739
782
782
736
700
692
679
651
685
713
772
731
804
809
729
748
728
686
652
672
692
704
737
775
789
737
785
787
762
739
753
723
680
700
722
774
740
784
788
733
742
735
703
681
698
707
700
752
788
793
744
754
751
696
680
685
698
716
790
824
790
758
743
691
658
648
636
675
686
732
692
745
780
780
773
760
726
676
695
719
744
795
832
833
817
826
809
722
728
707
702
702
784
901
888
894
878
802
801
778
728
744
805
848
813
822
813
727
743
738
772
749
780
792
777
743
760
731
682
695
715
731
759
773
754
729
738
735
707
754
768
750
758
771
769
715
743
752
754
759
798
785
734
782
781
719
719
695
681
663
712
757
761
784
798
777
729
743
733
684
687
689
711
707
769
788
768
746
732
716
681
727
763
758
838
844
765
776
745
672
679
686
686
740
811
815
790
790
734
683
697
713
758
798
857
870
783
793
766
691
703
713
746
724
850
881
812
842
834
752
777
763
693
720
736
719
782
814
795
779
784
751
686
694
690
709
719
794
825
769
795
764
670
632
619
616
619
610
637
691
701
725
729
747
735
726
718
667
664
662
685
707
723
770
783
770
760
746
747
702
729
725
746
732
745
739
717
669
643
608
594
585
582
603
653
733
795
812
809
790
750
713
682
672
671
676
686
699
677
688
690
695
686
699
707
721
696
717
723
717
684
698
695
679
707
720
731
705
729
718
660
657
655
708
749
772
811
817
735
787
784
718
723
728
718
684
701
715
754
702
737
740
772
735
772
764
758
699
707
702
730
718
755
774
763
722
730
734
747
706
729
741
745
723
733
732
704
695
696
723
718
738
749
759
725
735
718
715
684
726
751
809
791
814
825
748
749
720
718
689
754
813
800
822
843
779
792
791
738
688
666
657
626
649
640
635
666
666
682
730
779
805
727
728
703
673
683
689
738
760
804
805
747
753
711
672
631
651
734
892
847
858
836
794
827
819
740
767
726
652
679
697
749
754
788
790
763
766
746
743
694
721
745
784
726
754
739
718
729
762
796
745
773
765
731
713
726
750
709
764
772
750
743
732
711
667
666
655
663
723
831
856
817
833
792
727
700
678
652
673
738
831
821
874
863
767
767
735
702
701
744
809
741
746
729
724
670
689
668
640
626
636
639
635
614
611
606
606
615
627
651
651
647
635
630
618
613
589
588
587
599
636
694
737
760
759
749
728
700
673
652
651
633
655
714
801
862
875
855
779
766
739
727
717
730
750
758
734
697
651
643
669
718
798
858
847
813
780
737
687
689
707
756
746
735
745
752
716
754
784
786
745
737
718
707
657
689
709
768
720
779
791
761
700
731
729
688
695
727
751
713
754
768
774
713
746
724
681
668
706
768
796
840
852
836
743
778
763
701
682
692
729
726
794
810
793
793
803
805
738
760
753
733
739
781
754
698
709
717
750
741
760
778
748
665
671
653
674
716
857
848
802
854
842
767
796
728
686
670
669
650
704
750
724
756
773
793
756
798
802
739
693
668
649
638
617
595
602
610
699
837
869
834
812
776
747
720
699
670
651
647
657
656
738
701
768
794
728
736
731
737
737
697
687
685
657
666
699
755
810
792
789
782
779
729
767
790
809
801
841
847
790
823
819
740
772
788
797
804
864
890
826
867
837
756
788
794
747
823
843
787
772
792
782
705
685
677
662
640
609
599
619
729
881
869
857
857
823
756
771
741
740
709
762
808
834
736
742
753
764
703
732
747
743
715
737
774
789
807
786
777
765
723
691
704
724
749
742
760
757
748
712
735
786
812
798
719
708
676
642
661
671
760
735
769
796
815
752
790
791
732
697
664
618
634
695
917
899
884
812
865
826
715
678
644
617
591
571
556
536
534
532
538
558
575
594
641
654
690
686
639
632
635
632
634
635
646
630
621
612
605
621
645
736
824
782
756
666
646
627
615
620
646
701
779
796
775
759
766
752
729
714
676
675
657
668
637
665
645
643
654
653
653
644
642
634
613
622
621
621
605
632
685
768
843
863
856
834
810
774
706
669
666
683
750
917
905
885
843
757
742
745