561
533
517
512
513
530
552
658
713
1291
563
582
573
582
585
582
579
587
1137
528
542
558
581
608
590
577
567
588
656
721
722
647
604
568
579
588
607
604
588
554
1084
533
560
565
572
545
531
1041
509
534
556
603
588
595
570
582
573
563
548
542
530
520
1033
521
604
619
606
1140
541
569
566
649
646
654
630
595
549
532
526
535
551
562
559
536
527
528
534
524
513
520
530
539
547
552
556
559
560
558
561
572
562
560
557
540
1055
510
518
530
588
650
854
807
812
808
789
755
701
649
625
604
591
591
583
583
573
598
594
606
613
604
594
569
554
558
599
663
732
693
620
577
560
560
564
586
584
583
558
557
563
574
592
596
587
555
547
547
558
559
581
572
555
542
549
563
581
601
596
580
556
543
543
544
559
578
598
596
573
558
560
569
571
586
576
562
550
554
557
560
565
557
541
537
543
555
587
621
622
604
576
578
592
584
576
567
549
541
540
544
540
537
528
536
552
618
622
613
606
589
563
549
544
556
558
561
546
533
529
535
552
562
564
539
531
525
525
529
540
544
565
571
580
568
556
552
553
558
573
599
595
582
575
579
583
601
602
579
560
548
546
547
552
544
531
525
518
516
503
500
501
507
512
531
560
648
728
774
769
722
688
652
610
582
563
566
562
561
563
554
540
526
514
506
999
495
527
557
609
637
697
701
706
681
641
619
599
596
589
582
575
571
566
563
564
556
555
552
542
535
541
572
646
770
734
694
624
597
596
607
612
628
628
607
1174
567
563
568
571
581
584
579
566
573
594
627
670
687
656
615
593
591
593
593
586
575
564
550
1114
547
567
570
570
564
571
606
840
856
820
773
746
729
720
699
682
635
597
573
565
565
572
586
601
587
573
575
599
622
666
651
623
601
578
565
563
569
574
592
600
606
609
604
610
610
598
582
564
1088
528
1626
579
602
617
643
679
680
682
649
616
596
561
564
568
572
580
589
590
591
594
587
582
570
565
568
557
556
537
537
547
608
744
769
759
692
651
640
648
657
636
628
602
575
569
576
588
608
624
637
622
595
589
591
589
604
605
602
584
566
566
582
590
605
612
602
596
581
585
587
596
604
604
589
581
574
577
584
607
619
622
616
581
563
556
560
579
657
708
704
663
646
660
664
661
640
615
599
594
600
617
627
630
619
596
588
583
596
635
690
683
652
627
622
635
633
640
632
612
599
585
583
599
617
648
639
620
1201
591
594
587
582
565
559
552
561
600
666
723
698
652
647
642
659
649
625
587
572
564
571
567
570
576
583
581
571
565
566
593
614
624
619
592
574
575
581
584
573
543
538
528
521
517
519
519
527
532
523
513
509
507
510
515
515
518
517
514
1008
495
491
492
484
484
479
480
496
527
554
556
544
523
538
580
611
636
610
604
605
575
566
569
564
555
547
538
526
519
513
517
524
537
534
517
521
526
528
529
520
519
521
525
527
532
528
525
533
539
555
565
565
562
553
551
560
560
562
544
538
532
536
534
530
521
524
525
539
559
559
551
557
566
580
577
566
553
552
553
557
549
542
528
515
511
510
520
543
571
570
560
541
556
547
534
526
526
537
544
547
544
531
521
517
511
513
515
521
533
534
539
545
563
569
589
578
577
563
564
558
558
555
548
535
524
515
516
519
546
601
620
607
576
580
598
610
615
617
588
565
555
550
539
534
532
525
528
530
538
553
561
554
555
566
581
577
560
554
541
534
533
533
531
537
548
554
554
548
1138
559
563
544
541
539
568
601
627
607
564
560
548
534
528
531
537
544
557
568
578
581
577
586
593
605
604
595
572
550
540
542
549
570
584
589
571
556
544
547
559
576
603
606
601
571
561
560
562
560
564
571
569
547
543
539
544
556
564
568
573
569
554
1105
549
557
562
560
554
556
564
595
623
627
605
583
553
546
554
569
593
600
579
563
541
527
528
1070
531
536
535
532
524
536
542
542
537
529
516
518
533
565
619
651
664
648
638
613
591
587
585
588
582
580
563
540
528
521
529
542
600
670
645
1203
548
563
544
574
592
620
600
570
551
558
574
602
588
595
583
564
542
537
535
536
536
533
528
523
512
518
522
537
556
576
576
565
565
565
565
570
564
569
574
555
528
517
508
509
525
564
609
623
582
567
570
608
635
639
594
590
593
612
613
604
573
550
533
521
515
515
514
524
546
586
589
608
593
574
541
545
543
530
519
511
505
504
510
516
524
524
521
518
518
531
542
562
570
577
574
557
553
563
574
607
609
614
604
570
563
561
556
557
568
554
552
543
536
539
543
552
560
559
567
588
628
651
633
619
588
565
561
555
558
554
551
547
546
535
530
533
555
588
625
624
600
574
565
572
581
604
598
585
562
546
549
551
556
556
557
549
544
551
556
589
615
1250
554
558
544
546
532
537
557
649
766
1427
580
582
576
598
579
566
557
554
551
565
581
604
589
583
555
557
559
562
557
536
530
533
537
553
549
558
540
531
531
538
541
550
538
532
524
529
538
566
591
576
555
537
534
537
541
549
545
532
522
520
525
545
571
599
604
583
563
567
575
596
579
556
533
523
517
519
524
538
538
531
523
535
552
576
604
580
555
550
543
547
539
534
517
515
510
508
505
501
492
483
477
475
475
481
501
530
541
550
537
522
519
518
520
524
517
505
492
487
488
491
495
490
483
479
472
475
479
489
494
495
492
498
510
528
533
532
521
509
509
516
514
501
491
493
498
497
491
490
490
498
501
497
489
481
476
475
477
484
497
497
487
484
488
493
507
510
501
494
494
495
491
484
481
479
482
485
498
502
494
490
486
482
479
479
486
498
514
514
524
506
493
484
479
480
482
487
492
501
509
520
521
528
528
526
518
514
502
496
493
496
496
502
503
499
494
491
491
507
531
577
616
608
601
564
567
568
599
626
611
595
566
570
582
605
627
628
605
576
1145
543
559
560
575
1151
530
566
639
755
697
723
773
792
793
746
695
704
693
673
621
586
567
572
572
572
567
549
550
549
551
535
521
518
517
521
536
549
530
538
545
557
563
571
566
567
562
563
555
549
539
535
536
554
580
629
649
631
625
626
646
674
620
597
606
609
621
616
612
597
582
598
621
649
643
636
617
610
643
653
667
641
617
582
563
565
584
639
708
681
1278
592
615
608
607
603
615
618
716
741
720
647
613
604
611
620
615
607
568
556
562
567
582
604
596
563
552
572
570
566
553
563
567
579
581
578
560
552
552
560
553
550
540
528
527
532
546
567
604
617
628
606
588
573
578
581
588
575
563
541
545
547
548
544
538
552
593
642
664
644
606
596
604
628
615
595
563
556
559
558
562
554
539
524
519
533
570
595
565
547
556
548
546
527
520
523
518
515
513
513
508
493
495
490
486
490
493
495
511
530
542
529
514
511
515
516
521
520
526
537
559
573
566
578
577
567
554
532
528
531
534
524
519
513
507
509
519
542
557
569
582
563
548
542
552
582
606
623
621
621
597
579
570
579
585
584
583
563
545
532
519
512
513
528
589
631
744
718
711
655
623
605
606
588
573
562
548
544
547
561
574
581
574
1114
539
546
549
565
584
598
602
606
619
653
623
704
700
709
647
608
579
581
597
608
607
608
593
1166
570
571
569
567
562
568
594
688
742
741
668
624
606
623
635
634
624
597
589
1179
570
576
566
567
549
555
565
619
660
678
656
632
609
615
623
606
603
593
593
598
580
594
577
566
549
548
544
550
564
579
579
582
602
651
688
674
629
604
585
597
593
591
584
570
553
556
566
583
623
617
608
579
580
592
601
616
606
596
582
577
576
575
573
565
552
537
541
551
563
582
591
586
576
580
599
607
603
591
575
572
574
577
579
576
564
542
541
534
520
516
517
536
553
560
558
573
617
673
730
659
607
573
579
594
588
574
559
548
548
554
561
571
566
560
543
543
550
558
574
575
567
547
541
547
555
561
567
557
548
540
547
553
565
563
556
538
528
520
527
530
528
531
514
506
503
507
513
531
566
606
614
602
565
562
563
564
568
556
540
531
521
516
521
535
539
534
532
538
563
601
630
620
581
565
557
563
563
552
534
524
521
528
531
540
539
527
523
525
529
534
533
525
515
512
512
518
525
536
545
544
531
537
544
551
550
544
531
524
527
532
546
540
541
546
544
530
518
513
515
524
538
541
524
528
534
537
530
519
509
503
505
520
549
587
593
598
589
593
576
551
545
550
535
532
527
531
533
513
499
495
496
504
518
543
489
516
528
529
521
519
516
509
505
507
501
499
500
503
507
509
513
519
515
513
508
495
491
494
504
516
529
534
538
535
531
532
547
567
611
622
612
621
615
609
592
569
583
578
577
547
535
522
520
521
515
539
560
585
571
576
560
564
557
548
537
528
515
511
509
510
513
522
527
522
507
506
518
517
523
523
519
536
546
550
530
521
531
537
562
578
581
572
561
555
546
544
549
541
538
548
554
568
584
594
578
552
536
520
508
506
505
507
494
496
509
513
519
521
517
520
524
520
519
512
505
500
495
487
485
476
481
497
540
626
679
671
629
653
691
670
624
604
614
614
605
562
563
569
598
591
570
553
540
544
561
581
557
546
538
526
532
530
542
551
552
546
547
569
579
559
539
525
516
510
510
518
522
532
533
525
518
516
518
527
527
528
527
529
510
500
492
487
489
500
518
548
567
604
619
633
630
604
611
594
584
572
579
573
578
577
578
562
556
528
526
519
510
508
1040
519
562
565
600
577
590
593
574
547
545
566
595
661
647
618
612
608
610
573
552
541
534
528
521
521
523
521
538
548
557
550
549
555
558
559
551
553
559
552
538
521
511
507
513
527
533
538
534
560
572
592
587
584
569
550
1050
515
535
557
586
609
612
584
578
582
611
645
675
631
605
580
589
572
575
550
550
533
531
546
577
594
619
632
638
605
583
576
575
546
539
544
555
582
600
606
604
604
637
657
653
624
588
560
548
540
538
542
563
565
559
553
532
521
516
509
510
514
521
534
545
551
549
530
532
534
539
536
543
544
554
548
539
532
543
567
605
610
608
581
580
588
596
600
592
567
563
571
579
588
592
588
563
559
553
557
554
557
582
631
610
600
604
622
641
611
589
560
549
555
569
583
584
589
600
589
547
1057
513
530
551
586
592
601
646
802
823
788
773
734
652
629
605
621
617
631
622
619
619
621
625
631
608
583
563
549
551
563
570
574
586
583
573
570
567
573
580
571
553
544
539
516
514
509
517
526
543
553
563
557
553
547
531
517
502
500
495
500
497
503
502
505
507
516
521
521
521
517
523
540
558
610
531
813
646
614
578
577
591
592
602
593
557
538
531
528
531
539
542
536
526
521
522
525
535
546
549
544
547
558
588
593
595
560
548
546
557
563
564
546
534
539
557
581
602
609
599
591
567
548
553
556
559
550
547
538
534
531
537
543
549
534
523
534
550
554
557
573
572
574
555
560
545
537
527
516
512
515
514
513
506
503
498
508
525
600
658
708
725
685
631
590
556
536
522
525
526
532
523
516
1110
539
577
556
553
524
525
549
612
702
1419
576
585
558
570
545
543
524
535
538
585
587
588
559
552
544
555
546
533
535
540
539
537
541
527
516
501
491
487
485
488
489
503
500
495
489
497
512
521
527
516
507
497
499
508
521
546
531
519
519
515
508
503
500
501
501
497
498
490
483
479
482
493
496
499
489
489
499
514
516
514
507
499
499
501
514
520
519
512
503
496
495
491
494
498
492
492
501
519
522
518
507
514
527
538
544
542
522
520
513
515
523
536
536
529
526
528
533
532
534
530
517
510
506
525
547
559
568
570
568
557
567
564
563
553
556
553
563
553
549
525
513
508
520
553
589
597
585
563
564
571
598
607
595
573
553
532
529
534
535
536
533
518
507
505
521
529
560
578
617
611
579
572
578
582
574
579
556
558
556
552
551
532
521
509
504
505
523
571
610
644
639
625
628
667
695
1356
592
599
575
561
544
547
554
611
622
637
586
579
578
640
661
709
694
629
607
594
581
564
554
537
529
529
539
552
557
542
526
542
541
545
532
524
530
550
586
628
634
593
550
537
541
544
542
526
513
503
501
501
508
521
549
570
605
640
629
610
597
601
572
569
542
542
540
524
524
536
549
572
567
555
544
534
531
533
523
526
524
544
557
551
547
530
512
500
490
489
499
510
530
536
523
511
506
514
513
510
509
496
485
479
473
477
474
478
477
477
476
469
465
462
460
468
477
477
469
469
471
474
478
482
492
496
491
494
491
489
483
483
475
475
469
467
461
460
452
454
445
448
451
466
474
501
512
538
542
562
565
572
563
565
556
552
538
527
516
507
489
483
474
469
470
477
481
482
487
486
480
486
494
506
499
503
498
500
500
502
497
496
491
497
496
489
487
489
494
494
496
492
499
498
502
497
494
496
498
502
513
513
491
483
485
500
519
542
565
557
537
524
533
545
544
548
562
544
552
531
524
506
497
492
486
484
484
487
493
497
495
501
506
508
516
517
526
518
519
513
511
505
502
503
497
490
479
480
489
507
511
520
527
536
534
528
524
517
515
508
491
963
471
470
478
490
501
515
527
533
547
562
583
583
559
541
530
519
516
500
494
489
487
484
487
478
475
476
487
510
560
628
697
720
708
653
621
588
542
524
514
518
537
560
562
572
552
536
543
539
534
1067
524
545
554
558
560
559
1198
556
603
613
648
647
686
794
790
787
765
737
708
662
632
1132
530
529
552
604
718
757
848
898
920
919
852
841
833
768
720
683
657
630
625
645
610
608
623
639
645
636
623
586
576
568
555
574
600
625
648
646
667
655
653
620
583
558
548
559
587
653
669
660
648
597
557
540
531
526
541
529
528
545
563
588
622
633
662
648
647
642
633
609
566
550
546
558
572
628
617
635
617
600
586
615
663
720
737
669
624
605
600
600
602
596
587
566
564
567
582
613
628
630
605
581
576
599
611
633
627
614
586
563
550
548
542
549
558
570
581
590
574
597
605
599
593
577
553
539
536
544
540
549
568
583
552
543
548
559
569
578
579
585
588
600
597
586
579
559
555
548
562
546
552
542
537
543
560
574
588
588
577
556
566
575
573
572
539
543
543
531
521
513
511
513
529
544
558
563
549
535
543
551
573
581
588
571
553
548
541
548
547
550
547
538
531
527
544
548
558
539
528
527
532
542
550
551
555
562
563
600
618
609
572
547
536
535
536
543
544
563
577
626
608
597
596
604
592
586
578
563
577
576
576
556
540
526
525
531
544
560
577
566
557
542
556
570
586
587
576
552
546
556
569
581
588
576
558
557
562
561
563
567
565
547
539
539
539
545
524
612
550
552
562
556
536
534
546
552
566
571
561
562
567
575
597
585
572
575
579
585
582
578
559
552
550
553
563
574
581
582
580
588
597
596
596
582
593
573
558
537
532
541
547
570
575
575
564
560
568
574
581
595
589
564
554
543
537
536
542
550
555
558
585
631
751
728
698
638
625
619
631
631
612
592
568
560
563
572
571
569
563
566
564
574
578
568
549
535
528
528
527
533
551
550
560
573
608
664
1319
562
563
556
558
547
556
558
547
543
547
561
585
604
595
569
553
550
561
561
573
574
574
570
570
581
591
591
589
576
572
564
568
574
567
561
558
543
552
563
588
595
569
583
608
619
599
572
564
573
579
579
570
557
556
559
571
566
563
565
598
612
633
601
571
552
551
563
570
594
588
579
570
579
574
566
564
555
528
524
526
535
537
552
556
563
559
539
545
559
589
614
597
574
562
556
570
575
561
549
532
521
532
533
540
541
544
543
539
535
528
539
530
523
533
571
640
702
682
633
1228
551
565
553
543
537
549
570
622
737
754
743
730
695
665
624
586
570
565
569
575
596
601
592
572
566
571
581
566
559
537
530
526
534
544
565
581
577
580
585
578
563
548
551
560
570
583
591
604
584
563
555
539
523
512
503
494
510
551
621
626
688
675
713
738
733
701
635
588
564
557
547
534
538
555
553
541
528
514
503
497
491
498
497
498
512
536
546
557
548
532
536
529
531
529
523
518
515
522
539
538
529
515
504
501
502
511
519
549
580
569
565
564
576
599
601
630
582
552
554
551
558
560
542
530
521
521
526
534
537
540
532
525
518
505
505
531
554
600
626
629
634
627
601
572
570
565
529
509
499
485
476
474
479
488
493
481
473
470
470
479
492
500
501
489
482
482
484
490
498
508
505
498
489
487
488
484
481
481
473
476
466
466
466
476
479
493
502
519
534
525
514
501
487
491
491
501
495
488
479
477
476
471
468
467
467
474
484
490
495
505
509
510
506
497
489
483
479
476
473
471
462
461
464
474
468
465
465
473
491
520
550
576
542
523
510
515
518
531
544
557
569
563
562
551
542
528
520
515
504
497
502
494
500
505
513
515
500
488
503
520
537
547
522
506
502
499
501
505
513
517
524
519
521
521
521
513
512
507
505
499
498
491
496
496
493
482
475
474
474
1062
534
539
550
556
555
564
568
572
595
595
594
591
577
576
551
525
497
493
486
481
478
471
465
471
474
473
479
479
486
493
496
501
506
508
506
508
506
503
498
497
495
489
486
478
472
475
483
528
582
616
643
707
729
666
587
542
526
524
536
549
560
543
553
540
533
521
1022
497
490
483
476
476
492
534
608
685
746
649
618
608
608
612
609
600
620
626
581
577
558
555
530
511
498
493
487
491
500
511
517
518
521
523
522
524
524
526
522
516
502
490
485
484
492
497
506
527
550
563
584
579
567
542
523
503
504
507
513
524
535
539
529
528
529
523
520
513
496
494
492
497
498
503
499
506
507
513
514
528
547
534
513
494
498
491
495
499
506
523
547
557
567
534
519
511
508
512
521
521
519
528
523
518
517
512
512
510
507
501
503
499
497
500
500
500
487
481
480
486
504
531
566
604
619
622
588
590
564
569
552
547
538
542
527
518
505
519
539
556
565
578
570
562
550
538
531
522
525
521
515
515
521
530
557
521
501
499
510
546
584
625
653
627
621
605
594
584
571
568
559
544
540
537
533
523
521
512
508
503
497
492
490
489
490
486
497
527
561
600
597
573
566
594
582
572
597
580
582
573
578
571
566
547
539
529
521
513
508
505
503
508
516
531
566
604
630
628
605
580
573
562
562
557
566
560
563
565
573
571
583
582
592
598
614
639
646
636
624
600
570
550
541
550
585
646
680
669
633
627
617
624
630
616
588
569
552
552
563
586
610
620
604
589
588
606
624
640
614
629
617
604
604
605
608
598
1165
556
588
596
617
622
637
726
829
831
1513
634
587
553
536
529
543
554
604
697
875
829
809
777
709
655
612
574
562
546
1069
530
536
541
560
570
577
592
599
599
604
586
595
597
596
596
588
566
563
549
546
538
543
552
571
595
630
608
631
604
604
597
594
579
572
562
559
545
547
552
557
564
561
561
559
557
554
549
540
544
536
539
553
559
573
579
579
565
538
538
532
531
542
557
578
584
586
574
559
550
548
546
556
560
580
604
622
621
633
627
613
609
590
564
551
551
566
587
630
614
615
618
664
659
641
605
579
573
579
571
555
542
544
542
543
549
549
554
556
576
563
557
552
542
537
533
527
514
517
508
506
498
494
491
491
492
488
483
487
483
495
503
522
537
553
563
580
578
556
540
521
517
510
506
500
493
499
501
508
504
505
509
508
514
526
533
518
508
507
510
503
506
502
501
505
508
516
526
544
531
552
563
584
585
589
604
619
611
609
592
584
574
573
570
548
530
547
553
564
576
577
579
577
572
575
562
557
552
550
540
524
526
526
527
533
544
555
531
518
521
529
548
558
568
569
565
560
548
544
542
523
517
506
513
1062
521
549
560
582
607
655
670
745
749
766
638
606
574
588
588
589
585
574
565
550
547
533
536
535
531
530
536
535
533
520
516
504
507
516
529
539
546
570
585
594
588
570
545
548
545
545
541
538
528
521
506
509
516
525
535
524
513
518
524
526
528
540
534
537
535
532
538
540
531
530
528
527
521
521
524
522
505
508
502
507
505
514
523
528
537
547
550
562
552
551
543
527
516
509
510
516
530
555
584
601
608
621
624
601
593
585
580
574
568
550
555
566
574
577
580
583
581
578
563
560
537
538
525
529
539
546
557
582
602
616
615
605
595
587
581
572
574
581
580
600
625
639
659
655
664
643
622
612
602
591
578
575
568
573
578
563
598
602
609
567
554
1134
552
593
583
577
556
553
566
588
580
654
702
727
693
652
622
610
604
604
606
602
595
590
593
580
572
579
590
609
610
594
584
592
639
695
693
679
668
658
661
641
639
638
611
604
599
602
603
615
614
601
578
577
585
608
618
586
610
603
611
602
595
578
575
578
577
579
570
572
567
558
562
578
665
700
742
719
713
660
1214
564
555
549
554
551
559
574
608
645
651
639
624
591
563
542
528
528
523
538
546
563
576
586
563
576
580
582
584
580
577
571
578
583
593
597
600
596
594
581
584
591
597
598
595
601
617
656
670
634
609
599
618
628
635
618
610
621
641
633
631
631
612
593
586
589
612
624
628
609
598
594
599
596
594
575
562
550
549
563
613
687
689
671
632
627
620
625
611
612
594
585
578
584
575
574
577
588
616
638
618
601
581
569
563
577
588
599
594
601
571
563
564
570
573
569
569
560
548
540
549
581
610
642
617
601
592
597
627
641
615
589
575
566
563
565
571
563
559
560
591
627
658
632
605
576
584
594
611
608
589
569
569
564
556
550
530
521
514
524
539
567
586
573
579
597
617
608
596
575
563
555
546
536
529
518
514
511
511
512
519
517
513
507
519
525
540
552
534
523
520
520
521
522
511
497
500
493
495
493
506
511
513
515
504
499
497
506
514
517
513
504
497
495
496
509
523
541
541
538
542
557
559
561
548
533
527
532
533
544
540
528
521
515
521
517
524
514
504
505
512
521
541
563
569
555
555
559
562
566
544
527
527
530
545
555
551
535
535
531
542
545
544
545
538
533
534
552
560
576
563
555
561
564
579
573
559
543
541
536
539
533
531
533
539
550
568
562
559
566
591
608
602
593
574
556
537
533
521
515
514
523
528
539
540
530
527
523
533
529
528
522
521
513
506
505
506
517
520
522
526
519
512
502
498
501
516
521
530
523
526
527
528
534
545
533
529
528
529
536
536
529
520
513
511
509
505
502
492
489
492
497
495
500
502
507
513
521
519
516
519
519
509
503
499
512
530
537
520
521
524
529
529
519
524
535
546
549
538
524
516
511
517
522
529
546
563
564
557
557
589
607
617
614
572
547
545
553
565
584
577
555
532
525
527
541
546
547
545
528
517
514
524
534
545
548
535
523
520
531
540
551
558
544
537
546
553
546
547
524
509
497
491
495
518
552
581
607
671
723
671
587
544
534
552
572
582
573
560
536
550
563
575
551
539
523
521
526
527
538
551
554
560
565
574
579
595
614
599
584
578
584
576
563
531
517
504
503
511
536
580
593
590
591
585
606
617
631
604
602
577
559
557
554
552
557
566
574
580
574
557
534
519
520
531
557
585
619
582
641
664
628
599
563
540
523
530
543
560
562
550
528
534
554
604
652
644
591
548
536
545
550
563
571
560
538
542
553
558
571
558
544
530
527
523
528
521
517
508
503
509
517
529
547
537
540
573
597
587
563
547
545
553
551
552
528
517
511
521
540
590
621
594
593
588
610
627
650
599
574
551
547
556
551
551
549
549
540
548
562
571
579
559
540
533
536
553
560
571
564
561
557
571
596
604
594
581
548
535
525
521
523
521
524
524
538
576
649
660
611
603
597
595
560
602
606
620
596
593
599
605
607
595
558
539
532
539
552
587
595
589
579
583
605
601
595
583
551
557
577
616
682
670
635
602
591
585
567
545
542
533
543
554
580
582
588
571
575
584
599
605
587
573
550
537
538
536
533
534
536
546
560
555
556
564
571
576
574
578
562
554
546
536
528
521
511
505
501
491
485
486
486
512
541
534
544
577
594
618
639
629
607
560
536
528
527
526
522
527
519
509
505
496
496
506
532
577
616
645
651
665
655
661
640
625
635
625
617
605
594
574
576
586
599
631
1268
563
551
551
563
595
660
734
1343
568
571
574
623
612
640
669
895
811
776
730
691
695
707
721
688
657
628
620
577
555
555
559
591
616
627
631
647
680
665
649
633
597
583
579
589
594
582
584
579
578
563
553
546
532
523
536
565
646
751
770
732
695
622
569
532
517
512
516
527
563
609
620
620
611
592
563
566
563
540
529
529
526
531
520
517
502
501
499
502
499
508
518
527
529
541
521
528
539
540
553
559
560
568
574
574
582
573
552
551
563
560
545
532
521
514
504
497
495
523
545
552
571
591
599
588
575
563
546
537
536
534
532
538
534
540
533
540
545
549
547
543
539
541
542
535
531
528
529
546
554
571
571
563
567
604
608
623
590
561
538
528
528
531
543
550
543
531
558
585
624
614
601
587
582
571
565
564
554
543
535
538
550
574
587
614
595
570
551
537
537
552
569
574
570
564
547
540
541
544
550
564
575
577
563
563
557
549
549
542
1083
531
542
544
547
563
559
1132
544
623
633
671
646
610
1147
535
527
516
516
1030
496
512
508
576
644
652
640
604
1150
277
731
474
470
459
463
466
478
480
482
477
481
485
481
479
475
469
472
467
472
467
467
459
455
455
453
448
450
451
456
461
473
474
481
478
479
478
478
467
468
460
461
459
465
467
472
478
486
489
485
489
489
483
475
471
474
481
500
508
524
533
534
524
523
503
490
489
495
503
515
514
527
541
544
535
509
502
490
488
497
515
533
547
560
564
543
517
503
498
503
510
515
511
516
516
519
510
510
491
490
477
476
478
488
499
513
524
541
528
514
499
501
503
508
515
518
531
1051
515
526
508
500
486
482
481
488
488
499
499
507
503
516
1033
490
479
470
464
464
473
1031
542
718
729
748
737
630
558
520
525
549
586
615
616
608
585
578
551
537
527
525
512
507
502
503
499
485
479
474
473
478
490
501
510
512
521
527
536
538
532
528
522
517
502
499
493
958
472
475
482
497
504
517
534
537
545
537
515
510
506
505
580
432
514
511
509
503
499
497
499
490
482
475
464
462
455
456
450
455
466
494
523
567
602
621
630
601
574
568
553
553
543
534
524
504
494
971
473
483
500
525
538
567
580
593
592
596
594
601
624
618
608
594
571
551
535
520
500
502
512
528
548
564
534
514
507
510
522
541
551
556
556
540
542
533
540
538
533
530
525
526
521
520
514
501
492
495
499
512
529
554
573
594
579
561
545
528
525
539
510
507
493
496
509
534
548
569
568
542
530
519
534
563
590
586
540
531
529
522
513
498
487
479
479
484
506
492
511
521
553
558
572
584
585
581
565
526
501
491
489
491
502
509
523
549
560
568
555
545
533
523
523
510
506
512
525
559
1166
542
553
538
537
533
542
539
522
512
513
521
530
548
559
561
566
565
554
540
539
533
544
546
546
529
513
521
533
517
517
531
536
551
565
580
583
560
555
544
538
540
543
549
573
622
665
695
664
635
652
583
558
560
566
563
592
585
599
597
606
617
605
601
577
553
544
546
555
547
548
540
517
514
501
509
526
559
586
583
593
588
593
578
577
558
543
534
517
505
518
529
553
580
596
606
617
585
563
529
517
516
523
545
560
577
599
604
604
603
583
553
560
559
559
550
550
540
541
548
547
562
584
599
619
649
650
632
613
583
563
548
551
581
639
647
606
564
567
570
599
637
636
622
618
620
610
592
567
556
544
545
566
591
621
626
597
576
561
537
532
530
530
531
536
549
560
572
565
547
543
550
546
553
557
544
524
515
508
500
508
501
505
497
501
516
528
515
519
510
512
531
540
569
578
595
589
568
559
558
564
546
537
523
530
526
514
507
499
493
494
494
497
504
516
534
544
558
560
552
543
551
546
549
548
545
534
537
550
549
568
596
633
630
1286
580
586
574
584
550
572
603
735
758
753
705
680
646
638
1293
565
550
533
545
589
818
802
813
762
764
764
759
743
735
722
692
688
665
651
649
626
630
594
598
604
618
610
590
588
557
550
543
526
521
522
529
548
563
595
607
599
603
609
613
610
610
600
599
588
577
570
580
601
608
622
608
592
606
610
659
624
629
621
666
646
614
583
594
601
654
688
704
671
633
630
635
621
635
626
615
627
669
705
700
655
641
634
635
624
616
600
577
583
587
621
659
711
676
640
617
595
584
570
563
570
603
594
586
605
643
686
648
602
580
593
596
604
607
591
604
628
651
631
608
598
587
548
534
522
526
534
566
593
608
619
665
701
732
734
671
631
645
655
676
660
634
618
602
592
588
592
586
572
559
546
549
567
602
641
641
618
624
628
661
667
637
602
597
581
563
546
541
551
562
585
594
582
570
583
594
614
640
658
645
631
654
600
573
567
588
601
636
648
634
630
647
646
651
667
667
645
616
602
627
649
656
640
606
621
607
650
663
654
610
590
585
590
603
622
612
602
601
641
714
773
729
657
613
586
577
579
614
645
635
606
581
572
577
606
644
645
598
616
631
628
603
614
635
655
667
616
587
574
570
579
581
573
580
563
550
534
544
557
586
647
656
623
604
607
631
638
636
604
582
556
541
534
532
541
556
566
560
552
531
538
543
558
561
579
586
611
657
667
625
595
564
563
571
590
604
613
601
578
576
583
589
589
585
564
547
554
573
628
640
1243
558
564
570
574
587
598
590
607
656
705
749
707
643
608
596
587
613
611
616
599
568
571
575
604
645
611
586
560
558
570
582
612
617
609
597
615
642
641
625
596
604
596
601
593
570
551
547
548
557
557
561
581
576
559
543
546
555
561
580
571
569
538
543
545
542
534
523
524
525
545
563
580
577
593
574
556
536
529
528
547
566
589
589
566
555
555
549
548
546
538
531
527
528
542
573
585
570
559
563
582
588
603
601
595
567
565
563
556
550
535
525
525
515
524
539
564
565
546
542
548
563
580
597
577
560
563
569
584
583
572
562
542
531
531
539
555
565
575
562
547
544
555
573
576
576
568
545
550
558
564
568
569
548
549
546
529
542
535
529
524
530
553
575
592
581
565
559
569
582
598
584
569
560
559
563
573
594
593
579
557
563
571
597
615
592
584
566
563
574
582
583
579
565
536
527
525
539
575
617
628
586
563
557
549
563
592
602
600
580
575
543
529
528
537
547
554
567
565
555
558
574
577
596
582
578
574
592
589
580
572
547
525
518
521
528
543
561
552
562
566
577
613
644
687
646
618
1173
539
528
517
510
514
538
590
644
687
645
678
701
725
729
693
625
568
553
548
560
573
563
548
536
534
533
547
568
577
592
592
573
555
533
525
507
507
500
508
510
513
509
514
510
510
506
506
506
493
489
480
480
482
491
493
504
512
522
524
524
506
500
489
484
492
504
520
515
519
521
528
534
521
513
506
502
497
502
500
503
506
517
515
516
519
514
506
503
498
497
497
501
509
524
539
565
564
541
525
539
570
572
580
580
562
528
523
519
524
516
509
498
513
535
555
550
557
564
568
572
540
531
514
511
515
521
531
554
565
572
557
556
435
672
518
500
499
516
528
562
600
660
627
638
655
729
744
750
733
724
692
674
635
620
592
580
581
588
600
595
594
608
614
603
598
601
625
634
618
612
616
651
671
681
638
584
571
577
587
599
591
585
1172
544
555
562
582
630
706
718
664
677
675
690
655
698
695
642
633
630
611
591
586
583
595
600
588
1153
542
574
586
641
678
677
661
729
771
773
776
741
672
632
613
601
608
619
612
579
550
537
532
524
529
551
571
569
570
569
586
599
623
617
612
594
569
571
564
572
573
592
629
648
591
569
578
602
626
642
630
602
599
613
588
581
543
532
532
547
568
598
605
604
616
609
607
605
601
598
586
580
576
570
565
569
566
556
555
572
611
636
702
663
619
604
614
620
616
602
585
578
582
582
589
576
557
557
565
594
639
637
604
566
544
534
531
553
596
650
647
627
595
594
585
599
596
589
572
543
537
547
533
522
516
516
522
543
574
601
644
659
644
627
626
631
635
1255
584
580
560
565
577
639
694
705
664
642
682
712
750
719
657
620
620
629
623
609
591
560
544
551
560
578
586
584
563
574
577
580
559
554
558
572
590
590
586
567
559
552
543
543
554
563
592
582
574
584
593
606
604
608
601
603
584
561
581
583
599
586
571
554
554
573
586
1188
557
567
570
576
575
586
589
620
631
641
606
598
578
561
556
565
1144
549
560
554
558
545
543
529
528
542
560
570
581
584
573
553
525
513
518
563
603
1287
593
612
606
599
599
590
593
582
576
576
579
571
548
530
519
519
527
544
562
565
574
566
557
557
539
527
521
521
534
543
566
564
559
540
555
559
564
566
561
561
563
559
563
569
563
550
545
542
547
569
587
584
579
568
555
540
534
526
519
517
526
536
550
585
598
609
612
596
584
575
552
540
527
522
516
519
528
543
569
570
578
583
576
553
545
545
549
548
551
549