945
944
985
996
975
969
899
880
835
794
771
711
695
695
678
692
710
746
783
827
863
882
872
844
813
791
781
770
784
810
882
955
954
996
1006
1002
960
940
945
949
943
886
883
891
909
942
936
913
937
906
905
875
841
865
898
905
949
953
983
965
977
944
951
948
955
977
973
983
956
955
911
931
938
941
946
932
938
938
922
937
963
947
924
896
837
792
767
742
780
944
1042
997
990
961
954
931
893
840
802
759
722
711
718
727
745
833
860
863
856
817
817
807
813
827
792
760
734
755
819
874
912
919
905
841
854
870
861
857
861
904
897
890
895
896
867
845
798
772
751
759
784
777
797
808
783
804
861
894
940
939
917
889
864
817
775
793
869
973
1040
1043
1016
991
989
947
954
929
930
893
822
795
729
753
781
821
877
871
880
879
846
807
773
756
743
769
785
800
792
781
754
754
764
772
769
809
869
895
890
873
842
827
789
756
740
751
754
777
802
812
821
787
775
733
686
675
651
649
645
642
646
647
650
659
658
662
660
661
677
688
719
738
745
752
759
743
729
703
694
708
742
776
826
841
835
820
784
780
762
766
777
777
762
743
731
704
684
705
677
660
728
743
780
862
876
879
574
281
259
751
671
499
2713
1283
477
7687
367
372
1603
421
880
690
1390
256
5825
966
275
5473
799
773
712
713
689
688
706
710
733
761
766
782
773
762
751
732
729
734
745
766
766
767
829
786
807
782
793
790
777
772
760
744
1371
650
643
649
689
810
925
1023
1053
1038
1013
978
943
923
915
901
902
926
953
1008
1017
986
991
975
973
969
939
930
895
918
904
878
870
908
905
874
886
883
866
805
770
762
758
857
993
1032
1089
1068
1033
1048
1050
1014
1029
988
1011
971
981
978
959
869
853
854
870
787
769
719
731
853
891
842
861
884
886
891
858
856
861
898
937
991
957
960
984
937
915
955
1017
1058
1067
1045
978
989
987
1021
978
982
1011
1021
1032
976
967
903
905
919
944
992
1003
1001
891
878
884
885
965
1007
1036
1052
1026
1004
1021
1013
966
1000
1045
1072
1112
1121
1110
1083
1060
941
943
971
1023
1011
1065
1093
1076
990
976
898
882
910
906
944
979
896
931
950
989
994
926
915
914
942
993
1041
1054
1025
973
977
1002
1050
1060
1034
1005
1015
1061
1093
1114
1105
961
871
914
944
1008
1054
922
936
978
1028
1054
1064
979
962
949
951
974
1007
1021
1022
1012
952
971
992
1022
1035
975
961
972
1017
1050
1067
1038
1013
972
878
883
883
935
981
930
960
973
981
986
970
945
927
850
859
886
937
904
922
908
921
890
892
869
896
919
930
938
911
907
834
839
839
858
869
878
896
934
991
916
934
920
907
921
939
901
974
982
964
974
960
973
932
893
925
939
985
965
888
822
821
827
882
941
960
905
905
900
916
923
947
959
928
949
978
987
975
938
884
904
912
904
898
934
983
1016
1016
986
1004
963
1006
1003
1032
1046
1017
1046
1021
997
1007
1008
987
967
1015
1024
997
1021
1011
1047
1015
1050
999
1022
1049
1038
1022
1015
964
975
963
973
942
927
912
869
897
929
978
1055
1071
1084
1024
1030
1020
980
967
969
959
993
981
1038
1038
1036
1063
1019
994
968
967
962
966
944
955
908
917
941
933
947
992
988
1045
1034
1062
1033
1045
999
990
979
1009
1029
1057
1069
1082
1063
1040
1027
1016
1023
970
990
1026
1025
1013
1007
976
943
937
931
934
934
949
964
977
950
982
1018
1041
987
987
964
951
986
1021
1063
1095
1103
1103
1007
942
855
845
857
928
1009
1007
987
1012
1011
996
1026
1047
1073
1070
1115
1100
1104
1041
954
931
881
850
827
800
852
1087
1026
1123
1103
1069
1089
1000
944
949
960
1016
1020
944
967
972
945
906
911
930
945
974
933
945
944
967
977
997
1012
990
1024
1024
1036
1022
911
918
948
991
1008
963
985
970
855
901
922
1024
1110
1091
1066
1001
1001
987
995
1022
947
991
1032
1063
1070
1061
1038
999
975
921
950
997
1021
1049
994
1024
1032
1053
1059
1061
1033
1007
959
947
938
956
1011
1061
1069
1045
1051
999
931
915
867
892
959
1000
953
998
1045
1068
1077
1017
1021
1024
1020
998
998
982
965
943
980
1031
1075
1098
1074
1034
967
977
988
1004
899
890
903
955
1023
1038
1037
1031
1004
964
901
882
883
930
877
975
1082
1098
1032
979
972
877
884
869
862
890
964
921
950
979
972
984
960
941
901
876
867
824
813
808
838
859
907
941
987
1016
1004
1009
948
972
991
1004
1024
1012
999
991
921
932
947
995
990
1042
1052
1035
1009
1028
1004
1039
1012
1069
1099
1076
1004
1003
994
916
826
820
813
893
998
1020
989
966
970
955
960
966
983
989
981
931
897
888
951
976
980
913
950
945
912
866
827
772
722
711
722
773
821
859
847
813
825
867
853
908
982
1058
1082
1081
1070
1027
1056
1068
1071
1098
1087
1079
978
989
916
943
974
1012
1024
994
986
961
904
926
933
960
979
1018
982
982
979
954
935
893
933
942
941
1055
1106
1126
1080
1091
1070
1053
1046
1042
1062
1070
1062
1122
1091
1056
1063
1034
1083
1066
1094
1076
1077
1051
1070
1051
1058
1063
1107
1117
1123
1121
1049
1031
1048
1078
1104
1091
1086
1112
1098
1109
1070
1082
1117
1087
1135
1134
1089
1051
985
925
928
938
926
957
1047
1104
1052
1066
1069
1092
1103
1100
1129
1110
1129
1082
1100
1027
924
952
986
981
1031
1012
1013
1027
946
945
956
1013
1055
1051
1065
1061
964
930
893
875
933
967
1013
1030
1029
1037
1027
955
969
981
1001
1026
1052
1039
1050
1067
1095
1070
1066
1071
1115
1150
1144
1133
1156
1164
1157
1124
1068
1066
1095
1051
980
934
907
915
916
1058
1199
1173
1149
1077
1085
1071
1048
1015
1005
1032
1088
1096
1105
1085
978
901
897
912
965
1083
1108
1134
1113
1093
1071
973
982
1006
1035
1098
1125
1069
1070
1118
1170
1158
1131
1101
1077
1105
1001
1037
1045
1146
1222
1084
1065
1092
1104
1106
1090
1097
1069
1110
1158
1190
1202
1132
1112
1122
1112
1094
1093
1104
1174
1219
1274
1197
1109
1122
1120
1103
1071
983
998
1012
1049
939
1020
976
997
951
963
918
904
922
910
883
931
966
967
967
914
972
967
1006
931
848
829
767
767
803
831
825
862
899
953
912
893
879
843
838
797
847
942
1015
1001
936
973
985
988
957
894
845
857
859
895
912
927
926
910
872
861
900
976
1093
1068
1077
1072
1068
1047
1008
1004
985
1004
981
1010
1063
1021
1078
1058
1092
1123
1108
1063
1055
1051
1091
1141
1166
1119
1105
1029
1012
953
907
863
895
923
1047
1072
1135
1101
1099
1083
1083
1058
1067
1073
1136
1126
1146
1165
1192
1153
1107
1088
1085
1091
1148
1148
1130
1126
1095
1085
1037
1079
1067
1106
1104
1089
1075
1073
1052
1059
1107
1130
1127
1070
1083
1025
1037
1051
1002
1048
1028
1072
1051
1099
1077
1083
1040
1070
1042
1010
1021
1001
1064
1051
1090
1113
1091
1058
1025
1015
996
1041
1049
1108
1153
1142
1160
1131
1109
1107
1085
1116
1111
1134
1127
1137
1107
1142
1123
1118
1131
1128
1137
1161
1145
1188
1112
1130
1110
1100
1094
1104
1140
1130
1134
1089
1094
1057
1121
1065
1094
1065
1108
1113
1114
1069
1096
1054
1076
1034
1089
1124
1141
1157
1107
1130
1065
1102
1090
1106
1082
1101
1085
1143
1120
1119
1068
1097
1055
1088
1063
1113
1112
1142
1112
1137
1122
1143
1115
1157
1120
1133
1084
1099
1046
1065
1084
1070
1127
1118
1135
1065
1054
1007
1022
1028
1016
1065
1070
1089
1063
1088
1047
1061
1059
1036
1052
1029
1053
1034
1068
1058
1078
1083
1044
1060
1095
1091
1120
1122
1063
1011
1011
952
1021
1045
1074
1111
1073
1137
1122
1114
1104
1113
1059
1023
978
995
1031
974
1028
1054
1066
972
986
998
1008
1017
1002
930
928
892
921
945
999
917
857
899
938
995
1023
991
931
930
939
951
959
950
938
938
931
894
892
943
1005
993
1056
1059
965
963
944
897
910
972
1020
998
1027
1046
979
973
919
863
920
980
1100
1097
1053
988
978
964
965
982
961
993
1026
1035
1060
1017
920
925
928
996
1072
983
976
911
909
936
992
1025
1078
1087
1057
963
943
912
905
909
947
896
935
968
992
1021
974
996
1022
1043
1048
1039
1045
1016
985
987
993
1019
1028
965
988
975
939
933
906
879
855
884
944
971
967
943
883
893
899
927
921
964
995
920
873
902
899
898
914
905
906
903
875
897
917
944
922
973
1000
978
998
1009
1019
1021
1006
958
891
834
765
739
855
1165
1213
1053
1087
1050
981
1000
960
944
915
874
905
946
1002
1019
1058
1005
1057
998
1037
999
1019
1045
1022
1067
1081
1079
1077
1112
1106
1110
1107
1130
1101
1074
1046
1041
1069
1033
1097
1051
1081
1054
1069
1111
1079
1122
1133
1099
1140
1121
1052
1052
1009
994
983
922
954
1023
1024
1064
1062
1040
1016
972
979
943
991
997
1037
1010
1058
1060
1042
1010
1033
1030
1039
1083
1067
1101
1092
1126
1065
1086
1052
1095
1090
1131
1098
1125
1095
1104
1146
1161
1140
1162
1171
1141
1156
1118
1122
1072
1140
1112
1205
1154
1100
1068
1063
1006
1055
1035
1002
1012
959
968
934
935
954
921
966
965
1023
1064
1074
1082
1060
1051
1019
1045
1022
1078
1057
1050
1069
1070
1146
1099
1093
1022
1026
980
1002
961
986
948
978
955
991
975
991
939
961
931
944
968
957
1036
1030
1055
1042
1065
1008
1027
992
985
967
936
996
1008
1076
1082
1100
1060
1061
1017
1024
955
914
919
894
901
852
889
915
940
911
931
942
913
928
943
940
991
1001
1020
1056
1056
1086
1049
1059
981
1027
1054
1077
1116
1073
1025
1011
942
954
939
1002
1004
1053
1086
1108
1140
1103
1070
1095
1078
1171
1159
1185
1163
1168
1165
1189
1179
1243
1188
1206
1166
1165
1166
1149
1053
1088
1080
1160
1147
1185
1140
1171
1114
1137
1104
1146
1109
1033
1017
987
932
925
896
879
934
953
1053
1117
1096
1121
1067
1080
1048
1085
1036
1064
1037
1101
1041
1050
1022
1054
1098
1095
1124
1138
1100
1105
1069
1070
1024
1048
998
1015
970
929
951
1012
1027
1053
1045
1069
1028
1070
1068
1125
1089
1134
1123
1153
1116
1094
1058
1053
1024
1008
1002
980
939
944
895
912
922
915
962
940
982
958
1001
979
1038
1081
1059
1024
1016
1027
1033
1016
1027
1056
1063
1125
1100
1118
1090
1104
1052
1093
1063
1117
1124
1126
1139
1143
1159
1135
1150
1112
1138
1115
1157
1135
1168
1140
1188
1138
1181
1146
1179
1126
1124
1117
1153
1140
1195
1182
1172
1132
1110
1107
1081
1115
1131
1183
1161
1188
1157
1121
1079
1066
1046
1071
1068
1090
1101
1063
1026
1035
975
1011
995
1046
1066
1049
1076
1051
1052
1022
997
991
936
916
944
996
980
1046
1045
1064
1046
1022
1022
1028
995
1022
1007
1034
1005
1029
1008
1036
1023
1049
1051
1035
1020
1017
1023
1000
1064
1050
977
941
930
851
823
781
795
822
861
834
812
769
742
728
711
739
774
858
1004
1102
1033
1088
1104
1097
977
956
956
1029
1105
1115
1041
1059
1074
1027
937
968
945
943
1011
1059
1026
1021
1025
1039
966
977
1032
1127
1186
1070
1079
1076
1085
1102
1069
1028
1041
950
977
979
946
1017
1122
1085
1015
1022
981
910
892
816
764
771
814
1048
964
1045
1072
997
908
876
853
833
866
915
946
986
925
970
971
957
918
961
960
995
1018
1020
967
945
915
960
979
1044
1064
1104
1104
1117
1098
1079
1108
1097
1092
1081
1111
1110
1092
1128
1092
1104
1057
1048
1008
1031
996
1064
1091
1089
1075
1037
1013
979
918
933
907
969
1019
989
1052
1048
984
980
944
917
900
940
972
1037
1042
1064
1017
979
933
923
913
921
932
1014
1023
1078
1049
1004
1036
1064
1104
1125
1101
1037
1058
1081
1085
1089
1092
1051
1043
1094
1093
1080
1108
1138
1122
1117
1085
1033
1047
1009
1017
955
997
1098
1194
1125
1117
1108
1067
1036
1068
1030
1061
1063
1052
1051
1014
1041
1017
1039
1038
1126
1140
1117
1178
1128
1116
1096
1103
1123
1097
1051
1080
1054
1053
1037
1099
1130
1161
1170
1168
1143
1110
1056
1061
1088
1088
1121
1096
1121
1140
1097
1107
1079
1102
1111
1119
1110
1042
1017
1028
1038
1052
1009
1029
1048
1105
1116
1069
1007
939
917
924
919
982
938
905
896
865
882
935
982
1064
1050
1092
1052
1083
1054
1022
1039
1026
1047
1119
1117
1064
1014
1049
1008
1024
999
1019
969
1032
996
1068
1037
1061
1011
1021
990
1021
1011
1040
1063
1030
1003
989
995
978
1025
1046
1081
1049
1050
1016
952
961
951
1046
1054
1143
1118
1110
1071
1021
958
900
911
896
977
1005
1012
947
980
927
984
998
903
924
920
888
856
854
800
807
782
767
762
749
749
739
733
740
728
730
731
732
773
839
825
861
915
948
949
950
931
914
909
916
934
954
983
939
976
1043
968
1006
1046
1069
1085
1082
1069
1047
1030
1021
1031
1013
1053
1104
1106
1092
1095
1053
1119
1152
1101
1047
1078
987
967
860
905
951
970
990
1037
1083
1084
1076
1047
1034
1026
1019
948
979
979
1013
1057
1120
1138
1057
1015
1045
1032
965
999
1026
1053
1029
1034
956
985
1003
962
1027
1056
1026
1031
965
999
1022
1075
1024
1079
1110
1098
1097
1094
1075
1015
1031
1088
1162
1094
1112
1145
1132
1116
1003
969
934
926
942
1045
1114
1074
1035
1062
1063
1045
1028
1010
995
977
916
939
957
981
995
939
957
1007
1051
1052
1027
938
954
959
968
980
996
1052
1056
1089
1080
982
975
922
877
833
825
776
815
912
953
1002
1042
1043
1016
949
973
959
1010
1045
1110
1121
1042
1083
1054
1051
1026
1075
1120
1129
1118
1099
1087
944
967
1015
1127
1104
1152
1129
1073
1035
1076
1135
1159
1010
1050
1111
1140
1155
1116
1132
1141
1106
1088
1071
1110
1128
1097
1152
1160
1150
1089
1109
1139
1141
1044
1074
1091
1096
1098
1095
999
1029
1035
1089
998
979
987
981
967
949
913
851
816
783
789
847
869
925
897
937
972
1000
1009
1024
954
947
958
928
888
860
822
804
741
759
733
758
856
938
936
951
953
910
872
828
805
766
751
803
876
994
1059
1070
1051
1021
945
944
926
912
908
897
922
915
923
975
1047
1018
1012
1035
1046
1059
1080
1085
1020
1033
1073
1101
1113
1052
1087
1092
1086
1036
1043
1117
1137
1151
1152
1158
1182
1175
1163
1157
1152
1213
1195
1188
1160
1168
1136
1138
1216
1203
1201
1217
1177
1129
1069
1085
1062
1067
1109
1114
1140
1087
1052
1094
1059
1069
1099
1064
1059
1017
1039
1014
1090
1134
1108
1028
1048
980
1000
996
987
1017
993
1045
1029
1084
1086
1122
1091
1113
1075
1091
1066
1071
1028
997
1058
1007
1055
1104
1115
1126
1090
1034
1034
1036
1036
1028
1014
1040
1116
1128
1162
1169
1119
1119
1089
1058
1082
1075
1089
1097
1188
1174
1193
1147
1148
1076
1079
1075
1063
1073
1098
1063
1051
1069
1062
1059
1072
1022
984
983
944
1022
1097
1082
1143
1111
1131
1067
1090
1064
1078
1044
1058
1063
1077
1098
1070
1087
1044
1057
1038
1039
1038
966
996
1013
1032
1023
1021
1010
1039
991
988
960
967
977
977
972
972
920
945
932
958
1031
1038
1083
1099
1084
1105
1061
1061
1042
993
1025
991
1056
1104
1067
1047
980
1011
1017
1030
1061
1050
1083
1046
1056
1021
1030
1005
1005
1026
1063
1066
1133
1138
1132
1118
1058
1064
1040
1026
1013
1049
1049
1068
986
994
983
1040
1054
1054
1067
1069
1071
1065
1003
1026
1007
947
941
949
972
1012
1039
1063
968
966
978
950
997
1007
1024
1045
1063
1060
1091
1095
1082
1031
1031
1008
907
925
938
1045
1156
1150
1132
1135
1124
1078
1090
1070
1100
1116
1102
1119
1121
1144
1148
1147
1138
1101
1065
1026
1050
1045
1104
1106
1141
1165
1149
1166
1141
1133
1152
1138
1163
1151
1176
1160
1164
1166
1136
1161
1164
1156
1123
1169
1147
1196
1130
1104
1089
1084
1131
1159
1187
1191
1133
1123
1104
1070
1083
1104
1034
1106
1123
1089
1104
1102
1044
1085
1026
1026
1001
989
998
1041
1048
1069
1041
1021
1034
990
1026
1001
1039
1000
1042
1021
1061
1060
1053
1077
1054
1076
1029
1071
1050
1084
1116
1070
1101
1081
1031
1050
1042
1080
1063
1110
1037
1026
1038
1037
1025
1060
1074
1106
1095
1121
1093
1119
1111
1124
1106
1126
1128
1125
1127
1129
1139
1145
1130
1171
1165
1178
1173
1176
1175
1180
1152
1183
1148
1113
1127
1081
1057
1117
1098
1124
1067
1056
1045
1032
1003
1044
1020
1053
1061
1103
1119
1121
1104
1118
1110
1107
1025
1074
1085
998
988
1046
1077
1120
1125
1138
1116
1107
1091
1095
1092
1128
1107
1124
1123
1024
936
965
978
1037
1064
1063
1041
1006
942
961
948
911
874
911
943
1003
1034
1060
1008
1054
1021
1061
1044
1086
1066
1077
1086
1072
1066
1069
1119
1087
1105
1114
1033
995
995
1028
1041
1041
1018
953
959
952
946
938
927
908
926
946
975
981
985
980
986
972
941
946
941
956
968
944
965
992
962
986
981
959
968
960
940
921
897
894
933
947
988
1028
1055
1064
1105
1093
1076
1059
1025
1058
1077
1097
1068
1102
1072
1106
1100
1063
1103
1078
1118
1150
1077
1107
1136
1104
1077
1030
974
945
941
895
943
1029
1087
968
1000
1029
1055
1069
1078
1074
949
966
936
971
972
914
965
982
1049
1081
1103
1066
1048
981
964
926
953
981
959
964
944
931
940
930
920
950
957
989
1016
1015
1051
1044
1033
1049
1021
1037
1014
1045
1060
1028
1064
1042
1100
1079
1108
1114
1105
1128
1122
1129
1136
1121
1123
1095
1116
1095
1130
1119
1119
1086
1126
1097
1099
1077
1056
1021
1023
976
979
980
1003
1034
1029
1068
1076
1071
1086
1040
1056
1020
993
1027
1024
1041
1051
1020
988
977
961
1005
1014
1064
1054
1089
1049
1060
1048
1087
1048
1088
1045
1074
1083
1079
1067
1045
1028
999
1037
1042
1064
1094
1085
1027
959
939
915
898
863
869
873
975
985
1021
1021
1021
982
990
979
998
984
1018
1009
1030
1051
1048
1140
1094
1117
1088
1088
1058
1069
1051
1081
1064
1046
1063
1043
1086
1071
1091
1107
1070
1117
1110
1089
1129
1110
1114
1098
1073
1088
1051
1005
992
957
959
921
940
931
908
947
976
981
1048
1074
1072
1084
1105
1105
1128
1116
1117
1133
1116
1143
1127
1158
1161
1191
1184
1141
1128
1104
1108
1126
1142
1147
1169
1145
1132
1137
1134
1142
1143
1127
1103
1076
981
1002
1019
1043
1076
983
985
1017
1072
1100
1101
1047
1039
1059
1074
1091
1057
1013
1034
980
1006
1029
1056
988
957
953
964
970
930
925
927
935
920
868
811
798
820
877
960
993
1001
992
936
926
917
903
910
860
890
932
989
1024
1023
1030
1009
973
935
957
996
1013
1023
944
973
960
967
998
986
998
972
1014
993
1020
1048
1029
1044
1029
1045
992
1031
1026
1020
1059
1041
1029
1052
1043
963
1009
960
1009
987
1070
1092
1099
1123
1106
1079
1073
959
966
947
1000
1027
1048
1030
1031
1041
1011
1012
1043
996
1027
1013
999
1016
1003
1017
963
1009
1017
1026
1054
1066
1054
1063
1059
1023
1036
1006
1034
1053
1081
1047
1060
1021
1041
1024
1016
1056
1013
1028
1009
1022
992
1033
1003
1057
1011
1041
1006
1045
1011
1045
1015
1041
1048
1045
1043
1049
1039
1038
1000
1012
1019
1030
1012
1000
1022
1020
971
986
975
975
968
948
948
944
975
981
940
919
932
933
910
891
912
905
941
935
895
917
882
886
888
856
865
890
882
934
928
955
970
937
953
947
976
1028
1028
1004
1023
997
1022
1009
1007
1013
990
1019
983
1008
962
974
975
966
919
957
967
965
962
875
903
898
924
950
943
934
876
866
853
871
901
863
873
920
956
905
941
955
971
963
948
929
922
926
920
965
1034
1088
1125
1078
1058
1043
1038
1044
1033
1017
998
975
987
1019
989
1023
1060
1051
941
943
940
960
1011
1039
1049
1028
990
970
976
1025
1010
1083
1132
1143
1141
1115
1072
1023
974
951
892
886
980
1096
1036
1035
968
854
880
896
964
1034
990
1016
1041
1041
987
994
1006
1003
932
962
980
1033
1077
1096
1085
1062
1014
1016
945
954
1032
1090
995
1041
1077
1075
1061
1018
943
922
927
957
918
938
998
1072
1126
1091
1083
1067
1038
1007
911
911
888
882
852
915
909
996
997
957
906
939
896
919
908
949
950
965
962
962
938
979
979
1013
1021
986
922
872
891
877
885
855
834
826
815
797
775
751
739
734
714
699
682
675
665
656
659
661
660
676
673
681
686
692
754
867
872
925
916
938
899