797
783
748
748
780
751
694
630
636
649
620
662
607
636
593
571
592
629
637
659
693
698
695
617
603
614
610
634
620
619
621
586
587
591
601
607
638
649
631
652
665
713
725
771
763
679
644
578
591
619
664
720
669
753
744
743
749
675
659
649
629
661
684
676
604
564
540
546
604
760
1000
1002
901
834
781
812
810
831
828
725
714
713
738
777
834
767
870
899
891
844
861
854
808
835
938
919
837
835
729
665
708
747
916
907
928
898
846
786
849
819
828
796
858
896
869
801
844
835
847
807
875
922
854
827
798
771
760
779
823
815
827
760
710
771
798
846
863
799
801
786
778
787
856
902
858
823
866
832
766
803
790
823
770
836
812
752
738
688
627
648
667
681
752
789
773
675
709
657
635
620
621
615
642
668
706
727
775
776
703
639
659
626
608
623
631
669
740
834
862
817
753
737
728
705
686
657
646
646
666
688
734
690
782
733
667
680
696
694
755
778
794
797
847
819
808
858
796
700
632
649
695
843
889
903
824
799
750
710
700
704
653
617
640
652
697
755
746
756
772
780
771
715
751
754
738
712
696
640
665
673
741
745
710
740
749
766
741
727
678
645
629
623
639
685
704
656
693
648
664
741
791
778
716
756
749
797
763
772
813
842
791
840
808
711
692
765
910
908
910
878
839
736
729
752
826
864
836
890
836
719
699
703
710
700
716
723
708
739
758
736
748
736
755
709
740
755
794
773
732
730
764
796
806
762
821
832
807
802
787
784
766
850
898
863
785
803
809
758
827
864
826
729
765
792
839
863
828
766
771
765
730
644
656
665
793
839
836
800
795
732
712
709
716
700
641
649
773
964
919
918
872
774
733
730
731
730
677
772
755
766
719
749
721
709
767
818
810
764
767
727
703
666
635
662
701
869
880
767
764
691
644
671
688
690
751
733
808
844
771
739
708
679
629
646
655
646
646
688
730
697
676
628
624
605
592
585
565
545
529
545
528
545
572
672
766
783
753
729
699
657
628
631
635
702
793
840
848
801
744
756
751
731
740
813
854
819
795
794
744
702
722
733
736
720
793
822
810
756
763
692
626
621
631
622
669
742
700
704
661
636
638
627
635
624
622
593
600
594
596
602
617
642
639
678
711
727
715
738
690
631
607
617
633
702
719
673
643
675
693
686
719
730
758
766
751
801
835
792
829
853
825
830
854
814
763
822
857
818
810
860
899
816
834
838
812
758
816
870
877
833
846
820
728
797
780
821
875
928
868
888
874
871
814
865
874
836
923
932
873
905
896
822
801
798
788
708
748
701
655
609
632
654
693
761
719
777
753
711
663
687
684
712
674
739
750
750
663
686
641
597
608
611
607
602
639
752
742
761
777
734
702
716
716
736
737
803
850
877
829
831
818
768
797
848
876
834
942
965
864
857
851
813
731
688
730
777
805
706
761
729
805
821
806
781
713
757
738
781
769
827
856
846
819
855
827
808
804
816
816
783
854
855
835
841
855
814
771
804
803
777
752
785
763
744
706
771
776
781
760
752
813
838
811
871
872
851
849
898
841
831
878
891
822
718
715
725
824
897
911
886
864
752
658
622
653
697
786
858
832
884
889
914
865
889
979
946
918
906
854
803
830
907
861
753
690
702
737
841
865
798
771
763
757
710
703
737
774
825
818
849
895
884
855
865
860
798
769
784
771
780
967
965
840
808
783
737
789
811
818
759
862
797
734
684
640
650
712
736
765
837
876
874
858
906
908
865
743
701
697
693
720
765
731
737
735
724
690
755
793
838
778
779
783
792
730
757
780
785
730
804
788
783
732
790
775
788
706
761
816
910
911
882
868
787
729
761
748
745
760
758
816
840
782
793
774
703
691
706
722
703
672
680
653
670
650
646
665
672
673
646
668
659
660
670
650
613
588
557
554
549
562
544
547
539
531
527
535
571
642
710
735
783
755
713
686
686
701
702
743
782
808
779
816
813
685
709
682
713
662
679
730
759
725
688
679
665
630
637
625
642
655
658
695
748
791
779
793
773
712
693
698
730
724
713
682
721
714
718
684
715
726
733
645
629
616
599
592
629
651
670
690
700
660
721
713
775
802
836
890
869
849
807
832
872
765
748
798
862
872
854
882
865
803
789
801
787
759
820
819
812
797
813
852
829
899
913
901
867
915
879
837
870
861
844
764
771
722
678
653
652
684
868
894
811
815
805
771
682
698
686
729
637
637
608
644
652
655
667
660
661
647
646
631
637
646
646
629
612
595
591
571
557
543
555
563
581
617
615
608
601
613
636
651
656
625
643
668
720
747
711
818
774
713
648
677
700
703
683
657
672
829
916
860
727
729
765
789
789
807
913
993
1002
998
966
845
874
883
879
874
1012
1100
921
874
863
836
894
931
884
774
708
728
771
740
782
735
691
680
615
593
582
583
611
664
716
685
634
627
623
598
570
551
546
540
537
526
528
537
575
643
598
639
661
721
718
708
669
667
668
677
690
690
773
814
787
891
887
866
800
851
847
804
885
850
826
886
918
868
824
775
713
782
755
858
911
983
835
891
909
916
863
987
1188
1082
921
934
903
894
856
953
986
899
887
934
893
800
827
824
807
764
876
829
804
810
832
847
798
881
857
831
900
874
820
766
788
825
761
843
911
928
970
1087
1072
930
930
919
893
794
869
850
848
965
1059
1009
949
874
793
829
862
862
759
852
811
845
775
881
857
809
849
851
887
931
966
1059
928
938
955
934
824
890
850
792
823
891
860
823
832
759
672
669
764
829
832
806
863
869
825
784
854
864
859
800
855
877
883
818
863
874
844
971
1064
965
892
924
928
889
840
981
1023
1000
1020
1010
925
902
931
977
835
849
845
821
879
1192
1051
1046
1051
912
802
839
822
752
812
773
742
722
746
802
845
767
794
805
817
769
780
783
751
697
768
821
808
851
851
791
749
795
809
833
788
869
887
807
737
680
695
703
753
805
774
839
842
796
731
790
808
869
855
896
924
920
881
926
914
852
876
921
854
814
939
998
873
906
900
813
827
916
960
891
996
990
884
904
910
953
883
988
917
792
710
764
1050
1054
972
972
896
807
778
707
683
656
617
612
598
584
590
615
686
753
808
820
757
828
801
781
693
733
738
809
760
829
814
779
725
809
801
773
710
734
774
822
752
800
731
680
653
675
688
715
679
735
732
701
666
704
714
709
628
616
590
585
592
602
581
569
560
558
560
559
555
533
522
528
525
526
516
512
509
506
503
507
507
517
532
548
565
576
558
539
533
545
591
621
687
774
769
759
678
677
690
779
823
808
803
763
734
772
776
766
731
699
747
751
796
751
745
745
743
702
650
683
669
700
672
651
652
690
770
799
742
710
642
604
606
611
630
627
674
713
749
756
700
671
635
623
604
585
577
577
578
563
548
536
534
530
535
542
553
546
543
558
568
627
641
658
662
641
655
651
646
645
604
643
644
744
750
731
755
743
701
696
731
759
720
659
673
665
728
730
681
614
612
600
623
686
737
795
782
728
644
655
623
648
626
619
655
675
699
696
680
676
646
630
591
570
569
590
640
741
711
668
702
711
726
686
720
748
744
696
720
747
716
683
636
600
579
621
742
887
897
835
807
730
705
660
678
703
746
787
728
797
739
703
657
655
644
667
671
659
740
751
799
729
736
669
644
594
597
601
588
569
592
629
649
709
749
747
677
683
655
656
668
631
614
622
632
645
665
661
662
704
690
666
624
630
601
611
587
590
598
594
610
594
591
604
614
646
634
606
585
581
588
598
594
581
566
567
574
576
569
564
571
568
565
559
551
538
522
517
518
520
514
522
543
573
592
578
594
601
606
608
616
567
563
566
580
581
629
684
740
757
793
753
698
654
670
676
702
698
678
683
675
669
643
619
642
634
648
640
609
612
619
628
609
597
591
575
572
545
532
528
519
512
508
503
501
497
493
490
491
496
511
527
539
563
571
568
553
542
538
566
562
608
655
688
727
806
866
893
863
823
784
733
705
774
849
873
784
661
624
608
626
666
611
623
704
800
730
688
660
665
637
642
598
575
541
541
536
543
564
589
585
572
559
560
539
532
525
521
519
517
514
508
502
502
509
512
517
520
522
520
507
499
501
500
505
502
513
515
518
523
526
521
521
518
518
516
513
516
515
508
510
520
519
531
550
547
510
497
487
496
496
505
521
535
547
547
556
561
560
555
567
580
588
620
651
700
723
709
718
695
710
719
735
781
819
850
893
831
808
771
766
823
1102
1086
1092
1070
1104
990
796
757
886
1241
1166
1062
940
893
813
774
819
922
1146
981
855
694
641
713
869
787
880
885
1079
1011
842
737
756
787
817
893
915
1026
1039
898
851
775
686
706
698
756
753
849
773
775
750
742
747
673
618
610
593
604
624
703
817
819
821
800
723
742
731
761
777
845
899
780
675
683
684
821
880
886
813
823
803
837
780
815
796
778
774
744
692
725
693
695
659
635
658
634
709
756
810
820
731
734
748
749
790
789
793
852
867
854
794
755
770
784
800
737
797
800
798
765
773
825
848
778
793
787
760
708
756
780
784
726
727
728
725
728
721
801
828
767
692
704
692
700
676
727
754
743
718
651
684
682
697
726
735
669
698
681
673
647
625
673
728
806
844
832
721
639
590
561
564
579
678
896
920
958
938
896
873
860
850
842
845
801
775
688
642
669
700
747
771
717
750
741
763
785
781
786
732
705
748
764
805
846
764
752
741
748
728
686
782
821
875
808
701
641
616
668
699
762
743
690
649
678
685
699
740
734
748
807
802
775
725
653
631
624
656
778
891
958
870
888
823
755
672
653
607
604
589
595
615
620
617
689
740
760
767
764
696
689
697
712
714
695
768
756
694
684
681
645
607
606
585
591
601
608
620
571
571
562
568
573
576
573
579
569
558
546
557
567
575
611
654
760
857
849
717
657
679
660
703
759
806
713
748
766
753
700
743
733
706
669
707
712
778
695
631
583
559
555
559
627
707
790
790
755
693
671
653
636
616
610
576
577
612
680
698
777
811
775
725
700
689
672
680
675
729
771
752
746
759
736
688
656
675
673
693
685
648
664
683
685
658
685
694
678
632
647
634
644
618
611
630
644
643
631
625
595
623
648
635
653
687
710
707
676
645
640
632
644
657
650
706
748
779
723
711
680
618
584
578
570
567
572
580
589
563
567
598
590
581
590
613
636
675
722
726
688
693
690
646
643
588
562
535
523
526
555
719
947
957
923
762
670
625
618
640
641
718
774
709
664
629
584
596
582
562
550
566
606
694
730
719
756
781
782
764
720
775
784
762
721
809
812
806
725
718
751
782
804
725
733
765
818
781
740
780
815
815
785
732
764
711
656
592
589
592
621
651
640
722
796
743
771
760
775
715
650
633
599
609
659
809
831
738
705
678
629
596
593
589
626
660
740
758
758
700
646
643
652
723
828
823
716
651
590
575
621
675
779
854
829
755
730
683
689
704
708
710
665
701
701
701
679
660
706
714
712
688
672
661
661
697
688
662
646
603
572
574
585
611
591
622
701
796
754
689
675
646
659
654
612
592
618
668
758
821
719
737
717
698
694
683
742
768
807
781
704
701
680
672
663
654
691
728
739
702
695
690
697
721
709
671
682
660
648
659
643
663
674
706
722
704
659
657
655
637
639
610
589
560
565
579
613
700
779
748
729
636
603
600
603
587
575
596
628
718
784
760
707
668
692
688
708
681
633
624
625
655
725
778
786
714
635
581
591
604
633
690
718
728
727
673
647
669
676
711
744
745
751
712
695
658
635
646
661
653
665
622
609
617
615
628
637
632
598
573
572
579
608
674
772
803
771
731
722
704
675
645
634
641
643
660
691
714
745
761
752
739
764
767
736
722
736
721
721
735
836
831
807
725
753
744
754
763
714
758
778
747
700
673
665
653
639
621
604
574
583
609
649
687
715
725
753
722
667
688
678
687
688
689
728
835
880
859
783
793
792
788
786
726
784
817
823
780
804
825
816
736
732
679
659
641
657
670
686
636
635
610
624
634
608
624
620
620
592
603
590
603
592
579
563
580
594
601
632
655
662
646
578
579
559
564
578
569
563
548
526
519
516
514
521
528
536
546
557
560
576
568
566
558
566
562
572
553
527
509
501
505
494
490
491
494
495
489
486
490
492
498
489
487
486
483
484
485
493
507
523
539
550
549
546
537
534
527
513
505
499
496
501
502
504
504
492
486
489
492
490
492
496
490
507
514
523
536
544
533
541
576
568
581
576
567
528
556
540
525
528
538
574
591
583
553
560
572
566
538
538
596
597
603
600
597
566
558
576
572
579
566
597
625
677
660
640
619
604
588
563
537
541
540
548
549
564
565
569
557
566
563
559
534
527
523
539
573
596
585
617
599
553
531
531
539
554
577
606
633
624
659
641
622
584
604
609
597
601
583
572
570
561
587
592
624
628
587
606
604
634
630
600
595
562
605
594
594
592
565
546
583
602
639
655
630
617
645
647
625
596
571
562
540
535
513
521
525
549
556
565
593
709
738
823
774
713
681
667
625
580
559
562
570
561
566
539
530
535
539
531
537
546
550
567
556
545
537
523
516
522
516
503
499
493
492
492
491
489
489
483
479
479
479
487
498
511
520
526
558
556
572
584
571
530
514
526
525
552
606
729
740
723
659
624
591
552
527
525
528
539
564
589
628
637
643
661
656
632
626
618
604
586
563
564
572
556
549
566
588
577
570
565
567
567
557
546
536
552
580
645
706
740
702
649
591
567
560
565
578
563
533
516
515
516
528
550
565
599
607
604
592
600
605
597
596
575
548
546
539
539
539
552
557
571
596
627
666
663
632
611
573
582
570
591
606
596
614
589
604
583
589
574
562
553
555
577
604
659
662
661
657
626
582
569
561
590
610
625
632
610
549
536
541
557
559
578
588
597
604
613
571
551
550
563
571
602
580
582
569
571
568
563
570
553
521
532
521
538
545
551
559
560
546
544
547
553
556
563
562
536
548
549
563
582
598
610
615
609
616
591
558
549
559
562
571
618
688
735
746
710
671
674
663
649
633
600
615
633
694
667
579
548
520
509
501
494
490
488
489
489
486
484
486
490
493
494
494
493
498
501
512
532
575
629
670
677
719
692
671
593
593
594
601
588
581
567
555
545
543
545
553
546
531
544
574
652
735
710
678
650
637
620
629
601
596
599
564
542
546
581
628
646
688
683
641
619
595
592
607
595
652
684
733
761
776
773
725
693
721
730
772
722
790
820
747
695
638
585
592
597
604
600
632
663
675
688
635
583
563
546
545
546
559
562
596
621
674
763
752
706
729
673
653
631
632
642
652
694
747
679
688
686
623
611
608
617
634
605
578
588
611
638
620
637
642
645
620
648
610
641
622
651
639
635
660
672
713
698
648
655
692
619
612
641
676
725
669
606
579
550
538
545
563
589
617
674
675
641
644
625
589
575
572
572
578
593
602
606
638
639
655
647
638
644
653
625
595
555
540
541
563
595
665
834
847
733
761
685
652
649
596
588
585
571
567
558
538
522
525
528
536
558
598
634
672
675
600
579
579
575
582
580
591
611
639
648
674
611
589
586
600
616
666
703
706
667
595
601
593
552
544
543
544
560
606
659
703
698
664
648
649
634
625
662
696
712
710
689
686
679
638
646
633
692
697
729
759
751
740
762
689
728
650
674
683
751
730
654
632
635
600
638
649
702
733
714
687
610
592
573
574
578
580
584
574
603
635
639
647
632
597
572
578
577
594
583
597
616
644
657
672
673
597
585
553
550
559
571
613
656
687
755
746
682
646
594
595
595
588
608
633
682
796
824
805
766
730
693
623
594
626
665
715
766
743
734
715
766
775
794
782
757
758
698
736
748
757
774
723
716
630
638
650
647
600
614
627
686
811
835
790
752
734
715
692
621
650
691
867
911
900
851
769
672
621
638
676
777
886
792
878
824
761
813
765
748
663
677
694
844
931
941
890
818
692
689
616
596
600
624
661
692
656
717
725
727
734
706
698
645
640
613
637
655
721
769
798
906
888
867
743
640
614
598
612
632
694
776
792
812
753
727
656
666
666
701
766
815
753
890
831
768
791
766
695
659
606
573
590
590
595
609
628
583
600
587
581
579
572
562
549
541
533
533
549
570
630
673
619
635
651
703
708
646
633
651
646
614
591
612
648
716
734
789
765
725
699
683
670
653
672
653
710
762
790
824
727
715
689
700
717
777
690
695
712
698
735
744
761
743
713
664
682
677
695
713
773
849
811
762
698
720
674
652
729
729
771
768
738
675
633
635
609
593
621
648
660
679
714
712
716
709
711
686
661
714
740
725
681
627
626
633
669
726
777
780
708
686
668
645
646
648
639
645
616
625
610
575
568
565
562
551
564
558
553
562
585
615
674
621
612
562
566
556
545
539
533
534
539
548
563
609
657
676
737
723
688
661
645
624
603
576
581
604
604
640
653
723
762
763
712
709
684
693
690
737
752
742
828
814
815
786
721
688
685
729
840
885
824
880
846
788
745
733
687
672
641
633
666
691
717
627
658
629
648
698
744
818
815
809
750
698
663
662
679
706
770
727
655
666
672
732
699
706
710
712
731
753
777
769
768
736
765
783
783
773
781
742
655
607
561
551
542
600
639
759
680
718
771
760
756
734
645
638
608
608
623
646
715
783
811
815
834
807
781
742
697
668
667
622
652
760
854
831
827
762
768
698
640
651
672
704
779
849
912
904
857
810
775
763
791
768
751
823
787
765
718
714
714
698
687
721
739
718
710
671
694
692
699
690
733
719
717
682
657
679
698
789
857
853
840
765
744
771
810
816
825
868
1013
965
927
879
844
794
735
803
811
883
892
923
901
795
795
743
788
855
850
796
757
749
765
772
783
733
736
776
764
705
698
695
688
649
674
721
772
716
695
724
765
825
810
740
716
736
741
761
736
750
705
677
716
714
779
788
807
774
767
769
728
716
771
837
872
849
816
831
756
676
697
730
839
910
904
883
868
863
807
740
802
777
775
684
714
721
745
799
798
767
724
748
721
707
703
716
708
682
651
663
688
758
804
803
771
706
641
627
595
595
622
714
770
794
804
821
812
767
768
798
837
893
886
831
849
859
814
868
855
801
810
831
819
829
890
849
850
895
859
815
833
819
770
841
839
808
782
848
831
796
828
820
774
735
709
659
653
678
763
821
812
724
735
707
724
743
725
720
790
809
798
784
744
808
822
815
790
827
821
805
813
826
777
754
766
723
657
674
671
714
784
731
799
790
809
803
749
744
705
800
808
819
791
701
668
698
768
719
729
673
702
690
708
674
674
686
731
777
780
791
779
731
793
776
774
827
835
771
739
770
768
751
642
660
654
704
780
852
854
814
782
783
778
767
834
848
812
917
909
834
889
872
845
945
906
814
900
865
815
854
831
739
782
735
736
966
956
916
909
877
818
849
854
823
813
814
812
754
840
857
834
728
726
803
823
819
767
751
713
765
733
823
811
793
745
778
805
846
802
856
838
814
773
836
831
828
909
886
812
838
785
771
795
817
782
803
786
800
768
687
673
671
692
716
802
799
870
875
854
836
771
716
733
789
854
809
860
862
821
748
756
752
760
694
728
681
635
664
630
620
655
765
800
890
848
815
733
719
674
699
721
767
771
750
808
797
814
799
756
707
715
704
729
799
786
819
864
845
790
814
814
799
800
855
827
742
803
823
851
822
764
814
798
705
723
707
654
655
697
781
839
836
807
758
787
764
751
750
820
805
726
793
780
768
681
713
729
807
825
843
820
763
701
662
668
704
746
730
678
663
711
670
673
694
755
881
938
951
912
865
801
753
783
809
882
886
815
850
802
720
765
777
821
830
834
796
768
798
796
840
905
931
874
885
852
827
708
729
709
720
738
690
689
661
665
666
687
660
748
798
760
676
677
689
762
838
876
868
853
841
766
709
699
705
801
887
805
866
862
880
868
833
800
773
759
752
688
735
780
718
814
805
777
672
675
656
698
745
760
692
690
688
711
741
803
830
854
810
774
785
794
773
740
798
818
764
744
718
695
657
643
644
659
655
673
669
682
683
688
635
616
594
603
603
627
662
729
722
708
753
756
801
715
674
634
604
605
653
731
848
822
855
885
897
806
757
763
762
735
820
934
953
886
804
795
752
775
767
767
691
719
696
733
674
739
721
726
758
746
794
745
724
783
794
811
791
745
679
698
688
728
786
783
847
837
824
813
833
813
803
842
834
849
945
931
859
908
896
796
861
824
765
856
816
740
797
754
722
684
702
703
773
754
723
776
744
677
639
645
661
722
799
826
804
727
828
799
797
771
810
805
785
784
817
823
780
710
746
718
657
626
616
614
623
603
592
574
580
583
594
585
590
598
622
659
705
660
701
705
696
650
646
645
636
612
633
631
654
683
647
668
627
608
595
580
577
585
576
560
549
543
536
533
533
526
521
523
527
533
540
536
535
534
533
531
510
510
504
504
507
513
525
534
542
540
531
539
535
521
525
529
541
564
588
602
572
555
551
569
608
626
656
657
648
593
566
582
580
571
552
567
593
610
612
650
666
673
697
646
630
622
606
589
579
594
604
599
587
594
583
578
564
558
559
558
554
549
551
550
521
527
521
522
529
523
520
515
513
512
513
516
519
524
534
547
558
558
561
569
573
578
584
569
604
598
623
623
637
692
715
719
672
665
686
688
705
717
653
717
687
698
714
708
705
685
693
632
608
597
612
629
642
596
611
624
632
633
629
632
618
605
588
580
579
578
553
560
557
574
577
606
650
674
688
644
592
572
554
563
560
573
590
619
643
665
639
634
604
553
563
548
555
568
559
580
570
594
587
602
594
586
577
549
570
560
556
555
552
541
571
557
570
563
578
567
559
540
541
536
535
545
557
553
558
568
598
619
613
575
555
560
573
592
593
569
560
565
587
632
728
773
779
768
769
776
759
768
770
775
782
785
773
738
763
791
836
833
749
760
748
775
727
685
719
777
826
840
825
771
736
744
777
864
858
838
817
766
788
792
788
802
786
747
742
728
734
667
697
668
673
683
672
648
634
597
611
599
604
567
569
595
674
780
840
839
811
823
793
771
805
818
811
730
779
758
775
691
619
612
617
659
733
742
715
674
621
627
640
676
720
752
759
762
752
713
720
737
737
754
769
765
737
759
784
818
824
838
825
791
786
793
804
792
850
842
791
842
805
758
708
743
771
748
789
822
799
730
744
736
746
750
705
766
768
753
725
749
794
791
791
808
816
811
779
807
812
792
774
776
798
776
810
805
806
857
838
772
742
771
768
760
785
765
801
792
806
839
840
857
833
803
768
787
759
703
647
700
749
848
821
820
800
722
677
679
684
747
774
799
831
825
805
749
771
778
808
777
811
801
786
750
826
813
838
848
884
859
792
843
821
782
840
844
860
840
870
836
780
833
819
798
799
756
836
825
780
832
821
800
857
815
804
755
706
738
681
682
642
634
624
614
582
590
600
599
641
660
697
673
672
665
640
619
592
593
596
635
817
864
745
705
730
731
707
687
662
663
668
633
646
641
672
688
764
784
811
784
778
727
737
706
660
668
678
691
694
714
691
692
630
633
628
654
642
618
637
668
716
748
770
770
729
698
662
680
707
759
773
778
689
661
690
752
833
845
827
785
824
766
761
695
732
745
763
707
673
715
761
761
694
751
780
839
779
735
720
719
724
756
711
752
772
815
805
732
729
724
723
742
728
689
730
745
796
790
785
786
797
778
770
783
793
801
806
853
891
882
841
816
781
763
791
741
741
787
741
730
876
829
772
854
873
864
800
727
745
748
758
756
870
843
790
749
761
799
754
764
789
736
664
672
651
693
737
798
787
789
811
805
758
779
760
748
732
817
813
788
783
779
716
653
653
659
678
671
650
668
666
689
704
664
709
692
709
714
748
745
762
679
689
694
733
716
673
702
723
795
738
782
699
744
763
801
901
1080
1024
881
796
697
659
723
744
1015
848
771
804
812
803
702
760
712
701
679
741
773
851
832
828
829
802
821
866
912
944
901
888
876
795
824
787
712
753
816
971
900
889
860
782
812
794
792
817
855
844
805
857
854
820
803
808
797
755
749
809
868
850
806
798
740
664
688
695
728
725
712
739
681
622
616
648
643
644
627
659
651
663
646
627
593
599
574
550
543
542
518
506
519
513
508
507
505
504
500
500
509
525
553
574
595
659
732
765
753
751
720
683
651
625
564
553
546
542
584
612
670
707
750
751
723
747
773
740
792
783
693
643
647
651
713
763
731
731
639
586
565
550
549
554
554
552
554
551
547
535
540
537
532
535
529
528
525
522
512
508
505
511
513
515
520
521
513
514
506
501
488
481
484
482
480
484
487
494
504
513
525
539
539
537
523
516
512
517
520
517
520
516
513
510
501
493
490
498
507
524
545
545
540
548
534
546
538
547
561
571
569
570
562
568
543
570
541
566
555
565
545
558
554
564
566
552
552
543
543
538
522
512
515
511
512
527
546
561
582
621
624
624
577
565
533
523
512
516
507
512
522
550
577
634
712
695
692
667
619
566
590
576
603
607
663
755
747
788
783
739
722
670
663
669
663
679
685
705
705
656
625
606
596
579
548
540
551
573
588
607
646
670
661
633
600
555
550
547
559
565
594
591
582
600
602
612
591
565
545
541
540
539
538
531
538
538
538
512
515
510
512
504
515
520
530
538
549
556
584
583
554
533
532
536
557
587
665
726
716
686
622
568
567
538
549
553
566
563
564
552
538
555
596
621
619
557
583
561
566
552
545
556
573
596
608
633
639
643
633
582
606
593
617
644
646
634
643
615
641
639
665
671
681
657
666
668
665
679
706
705
678
632
663
658
677
674
679
662
604
617
631
625
664
681
698
692
671
686
674
632
663
642
654
676
702
677
655
672
661
630
601
573
583
601
607
625
695
772
779
774
745
723
759
718
725
729
757
695
735
735
717
715
684
732
707
696
668
691
685
691
747
721
712
663
701
710
766
754
747
697
696
684
673
655
681
682
673
712
715
691
721
701
727
700
691
648
653
628
643
646
619
605
644
646
726
742
698
689
668
614
594
593
599
574
592
583
604
628
642
667
686
685
672
666
661
634
650
657
729
820
813
831
832
805
747
655
628
626
657
662
741
836
835
809
813
776
739
723
672
662
668
695
730
796
818
753
683
620
642
687
777
841
780
828
766
696
663
649
650
655
702
716
797
772
757
684
733
691
703
702
716
736
792
781
757
685
692
687
711
712
755
733
697
688
676
637
606
641
722
767
817
791
752
736
767
790
854
871
856
881
853
784
814
816
762
728
686
721
765
887
963
943
895
845
795
735
718
693
701
692
690
758
806
799
776
772
731
697
640
600
602
618
612
669
732
789
789
752
677
664
642
647
666
651
749
750
823
771
771
736
728
727
727
783
798
852
805
794
832
829
804
760
792
768
749
816
815
841
851
934
924
818
781
772
706
764
775
793
698
658
601
606
622
624
647
669
676
669
688
691
707
683
712
701
638
652
674
756
813
814
761
739
710
652
603
600
605
621
671
797
881
842
819
769
749
730
703
717
713
701
718
696
744
701
756
771
774
764
715
765
772
849
848
979
899
800
749
765
771
804
802
875
824
753
751
733
755
745
730
763
813
843
847
847
893
863
808
758
790
765
768
752
744
736
737
738
675
711
747
737
836
787
768
738
676
681
689
772
769
858
811
781
726
725
762
819
908
882
853
820
831
815
816
770
818
839
793
751
781
817
844
808
804
828
808
751
731
814
808
824
787
821
804
794
730
728
678
646
620
639
601
583
613
637
729
799
739
625
591
587
587
584
587
584
567
577
577
586
569
590
593
616
631
679
715
682
652
618
587
582
574
560
558
565
569
570
553
552
560
571
604
634
674
705
695
674
663
624
579
548
527
523
521
584
967
967
907
841
698
655
669
712
774
775
826
830
814
812
760
696
695
668
666
660
666
740
796
904
862
809
792
732
700
678
690
656
721
750
805
771
739
743
644
633
654
698
727
697
750
802
810
769
778
675
680
671
695
691
693
685
704
730
733
715
707
728
757
799
750
745
760
763
758
729
803
796
696
694
713
701
754
786
778
703
722
700
720
720
711
644
654
654
693
663
710
701
700
678
630
646
642
642
621
660
684
782
727
697
659
604
600
619
631
681
689
736
707
704
730
769
695
646
647
642
653
652
709
771
819
809
783
787
789
768
732
697
664
639
686
731
787
734
814
814
808
775
763
704
690
705
703
688
693
877
841
794
706
676
648
659
668
792
863
860
948
938
912
864
788
729
706
752
772
934
1027
947
860
796
805
893
862
924
961
929
813
705
741
848
1135
1027
909
870
797
736
803
972
1057
997
964
946
854
795
774
778
729
829
836
759
812
760
736
687
620
620
610
634
658
720
753
743
705
738
736
742
712
685
719
709
726
713
787
828
825
783
740
758
766
771
678
691
698
779
822
841
826
851
838
813
739
781
770
727
795
769
777
696
725
708
741
719
680
710
720
725
698
758
744
729
702
717
765
755
741
791
757
699
702
674
682
640
624
635
618
652
685
723
662
647
631
617
634
604
568
565
591
633
723
769
813
829
836
835
786
813
757
718
764
765
764
763
840
841
799
827
815
759
812
787
737
694
756
825
859
848
794
762
801
798
796
781
771
688
660
675
723
714
733
764
659
666
639
652
672
670
710
719
729
792
801
812
767
730
715
787
770
782
721
767
716
739
693
632
619
586
604
607
615
627
631
615
613
633
648
669
623
631
656
711
730
747
648
694
687
749
793
814
814
787
729
644
588
610
674
909
1007
977
940
879
901
877
909
917
935
970
972
959
932
904
885
890
924
898
805
832
709
686
665
725
924
1016
979
920
892
852
838
811
884
982
958
863
884
885
915
891
837
874
936
969
919
927
948
927
828
890
906
899
856
907
938
916
852
824
850
857
864
850
873
812
770
695
745
759
821
854
869
830
812
832
830
861
825
771
822
859
936
953
932
866
865
864
854
834
849
866
893
898
874
927
879
846
782
809
821
869
901
785
812
824
859
817
753
813
803
854
844
781
766
778
763
713
646
675
682
654
632
647
664
662