813
837
867
847
839
807
747
670
647
1335
706
739
750
813
818
845
827
790
799
778
708
680
675
720
740
837
854
846
775
724
650
748
859
927
1041
1021
945
801
759
703
904
1186
1069
1096
1061
1049
1025
925
937
1020
1096
1072
1038
978
1004
1038
1007
974
1034
1083
1048
1012
1087
1110
1063
1005
1055
1073
988
1029
1050
1002
904
946
924
758
739
715
695
860
1051
1084
1007
1002
945
861
754
771
790
797
738
791
766
768
833
781
780
697
687
690
702
742
720
689
748
731
763
740
689
743
753
827
892
899
813
879
885
830
829
880
860
821
898
905
874
900
973
950
915
947
952
905
1012
1023
934
998
989
896
921
904
919
988
968
890
899
932
903
968
917
944
903
897
875
869
876
894
890
928
859
920
864
922
860
763
740
690
747
771
848
862
810
856
863
802
848
876
794
752
715
796
894
825
763
711
665
688
703
792
824
832
825
861
857
859
831
713
743
746
815
748
805
817
842
795
896
836
803
750
748
712
712
709
640
629
608
603
599
597
589
593
590
599
599
594
593
611
602
577
574
584
585
605
683
871
910
814
733
698
719
727
733
729
742
811
856
747
855
872
788
744
738
793
813
809
747
696
729
829
864
834
893
859
781
686
697
731
729
709
899
931
959
900
770
760
718
691
680
691
673
646
637
678
662
672
681
703
733
729
791
804
814
840
808
848
807
777
732
728
808
802
711
805
825
903
928
1042
1011
956
936
930
899
831
882
853
864
775
742
676
679
706
787
896
999
931
825
740
729
743
748
773
781
795
794
787
773
702
666
661
637
667
687
686
677
700
751
756
769
730
683
676
659
653
675
735
815
736
700
729
718
717
662
609
599
586
583
572
569
563
563
603
692
774
727
771
818
801
824
844
809
733
836
888
885
847
865
897
904
850
1011
1131
1013
1104
1082
932
1157
1197
1096
989
1037
917
874
989
982
941
969
854
843
782
784
812
818
735
723
734
701
666
654
644
662
639
663
650
637
642
622
601
582
598
616
658
680
768
691
658
669
657
617
592
589
627
699
884
901
925
861
805
786
752
766
733
862
1059
1082
1004
858
841
832
796
799
850
853
790
699
659
685
838
1153
1039
977
874
815
854
860
890
894
771
825
828
741
746
846
827
985
937
812
934
903
786
865
822
724
712
651
657
674
740
764
677
728
657
643
677
721
738
849
863
808
770
660
764
879
965
997
966
857
805
742
665
629
625
623
641
642
685
751
794
775
797
774
730
670
665
658
621
589
566
554
554
553
617
961
844
983
979
876
759
683
662
632
595
583
563
558
564
607
629
706
705
743
751
729
768
708
670
639
631
650
649
762
832
1016
967
955
902
780
840
845
776
680
615
592
625
1031
974
977
926
814
776
760
730
709
642
683
769
822
813
780
790
765
749
693
663
646
664
671
704
686
794
738
696
695
674
638
619
626
628
633
616
619
626
626
600
607
595
568
554
539
529
524
529
535
541
550
545
550
562
573
564
555
560
567
568
570
589
636
669
654
666
750
720
651
653
671
662
640
603
610
632
702
729
720
746
755
699
735
729
693
750
820
863
812
816
754
726
771
776
790
799
816
719
735
812
851
824
832
816
762
792
748
724
766
671
737
725
787
812
799
714
791
771
784
771
789
748
685
695
658
642
660
640
669
659
682
658
753
684
666
639
664
690
749
741
782
777
776
788
777
713
741
731
751
713
786
762
744
783
720
684
676
695
750
827
796
752
717
665
617
615
638
699
674
681
633
622
649
673
808
806
781
771
767
739
695
687
713
736
721
761
799
804
769
843
822
778
781
769
723
705
751
731
723
789
931
970
858
844
831
734
714
704
704
718
785
871
881
789
762
707
676
705
740
776
746
873
815
754
784
792
813
778
826
831
739
707
750
751
751
784
855
866
798
770
741
697
652
704
743
840
860
944
865
736
719
661
634
607
604
581
586
599
610
653
705
729
660
688
656
604
572
546
542
529
527
521
534
569
612
698
734
749
784
745
703
645
669
739
780
783
715
661
600
566
558
558
709
738
798
709
637
686
762
819
851
846
822
779
813
775
804
827
839
819
867
924
853
878
854
836
739
771
766
781
729
816
810
782
807
851
803
727
776
743
728
728
755
801
760
835
825
792
735
808
782
737
768
738
679
668
669
619
645
669
692
777
769
758
729
783
796
735
737
732
734
698
716
723
715
669
665
694
732
767
805
833
814
729
738
724
721
687
752
733
721
682
689
658
621
587
592
593
574
569
584
623
684
727
732
813
791
762
724
761
710
680
639
621
638
655
682
723
840
839
752
825
770
737
691
727
733
726
725
787
712
689
643
646
629
654
657
653
633
615
626
646
641
629
607
605
592
585
568
567
562
562
554
536
529
519
515
509
505
503
499
497
496
494
490
495
504
501
498
505
515
536
567
612
610
563
539
540
548
569
587
620
622
612
687
734
754
698
687
726
771
753
674
674
699
745
814
753
742
756
754
689
741
737
719
665
720
707
688
685
637
583
568
559
564
583
618
617
614
636
639
627
608
608
607
618
605
590
600
608
619
604
584
578
573
576
575
570
579
589
604
599
587
574
579
623
663
755
739
700
639
590
562
540
528
529
534
579
604
658
715
638
596
604
606
602
616
607
604
593
604
615
646
661
674
696
665
621
566
535
531
522
521
531
543
544
549
559
558
557
543
532
535
517
518
507
501
499
496
486
486
489
491
494
498
501
503
508
527
541
553
520
517
501
499
497
493
494
484
483
486
485
483
477
477
474
475
479
480
484
493
497
496
493
509
517
538
551
543
560
568
546
540
519
521
521
516
523
513
511
517
520
525
522
514
519
531
555
587
632
640
582
581
553
573
582
596
596
589
577
598
626
704
774
802
766
748
733
770
860
1023
1053
990
983
1095
992
971
945
877
1112
1032
908
750
717
688
894
1066
1016
1039
899
884
891
834
811
935
1151
1039
908
696
655
633
680
727
832
810
909
836
744
669
688
688
740
770
798
798
795
782
785
750
813
864
969
821
870
845
811
713
771
752
734
642
605
620
630
761
685
721
777
845
800
723
691
687
679
704
720
692
778
781
810
800
790
772
769
717
702
698
701
685
686
718
660
725
725
773
781
771
826
757
715
687
653
661
617
625
586
605
598
584
591
613
604
626
635
680
703
725
710
684
666
625
624
622
637
674
680
649
701
690
694
713
698
633
615
584
580
563
551
541
549
533
529
519
512
505
500
496
495
492
490
484
480
478
479
477
478
479
484
490
494
500
506
513
508
506
504
500
499
496
492
493
495
494
499
504
514
517
528
546
564
557
602
544
545
531
527
527
552
543
550
571
567
576
568
598
600
585
557
537
525
523
514
500
492
490
490
500
507
523
530
539
548
542
533
526
511
507
505
497
485
473
472
470
465
462
463
464
469
469
467
468
469
471
466
462
462
465
464
470
474
477
483
481
479
477
484
491
496
496
486
483
483
478
483
485
488
489
484
485
486
489
493
499
500
505
515
521
517
521
525
515
509
495
497
491
493
502
512
514
504
503
502
499
514
518
527
527
514
526
518
518
514
512
511
503
487
488
492
493
501
498
507
511
508
493
477
475
471
468
466
471
464
472
473
473
474
472
475
475
476
477
480
481
488
494
500
491
482
478
479
484
485
492
509
521
541
537
562
561
575
570
543
513
507
500
500
500
502
502
504
500
492
483
481
481
479
479
482
489
500
508
507
522
537
550
532
565
551
551
555
556
559
544
566
579
586
572
560
549
551
559
560
578
570
561
559
560
563
549
524
507
496
501
497
496
501
501
502
498
502
501
499
499
499
490
483
476
472
467
468
464
461
469
471
475
475
476
478
480
485
487
493
483
486
484
490
494
493
503
506
517
523
534
517
548
520
556
559
574
588
558
619
602
618
633
659
659
636
621
620
615
631
639
640
598
592
584
596
590
596
573
538
523
517
509
501
490
485
486
484
484
484
479
481
480
479
480
484
487
488
490
495
490
492
500
512
514
521
525
557
573
604
613
591
607
601
593
597
587
612
612
621
645
673
660
636
607
614
605
608
594
620
646
679
664
672
650
625
605
569
548
545
549
556
561
536
521
514
509
508
511
515
514
515
510
508
502
493
488
488
485
485
482
484
483
482
480
483
490
500
515
521
506
509
514
529
546
580
591
587
550
573
543
538
528
542
554
557
564
558
533
548
549
569
575
552
543
527
523
513
505
508
512
518
529
537
550
561
580
592
595
587
563
552
531
523
527
539
554
588
644
665
648
649
651
660
668
614
615
602
625
634
621
612
588
555
545
548
543
547
543
538
535
526
516
514
512
516
530
555
582
629
638
583
573
548
542
523
522
521
517
516
514
515
511
504
495
492
495
499
500
506
510
511
506
499
506
513
519
549
556
593
625
710
798
797
729
637
631
609
643
701
871
844
716
713
714
758
730
765
750
753
720
707
799
829
865
875
764
709
688
666
765
726
737
716
724
754
775
737
679
707
687
672
692
660
642
585
587
603
663
699
807
735
736
672
623
600
563
562
566
558
545
558
582
602
643
666
635
622
662
716
735
690
616
611
614
628
625
629
640
677
692
725
718
818
765
676
619
632
628
662
720
842
879
767
814
745
672
609
607
634
715
974
1010
897
793
771
759
795
779
849
837
796
770
740
707
742
739
856
751
693
621
574
575
568
639
718
813
782
664
664
697
714
722
738
702
675
649
663
659
672
688
735
736
760
769
755
720
712
730
732
728
701
686
699
721
771
773
725
758
756
761
714
672
657
660
685
708
709
696
699
646
625
632
619
641
659
670
688
669
689
666
669
634
669
664
754
799
752
729
754
718
710
689
681
702
718
758
739
731
757
718
697
648
662
645
648
646
637
674
729
739
727
684
700
681
672
635
605
586
571
571
584
629
735
750
659
692
707
682
674
665
656
657
648
657
657
688
672
699
699
721
690
674
687
686
705
682
714
697
722
673
678
686
700
705
696
662
666
668
654
654
642
657
679
706
717
713
674
674
643
631
604
583
577
593
593
586
577
582
596
593
573
590
611
632
664
661
621
635
617
605
630
650
693
709
770
737
725
723
676
628
621
633
659
771
761
831
815
784
768
722
653
611
594
601
613
614
704
811
853
809
760
733
682
639
603
605
591
602
594
594
618
637
662
720
712
701
665
682
656
662
629
608
624
641
668
684
695
719
697
691
686
670
657
639
620
632
654
695
789
757
724
736
695
713
692
659
665
674
684
641
678
731
770
815
830
781
719
695
713
767
854
820
845
851
835
766
717
746
757
823
730
708
750
741
698
710
679
658
651
611
598
577
562
557
545
546
545
538
531
523
525
525
523
526
537
558
576
594
585
607
595
605
578
589
590
583
586
576
561
547
527
511
508
510
505
508
528
543
557
563
561
535
531
540
549
554
560
559
550
544
540
537
537
539
538
540
548
556
560
542
532
537
548
575
596
607
596
604
629
635
619
587
584
563
541
529
519
516
522
528
544
579
643
757
812
776
694
632
641
625
646
652
657
649
624
613
635
654
687
710
726
686
658
644
631
634
600
576
583
595
612
661
693
707
636
614
577
571
554
551
552
560
569
576
591
609
581
564
576
583
610
620
622
636
612
586
582
600
611
630
629
644
686
683
682
641
627
636
644
680
663
718
722
771
717
742
705
699
664
660
670
724
864
856
823
750
686
688
680
675
687
702
737
738
818
764
693
706
696
685
687
658
636
616
645
659
670
657
679
667
678
634
591
587
576
577
597
634
693
686
767
723
698
684
657
628
615
581
585
619
645
708
812
768
708
662
667
658
688
658
726
768
828
770
715
757
773
805
723
738
681
662
659
687
767
805
832
833
780
706
714
660
641
619
632
653
708
726
799
830
768
704
692
619
603
611
612
649
662
697
688
683
729
733
769
718
688
693
673
646
631
667
645
691
699
682
692
682
666
668
678
686
646
626
603
614
609
608
620
640
643
606
565
553
542
536
529
534
531
535
532
535
538
539
531
526
520
518
523
525
531
540
539
551
591
639
704
744
689
665
669
669
634
577
560
539
518
531
520
545
592
635
683
705
726
705
665
636
629
608
591
586
583
597
611
622
646
675
685
693
680
659
649
652
644
628
648
650
676
651
695
715
728
681
630
616
595
564
567
569
554
565
592
610
663
697
687
671
690
686
666
667
702
692
666
631
624
620
615
586
576
576
582
602
618
612
632
633
631
616
595
600
568
555
564
565
574
588
617
626
605
636
631
625
595
601
601
602
594
584
577
585
584
572
560
558
551
543
535
533
539
552
556
565
561
575
563
563
543
542
545
550
557
553
565
579
607
622
685
673
629
591
591
565
563
546
561
566
581
599
596
631
648
659
642
634
616
570
561
555
561
568
586
595
636
622
583
570
578
564
590
608
650
677
664
716
731
763
695
657
657
663
691
700
724
803
836
746
700
686
676
657
653
703
830
874
792
742
715
697
659
640
616
609
598
619
640
655
662
650
652
638
631
604
611
587
581
571
564
577
577
591
582
593
599
617
631
603
592
594
590
597
587
571
584
583
588
574
563
560
559
547
536
540
554
563
595
625
645
662
671
660
627
612
613
613
612
608
620
628
652
653
614
592
558
561
554
554
554
558
562
560
556
538
525
514
508
504
501
500
507
515
524
531
526
529
538
548
556
571
564
580
579
582
574
558
574
585
604
621
616
581
591
584
588
587
575
593
603
601
608
587
590
597
604
612
623
601
621
616
626
645
642
665
655
635
605
604
608
616
622
610
594
605
594
598
590
622
625
629
603
590
582
569
559
548
553
556
560
552
534
535
550
578
633
660
648
646
628
614
579
565
553
548
543
536
537
536
537
556
565
598
604
585
603
687
756
706
678
676
653
648
608
631
622
636
639
646
690
713
716
675
684
682
686
674
646
670
663
655
633
645
637
648
629
608
591
583
573
576
567
558
579
556
549
551
536
549
551
560
573
584
582
604
635
687
688
709
694
675
653
642
678
723
731
709
698
688
690
674
644
626
594
609
620
622
648
673
684
657
641
637
632
620
616
643
668
702
697
724
720
727
676
693
690
677
658
665
722
780
780
720
710
680
658
720
698
744
673
729
694
654
610
640
647
674
684
652
654
639
637
601
619
609
640
659
663
731
707
683
632
639
618
610
594
573
562
563
563
587
597
581
591
576
594
580
572
598
600
579
566
543
539
534
530
522
516
516
514
518
525
540
543
543
556
565
568
567
553
557
563
571
585
569
571
586
573
574
558
577
582
593
588
583
591
591
587
572
565
566
563
572
567
584
592
599
592
610
625
648
645
621
633
639
636
626
632
576
561
530
521
513
516
522
539
572
609
646
647
633
614
570
542
532
522
515
510
503
496
495
495
500
518
539
564
579
607
646
740
820
777
728
745
724
745
734
718
713
769
735
708
729
748
826
813
672
644
637
688
849
883
776
768
783
722
753
673
629
638
644
638
645
649
667
653
672
683
691
662
629
663
682
693
683
666
688
700
688
677
688
687
665
631
664
669
712
670
718
693
732
664
692
670
664
644
652
662
691
675
687
698
701
679
663
684
685
734
737
694
727
713
709
695
759
774
793
735
772
713
680
614
623
614
648
654
775
750
699
646
589
579
576
578
568
555
547
535
526
519
517
520
523
529
533
531
532
534
533
545
561
568
567
554
570
588
624
624
618
623
615
623
607
606
618
618
620
602
609
591
600
611
602
597
582
573
570
557
542
536
535
559
585
618
627
630
626
620
595
599
604
632
655
678
655
733
751
758
705
638
632
614
611
615
614
661
722
744
714
713
715
685
645
631
642
640
640
618
650
654
670
669
659
679
675
675
647
632
629
643
653
654
636
680
688
702
625
622
604
595
570
563
558
544
535
542
552
572
590
603
598
593
589
601
592
613
626
625
626
605
576
582
599
634
617
657
721
781
682
659
619
601
591
607
620
641
670
640
711
710
710
667
647
637
620
610
580
580
574
578
568
570
574
589
616
613
603
604
598
595
587
570
570
574
566
547
546
544
536
538
548
567
570
554
529
509
509
494
524
521
539
569
596
616
618
615
592
579
570
572
568
571
585
607
640
662
681
692
673
677
660
679
645
666
680
725
711
729
685
731
729
737
703
732
717
729
686
684
684
672
654
629
643
611
604
633
634
707
775
796
754
726
715
679
666
711
756
800
766
836
771
705
737
746
824
779
816
817
805
833
837
761
744
705
694
693
786
726
712
693
670
650
641
608
618
610
594
603
611
621
640
633
655
646
642
635
618
608
591
583
581
589
589
607
593
605
607
611
631
608
630
638
639
641
619
633
626
634
617
602
606
616
643
671
659
728
708
712
664
697
665
643
615
595
599
603
596
594
589
579
579
563
565
590
614
648
628
634
637
643
644
618
630
603
621
624
649
605
596
571
564
558
546
540
535
535
536
532
532
538
540
530
534
560
605
689
838
916
835
706
681
656
653
720
821
880
849
892
847
817
752
804
801
783
719
773
734
734
764
808
831
818
821
771
716
718
696
690
701
764
790
796
710
728
674
659
614
618
615
626
594
602
626
644
713
714
712
661
663
640
638
625
625
608
627
649
686
677
695
711
721
702
682
654
651
674
688
709
659
702
708
714
676
664
673
676
716
751
738
686
645
638
623
611
594
595
606
637
684
743
762
725
685
670
655
634
600
596
587
595
599
594
589
569
566
557
543
545
551
563
575
591
619
652
619
604
591
583
561
554
547
555
561
585
588
618
635
648
654
674
646
670
688
701
704
663
622
583
552
559
573
599
632
655
678
695
687
658
640
637
639
638
599
586
567
547
528
521
516
514
508
510
514
530
567
622
654
665
651
649
656
673
677
671
671
612
650
655
717
748
677
724
694
697
643
658
626
622
584
600
608
629
625
618
645
637
626
593
560
557
553
556
575
598
629
671
659
667
655
638
627
649
658
678
646
650
621
620
618
625
633
626
660
655
693
687
647
656
643
636
627
608
617
619
630
649
638
651
692
690
641
606
598
591
597
571
571
587
593
620
642
671
705
656
629
631
611
602
584
582
590
596
620
624
680
694
654
653
623
594
570
568
571
582
592
591
557
553
558
581
599
630
627
610
607
590
582
566
551
552
554
560
563
576
583
569
558
548
541
540
534
541
537
521
519
517
525
528
533
537
547
551
562
571
575
575
592
602
631
641
639
593
602
602
635
648
660
682
671
652
657
669
663
622
628
610
604
579
580
575
579
566
576
569
565
551
564
592
590
642
639
634
624
590
585
582
588
586
587
581
570
571
568
574
556
543
547
543
560
561
559
581
603
625
583
604
609
618
625
631
607
598
598
606
622
618
592
606
605
607
599
599
571
568
562
574
587
620
650
688
645
628
602
596
584
594
602
604
599
598
580
575
564
573
568
583
563
562
588
604
611
635
660
679
678
640
594
569
572
583
592
588
575
577
568
577
580
576
572
578
578
589
593
581
599
604
611
602
595
593
583
582
568
582
607
632
651
633
617
635
636
628
618
577
572
563
569
563
564
556
550
562
565
578
585
580
572
585
587
594
592
578
581
578
576
582
575
595
617
607
596
580
567
544
551
562
563
578
589
602
597
581
580
583
598
614
610
639
666
615
579
551
550
548
562
571
560
539
541
554
562
568
589
631
674
661
604
563
557
563
577
593
600
668
702
703
680
627
629
622
632
652
646
659
655
661
673
651
647
675
689
666
619
600
570
559
553
552
570
605
599
592
570
555
549
555
554
550
553
554
555
550
547
541
529
520
513
508
508
513
532
563
602
589
557
535
525
630
683
732
698
657
660
627
589
584
587
575
572
582
598
614
662
710
733
708
705
659
631
598
558
569
598
651
953
964
917
781
641
641
614
620
610
589
576
638
710
935
915
821
672
596
569
547
532
523
521
522
544
573
621
648
653
619
611
593
593
585
549
528
521
520
515
511
514
527
538
555
562
566
567
569
562
530
510
499
490
486
489
487
491
490
485
482
480
479
481
487
494
497
491
487
483
491
507
522
541
556
582
604
599
610
611
581
553
535
531
551
560
552
553
554
544
547
527
515
513
524
535
550
575
620
636
640
611
625
603
604
607
598
598
604
611
640
638
597
605
612
627
616
604
601
606
604
593
609
589
596
588
570
577
581
582
582
577
582
589
589
581
568
584
598
614
608
613
600
590
576
594
583
582
560
541
521
511
507
506
509
509
517
519
514
516
506
494
488
484
484
490
491
487
490
490
492
498
511
511
512
529
542
550
542
523
508
504
496
486
476
471
473
473
479
479
481
478
477
471
467
460
455
451
456
445
449
446
446
446
447
448
451
457
471
482
496
498
494
493
496
515
520
519
537
521
536
525
510
509
507
496
485
476
476
476
486
505
538
580
646
721
724
658
639
642
654
640
636
607
601
591
576
570
546
541
525
517
519
521
526
531
547
562
573
572
565
551
549
523
530
511
514
515
527
532
531
528
541
551
567
585
579
574
551
543
523
519
525
536
545
539
553
550
559
575
589
569
560
552
550
533
519
521
530
545
546
550
524
518
522
528
542
552
556
561
565
560
542
546
549
553
567
562
572
569
579
582
567
569
561
545
538
527
524
520
519
508
501
502
504
506
505
501
498
503
510
522
533
546
548
547
533
525
522
522
523
523
524
521
524
515
520
521
511
506
504
505
515
520
523
527
521
520
523
531
536
528
521
510
504
506
512
528
540
539
536
540
538
539
534
533
526
521
517
517
515
515
510
507
505
513
521
534
539
551
556
564
583
606
619
614
586
557
531
521
524
538
552
547
533
519
520
530
550
567
581
581
575
561
539
546
539
550
540
536
538
542
550
560
572
600
629
630
634
632
635
625
610
600
602
600
594
587
567
560
563
566
568
578
565
539
537
553
565
575
582
585
576
569
548
551
544
544
548
554
564
584
588
581
573
566
567
553
553
548
546
542
547
548
540
538
539
546
551
555
553
554
554
563
563
550
527
529
534
539
548
544
525
518
520
521
525
525
521
519
520
525
535
537
533
535
542
541
534
517
509
506
505
505
511
519
525
521
512
508
512
522
529
530
525
522
516
516
512
501
495
495
496
501
502
504
498
500
502
506
520
526
526
530
525
517
514
513
514
519
523
525
525
539
568
599
627
641
608
603
580
567
537
518
502
496
490
487
485
482
483
487
490
493
501
513
504
500
508
522
523
515
526
514
509
515
511
506
500
512
522
529
543
538
531
528
523
515
516
513
511
515
524
526
531
523
523
529
525
524
518
515
507
511
516
518
524
515
503
492
485
484
498
474
476
476
477
478
481
481
480
479
478
473
471
472
473
478
480
487
498
506
525
552
575
605
629
647
652
627
608
579
559
527
514
512
517
516
515
509
520
558
611
668
674
634
569
555
555
555
559
547
542
544
550
564
576
610
622
609
625
602
608
594
576
558
556
554
554
552
551
543
541
538
529
521
512
509
502
503
499
498
494
496
495
495
494
488
491
493
496
500
503
506
506
506
504
493
494
491
480
481
485
495
505
518
527
538
542
547
542
538
535
524
519
516
516
515
512
514
508
511
520
533
545
551
543
529
523
518
512
509
506
498
496
497
502
505
505
509
509
513
527
534
539
551
536
533
528
522
517
514
507
505
505
507
507
509
511
519
509
502
506
508
501
503
507
508
511
510
509
512
509
506
500
492
491
499
503
510
521
538
544
548
538
530
533
538
545
549
551
528
517
513
508
502
493
487
486
489
491
500
514
525
533
538
556
556
550
530
519
508
502
503
496
495
496
497
494
495
499
498
505
501
492
490
480
478
478
481
488
494
490
489
487
487
483
482
485
491
497
514
524
559
559
542
532
521
523
523
521
526
533
521
509
502
501
501
505
511
513
513
512
521
533
540
544
538
539
545
545
540
532
518
506
499
504
498
498
492
483
479
477
468
466
464
465
466
466
471
474
476
482
480
483
478
469
465
464
463
462
464
464
463
459
453
450
445
445
443
440
438
438
437
440
445
449
449
444
442
442
445
447
448
450
449
446
442
444
450
463
480
529
591
618
618
589
547
530
519
508
507
484
472
473
479
488
504
530
561
595
623
657
624
581
564
574
583
610
609
576
571
561
560
568
571
562
568
579
598
619
629
623
636
632
612
586
588
554
539
524
518
510
521
538
554
566
553
543
540
520
511
497
484
478
475
474
474
477
479
482
481
480
486
489
493
493
494
495
501
504
506
508
513
510
490
480
477
474
471
472
470
462
457
455
450
442
445
442
442
441
440
438
438
438
439
439
440
438
438
437
439
438
438
438
435
438
436
429
425
422
424
424
423
423
423
425
425
426
422
424
424
426
425
426
425
425
426
424
422
418
412
418
416
415
416
416
418
420
422
422
425
427
427
427
428
428
431
431
430
431
423
439
429
432
435
433
429
426
427
426
425
425
428
432
437
441
449
461
472
474
480
480
479
476
467
457
458
455
454
454
462
456
456
445
446
444
446
447
449
457
459
454
443
448
448
451
451
452
455
454
456
454
454
450
445
444
444
444
442
444
450
457
455
460
458
459
460
461
459
459
455
450
448
444
444
443
439
439
438
438
439
442
445
440
441
443
452
460
474
490
506
513
512
510
504
504
497
492
482
470
469
459
451
453
453
453
457
456
456
453
458
460
471
487
504
512
517
520
516
510
504
498
496
483
494
485
487
498
496
500
513
518
504
501
511
516
534
543
541
531
529
514
498
482
478
475
476
478
468
465
461
463
466
475
490
512
524
530
528
518
490
484
474
474
479
481
485
485
485
483
480
487
486
484
483
482
482
480
476
468
475
473
476
477
481
482
480
474
470
471
468
467
461
459
459
458
455
453
453
452
447
447
445
446
447
453
456
454
456
458
460
463
465
463
463
457
453
450
452
452
450
449
454
459
468
475
485
502
496
495
497
500
506
506
497
493
497
498
495
495
492
486
494
494
498
502
505
498
492
488
489
489
478
476
472
475
474
475
475
479
477
476
477
480
482
484
481
483
490
488
485
488
487
488
486
479
475
471
463
457
455
455
455
458
454
450
456
464
479
499
524
536
533
534
542
548
560
560
537
517
517
507
504
496
507
509
510
515
514
507
504
495
488
481
476
475
474
475
474
475
477
478
468
467
469
476
487
510
538
535
565
555
548
544
527
518
505
497
482
476
477
483
493
505
524
539
550
542
522
508
507
502
497
494
489
487
480
478
485
483
486
486
487
484
488
488
490
489
491
489
482
476
475
474
475
479
482
487
487
479
477
469
477
476
475
472
470
466
465
462
465
462
461
462
460
456
455
455
456
458
463
467
467
464
465
462
462
464
464
464
453
447
451
453
455
458
464
469
476
480
482
483
482
479
476
476
480
477
476
470
474
473
477
480
488
498
512
523
528
533
533
535
525
504
490
487
480
477
479
481
482
488
491
495
498
497
499
497
493
489
482
480
481
483
484
480
476
483
488
495
501
504
497
494
489
488
478
477
475
472
472
472
477
473
475
483
498
509
502
506
531
556
562
560
549
529
515
505
499
493
486
479
474
474
474
474
478
485
502
519
541
549
551
538
517
521
499
499
491
487
483
483
484
484
494
502
509
519
525
530
524
524
521
504
494
494
486
491
487
490
492
503
512
532
540
520
509
523
534
539
544
544
542
530
521
513
503
496
495
498
503
511
521
532
545
559
561
551
558
567
580
587
586
582
553
526
507
511
505
504
508
508
512
512
503
495
486
479
478
470
469
460
465
460
461
460
461
462
461
461
462
464
465
471
483
491
504
509
499
501
508
517
501
494
482
486
484
482
478
472
472
477
484
506
532
582
625
598
543
519
496
509
497
500
503
509
514
519
530
545
557
569
602
619
638
639
623
625
616
625
628
628
625
606
615
615
622
642
627
581
576
581
610
617
620
615
579
573
565
570
577
575
573
595
611
623
623
575
550
531
528
521
521
522
523
519
523
526
514
521
542
567
605
612
618
626
614
608
596
575
586
604
641
664
680
644
642
642
650
641
621
622
611
614
608
600
624
657
684
679
721
699
660
651
625
601
590
586
577
589
596
626
659
688
691
695
698
654
648
621
608
593
602
607
617
623
651
664
651
633
628
618
595
588
575
579
577
583
590
604
628
624
624
622
617
582
585
579
579
591
589
605
623
629
615
617
631
641
645
617
609
592
582
561
555
550
551
563
565
575
584
590
595
585
586
579
574
558
567
560
561
555
552
560
563
563
550
549
550
553
554
540
517
517
511
512
517
528
533
539
517
509
500
498
492
491
494
490
489
487
486
485
485
486
490
505
521
528
550
589
642
724
771
731
671
672
654
644
640
611
642
664
708
745
710
688
677
635
639
618
612
591
602
611
620
648
657
623
625
614
608
614
610
623
622
604
616
626
645
645
648
608
623
626
645
660
685
662
629
622
615
629
644
679
620
622
613
615
613
601
574
575
574
574
575
574
568
578
587
612
663
693
676
665
644
579
577
549
544
541
552
569
609
661
709
731
703
678
654
632
616
613
576
591
597
623
659
681
674
700
683
666
685
650
658
642
634
643
646
672
688
704
698
676
688
674
657
626
629
635
644
650
686
695
691
648
666
657
678
664
699
689
674
629
596
607
621
627
693
747
752
679
691
673
646
604
611
604
618
628
616
621
627
620
629
630
620
606
604
604
611
614
600
633
646
662
669
651
641
655
630
602
615
601
589
551
546
540
541
547
555
553
559
565
565
588
605
588
594
585
605
589
590
581
567
554
522
524
509
534
573
670
730
758
754
721
677
667
671
677
700
743
800
872
940
957
895
843
790
737
704
688
688
705
727
740
749
728
728
708
687
661
670
670
695
691
717
687
657
614
618
646
694
687
700
727
738
748
771
770
719
710
663
673
664
673
686
763
816
833
793
787
742
709
678
668
667
661
685
699
743
749
762
740
731
714
691
667
655
650
678
678
705
679
651
662
692
707
702
706
690
663
658
648
656
656
662
680
724
767
771
734
695
688
688
673
672
667
664
662
681
683
710
696
692
694
686
693
694
696
688
683
687
662
637
618
611
604
612
655
685
742
732
723
701
680
634
635
615
589
580
582
598
623
648
702
730
755
730
708
685
669
656
649
648
654
671
658
636
601
585
579
626
651
726
729
692
661
649
637
621
616
612
617
633
663
691
773
773
753
721
680
643
625
618
610
596
603
608
593
633
699
689
710
690
663
632
614
591
578
571
575
588
612
630
661
659
653
653
659
654
651
635
639
630
658
670
689
696
664
681
652
624
621
621
638
672
704
725
706
695
650
629
625
632
642
647
665
683
691
688
668
651
636
622
611
604
613
646
731
822
833
798
760
711
684
671
660
664
660
673
738
797
823
798
700
682
665
687
713
753
745
731
737
724
710
702
688
653
686
655
621
621
609
617
607
593
581
577
578
577