689
631
600
625
656
699
729
735
799
854
854
835
814
780
729
697
697
719
702
659
647
711
741
737
670
647
604
628
625
638
627
611
593
600
600
574
627
682
652
690
713
716
664
632
653
649
659
610
624
640
672
693
737
744
678
687
707
747
766
724
739
671
783
681
741
696
735
708
680
667
713
705
700
719
734
712
678
701
698
664
684
724
785
817
827
819
824
758
754
752
630
671
654
718
725
713
723
742
748
732
703
647
686
688
713
746
707
728
739
714
732
706
688
650
670
700
716
718
671
651
661
660
666
689
654
653
686
693
674
628
642
596
596
634
756
801
815
815
780
731
719
707
703
691
678
686
632
596
626
642
659
654
695
710
735
747
622
713
664
653
642
639
611
585
612
610
641
643
650
731
807
801
770
864
817
747
673
619
607
675
845
915
998
998
800
730
667
604
633
674
1011
973
907
892
770
793
749
739
754
738
812
750
746
696
674
777
744
811
840
828
787
813
805
799
796
808
798
750
814
837
825
837
888
818
810
847
828
799
862
838
778
836
806
789
835
823
795
843
831
822
819
855
812
774
806
804
787
841
867
785
826
836
778
817
813
816
802
849
846
829
876
849
794
841
814
788
825
897
875
833
906
889
803
847
800
771
812
693
779
781
831
872
824
824
870
848
784
813
797
759
755
800
825
802
871
797
724
744
751
800
802
785
771
767
835
800
755
659
688
678
725
789
836
801
844
867
848
822
897
859
830
849
879
822
913
910
857
834
852
765
741
804
832
841
844
864
818
742
700
707
752
799
798
803
873
867
872
841
790
813
791
800
807
827
809
800
826
828
755
787
780
750
690
685
657
717
828
830
786
834
821
753
785
810
767
780
847
852
812
877
861
777
787
804
798
744
814
826
777
843
831
756
701
753
785
802
773
772
847
805
763
848
810
751
809
789
760
851
851
834
856
832
777
728
724
728
800
800
762
723
668
714
746
753
849
845
797
835
839
804
815
795
779
741
831
815
813
900
919
816
870
885
872
817
902
874
829
913
882
884
861
811
851
829
802
795
802
763
718
735
736
729
765
812
786
771
808
833
779
737
785
757
695
708
697
645
627
646
705
730
764
841
852
796
834
813
751
802
815
850
814
878
867
812
852
845
840
770
815
798
722
713
784
830
763
769
771
700
725
693
694
698
681
650
653
644
623
622
607
604
605
602
590
573
563
541
531
521
524
525
562
707
879
870
865
816
801
780
781
776
726
747
655
588
632
685
786
793
802
808
854
825
807
758
801
715
665
699
729
724
853
779
786
700
695
697
699
723
769
782
785
724
669
691
658
663
684
810
867
866
784
736
659
670
647
684
683
698
684
661
646
617
625
627
590
556
578
573
598
655
719
722
667
701
689
700
666
645
675
662
654
632
659
637
586
580
580
596
633
747
808
662
643
609
605
608
593
614
615
607
601
631
650
692
652
682
682
687
636
638
614
637
646
657
647
707
712
721
669
696
667
674
653
697
682
681
629
638
636
653
633
625
617
586
658
813
724
743
702
657
625
646
669
691
718
672
709
724
771
725
706
751
732
729
714
799
795
764
794
760
713
728
727
744
721
745
696
667
683
709
741
703
666
717
741
808
761
731
758
773
767
727
723
729
713
688
754
750
756
702
649
614
597
606
612
615
606
570
552
581
602
630
671
686
674
666
636
644
643
637
629
665
741
720
682
680
743
794
795
789
783
772
911
805
771
735
733
681
660
661
713
781
779
778
786
771
682
706
684
668
615
604
565
567
597
621
681
726
740
719
654
662
647
656
610
644
659
710
698
684
727
685
678
645
655
638
633
593
604
598
603
597
581
595
588
606
585
556
561
608
658
699
674
738
758
756
722
686
679
632
621
631
622
628
633
585
584
573
585
578
575
569
559
552
547
527
527
530
528
533
544
561
586
554
533
506
496
512
489
518
530
538
530
527
532
544
546
561
566
577
599
635
641
615
605
563
551
531
527
563
544
559
555
528
520
523
560
588
609
605
529
512
511
518
504
506
519
524
541
539
520
510
519
510
512
517
514
515
516
511
512
503
505
496
495
504
503
506
524
544
568
574
605
609
602
605
580
571
524
534
515
517
518
522
547
530
518
526
518
521
521
522
522
521
524
531
524
538
552
577
601
610
580
536
516
541
535
549
571
579
579
574
571
564
560
561
565
582
587
574
612
564
604
698
771
754
652
591
584
578
601
610
657
645
659
629
604
604
557
581
562
585
602
631
645
646
588
623
603
598
563
579
563
560
546
527
521
519
521
533
557
592
637
666
658
667
679
699
688
670
663
684
597
616
690
740
804
843
773
762
740
692
660
649
622
624
653
610
621
639
661
646
668
698
724
709
669
683
670
651
666
683
706
804
812
782
801
807
773
749
726
706
729
693
639
700
714
835
785
783
767
692
689
672
749
780
749
778
763
764
765
746
748
731
740
711
722
739
745
796
722
679
643
629
592
597
572
591
599
646
675
735
731
736
728
693
683
671
672
641
690
681
706
730
711
710
700
674
642
671
661
703
688
618
638
702
783
814
776
754
688
636
629
643
653
707
766
709
677
726
731
791
774
781
742
774
772
780
752
720
769
754
778
740
786
779
820
811
795
827
807
821
818
802
822
818
832
796
762
805
784
808
718
755
716
775
683
674
704
748
752
763
751
719
752
750
772
718
798
754
753
706
811
825
836
792
750
748
669
643
665
715
789
838
775
732
765
744
766
678
664
628
603
647
643
720
754
854
807
725
742
719
724
730
705
745
938
901
820
771
739
738
720
721
766
800
809
727
775
740
760
719
712
760
801
814
770
826
830
808
741
798
756
746
745
793
777
768
726
767
752
681
733
669
635
629
663
675
755
782
801
728
713
710
692
694
686
724
777
745
679
610
616
619
679
708
787
807
838
807
785
771
662
691
612
668
675
771
856
878
890
821
848
835
804
768
702
756
760
808
783
832
840
773
715
715
679
649
593
606
622
605
612
641
695
756
662
713
685
704
697
686
652
687
736
783
812
824
758
806
759
717
787
791
815
800
818
813
776
774
788
846
876
844
833
798
743
783
752
693
687
676
673
705
823
844
838
777
733
740
738
750
705
768
744
725
685
654
670
658
652
677
635
588
631
639
663
652
671
645
621
634
655
673
681
660
664
635
666
629
631
592
641
725
707
734
668
679
732
682
696
611
584
582
664
749
816
758
700
675
692
692
690
685
666
655
627
656
710
774
761
819
837
720
731
702
709
679
697
668
661
670
679
639
683
631
635
609
609
613
599
582
585
608
624
655
653
626
653
579
646
590
595
574
556
561
555
557
546
555
564
570
573
565
604
613
626
581
594
566
596
641
646
667
626
631
614
625
581
591
582
587
603
608
644
653
655
583
600
604
614
644
686
644
585
619
595
634
670
839
813
710
716
724
708
673
685
674
668
644
698
707
788
752
809
763
777
644
615
618
644
726
807
755
771
771
782
720
713
696
694
710
672
665
670
670
670
690
650
669
706
706
719
645
641
638
661
674
702
691
699
677
674
650
653
640
619
631
620
643
646
678
685
702
688
658
646
621
589
575
585
598
635
656
656
592
587
667
691
721
729
701
684
668
675
667
674
650
684
727
759
746
782
769
764
686
685
663
685
663
707
725
784
711
783
786
748
771
741
728
674
700
670
651
627
579
598
598
645
704
765
716
685
675
651
645
674
665
619
578
534
568
578
581
576
581
570
566
537
545
521
521
514
515
507
503
496
492
488
499
538
558
707
897
830
755
683
611
590
689
710
791
718
711
745
754
731
633
567
534
534
536
566
610
717
778
718
659
651
613
602
598
607
556
582
611
681
718
763
752
705
694
678
664
604
639
699
775
702
647
646
623
650
660
649
719
748
729
717
753
719
701
684
664
647
648
631
587
557
563
544
521
541
563
614
633
622
695
747
778
775
763
755
739
705
748
786
797
792
833
804
814
764
708
641
619
618
668
690
737
727
707
732
737
766
779
771
837
850
822
801
813
765
767
771
774
780
787
825
834
789
751
721
733
754
892
881
869
846
795
775
692
706
712
694
665
590
617
627
612
635
660
804
763
693
618
604
609
597
634
626
668
581
631
609
630
679
681
682
646
644
614
613
617
604
620
612
580
636
621
640
663
688
691
699
663
730
730
735
723
724
696
696
643
673
660
698
710
642
720
749
794
747
693
697
679
573
570
543
549
539
527
541
548
580
656
707
725
642
574
604
619
646
665
658
684
638
585
571
577
579
623
724
776
789
780
748
718
641
685
659
705
660
661
653
719
792
771
684
708
618
615
623
581
626
634
666
654
610
586
567
561
546
568
604
676
681
743
746
740
694
622
551
554
587
619
668
657
669
680
677
668
642
610
597
591
595
599
607
631
617
607
622
609
593
591
577
574
564
545
559
565
587
605
623
628
633
613
652
610
612
616
555
580
567
558
556
547
566
560
591
554
553
571
576
571
592
594
612
596
584
564
537
529
522
512
522
502
498
499
500
511
511
526
526
556
547
560
538
568
548
564
567
590
566
604
582
618
606
610
621
649
659
659
642
608
611
572
545
554
545
581
637
746
729
721
692
699
666
650
602
613
607
643
645
597
577
571
601
604
618
629
627
622
626
623
615
564
535
535
521
522
536
562
591
623
674
711
695
702
652
634
611
559
594
629
659
665
587
584
638
660
699
737
719
697
689
687
710
746
676
689
667
737
745
678
679
657
650
631
588
573
608
636
663
662
605
626
638
709
757
768
754
679
721
686
724
773
836
846
847
831
802
791
787
742
729
714
714
696
647
684
686
709
733
729
710
697
698
694
700
715
699
735
710
698
630
597
590
627
687
703
737
655
692
638
648
656
631
612
620
612
562
587
579
617
665
728
706
690
653
553
544
537
537
520
515
518
529
547
566
576
622
638
676
634
641
616
600
541
564
553
565
596
633
688
675
601
536
537
529
534
548
580
601
624
598
617
607
628
631
637
641
640
645
634
639
618
586
594
580
570
569
572
593
624
666
611
584
552
578
537
529
521
520
509
504
504
521
534
546
520
515
521
522
514
519
544
696
962
1016
990
910
814
759
729
674
634
668
662
831
747
706
697
665
658
621
583
549
543
558
549
565
577
598
632
657
620
596
594
587
607
625
664
703
729
735
737
721
681
696
701
729
728
714
627
622
589
577
581
587
631
679
726
766
781
717
688
655
620
615
609
543
567
600
695
896
946
933
859
742
714
698
716
728
801
797
787
776
634
650
614
629
643
677
646
619
628
589
642
600
642
647
635
640
654
608
640
604
610
616
567
563
537
565
560
567
555
535
535
540
554
584
626
642
644
673
696
701
750
722
754
733
720
615
635
604
645
706
792
723
735
667
702
704
747
737
729
651
671
667
701
707
740
722
706
672
645
651
664
663
694
671
645
637
639
628
600
609
598
609
647
616
619
627
657
605
559
565
587
588
612
642
668
702
682
700
688
648
610
619
617
567
563
604
649
791
739
688
675
640
620
613
589
609
608
624
684
735
720
778
782
761
706
694
663
604
596
573
574
581
569
569
565
572
550
563
566
592
612
638
604
579
573
568
558
520
518
517
506
520
529
554
568
568
586
593
564
563
566
594
601
550
560
562
613
672
709
670
646
637
621
645
648
635
646
644
651
626
642
647
666
652
588
604
596
568
562
570
599
631
627
615
548
567
551
560
560
573
585
621
679
733
679
731
708
722
658
607
620
660
742
779
649
638
585
582
608
653
787
819
843
870
795
736
711
697
720
739
853
742
684
641
598
591
575
575
613
635
709
699
691
712
701
673
664
681
722
756
728
695
722
731
737
666
637
613
646
683
769
756
742
790
806
787
768
697
752
736
762
796
770
725
806
793
767
737
751
808
834
755
760
775
749
775
787
765
729
747
741
678
623
651
677
762
788
792
807
742
686
716
727
761
744
737
792
771
740
755
746
719
729
654
690
692
718
721
788
766
713
713
709
707
701
697
773
731
723
703
680
763
803
743
748
688
615
603
641
680
772
790
757
787
785
799
796
748
746
709
745
789
816
767
824
771
676
649
643
672
676
753
728
691
680
684
687
692
683
654
664
637
665
627
614
578
599
622
686
753
784
726
669
640
626
603
610
633
629
671
683
663
723
693
688
686
658
657
677
698
701
709
685
724
647
626
624
633
597
618
576
564
585
592
570
549
529
510
518
509
506
503
500
506
514
525
550
580
588
596
572
589
573
580
560
550
526
526
513
514
540
552
566
801
877
966
922
854
796
771
690
727
778
916
1002
985
849
694
705
720
726
777
805
847
819
849
713
792
737
768
752
679
706
705
722
675
681
685
707
687
697
652
680
691
764
734
737
749
755
735
732
775
774
773
757
711
697
731
776
785
770
729
713
749
752
802
733
760
819
835
896
828
751
707
745
772
902
817
907
853
844
852
795
791
811
862
836
813
851
749
764
747
748
644
636
678
704
788
838
818
813
788
730
628
636
652
729
785
819
810
799
770
660
667
644
643
648
688
746
849
834
866
823
740
733
693
666
676
652
727
716
780
777
790
798
796
740
724
727
708
714
700
773
759
672
713
703
747
743
701
694
604
598
590
603
626
647
652
646
651
654
656
678
752
772
751
777
753
708
666
667
670
683
654
690
766
861
789
751
771
729
713
777
773
666
697
701
726
710
739
731
709
627
633
623
623
618
620
623
577
593
613
626
639
729
798
821
782
784
762
749
683
744
728
734
743
808
833
800
775
813
752
705
754
762
921
892
887
855
800
833
816
784
720
797
868
903
835
853
844
861
794
846
823
823
773
833
825
764
802
778
737
745
647
623
621
613
610
610
594
596
594
580
564
576
605
636
718
746
789
792
764
716
676
701
713
759
797
829
845
791
779
714
744
722
681
701
673
687
674
764
726
738
715
579
585
548
543
543
559
563
569
592
622
640
634
656
595
618
597
649
575
535
522
506
505
494
486
483
478
479
478
484
493
502
520
545
541
551
548
555
562
573
567
560
561
567
547
561
548
536
548
545
541
538
552
533
537
514
519
530
578
656
714
633
556
507
498
488
492
500
515
563
642
743
703
593
640
561
559
548
550
567
564
581
579
538
528
535
537
547
568
615
678
647
638
615
607
578
562
575
558
600
643
623
665
683
736
707
655
634
634
633
626
610
587
598
617
624
608
632
639
664
671
665
634
603
626
639
666
614
594
606
606
659
729
799
780
824
718
650
611
604
610
618
628
653
624
646
683
701
701
771
805
736
622
599
577
646
642
686
621
600
562
560
574
592
612
654
706
740
760
780
759
752
720
690
669
637
646
606
587
617
683
750
647
679
686
692
726
744
688
656
597
587
572
579
572
593
596
603
641
626
615
600
610
622
642
656
655
614
647
642
664
661
667
666
670
678
699
779
795
790
748
736
740
724
801
762
703
722
707
749
727
772
744
667
641
646
665
727
807
818
807
766
729
722
717
688
676
661
628
613
611
614
572
542
562
572
575
589
568
576
549
541
528
525
534
546
570
603
646
709
729
730
747
749
736
693
645
623
603
636
635
651
629
617
599
613
667
700
724
726
712
736
744
742
703
661
696
685
665
698
683
663
670
602
624
699
730
805
771
772
770
752
764
728
806
804
813
787
754
659
777
720
764
754
726
752
783
805
830
824
809
817
793
759
822
839
826
807
847
840
736
809
801
784
832
863
857
850
868
841
773
718
690
764
790
765
807
756
707
694
685
613
590
610
646
662
671
654
675
688
722
720
743
728
690
699
694
674
634
596
551
539
555
831
772
825
732
704
735
709
704
638
605
574
582
589
600
640
703
779
799
799
782
764
789
775
710
707
706
701
765
751
671
690
734
745
713
743
741
720
657
715
709
715
691
752
758
721
743
740
739
663
726
703
701
618
626
692
708
686
704
699
683
722
711
707
688
753
768
773
729
800
780
755
787
755
741
709
758
744
720
685
736
748
772
811
754
799
743
744
741
741
729
768
743
731
742
721
731
672
690
637
669
695
819
870
856
845
793
768
764
739
747
702
787
809
855
804
854
813
792
760
729
718
759
769
799
791
772
730
764
715
691
728
741
702
769
778
762
762
790
787
766
789
779
730
768
702
692
661
624
644
645
574
572
561
552
546
552
581
578
574
547
523
534
516
517
510
500
496
495
488
487
478
481
481
492
487
509
534
606
734
819
846
852
722
636
647
617
666
648
626
604
571
604
593
663
677
633
565
542
523
538
532
612
686
774
679
642
641
619
571
584
664
804
883
869
816
749
709
696
718
752
760
803
812
789
820
842
823
787
774
804
791
757
811
807
763
798
789
737
790
781
742
704
695
692
694
718
721
651
619
600
627
661
740
758
765
747
729
695
713
716
689
730
757
813
820
834
781
786
748
742
710
742
769
723
836
777
809
748
776
717
702
764
729
735
727
731
656
626
647
672
704
755
794
761
779
722
721
717
781
759
765
769
729
771
763
732
809
792
767
795
800
785
737
772
752
714
695
707
720
671
649
617
594
598
585
614
640
604
622
589
579
572
579
571
561
538
533
530
531
521
518
511
507
502
510
524
595
646
646
658
653
690
659
613
552
594
572
599
603
604
575
555
540
528
520
510
503
500
498
505
515
550
687
889
958
921
948
923
913
822
773
755
725
759
701
614
572
554
556
556
563
567
551
564
540
544
538
536
548
561
586
563
546
538
538
540
542
540
534
523
521
521
506
510
510
534
547
548
557
594
579
546
563
535
547
543
544
525
521
533
541
551
566
573
569
582
598
590
627
640
651
603
581
603
650
672
660
701
690
688
666
610
596
593
607
597
602
589
598
627
623
722
699
752
729
700
720
702
691
704
720
698
771
759
751
712
759
725
685
671
645
617
633
658
820
735
657
644
668
675
689
696
663
596
597
592
617
639
662
648
613
612
622
646
669
697
692
683
695
666
604
601
623
647
677
722
771
748
744
678
675
661
699
667
683
723
771
742
720
746
719
698
683
705
710
722
709
768
729
688
705
676
666
667
635
637
655
791
715
660
676
649
787
730
721
674
701
707
786
732
816
781
750
755
766
758
681
715
703
740
748
729
685
694
672
669
671
682
679
684
722
778
741
662
646
610
627
631
654
646
596
591
639
668
630
630
601
605
593
604
616
615
652
683
725
727
693
689
643
615
613
612
638
774
1123
1034
970
837
726
687
672
702
776
732
692
705
732
785
832
771
719
669
601
583
604
624
642
787
730
707
670
642
627
603
607
603
585
587
617
1064
966
854
729
727
731
778
777
750
754
750
754
754
755
835
819
791
825
803
758
795
779
748
787
784
763
770
801
759
736
767
715
688
671
683
657
670
704
719
677
685
676
698
614
589
610
645
649
665
724
738
697
721
677
624
582
581
592
613
646
657
658
629
648
667
668
652
599
569
600
650
738
754
776
805
789
749
742
650
661
653
705
789
809
827
830
822
783
714
638
576
548
559
563
751
918
889
838
771
717
717
744
833
827
839
864
831
798
733
650
647
634
646
646
639
682
658
594
604
615
624
654
657
648
591
594
604
621
638
640
637
660
651
653
639
642
626
636
621
565
560
541
536
541
539
546
553
541
543
544
561
531
542
519
521
526
536
556
608
669
738
741
712
688
656
648
601
621
623
640
649
578
618
595
633
665
701
663
701
698
744
750
760
715
704
723
728
760
720
832
815
785
785
820
808
774
784
799
765
764
775
753
774
795
797
753
773
731
669
677
608
644
725
690
807
805
811
793
739
697
701
693
717
778
786
789
835
812
813
741
791
781
775
756
707
680
697
687
651
797
833
838
797
724
686
650
592
579
600
623
654
700
693
666
653
638
579
567
562
547
541
545
537
526
525
558
604
717
716
729
719
711
678
640
601
597
601
646
672
759
750
750
755
733
692
732
726
754
719
627
605
613
599
632
645
789
792
697
740
686
667
654
640
624
628
616
653
700
702
648
689
689
709
675
645
627
603
597
571
593
589
595
593
633
627
569
575
598
584
624
652
720
699
687
697
665
641
606
642
653
678
700
666
699
685
680
680
733
771
798
754
821
772
703
751
720
721
645
692
695
761
725
758
714
695
632
638
674
801
833
749
671
668
629
685
672
703
678
681
623
591
559
537
529
541
681
785
810
796
646
638
634
630
657
663
682
694
687
605
619
673
768
773
736
734
698
701
708
732
707
729
721
698
670
660
678
725
709
752
753
707
708
643
689
682
687
683
770
763
747
630
675
704
765
763
722
694
683
675
678
695
704
708
696
682
686
665
639
604
648
646
711
705
714
682
654
667
670
691
673
672
673
643
693
691
684
672
701
670
656
629
583
551
535
525
535
536
546
543
553
589
650
771
757
693
713
715
692
662
698
687
698
665
720
678
656
612
616
601
630
677
708
643
618
626
644
692
714
701
659
703
689
710
715
682
711
733
715
711
725
731
715
726
778
785
732
761
737
742
683
725
706
738
732
775
810
762
814
792
738
723
696
670
650
668
667
682
839
850
847
792
687
703
676
672
650
631
611
649
652
687
677
708
736
716
723
733
695
692
706
716
724
707
654
685
695
707
722
741
771
803
734
752
757
749
714
709
679
650
669
697
715
743
696
741
723
664
617
613
648
688
715
721
673
713
698
717
687
730
694
688
646
665
665
690
678
752
762
737
769
711
658
685
645
658
681
740
804
783
756
782
739
736
670
718
698
758
742
764
784
772
749
645
624
623
689
706
729
677
747
715
737
716
689
644
689
680
727
686
781
710
714
707
648
642
600
576
553
545
536
529
525
525
533
545
572
612
640
639
585
617
573
573
586
641
587
604
607
646
646
667
646
647
647
666
707
722
723
813
874
905
922
847
823
805
744
771
785
801
760
906
852
788
728
765
737
680
712
736
757
702
633
650
675
675
705
715
737
680
732
717
676
681
680
697
735
697
637
632
645
704
764
763
784
751
734
740
724
715
686
756
776
755
700
732
691
682
666
748
754
736
821
790
770
686
686
636
584
570
608
649
735
742
771
703
733
742
719
674
665
657
622
598
581
575
538
546
566
632
681
707
675
657
598
590
590
595
617
601
627
642
688
708
715
640
582
539
517
514
491
521
582
698
758
658
587
558
545
561
590
680
839
922
977
966
849
754
687
638
646
587
584
621
680
742
754
768
775
724
749
635
569
558
553
555
562
582
564
569
563
540
503
500
490
492
490
495
502
512
522
538
549
554
605
605
571
553
538
507
499
491
479
486
481
486
488
497
501
506
510
509
503
504
497
495
475
479
473
470
463
469
470
471
469
463
469
465
466
465
465
469
461
465
463
462
455
459
459
469
479
508
511
511
511
515
518
521
515
518
517
520
524
523
517
485
493
486
491
487
498
506
517
531
542
546
546
531
509
527
519
538
536
530
490
542
530
634
628
646
630
613
583
575
568
545
542
529
506
521
519
565
604
672
676
659
632
618
596
589
575
583
598
607
564
521
519
509
504
511
518
521
534
546
561
574
598
616
616
628
624
611
549
532
534
538
550
559
564
561
517
511
501
486
483
488
491
513
510
527
517
522
519
522
523
522
515
531
532
542
562
565
566
569
558
562
544
515
525
518
527
534
542
536
532
542
540
553
552
552
545
555
517
519
479
493
483
490
506
527
552
537
540
511
535
521
536
528
490
529
509
511
506
507
503
512
509
539
549
598
611
649
660
559
608
554
580
566
576
581
559
535
497
540
541
573
589
541
557
529
546
530
553
541
556
550
553
548
553
557
563
560
571
568
570
572
547
539
493
505
492
499
511
533
540
570
570
574
567
578
585
572
558
534
526
516
515
511
521
523
542
558
581
576
548
563
568
614
645
680
665
652
629
600
573
528
524
523
533
569
632
734
742
671
616
613
601
621
651
696
655
611
563
529
519
523
526
536
552
552
597
604
601
543
538
555
555
561
584
585
582
572
551
561
552
532
525
510
498
497
495
497
526
570
625
685
685
617
625
614
649
634
618
588
563
552
541
536
532
528
499
509
518
544
592
593
708
723
763
744
733
702
681
658
660
672
735
762
729
729
693
656
626
628
642
665
703
666
729
729
759
762
725
729
730
713
723
710
760
770
805
815
777
766
785
772
804
770
735
743
699
646
604
677
728
755
749
725
716
716
729
736
741
728
700
727
696
633
662
731
708
778
768
774
678
701
689
711
713
731
718
713
674
688
686
694
680
733
754
760
744
682
725
701
736
712
674
692
689
632
632
658
689
702
698
652
659
653
659
641
649
678
728
723
703
745
747
728
698
723
728
744
756
741
737
720
677
702
693
737
715
730
771
750
688
678
634
613
652
648
627
586
579
554
539
525
515
508
513
547
652
875
907
874
791
681
665
670
666
653
657
641
644
655
687
689
696
663
712
732
778
706
732
714
699
628
668
693
813
835
789
762
776
771
747
706
691
712
715
744
760
784
792
832
753
790
784
780
726
770
777
779
718
761
739
791
733
779
785
819
785
738
712
685
638
597
620
614
642
737
770
899
878
881
851
816
830
803
744
787
739
728
720
753
807
823
816
730
814
758
720
706
745
777
771
776
723
799
802
837
749
815
785
743
734
824
867
843
801
840
815
777
732
773
746
735
685
738
729
767
709
773
774
766
733
788
742
711
700
735
736
753
727
784
797
749
769
757
732
680
693
702
676
648
654
598
634
689
749
826
849
774
804
775
756
710
761
718
750
691
760
740
745
698
746
771
794
795
788
821
810
801
740
681
638
635
644
721
866
896
821
768
688
643
608
566
583
648
885
881
905
868
790
779
760
708
691
650
647
660
728
772
703
780
747
727
663
658
643
689
715
745
718
737
646
650
611
604
594
599
604
623
631
631
704
669
632
637
640
650
671
668
637
621
620
604
612
612
613
634
683
733
706
675
605
569
534
541
525
533
528
551
560
570
586
574
570
566
558
547
536
524
507
497
494
490
488
491
496
514
522
537
554
589
580
548
535
547
554
568
539
532
535
552
570
589
615
649
673
674
691
677
656
634
620
633
658
653
640
671
719
765
808
801
744
758
751
751
756
730
795
772
841
779
784
807
768
761
772
781
774
833
823
833
759
796
764
776
769
772
799
758
769
787
796
772
737
725
736
804
790
780
752
770
808
816
757
788
770
811
800
817
818
820
790
725
748
703
752
751
760
756
703
684
690
704
746
762
756
754
728
729
643
630
657
689
765
779
746
729
771
792
813
775
770
692
623
586
565
566
570
643
694
785
665
700
647
626
623
588
563
564
589
664
771
800
829
820
795
770
731
719
703
704
720
748
762
676
693
691
750
787
830
823
808
797
777
761
732
750
779
778
763
786
823
886
864
840
814
771
779
780
812
816
781
765
812
798
750
771
696
664
684
705
733
774
759
823
807
780
738
801
787
672
809
816
941
935
864
727
657
682
722
762
745
792
828
843
813
815
789
747
763
736
771
771
798
754
735
679
678
657
633
614
601
624
631
660
675
653
639
626
663
721
716
738
718
714
709
696
703
720
723
759
771
736
717
701
705
671
648
654
671
688
711
733
684
675
623
625
621
641
646
687
725
711
728
743
730
718
712
697
665
636
642
604
596
607
666
785
869
901
883
835
791
730
657
622
587
628
717
893
952
896
862
827
806
766
749
737
753
768
781
785
782
768
773
789
787
797
762
756
706
686
701
736
789
827
841
935
911
863
824
833
799
755
695
702
702
780
831
868
848
819
802
754
729
769
770
773
779
775
788
824
824
828
799
792
768
739
699
668
636
649
665
706
768
792
779
729
656
654
670
700
729
729
787
790
797
803
786
760
712
649
646
646
642
673
669
659
677
692
682
704
690
666
649
649
666
684
702
687
726
718
706
679
704
686
710
681
639
659
664
710
732
710
687
679
654
619
585
571
568
549
547
552
569
618
608
623
604
611
623
642
645
648
635
602
592
577