779
912
800
952
813
714
734
748
938
938
1264
1131
1086
1003
842
783
839
1065
1120
1292
1146
1101
1109
1073
997
939
899
1216
1193
1152
1105
1017
1045
1274
989
1018
1008
923
1068
1019
900
798
801
787
749
930
990
960
956
1091
1148
1083
1010
918
830
782
776
749
714
729
680
658
640
629
614
634
652
666
695
729
720
676
652
637
654
671
663
647
667
687
715
802
858
916
794
835
788
779
723
764
754
721
710
816
803
1055
1137
961
905
993
908
827
980
1138
1343
1227
1137
1021
1088
933
1372
1334
1195
1135
1074
978
895
972
965
1256
1188
1114
956
910
959
896
1056
1238
1072
1090
1088
1046
1167
1215
1150
1158
1173
1064
1148
1261
1241
1210
1154
1066
1141
875
893
982
942
890
938
888
738
835
1066
1013
911
945
1000
1011
1014
915
878
1049
1047
933
999
978
925
1316
1229
1120
1211
1145
1055
1226
1178
1238
1327
1246
1100
1039
1350
1353
1210
1221
1228
1317
1327
1255
1163
1238
1153
1244
1281
1148
1076
1171
1070
1020
956
883
753
1168
1284
1181
1192
1121
933
954
1037
951
905
988
957
918
1039
1172
1133
1068
881
899
944
1081
950
1066
1054
1087
980
1063
1025
942
961
960
1025
1462
1304
1229
1213
1159
1079
1053
1086
1304
1198
1187
1169
1068
1025
1278
1172
1076
1086
860
757
785
859
779
737
696
744
930
949
943
867
896
907
815
799
737
808
829
775
836
815
751
740
746
754
725
731
740
733
760
785
831
785
733
817
889
892
814
863
924
828
806
812
756
661
682
662
698
748
828
735
789
782
783
771
732
698
698
676
652
627
633
624
622
609
620
618
612
611
624
2512
4711