855
921
899
879
706
711
658
627
611
596
575
578
588
622
689
710
795
837
852
779
692
711
738
805
760
866
830
793
719
758
656
719
631
675
645
607
624
621
611
595
591
582
575
561
553
552
551
556
562
585
603
626
642
644
596
577
605
595
594
610
598
594
549
542
534
527
524
528
528
529
527
525
523
513
521
544
548
552
586
602
571
574
553
537
525
525
529
524
534
548
591
604
621
625
636
593
587
598
606
598
601
562
547
538
557
557
560
597
617
661
676
654
721
762
752
763
737
665
619
681
815
932
1005
899
815
765
712
725
724
758
842
872
858
868
797
700
766
731
709
712
721
671
703
693
822
691
658
686
617
687
688
831
739
693
768
794
908
1080
979
838
670
696
758
1016
1057
1039
1037
1001
979
954
914
942
936
847
688
697
696
653
626
630
656
676
712
761
729
746
759
775
756
664
680
672
655
740
726
712
653
646
658
682
687
684
677
703
750
809
818
763
661
599
570
579
572
659
1017
971
975
854
769
796
819
870
855
780
686
656
679
679
795
756
755
729
706
690
681
656
664
670
659
731
785
818
740
763
754
790
748
680
735
649
680
830
810
934
911
834
877
876
837
894
931
827
790
772
713
710
717
728
729
751
765
739
751
686
682
659
660
700
688
795
873
888
813
857
866
817
872
895
817
801
764
739
783
825
751
677
705
685
747
886
925
875
889
878
822
739
716
690
643
676
728
749
836
750
832
800
732
746
712
659
618
601
604
619
657
714
726
771
813
810
711
720
702
700
697
657
673
670
651
667
663
682
652
660
682
706
629
655
647
606
663
725
688
693
659
688
656
629
612
599
584
581
611
674
758
776
809
854
825
775
693
714
730
818
959
1055
989
940
911
938
975
1079
1044
939
890
928
871
785
664
621
613
593
618
677
677
685
626
599
592
575
572
575
584
581
588
605
629
648
662
650
672
698
723
787
795
827
782
729
689
787
811
847
767
833
831
723
686
625
654
667
694
815
824
743
829
786
709
723
733
762
718
780
803
851
760
766
743
692
675
773
783
811
727
743
698
704
700
669
650
619
644
651
617
597
598
589
570
629
629
612
611
604
595
593
594
596
589
580
578
584
590
621
691
722
687
665
646
597
615
618
614
601
590
579
649
920
929
890
698
631
631
627
649
669
684
668
709
682
652
625
664
646
635
640
640
634
628
609
620
629
669
672
769
782
746
682
733
719
722
701
697
689
708
718
647
637
615
611
620
642
660
640
760
979
974
950
751
700
713
685
741
766
737
780
783
777
746
814
834
841
842
896
866
747
771
757
772
711
712
762
687
830
867
872
843
761
743
739
739
716
785
759
733
764
716
685
632
608
624
626
700
795
864
833
859
837
751
683
751
703
677
653
689
702
816
742
785
785
767
746
750
706
686
737
779
753
777
783
775
718
744
735
713
651
622
572
597
600
639
702
648
651
617
592
598
602
580
590
610
653
744
790
782
729
681
661
673
651
656
672
671
682
729
706
686
679
651
641
614
610
664
732
789
815
769
790
759
771
689
662
621
625
600
588
581
575
563
563
554
552
563
584
632
616
598
622
649
691
707
708
734
805
848
809
775
854
861
856
738
760
830
871
821
834
834
821
738
687
648
627
601
586
581
590
589
584
606
620
671
638
691
703
728
714
693
646
596
578
597
631
1040
1032
1028
997
920
812
751
762
778
803
801
849
852
835
807
813
799
714
773
759
714
695
707
631
689
707
839
783
757
743
746
664
704
674
659
649
671
659
709
681
743
757
775
724
771
762
735
733
762
722
668
689
639
632
615
656
651
591
584
585
621
625
636
631
595
572
573
577
597
613
629
627
670
684
667
633
680
678
701
656
711
693
684
722
694
669
615
611
615
611
611
578
568
583
604
677
748
744
672
667
638
616
567
572
562
573
562
561
572
591
593
575
578
590
591
579
564
571
571
574
579
606
636
630
596
573
551
553
541
557
550
541
555
554
555
562
563
580
566
551
529
516
519
517
520
525
537
547
536
527
541
548
567
566
562
554
564
556
559
542
558
564
568
565
563
568
580
579
591
627
653
638
677
651
601
605
586
579
549
557
539
524
511
509
507
527
546
580
572
591
630
640
587
538
511
489
509
495
492
489
486
486
484
481
483
488
495
495
485
479
479
485
494
502
515
521
529
550
536
516
507
490
485
477
483
490
497
519
547
547
549
530
533
540
546
545
519
524
521
533
525
539
535
532
532
532
527
539
532
538
547
534
513
515
519
515
521
536
547
560
578
595
645
682
676
623
663
639
634
596
618
608
633
591
615
605
630
612
637
641
616
608
608
608
584
592
604
660
727
742
762
759
701
734
675
638
637
656
646
613
688
707
807
816
745
742
682
646
682
683
751
780
747
722
727
777
830
855
834
791
761
698
743
768
797
838
843
824
838
807
751
751
674
718
729
769
740
749
771
731
752
709
656
617
669
669
800
788
701
762
706
694
702
776
776
798
816
803
713
777
724
692
737
742
745
768
727
695
682
633
618
687
685
771
783
791
711
778
738
692
707
636
663
616
638
596
575
585
599
637
814
938
897
798
716
758
768
790
757
742
806
848
842
868
820
725
710
694
771
760
791
851
827
745
780
749
733
722
768
765
750
775
709
661
653
597
594
623
599
646
722
836
820
755
682
626
629
637
667
662
647
629
645
676
730
775
775
815
761
761
697
732
728
766
743
799
807
788
771
769
724
687
671
663
632
609
646
665
723
758
766
711
743
730
720
661
708
685
713
702
660
718
661
643
617
629
582
587
569
563
552
542
529
524
523
531
544
577
641
764
813
823
794
796
751
774
772
772
749
833
922
936
806
774
734
679
693
658
661
649
674
670
659
659
645
657
603
617
635
627
678
693
721
734
722
707
749
779
770
687
734
762
807
790
823
824
797
787
811
751
753
837
803
697
633
647
662
677
640
690
676
668
621
664
682
731
699
758
765
796
795
753
722
768
793
771
734
696
660
685
743
772
712
814
798
863
861
822
769
753
729
681
749
759
746
849
851
878
851
861
822
777
771
771
728
688
726
668
660
665
749
764
704
701
687
642
599
605
621
693
757
823
758
742
697
666
680
676
704
716
662
718
692
755
750
749
699
747
713
693
638
602
561
572
588
650
765
836
761
654
628
635
658
651
623
634
616
609
598
572
557
541
549
558
584
646
692
723
653
625
646
671
664
716
723
712
728
726
748
729
703
750
791
763
763
773
769
723
732
706
685
636
646
650
684
646
711
733
759
767
748
668
629
595
571
546
541
548
556
621
731
791
785
835
819
785
716
703
655
627
615
600
584
562
572
579
594
612
594
616
613
608
576
563
554
540
530
521
521
523
527
523
522
536
550
563
541
549
560
538
545
551
560
563
563
547
538
541
544
553
567
579
586
603
609
588
552
524
528
529
532
531
528
523
518
525
530
530
525
523
523
521
509
509
519
531
558
618
708
752
755
749
710
629
607
604
605
626
625
687
688
685
665
624
599
583
574
579
584
579
607
631
654
618
653
639
636
607
634
614
581
549
540
532
534
534
523
530
547
558
605
659
680
628
622
607
604
595
580
599
607
621
624
666
663
664
616
640
615
616
580
584
577
589
586
579
606
618
633
590
592
576
563
539
545
555
571
616
608
566
574
577
582
604
600
614
577
571
565
575
599
616
656
681
697
658
682
689
671
620
646
637
637
613
594
586
593
568
547
539
544
538
543
557
569
594
591
615
637
685
746
729
683
688
655
670
645
686
646
697
708
691
643
616
607
567
563
554
541
543
566
604
630
685
709
716
688
666
627
631
612
626
616
630
656
678
721
673
692
677
688
641
641
604
607
595
598
645
711
659
675
686
687
736
724
681
623
635
608
619
628
604
617
617
639
630
609
624
597
590
564
576
573
582
563
544
545
537
544
555
564
568
560
563
556
535
514
506
517
527
557
576
608
627
636
634
565
546
531
520
520
537
542
556
562
568
580
566
558
563
584
616
659
611
609
577
561
543
525
506
499
490
490
498
517
535
574
599
602
602
580
557
548
525
524
519
509
511
509
514
542
569
554
593
658
728
759
729
688
629
659
685
739
785
785
757
795
802
740
760
800
934
846
822
792
793
749
821
893
903
911
831
787
787
755
717
786
804
806
836
856
784
769
750
734
694
759
735
667
608
561
531
536
549
590
578
605
670
790
846
804
747
679
647
654
666
733
798
821
803
791
774
780
786
794
711
694
720
802
735
758
660
658
631
682
692
753
746
770
774
775
732
724
723
744
685
688
817
883
874
881
858
855
808
787
863
874
867
824
732
635
621
640
607
637
653
688
634
610
627
641
668
684
650
692
690
726
776
769
760
752
737
724
712
632
622
635
729
765
828
804
664
606
577
580
571
580
571
557
582
593
603
630
681
716
731
743
714
689
615
592
579
595
658
772
827
790
753
731
710
695
663
635
634
627
623
586
594
616
636
671
629
681
680
694
651
637
642
660
666
645
669
693
728
745
711
736
744
720
649
633
619
606
601
598
614
618
587
586
598
591
610
622
619
596
581
565
557
546
531
523
518
518
519
512
501
500
500
507
507
518
510
522
508
499
492
490
485
482
475
475
472
474
470
473
474
477
483
488
501
513
532
546
527
512
500
495
497
512
510
502
492
489
484
486
489
497
505
520
524
529
537
552
549
542
516
500
495
487
482
485
498
496
507
512
523
539
554
557
566
564
561
542
533
542
528
512
511
504
506
498
505
545
616
688
756
770
734
737
749
722
696
693
732
692
745
741
763
703
768
779
738
698
688
686
648
653
668
698
692
664
652
635
614
605
584
584
567
548
534
528
526
524
534
553
589
611
640
646
651
625
604
566
552
540
537
543
550
559
568
572
564
548
531
525
517
522
526
529
524
523
519
518
511
506
501
505
509
514
525
540
566
589
606
555
560
565
568
595
605
655
656
660
641
661
729
800
847
830
806
790
759
685
763
764
841
859
771
817
786
707
791
759
746
741
723
761
735
751
749
720
690
620
670
751
758
804
795
813
782
715
726
702
747
788
827
774
706
753
759
783
732
690
696
721
746
710
661
668
626
640
640
670
658
746
707
725
679
646
692
676
703
698
729
805
819
804
723
719
691
659
641
716
762
987
879
843
772
737
694
750
745
713
775
749
745
713
648
663
653
633
667
677
735
763
688
775
746
743
705
813
779
774
755
803
776
690
723
722
736
722
816
795
773
709
752
664
649
631
629
614
598
611
630
686
723
685
618
607
614
596
620
624
658
663
672
729
751
762
686
717
688
696
707
771
802
789
734
794
758
725
757
758
729
676
742
699
744
689
766
746
750
733
787
742
691
625
605
594
575
597
610
675
714
758
703
708
678
686
713
719
773
836
865
855
846
760
789
788
815
812
737
667
609
635
687
918
955
874
813
788
787
763
753
752
754
751
774
785
834
857
816
769
771
758
785
812
862
878
845
786
775
777
762
732
791
835
858
751
723
718
687
676
705
733
766
716
748
710
649
628
650
636
722
757
777
772
721
751
755
756
713
763
770
810
791
834
828
800
798
846
882
824
829
790
775
705
747
794
777
862
823
813
734
757
732
729
672
683
643
604
620
641
666
723
726
716
669
645
634
651
677
697
728
770
762
758
741
747
740
712
653
653
672
714
771
756
793
799
803
747
712
722
714
695
775
824
806
811
827
758
718
742
718
771
773
783
783
797
791
760
766
761
768
729
782
700
659
711
778
826
881
873
850
828
817
830
801
819
900
935
824
887
925
865
784
802
832
859
950
992
892
832
773
696
741
742
783
756
770
771
781
734
742
742
751
774
773
726
768
788
854
878
930
850
787
694
725
711
716
708
789
784
756
815
766
722
662
681
666
628
605
617
640
674
684
702
764
824
809
716
669
661
668
671
641
676
724
810
813
790
756
769
750
706
688
680
693
685
670
627
660
667
711
701
658
696
691
675
639
613
627
651
723
750
747
771
767
699
647
660
649
675
685
683
723
731
734
688
709
682
649
615
617
590
602
656
743
769
856
866
840
747
739
727
700
689
663
782
952
1003
859
884
860
814
692
685
622
629
600
613
660
822
998
1023
990
905
814
724
741
745
764
752
665
684
755
738
801
778
763
757
704
752
755
754
738
793
792
798
742
788
784
780
652
651
631
646
675
647
695
737
793
729
673
674
672
639
640
613
586
595
608
601
591
566
545
562
573
646
730
816
836
800
751
711
691
672
674
667
691
749
781
790
813
823
806
785
772
763
710
720
717
728
734
782
831
799
731
812
830
778
747
787
793
721
775
748
702
681
714
729
693
669
736
703
774
783
811
764
729
733
711
708
717
767
802
828
774
827
813
806
753
782
771
705
772
780
848
793
821
771
752
743
747
731
695
698
724
744
800
731
753
728
725
675
692
675
686
668
658
714
702
675
646
644
604
603
585
580
578
571
552
540
540
538
543
540
541
539
540
536
536
537
535
527
530
528
535
527
520
526
536
539
566
615
685
710
666
670
645
637
613
595
573
568
553
555
556
558
565
571
568
587
602
612
602
597
599
601
606
595
593
574
554
523
533
529
540
556
577
586
601
605
593
599
606
598
601
589
596
606
621
625
637
667
642
591
581
574
550
527
537
542
552
570
581
590
573
562
539
522
509
501
498
499
499
502
507
517
528
532
528
511
503
508
521
524
529
521
508
500
497
495
490
481
479
476
476
475
482
493
509
527
532
531
538
549
548
533
524
517
519
516
514
503
503
504
506
502
490
486
465
469
469
469
468
471
464
462
454
453
450
448
443
444
441
439
438
438
439
439
442
442
439
438
437
439
442
442
447
449
450
450
448
449
454
452
452
452
451
450
445
441
441
439
439
440
438
438
438
443
448
452
459
459
462
455
451
451
453
456
462
465
467
466
463
462
458
457
459
467
477
471
479
489
501
522
535
542
547
541
511
496
503
497
490
482
468
467
467
467
473
481
489
492
500
497
494
481
481
476
470
465
459
453
448
450
453
458
465
467
470
476
477
476
471
465
460
455
456
459
460
470
485
503
520
513
503
490
484
489
481
477
473
462
460
458
456
460
468
475
484
488
490
487
476
474
473
473
473
470
469
468
470
467
470
468
470
473
465
461
458
456
448
449
450
454
458
462
465
468
472
477
479
483
482
481
480
485
491
488
491
490
487
480
474
469
464
461
464
467
474
495
528
554
560
552
504
505
497
507
505
511
506
504
502
499
498
484
481
480
486
501
513
539
568
579
549
517
501
495
496
503
511
523
526
522
520
521
520
521
524
519
516
519
521
532
562
543
544
531
523
515
520
524
537
540
543
537
532
519
518
515
506
499
495
498
501
503
513
519
531
538
553
548
526
528
539
557
575
583
600
601
611
605
607
629
638
655
642
612
635
661
694
705
647
676
670
692
671
706
697
690
658
676
688
746
763
712
737
699
703
687
708
698
692
718
731
738
682
693
654
637
618
620
608
631
640
637
639
651
684
716
702
695
691
677
659
658
661
676
692
715
729
723
705
627
623
634
659
635
675
660
676
724
725
771
757
771
690
668
658
689
695
722
745
829
802
761
697
664
631
652
669
761
757
726
706
695
667
630
613
615
640
672
655
665
639
643
617
624
627
630
620
642
655
655
639
613
625
630
631
614
612
617
628
646
674
662
676
678
657
637
619
600
581
553
555
557
568
609
687
736
747
699
702
677
664
616
621
617
678
834
870
806
800
773
748
728
757
733
693
686
677
711
719
704
651
654
649
681
717
733
700
692
689
657
598
597
607
625
623
650
690
712
642
625
597
595
569
570
552
543
544
545
560
572
586
597
605
593
578
552
554
557
569
596
628
696
698
695
721
740
709
667
626
655
649
692
723
854
843
776
746
716
669
686
645
646
634
609
584
603
596
624
669
696
760
748
759
738
679
697
690
702
705
715
739
740
749
671
621
614
615
680
774
832
766
761
750
747
734
734
733
734
752
821
792
811
792
793
779
759
709
749
737
728
735
778
791
745
767
800
830
798
731
763
718
672
641
662
638
665
689
702
771
781
765
734
665
686
719
778
820
793
737
700
717
747
759
770
785
752
660
669
654
651
645
682
711
743
702
740
726
733
684
710
727
771
771
735
771
776
745
707
707
714
695
680
680
639
619
672
703
765
777
717
663
682
703
749
749
774
765
683
722
722
772
715
801
824
829
751
817
794
776
731
808
847
843
801
861
864
841
784
813
826
775
771
737
892
908
817
786
877
899
847
1479
622
605
576
595
582
676
892
975
906
749
658
641
617
600
591
580
590
604
618
624
631
642
633
636
639
661
656
671
685
709
748
774
768
707
714
700
663
627
586
553
557
551
562
615
725
804
788
721
666
638
623
615
619
630
656
656
714
749
746
763
699
761
750
751
736
688
772
771
776
773
870
829
736
777
762
766
674
741
766
791
693
779
726
714
712
695
640
693
721
702
836
857
831
782
744
761
750
740
685
774
767
766
793
826
843
771
794
793
764
730
761
736
665
714
681
674
689
682
723
661
656
666
681
762
767
709
647
688
664
713
692
823
814
848
746
762
714
675
648
678
685
791
815
791
795
809
831
827
825
854
808
751
725
755
780
736
724
809
812
753
725
769
730
684
691
700
703
681
807
814
835
735
802
756
728
654
676
654
687
694
718
888
881
850
736
770
714
729
715
806
756
711
849
894
894
800
783
735
657
684
686
775
815
1026
966
832
806
812
782
694
646
669
653
690
663
774
804
833
737
746
698
638
648
626
617
598
623
596
615
681
714
705
787
737
684
635
646
625
625
610
657
696
787
798
800
810
809
757
710
718
709
736
688
734
759
765
721
714
719
691
651
656
679
708
711
702
776
775
774
714
727
685
662
730
713
690
732
808
821
756
756
752
724
661
674
651
681
666
675
644
704
787
847
713
668
667
663
687
634
702
703
789
723
727
676
642
648
619
587
556
571
566
563
565
571
580
592
582
554
544
539
552
589
702
854
893
864
829
801
775
728
717
699
696
692
646
723
711
767
786
796
734
723
753
780
746
748
751
698
687
723
798
853
837
848
779
730
752
741
755
760
879
862
816
775
772
784
748
780
863
832
814
799
827
797
723
744
702
646
681
669
645
655
668
692
654
732
773
766
770
852
817
800
771
764
745
795
777
851
903
852
793
788
766
783
682
745
684
649
680
657
782
832
766
716
787
763
772
761
707
633
641
613
626
628
630
641
698
836
918
898
810
730
719
702
677
671
640
620
646
646
655
655
628
618
625
622
612
589
591
556
548
537
530
522
529
541
551
560
554
541
535
540
546
548
541
554
551
557
560
551
556
557
564
575
572
563
561
569
558
539
519
512
503
499
497
492
495
499
497
493
490
492
489
490
497
505
518
532
521
529
541
573
629
658
692
733
758
716
657
640
635
626
615
646
689
782
720
669
649
628
614
596
570
565
564
582
616
635
630
642
608
575
574
582
566
568
585
628
660
701
690
693
686
682
711
732
807
867
890
827
807
793
726
745
736
761
741
724
748
716
706
646
685
734
835
768
786
771
720
725
676
620
621
600
586
581
601
575
576
595
624
617
641
641
646
608
631
632
642
649
643
686
686
678
642
668
662
683
647
681
681
675
645
666
688
704
658
669
690
687
653
632
634
625
630
618
668
711
784
780
704
746
716
725
679
695
685
715
688
685
719
755
743
680
638
646
645
662
665
683
728
750
761
710
708
680
671
630
606
605
600
590
588
582
604
643
627
630
687
693
673
689
658
627
605
614
615
639
618
640
620
614
588
554
546
531
530
528
529
526
531
530
532
538
544
542
540
533
518
504
502
504
518
536
569
633
690
696
671
643
589
548
526
511
505
517
532
589
631
832
785
716
634
681
700
713
715
729
715
654
599
594
574
555
558
558
565
594
627
639
669
668
698
669
634
624
647
652
644
641
634
633
599
619
623
604
609
597
581
563
581
570
598
630
704
683
670
667
638
600
584
590
604
672
700
688
646
648
644
604
650
637
632
615
604
587
590
603
623
635
626
663
650
665
629
631
627
636
608
599
594
569
561
558
536
542
568
614
644
680
691
626
646
612
591
556
555
543
535
536
535
524
522
526
539
561
580
589
584
563
554
545
535
522
519
519
511
499
497
503
506
520
539
568
605
620
601
581
572
570
557
543
547
552
551
557
552
556
560
559
563
550
545
547
555
554
548
543
538
547
545
549
538
523
519
521
518
526
531
534
540
551
540
530
538
532
521
527
522
527
525
523
518
523
533
545
563
561
539
546
553
553
554
544
535
535
528
529
521
518
521
517
521
523
528
532
546
543
541
514
511
509
503
492
490
489
494
498
499
493
489
487
484
490
482
480
474
469
467
464
463
464
468
472
476
475
477
479
481
478
469
473
477
487
503
521
514
491
485
484
486
493
494
499
508
510
507
494
501
492
489
483
487
498
501
502
495
497
509
519
521
534
537
526
515
503
497
492
469
472
465
460
458
455
459
462
470
472
462
458
464
473
484
492
497
508
500
492
493
497
525
553
624
686
677
662
714
713
686
625
626
622
636
610
642
648
697
646
642
633
643
639
587
575
575
609
662
718
663
673
660
661
618
634
624
629
609
623
634
596
582
628
659
630
626
624
634
646
650
622
632
639
683
688
682
661
659
687
688
690
672
649
644
656
656
640
602
592
582
593
605
631
612
616
614
639
634
612
584
562
545
542
552
576
603
623
618
586
592
593
601
603
600
574
551
546
555
567
601
628
636
597
589
578
581
575
557
535
538
547
545
565
595
646
666
664
624
612
583
584
578
581
571
562
566
581
628
659
659
614
614
604
601
597
580
584
590
606
632
642
622
636
630
634
623
609
627
627
644
653
649
631
637
626
627
611
626
692
740
747
687
636
616
604
601
577
569
551
528
520
515
518
527
537
565
599
600
585
574
570
557
538
524
524
525
527
541
559
571
579
593
604
602
620
658
705
658
637
632
645
649
684
651
700
712
760
751
716
692
658
680
693
747
757
725
772
776
750
674
691
636
615
592
573
552
560
600
646
627
698
763
755
695
684
639
613
609
595
586
568
582
574
597
610
642
784
842
822
802
728
695
649
630
638
612
629
631
625
618
639
595
549
541
532
526
521
521
521
522
518
507
502
501
495
498
494
493
493
496
497
498
494
495
503
535
578
696
759
744
673
591
589
579
562
550
548
548
540
525
527
530
574
574
569
545
541
554
543
561
553
545
525
530
547
583
613
650
769
861
845
736
693
719
720
715
669
685
694
756
733
728
718
685
624
631
615
606
578
579
592
635
660
646
631
630
591
552
556
554
565
575
576
574
594
602
598
562
565
564
560
563
573
586
609
601
614
639
662
650
616
626
604
589
575
558
555
553
562
580
581
626
651
691
670
703
638
633
616
588
567
546
530
526
529
523
523
527
529
521
535
546
567
567
548
535
529
534
538
546
554
559
548
553
541
538
531
514
507
512
515
530
563
640
766
787
736
687
666
680
653
653
672
640
573
573
580
598
618
639
615
613
627
637
656
608
614
573
579
567
571
588
579
586
575
596
585
588
560
565
558
561
571
587
594
573
565
557
556
567
582
609
643
662
669
677
703
707
654
599
587
583
586
599
630
652
678
708
668
651
646
641
629
581
582
576
589
608
623
621
636
664
674
624
605
609
601
588
585
594
586
600
577
566
577
600
635
639
621
602
604
616
618
604
583
564
558
558
561
565
567
574
586
589
581
560
563
563
571
574
581
574
564
554
549
549
561
573
550
526
521
520
517
519
525
539
559
584
605
623
627
610
612
609
606
625
669
697
784
822
823
813
728
664
647
653
707
730
664
601
556
541
541
562
597
624
641
612
592
572
564
553
555
555
553
558
548
548
537
521
511
505
505
502
505
504
518
524
518
527
546
583
616
639
625
598
547
530
514
511
511
521
524
511
515
535
558
566
583
604
616
600
586
577
564
569
580
595
599
636
722
782
747
710
657
623
592
624
669
955
949
928
892
707
717
816
895
929
873
837
830
829
816
822
778
690
742
711
703
775
716
675
714
678
650
684
680
702
694
713
714
639
631
639
649
632
675
693
682
693
678
660
641
650
644
675
703
729
701
729
713
676
629
636
623
638
654
648
676
689
718
674
664
667
641
587
581
546
546
563
589
646
659
630
664
654
666
641
643
627
619
616
614
617
628
636
663
635
615
572
551
550
564
575
592
583
587
587
575
566
556
542
539
546
562
586
585
551
543
540
548
548
543
537
528
522
516
512
505
500
498
496
495
502
510
522
564
596
669
758
829
854
840
777
653
649
616
659
695
886
869
783
750
724
681
700
703
713
686
647
643
593
565
562
559
589
644
738
760
725
737
708
717
736
731
731
704
649
660
596
596
611
687
747
819
832
789
726
696
689
684
683
669
791
786
760
696
687
673
654
652
635
600
599
590
590
615
665
723
751
756
689
665
607
596
580
607
614
646
693
710
762
773
786
780
768
729
721
695
642
695
737
851
877
864
843
771
704
648
596
591
612
620
647
718
837
860
774
694
681
668
667
659
683
735
806
803
729
670
647
647
644
644
643
627
665
690
727
739
734
731
769
764
766
785
756
760
757
726
662
681
697
729
729
658
624
613
601
608
606
650
647
607
594
590
575
572
566
573
584
607
621
617
598
625
626
665
702
777
780
636
620
580
605
681
811
852
830
764
659
636
625
594
589
592
587
590
572
548
538
531
520
506
501
495
490
491
492
501
510
531
509
3503
582
303
304
907
602
303
2351
5717
499
2532
504