761
804
813
860
833
784
726
728
741
687
750
853
925
881
898
871
843
789
781
770
688
690
661
682
770
789
839
845
790
696
724
753
800
855
830
758
801
797
716
775
749
786
771
725
796
732
721
724
718
794
764
767
768
736
680
624
606
595
618
625
662
702
752
699
727
762
789
803
822
831
838
836
810
802
753
754
752
769
768
776
773
762
747
741
715
719
710
708
700
665
610
610
615
669
760
957
890
836
753
725
702
693
732
762
860
915
896
768
707
708
692
738
791
838
841
869
835
774
762
757
729
702
730
805
848
856
793
736
714
740
741
725
686
676
669
696
651
642
648
680
709
787
824
797
753
757
753
757
740
711
689
664
707
788
801
809
777
728
768
779
790
771
788
735
673
696
744
746
820
819
815
819
841
812
762
792
793
794
785
804
818
818
816
768
774
735
728
692
646
671
664
768
825
885
809
785
802
780
747
730
771
802
791
783
810
782
746
702
716
709
622
608
593
589
574
565
575
646
858
877
866
815
781
746
692
650
622
611
650
727
796
831
843
848
817
799
760
792
804
854
827
777
781
800
854
872
813
823
811
759
814
849
851
817
825
855
864
872
840
803
743
700
683
674
684
710
671
644
650
667
710
721
730
735
730
692
647
619
606
595
625
634
693
705
732
721
710
759
757
747
691
689
699
747
766
794
784
792
769
727
759
761
768
771
754
702
696
716
739
766
777
778
752
768
771
765
715
724
731
735
699
662
664
689
729
762
721
729
728
754
728
781
799
803
732
681
690
705
721
736
751
719
671
689
697
724
734
774
729
706
673
669
663
665
655
631
614
622
647
686
711
699
715
729
758
760
771
726
688
658
660
626
616
634
656
653
726
761
829
827
776
754
759
747
719
679
615
583
571
575
564
546
542
539
541
555
580
593
611
595
603
605
621
630
635
641
640
631
646
628
596
613
638
726
814
858
867
823
743
733
726
718
689
719
786
838
824
813
801
731
694
664
671
694
704
677
687
669
640
653
702
735
748
787
792
791
748
753
749
728
698
730
742
759
746
782
801
805
795
818
807
773
805
803
803
776
811
806
796
794
783
756
701
709
691
729
722
760
794
782
773
774
716
704
679
645
649
647
623
628
648
679
696
717
731
717
747
700
689
658
646
631
627
609
593
598
615
633
604
597
607
611
623
602
599
593
603
593
579
585
601
620
658
673
686
642
606
596
600
610
621
635
644
653
643
627
619
612
597
580
581
598
613
648
693
744
762
714
711
729
729
727
704
777
772
713
731
771
775
760
738
778
824
901
889
848
759
763
734
729
724
758
786
767
689
626
593
585
569
595
613
635
597
602
604
629
639
607
572
590
588
600
611
620
635
643
630
645
633
640
623
611
604
579
596
619
623
635
618
622
623
626
641
659
654
645
629
619
639
650
684
658
681
716
755
698
696
723
779
688
709
728
733
720
696
726
746
730
711
773
777
756
734
779
786
782
729
794
769
697
730
730
727
663
670
728
766
759
733
798
777
757
784
802
796
746
809
811
793
797
820
843
788
833
809
777
851
870
850
790
808
809
762
774
803
807
754
801
796
791
771
692
715
705
752
764
744
806
721
671
774
839
851
814
983
1202
1204
1046
926
804
850
825
808
850
914
896
926
766
688
740
792
916
933
966
913
991
896
846
766
872
952
1145
1021
935
860
773
831
856
876
779
798
794
824
855
825
746
803
710
702
703
708
857
930
869
853
845
745
817
795
754
759
827
834
778
879
877
848
824
915
859
768
700
696
675
698
696
698
700
653
662
664
695
691
662
649
646
646
628
601
591
609
621
646
662
671
676
648
643
652
659
697
709
687
647
654
658
666
677
646
591
603
604
631
652
646
640
660
672
694
667
665
688
739
761
746
773
738
707
649
647
741
818
879
860
873
816
701
679
681
724
779
800
789
850
771
721
696
690
702
726
720
732
702
762
758
775
768
684
703
663
630
650
678
677
744
736
652
646
627
646
664
641
680
670
673
680
660
698
708
719
635
636
622
652
661
674
683
618
631
602
599
578
568
576
589
609
610
580
582
574
589
610
639
625
633
620
611
602
564
570
563
571
579
584
586
583
577
558
544
559
585
634
684
687
653
654
649
670
672
662
665
679
701
702
686
670
672
674
659
678
686
708
679
696
717
731
766
754
739
725
748
563
938
677
677
660
646
680
730
814
727
755
752
695
786
783
795
736
748
728
703
694
734
759
764
718
697
716
725
758
737
729
742
718
707
664
697
692
721
688
652
654
646
651
637
613
581
587
590
594
623
628
630
605
568
584
600
618
660
678
693
703
686
670
680
685
692
699
736
783
792
725
756
745
730
751
733
699
745
744
778
736
786
772
772
697
669
678
706
823
849
812
704
688
646
651
655
682
675
688
674
636
672
708
723
720
698
715
725
761
742
774
720
780
739
723
700
750
776
761
753
798
825
883
852
806
792
771
787
777
712
719
701
685
643
629
615
615
602
589
569
560
556
562
554
548
545
538
536
547
559
567
561
572
599
600
608
640
663
680
688
724
758
798
787
777
737
736
717
693
767
831
958
980
929
723
708
716
754
859
925
811
737
785
755
803
810
758
701
717
688
683
682
646
596
603
593
609
639
619
617
645
696
686
738
788
823
739
759
748
767
750
746
779
786
757
724
711
722
735
758
784
739
808
810
813
773
748
763
753
755
752
809
902
865
788
790
773
761
645
637
618
662
801
877
823
829
812
786
728
739
704
719
703
747
781
801
736
693
644
609
604
626
692
797
789
744
684
706
707
715
691
643
625
632
643
672
699
723
725
749
798
824
828
795
811
804
729
628
674
666
711
792
832
792
865
817
775
731
679
687
685
692
688
637
629
639
681
763
772
799
733
684
651
643
617
585
604
616
684
735
754
806
736
656
658
673
702
690
690
676
704
799
827
839
797
740
708
689
681
702
740
730
693
641
664
665
724
792
792
767
674
685
676
674
670
693
681
689
728
735
759
712
735
724
732
697
685
694
724
783
766
733
755
701
652
674
710
713
783
810
839
824
766
786
777
797
767
819
859
818
775
797
779
775
760
729
757
733
677
747
834
802
856
863
801
744
785
786
824
792
826
831
817
782
834
831
794
781
835
823
783
763
800
827
840
818
802
715
733
716
731
734
704
712
663
633
639
636
675
734
792
771
739
770
757
709
660
655
641
659
699
724
706
649
653
653
697
720
771
745
790
807
819
822
795
813
831
814
773
800
846
843
802
793
797
777
751
716
734
719
706
644
636
674
713
773
789
745
799
779
763
718
690
694
687
715
738
737
711
702
745
746
750
759
690
632
641
630
665
718
763
790
747
757
753
764
740
716
722
720
738
733
707
754
769
790
753
741
756
740
718
682
671
706
722
762
750
714
726
690
649
604
599
617
655
763
792
788
803
783
768
704
685
696
699
718
694
672
708
732
729
662
687
692
747
776
774
744
775
786
753
726
767
770
801
778
775
795
823
771
822
809
815
769
783
798
823
825
796
793
754
733
711
644
650
683
763
833
862
794
784
782
765
760
769
731
705
731
767
834
772
707
722
804
842
874
840
771
805
811
809
791
770
822
828
819
751
775
781
786
776
735
749
746
728
729
723
726
681
644
647
682
716
752
739
723
735
744
760
735
730
728
732
729
737
791
770
760
718
722
727
755
784
707
661
650
660
709
773
812
790
781
784
771
790
744
773
755
801
796
809
869
869
817
791
802
808
805
781
796
828
827
800
774
789
752
709
700
736
821
828
804
778
772
765
761
708
703
682
671
636
645
669
675
648
720
756
827
816
771
720
710
687
662
637
641
639
669
687
705
685
632
625
609
636
664
690
712
719
687
721
739
776
755
675
668
716
755
833
832
793
822
828
811
760
779
770
788
774
753
803
817
841
795
751
768
788
804
814
783
809
836
821
807
836
850
834
808
753
785
818
840
838
820
854
836
830
808
839
850
849
799
847
827
797
732
767
772
794
775
808
857
859
827
787
836
812
791
759
821
822
808
787
754
801
788
797
765
764
858
858
846
777
711
699
699
707
679
647
647
657
696
702
751
741
733
716
732
729
738
747
719
750
751
755
749
724
784
803
854
840
792
821
854
813
806
773
854
892
916
859
779
781
822
888
898
830
837
829
828
803
771
843
873
919
830
832
869
879
880
807
816
833
851
849
821
831
1019
1029
867
744
736
719
734
756
773
874
898
847
814
790
714
651
611
615
617
642
658
664
693
722
722
703
660
667
657
675
684
677
656
673
662
672
650
656
645
656
634
606
610
610
607
619
614
611
615
606
591
592
583
583
582
583
580
584
582
595
587
584
572
560
553
546
541
537
533
534
542
552
569
592
601
578
568
555
556
568
575
616
661
713
756
720
740
760
770
725
681
673
749
762
783
697
656
664
734
797
833
826
850
809
728
725
807
877
899
845
878
877
756
724
761
771
775
720
719
706
704
654
662
641
642
634
622
609
588
591
607
622
622
631
645
650
654
640
627
637
665
738
813
817
799
809
798
764
679
666
634
635
656
627
655
682
734
777
709
697
703
692
686
655
615
572
590
588
605
616
632
694
658
625
608
580
585
573
574
572
560
546
534
520
517
513
516
515
511
510
509
512
516
520
525
534
538
537
526
522
529
523
528
519
517
524
526
541
565
599
624
639
661
699
685
682
629
597
632
670
756
825
887
819
844
833
783
721
728
772
851
865
754
718
671
673
636
623
612
591
615
687
1131
987
873
784
866
1038
834
753
804
899
846
1142
1169
1128
1097
1063
906
671
659
687
914
1148
1088
1050
806
732
637
624
652
644
791
876
896
893
795
746
805
848
862
803
795
707
696
652
607
579
571
563
572
585
610
624
690
703
718
677
655
654
645
649
639
604
571
559
556
560
545
589
611
673
720
716
663
679
668
667
633
622
622
629
660
661
688
690
694
675
703
672
617
683
661
673
664
688
697
732
702
717
693
653
615
613
632
702
759
734
766
732
691
682
710
700
685
726
729
729
683
723
688
668
684
675
645
624
634
622
620
605
578
573
573
576
585
585
582
573
585
600
642
664
661
619
633
629
650
656
668
657
644
701
722
740
737
694
673
665
667
707
808
878
804
747
737
697
708
729
711
637
631
641
652
624
637
628
583
618
658
722
761
750
735
761
784
748
672
623
594
604
752
1136
1033
938
889
800
793
776
871
857
858
811
887
842
799
760
699
741
759
826
783
827
826
773
711
739
725
746
720
686
669
659
629
593
589
604
645
688
742
728
749
704
683
634
601
585
590
624
651
693
690
673
718
742
738
709
656
657
648
666
684
685
658
622
611
623
623
652
684
644
606
602
623
616
605
593
606
614
612
614
624
627
619
597
573
566
568
573
581
590
587
586
579
568
575
579
597
595
612
607
604
568
582
582
598
604
579
589
563
567
584
604
584
591
591
606
626
618
643
614
590
587
588
610
619
614
652
677
700
697
643
605
603
593
600
600
586
578
587
619
621
628
590
564
556
553
562
578
582
552
554
552
563
578
607
616
589
594
594
596
600
578
571
572
585
597
610
600
586
579
591
623
672
680
649
659
657
671
681
646
644
669
694
712
700
763
697
719
712
749
732
717
770
828
877
813
753
821
827
813
783
797
797
800
737
813
823
840
808
771
833
815
775
713
739
705
710
688
741
739
810
779
778
769
698
671
668
668
667
642
637
640
662
695
683
671
684
675
682
657
646
663
655
661
648
616
604
595
589
557
591
602
653
689
704
653
661
657
670
694
696
701
672
689
684
694
685
704
719
695
682
715
727
737
724
687
686
666
683
669
661
642
642
673
760
877
940
854
724
659
650
628
615
609
623
684
805
813
788
767
752
698
671
677
693
721
744
695
705
699
712
731
687
705
687
688
654
613
602
590
581
576
563
559
559
602
631
660
638
634
631
647
643
616
585
563
543
532
522
555
630
814
886
874
800
781
733
711
671
693
702
804
873
833
813
777
761
700
703
688
721
747
732
769
766
774
769
719
698
688
688
705
693
643
601
603
580
581
603
662
738
762
714
688
715
701
732
680
681
688
698
730
708
705
720
782
823
773
719
719
708
718
694
731
739
732
726
677
686
689
727
732
720
655
650
638
651
663
691
685
669
720
729
755
715
701
701
689
658
624
628
595
609
641
664
659
716
737
730
667
658
638
637
634
646
646
648
672
691
706
699
697
680
674
677
675
684
658
687
667
656
671
658
691
715
722
671
643
632
657
705
729
759
697
761
739
701
634
593
604
612
665
735
750
725
682
700
679
674
645
609
614
619
628
632
608
639
642
648
610
595
583
611
608
617
614
591
609
611
657
700
695
768
810
886
914
855
817
855
750
702
662
725
808
853
793
881
848
813
708
726
690
693
644
649
655
698
674
675
664
687
664
666
702
743
786
768
800
786
751
702
725
748
775
771
740
784
777
730
687
704
723
813
832
748
689
700
682
705
648
610
644
682
710
697
698
678
668
641
596
573
549
543
539
538
543
558
549
555
589
654
672
651
645
653
658
661
652
618
643
651
668
641
620
618
638
676
695
665
652
634
655
641
649
638
638
627
608
606
610
630
637
638
680
695
760
758
682
672
652
665
672
674
658
685
686
650
635
664
651
670
667
662
655
647
661
682
705
690
740
815
846
754
670
669
652
663
684
680
704
782
790
780
722
752
725
743
701
686
684
677
669
642
614
596
604
605
624
635
644
623
590
576
576
562
570
584
598
622
683
729
734
688
680
675
687
711
675
655
669
689
728
736
684
689
700
700
685
679
691
692
716
719
719
686
692
719
732
751
724
703
729
719
675
652
629
645
666
656
607
647
712
749
733
770
740
710
662
647
638
636
643
624
668
680
681
651
639
611
604
615
661
696
711
704
665
688
694
711
718
708
704
725
748
778
736
811
859
857
758
694
696
661
624
648
678
711
803
905
979
854
747
737
719
741
707
777
804
824
741
698
695
685
729
733
711
677
611
607
590
607
610
611
589
566
595
598
600
575
563
543
532
532
536
549
578
600
613
592
564
573
589
600
632
673
698
689
661
680
670
674
659
630
604
607
607
634
651
634
591
568
549
563
578
599
609
604
582
575
579
612
623
638
631
618
603
609
608
641
661
661
628
608
576
569
583
626
664
658
660
669
677
679
649
649
676
702
722
659
641
610
605
600
619
643
635
625
593
591
620
646
684
677
645
640
639
640
643
627
641
631
629
604
595
597
610
632
644
627
634
638
645
591
613
606
617
621
620
611
632
671
682
703
690
650
618
608
602
617
614
597
587
614
647
661
695
719
754
694
722
695
718
717
694
665
707
744
804
790
762
764
760
744
711
682
677
692
707
690
636
649
650
667
689
687
668
682
697
699
680
647
670
677
678
651
650
659
682
629
634
647
645
638
652
682
699
714
694
715
712
717
681
681
699
726
758
723
762
787
797
730
692
679
636
616
589
597
592
635
701
696
698
668
724
719
717
654
635
626
621
640
648
677
679
677
645
641
646
656
654
639
628
613
603
618
634
670
653
658
661
654
633
619
594
612
615
610
603
598
612
623
629
644
637
636
656
673
666
648
650
663
677
662
682
710
725
725
688
718
705
703
691
659
683
667
680
623
620
609
614
593
622
669
696
769
796
776
698
645
627
621
625
627
643
780
896
902
850
854
822
766
704
680
622
613
604
643
714
806
764
780
804
810
716
731
710
749
722
688
709
734
774
726
798
760
667
689
661
668
654
637
669
680
710
681
647
609
604
600
590
595
577
562
563
566
591
619
646
646
625
614
627
632
646
662
637
651
645
670
712
698
674
699
680
684
652
658
678
684
710
671
655
665
648
644
620
626
642
673
699
653
633
616
603
601
584
563
552
559
565
587
613
655
689
678
680
639
618
594
589
584
590
583
592
594
621
669
744
729
651
651
657
649
653
655
664
665
630
627
618
633
653
621
669
621
624
682
755
720
774
736
699
657
670
657
686
761
787
825
759
748
700
777
848
854
793
715
694
648
655
688
744
811
768
707
715
690
670
611
615
579
584
581
577
559
556
548
539
536
536
533
529
522
524
525
536
555
584
617
625
619
648
680
705
691
653
639
662
733
846
811
730
713
733
723
727
679
669
654
688
703
765
716
741
741
717
710
667
689
708
745
747
707
751
715
688
634
640
624
640
628
586
572
567
559
574
570
600
619
621
627
608
634
651
619
597
576
569
559
568
585
591
576
581
607
787
826
732
694
652
643
659
697
691
701
737
733
728
698
672
653
611
641
661
627
627
560
582
578
581
567
563
560
562
561
568
550
538
533
535
534
537
534
535
528
531
535
535
526
548
572
598
590
586
576
580
593
573
563
567
557
567
574
591
599
593
591
584
603
644
722
794
814
728
758
758
760
749
706
720
754
836
927
776
757
732
706
732
693
678
658
693
798
911
871
840
810
702
627
618
611
589
587
625
680
844
946
828
712
729
716
714
668
670
638
668
654
667
658
639
612
618
612
631
635
623
590
541
549
537
538
544
563
581
588
594
619
640
688
681
663
676
689
719
678
654
665
697
771
729
723
742
709
679
633
635
646
676
712
687
683
675
662
616
584
583
609
638
706
671
648
638
622
626
665
697
701
666
634
614
615
625
648
666
655
662
709
727
754
725
732
714
688
668
690
684
677
651
609
605
595
606
601
558
573
597
669
722
699
671
680
657
652
651
642
641
622
608
599
618
640
659
650
659
686
723
748
686
681
660
640
608
591
604
610
634
661
658
684
715
743
739
696
729
685
688
661
643
671
656
671
669
621
604
655
671
696
661
645
646
660
686
672
682
702
697
682
647
672
671
663
647
627
623
637
651
687
668
667
683
677
663
651
684
681
671
634
646
647
645
604
577
592
606
645
690
697
678
693
668
652
637
660
679
703
713
691
673
656
618
579
577
578
595
628
681
688
658
662
665
698
716
689
671
622
590
580
604
645
763
807
687
734
687
671
663
648
687
697
769
781
759
719
730
696
677
649
657
688
770
815
739
764
742
751
688
702
707
706
704
667
651
646
653
668
616
592
617
636
656
642
643
662
644
619
589
579
574
563
559
547
546
542
540
539
551
569
598
613
635
641
635
616
604
610
627
663
687
659
679
659
667
652
624
617
582
604
627
640
703
720
759
697
705
715
696
676
674
711
728
721
692
743
719
691
663
695
678
673
630
640
632
644
617
597
605
601
634
652
675
676
652
645
635
657
644
669
669
682
647
701
713
768
810
853
796
772
681
675
654
654
667
692
681
713
659
651
645
664
663
660
680
723
832
877
849
798
683
691
659
648
634
674
714
884
854
772
766
743
717
675
674
658
674
625
610
626
624
631
608
599
582
559
548
533
525
524
531
543
549
553
546
552
578
619
681
735
717
639
655
653
681
696
688
662
701
686
722
712
721
763
792
795
720
674
646
658
705
837
853
789
823
818
815
753
771
728
814
732
738
695
781
771
732
695
737
710
766
767
764
776
774
716
694
708
688
688
667
692
683
697
680
711
696
718
685
688
691
679
633
627
615
618
614
599
571
550
541
536
531
528
523
523
528
534
549
547
536
509
514
502
493
511
508
508
518
514
510
505
508
516
521
534
550
580
621
661
699
676
717
727
740
743
694
736
780
729
642
598
606
637
683
808
818
784
747
689
682
686
718
807
796
741
731
694
691
682
662
669
658
689
725
796
777
707
712
684
627
615
624
608
602
604
615
661
705
702
682
709
711
711
725
716
687
663
671
681
688
653
667
666
707
750
772
773
699
700
684
688
688
663
640
659
694
746
759
708
666
605
592
572
553
551
569
600
604
654
677
690
669
668
662
671
659
666
660
654
625
638
640
656
674
688
654
678
691
710
729
708
710
717
732
709
705
720
694
695
698
709
731
722
684
711
715
735
700
650
632
622
631
653
679
609
707
693
717
732
700
660
617
599
584
586
596
613
621
629
597
620
646
650
667
628
590
565
555
565
583
594
604
620
617
617
598
588
596
609
646
649
650
642
621
604
595
588
580
563
552
536
525
518
519
509
510
522
540
580
626
646
669
671
646
611
610
615
632
658
662
636
624
613
603
595
560
594
571
572
571
567
552
561
574
588
593
598
567
563
552
556
558
561
563
555
551
548
551
562
580
592
594
589
597
604
649
673
678
638
665
673
677
683
650
647
630
660
678
729
728
762
802
827
830
773
718
671
726
717
817
816
809
828
800
723
693
695
706
731
688
691
672
713
701
657
655
643
655
641
618
605
592
598
599
612
604
620
620
616
592
566
542
529
522
523
532
526
528
519
511
500
495
494
495
492
498
510
522
536
548
544
543
552
563
564
561
545
528
509
498
489
484
483
479
478
479
479
479
479
481
488
494
501
505
508
511
512
515
519
521
524
536
554
542
542
569
586
587
608
630
644
629
601
577
567
562
565
569
554
562
552
561
568
581
577
582
577
592
592
600
592
580
587
604
624
633
634
639
661
674
657
621
594
583
564
552
548
531
539
554
580
623
660
638
643
628
629
614
584
588
585
604
618
613
598
589
586
589
559
546
536
540
547
549
546
554
565
575
588
586
619
639
651
650
625
594
587
574
559
556
553
560
563
567
557
552
552
549
553
550
541
537
534
528
518
515
514
503
497
495
503
510
521
533
542
553
557
560
548
538
534
545
565
594
616
599
588
576
562
550
539
533
528
531
540
542
537
523
506
499
507
516
511
517
525
512
501
493
484
483
482
483
481
480
480
476
473
473
475
481
489
490
500
517
542
570
601
614
602
603
593
584
575
562
539
520
504
497
515
531
549
559
570
581
570
539
515
516
517
520
518
518
517
518
524
534
549
560
563
571
577
590
592
584
582
577
564
548
551
560
582
599
608
636
673
678
643
619
614
614
613
643
696
747
726
764
751
719
668
659
639
621
624
620
629
646
654
637
619
589
586
588
604
625
643
621
622
589
579
565
553
553
551
544
529
515
513
513
509
509
519
525
536
540
531
528
528
544
577
615
640
615
579
553
556
574
620
653
661
624
593
590
577
591
588
575
576
592
635
645
634
594
577
551
542
533
532
531
537
525
540
563
590
591
581
586
594
614
616
594
585
586
604
617
616
597
584
596
593
594
595
599
619
652
674
632
610
578
572
565
554
548
549
556
561
555
542
532
520
507
495
493
490
491
486
521
545
580
590
598
585
589
564
556
551
542
549
552
559
559
555
545
545
542
549
554
565
563
561
566
576
587
582
575
559
547
525
520
523
536
543
546
546
544
550
555
556
549
541
537
541
546
547
544
543
545
549
558
558
528
520
503
502
499
501
497
499
494
487
483
479
475
482
473
472
467
464
460
454
451
447
448
448
445
445
452
452
446
439
436
437
435
433
438
440
446
451
455
465
471
477
479
484
482
480
474
471
463
460
457
457
462
458
452
445
448
445
449
454
460
468
479
485
494
510
520
508
499
514
510
510
516
521
520
519
514
512
506
502
499
505
516
531
541
546
542
541
534
509
490
486
488
498
509
519
519
520
524
525
526
527
524
526
524
525
511
499
494
489
502
512
525
530
542
529
527
513
514
526
539
553
566
576
574
557
538
528
532
534
544
544
537
518
517
526
536
556
544
530
510
522
516
515
506
503
503
506
506
511
510
516
518
522
515
512
518
521
524
522
518
520
521
520
516
509
498
490
493
500
512
514
521
534
550
545
546
533
529
523
518
514
510
506
506
509
505
492
488
493
503
532
569
610
611
579
562
549
553
556
542
531
513
506
508
520
539
562
579
603
588
601
597
597
588
593
583
575
572
580
571
543
534
530
537
544
554
556
577
569
571
569
545
550
552
570
604
649
720
693
648
652
623
635
625
621
587
569
560
559
550
560
577
590
580
574
553
545
527
506
500
496
497
502
505
500
489
489
493
499
507
521
531
550
568
601
611
631
600
563
566
559
571
567
569
572
573
570
577
583
577
576
558
536
518
512
510
513
518
531
543
556
559
565
558
554
545
536
526
508
499
495
497
501
514
526
555
575
584
587
569
571
550
553
541
533
523
524
529
545
559
575
581
573
565
558
549
545
543
522
509
500
496
487
486
493
512
536
564
582
587
592
580
569
552
529
524
528
515
521
525
537
550
565
577
581
596
588
578
552
542
532
527
520
520
514
517
517
521
529
511
503
499
498
495
515
525
542
552
544
546
542
528
521
514
510
507
498
492
488
489
495
508
530
535
565
573
563
523
534
552
562
571
580
569
557
547
538
529
524
519
515
516
518
521
534
549
562
570
561
530
522
519
512
501
505
511
522
534
541
558
554
543
540
546
551
552
551
543
545
543
545
539
568
571
596
596
582
591
585
585
583
587
579
565
560
563
554
538
523
516
513
517
520
523
523
536
540
545
548
538
542
547
556
570
585
588
591
595
590
596
582
584
565
588
573
574
573
550
538
534
541
549
563
578
568
584
565
567
554
549
532
519
519
518
525
536
552
568
572
577
551
546
534
544
539
550
540
529
515
518
521
530
533
527
534
557
588
613
646
648
627
599
578
562
551
554
538
536
536
552
562
582
594
600
600
565
578
559
557
549
552
546
541
542
554
569
597
606
605
603
584
548
531
517
517
516
519
516
525
528
516
511
501
496
499
509
526
548
566
576
573
578
578
571
565
570
557
550
553
549
542
554
552
544
565
563
579
589
583
566
547
544
541
548
551
557
561
558
551
539
533
532
524
525
521
538
545
553
546
541
534
527
521
516
515
511
503
505
523
535
583
574
576
606
672
651
634
615
595
586
570
559
550
545
548
549
540
531
523
542
566
617
676
691
655
625
594
570
555
540
543
537
520
518
530
550
591
604
606
585
559
539
526
533
531
535
536
532
530
520
520
516
516
513
512
515
518
532
549
561
568
567
581
577
572
568
557
530
521
534
533
543
554
546
571
567
600
606
609
583
592
590
600
557
560
578
608
629
619
655
665
690
722
715
693
645
644
627
644
613
625
646
688
726
743
687
742
706
682
674
641
676
661
729
719
694
675
646
615
621
631
636
639
627
634
645
661
662
657
634
664
642
627
623
642
640
662
663
651
580
585
599
624
686
682
717
713
703
680
609
588
565
577
590
625
638
662
635
647
645
631
573
590
608
625
678
709
718
710
658
696
721
775
697
745
743
740
771
757
743
682
714
710
737
748
804
771
769
735
714
708
699
730
736
715
689
707
705
741
707
721
700
702
666
671
702
712
723
704
660
672
649
663
637
586
570
580
584
600
654
711
763
749
709
708
673
671
660
640
633
638
639
638
642
603
618
620
624
647
661
661
666
649
641
611
620
620
649
669
700
702
694
698
681
667
659
676
677
680
701
718
694
670
643
647
650
666
639
674
687
730
733
700
708
693
672
646
646
669
684
654
613
615
649
654
659
658
671
667
662
639
647
655
676
688
725
730
761
754
741
717
699
712
734
763
784
767
780
718
680
654
613
588
592
628
677
665
640
622
624
613
600
601
580
596
597
596
587
582
588
566
578
584
600
627
653
661
660
668
668
646
611
583
563
558
563
574
602
667
704
665
674
668
671
657
616
597
588
589
591
595
621
657
686
695
663
663
625
587
599
636
644
690
703
730
714
680
697
680
677
654
662
659
662
647
627
598
594
583
596
601
604
607
608
598
589
576
574
559
541
537
537
538
540
540
553
558
567
562
573
566
553
556
547
546
543
539
527
516
516
517
521
529
532
532
539
551
560
554
555
539
531
523
521
517
518
521
517
507
506
511
517
523
548
563
592
591
579
569
576
595
617
627
610
597
584
590
593
615
598
628
638
659
635
656
652
690
699
680
724
708
725
692
667
680
672
686
667
735
782
793
751
746
729
708
667
685
716
773
776
752
768
762
690
697
662
666
648
671
652
599
607
585
603
603
600
588
574
569
561
558
557
551
555
547
534
537
549
573
606
649
654
638
629
620
601
588
590
604
629
639
717
717
687
643
636
613
618
606
612
604
609
611
593
604
610
611
605
566
577
594
641
654
626
651
619
616
590
590
598
604
612
619
608
616
612
622
607
605
618
632
652
662
656
620
643
622
641
637
646
663
710
700
689
674
692
678
646
662
653
694
696
716
692
737
699
738
714
685
708
698
676
688
693
704
711
688
739
716
700
677
667
620
600
615
634
669
687
760
747
726
685
706
692
673
661
660
647
686
680
673
681
636
598
600
627
641
702
731
782
721
655
611
588
587
596
626
675
706
698
653
631
615
581
570
565
572
579
590
593
598
595
601
590
595
588
589
590
593
600
594
594
599
588
593
598
595
598
601
606
604
605
601
602
606
607
631
666
715
674
707
726
723
693
724
705
694
638
650
640
617
595
613
616
637
664
697
728
691
672
692
691
697
679
733
725
717
700
656
653
649
671
670
679
692
646
656
660
668
667
622
595
604
600
639
697
760
732
788
771
741
681
693
670
694
688
676
723
721
759
777
713
729
721
723
703
688
753
733
781
719
756
716
697
728
712
693
682
729
717
745
700
710
714
714
694
684
723
703
700
692
669
692
658
612
605
633
665
700
716
717
680
699
673
695
678
690
714
730
772
709
746
727
707
694
677
694
687
683
671
718
730
782
754
765
694
658
640
647
650
686
715
751
707
798
797
805
782
758
698
710
693
695
662
735
752
817
771
739
771
762
771
738
688
737
743
788
792
773
699
741
723
719
707
695
764
767
760
735
758
719
697
684
692
721
751
788
823
775
709
677
680
684
713
737
700
717
657
624
641
643
658
636
626
659
701
728
728
732
704
644
591
578
564
577
590
584
619
616
627
595
595
589
586
583
586
597
606
641
671
702
687
717
659
611
625
653
700
726
683
704
668
662
670
697
727
760
762
750
720
688
663
625
599
610
674
765
831
823
771
726
698
630
604
578
581
607
719
914
931
895
859
767
747
716
711
703
712
678
660
642
687
745
960
900
871
841
832
810
808
782
779
802
827
796
775
737
726
712
732
724
704
727
699
716
672
634
659
713
760
738
720
674
662
664
700
735
777
729
716
672
655
645
659
665
683
694
729
718
730
709
737
740
741
718
646
666
688
704
729
756
794
788
798
730
648
634
663
718
776
819
780
708
666
616
596
591
615
729
905
902
848
809
689
671
705
759
794
821
830
812
790
778
778
769
762
756
761
762
777
803
798
767
798
793
806
769
775
711
690
712
708
753
751
751
714
744
726
727
663
646
683
691
720
763
775
780
742
704
672
673
675
709
770
799
800
777
782
729
667
662
645
634
626
682
775
843
797
772
766
758
757
766
741
702
763
751
765
753
721
691
764
791
797
809
803
751
755
761
735
744
717
716
724
762
787
812
853
838
804
727
650
631
664
666
688
656
651
649
649
618
583
586
587
611
668
722
783
767
732
670
668
645
640
636
629
641
658
706
793
830
842
834
778
749
746
750
754
778
770
768
808
829
803
783
807
817
809
782
746
683
660
636
671
717
860
877
877
865
796
706
666
662
655
666
668
669
620
620
652
707
787
805
789
762
744
723
714
704
692
678
689
696
738
775
779
748
756
751
753
741
736
718
722
718
717
708
697
724
745
764
763
745
747
745
744
738
741
749
751
761
740
713
685
648
631
643
685
704
721
692
694
705
744
778
764
760
719
694
683
678
675
712
705
698
732
757
780
788
773
761
717
709
695
688
688
707
792
809
804
781
782
783
762
754
720
700
729
742
777
767
715
719
707
690
672
647
587
595
600
636
694
675
737
742
758
788
766
669
671
649
645
647
666
683
670
705
741
747
737
713
659
656
620
603
578
558
563
567
609
688
740
818
798
742
721
701
660
624
621
634
644
645
646
719
759
741
696
715
694
715
742
698
732
727
724
733
789
769
719
744
727
697
656
655
695
706
787
795
740
741
764
741
676
721
703
785
776
687
670
771
797
779
834
802
775
760
693
650
659
658
729
779
776
851
841
813
785
820
789
742
717
794
795
808
773
768
774
697
649
656
674
745
761
707
659
655
651
661
669
627
643
643
639
656
698
688
646
628
617
616
618
607
606
604
597
604
635
685
730
728
794
797
795
738
761
724
718
658
689
711
685
776
853
869
836
742
638
675
689
733
716
816
791
769
708
735
757
813
763
756
786
773
713
676
681
665
678
673
765
814
799
766
788
767
742
728
771
791
816
767
818
791
783
764
795
795
758
742
782
769
719
702
706
672
631
672
752
765
751
790
783
735
700
736
702
695
717
731
743
756
764
781
743
714
652
666
647
614
626
610
601