855
830
786
797
799
813
790
821
817
808
864
857
865
784
728
830
867
835
696
681
726
768
830
789
852
789
741
771
767
718
813
958
1254
1099
1108
1060
893
845
1028
942
753
846
840
828
783
804
715
760
842
938
896
897
1013
1063
1143
1242
1157
1082
1021
878
1055
1252
1079
1207
1185
1037
1106
1156
1058
1102
1166
1034
1117
1138
1083
1205
1142
992
1019
1080
816
766
979
1123
1193
1093
934
824
896
979
981
1228
1115
1016
1088
1158
994
1010
1368
1198
1134
1180
1094
1075
1187
1177
1151
1196
1224
1218
1292
1127
1018
911
877
905
925
1238
1156
1003
933
919
977
971
1014
1013
939
855
911
906
831
866
920
936
982
1053
1021
946
994
1014
915
893
880
789
781
921
1030
908
908
1013
990
918
1004
985
912
950
920
838
964
1014
927
944
983
957
931
1000
1092
941
973
999
901
917
972
925
837
948
1196
1059
959
869
812
870
912
874
906
921
875
949
1064
994
879
896
942
905
824
890
869
777
815
850
855
770
861
879
743
766
722
679
665
654
638
618
601
596
593
603
617
612
597
591
596
599
593
575
559
557
557
557
559
577
622
716
779
798
776
771
836
870
923
919
893
893
849
952
944
906
985
888
822
897
985
886
959
974
873
997
1008
873
833
737
657
660
646
666
679
653
628
670
1000
1095
1114
974
883
859
766
852
855
816
777
953
973
832
800
874
834
757
707
732
735
772
838
771
777
724
696
725
735
764
731
714
762
753
738
713
729
748
767
751
714
776
770
716
674
697
704
717
681
711
738
800
765
735
771
708
709
666
625
641
637
633
616
610
635
628
623
604
602
610
619
659
704
791
798
726
734
693
682
670
688
743
826
828
782
875
881
866
830
891
937
924
890
952
950
891
975
967
929
986
1026
974
1035
1038
930
997
958
833
893
987
912
908
1016
949
830
917
913
830
1016
1009
846
835
836
835
863
1351
1136
1027
972
953
868
724
777
791
854
858
876
904
877
858
927
989
970
873
927
1024
1037
1072
1010
901
968
975
918
967
970
862
776
847
872
806
817
836
826
796
895
864
844
719
756
694
680
669
701
703
688
668
658
640
639
614
638
642
722
743
769
664
636
641
646
671
680
696
805
893
876
756
764
820
880
864
841
843
950
963
898
846
922
903
854
801
912
887
831
729
733
779
850
932
862
903
898
838
794
851
847
796
851
834
712
722
744
847
987
935
916
954
931
855
893
921
858
906
934
880
777
854
808
834
741
833
797
712
674
674
699
780
787
737
750
774
775
736
746
768
758
731
698
735
776
784
760
676
705
738
922
974
919
923
872
806
836
822
835
914
917
871
770
694
680
698
720
748
701
745
717
831
797
770
700
708
713
722
685
644
658
646
671
693
677
732
784
849
804
745
784
776
755
701
760
779
782
734
813
793
744
706
765
782
779
741
782
758
725
697
731
760
742
706
763
772
768
731
740
749
724
675
649
677
729
786
696
661
646
644
652
612
613
634
757
851
833
764
808
719
615
629
600
610
634
702
765
709
752
735
732
725
647
625
587
570
558
551
545
539
529
520
514
514
510
501
500
504
510
507
507
509
522
546
573
627
710
774
818
839
758
665
698
697
635
594
626
697
733
879
902
928
865
860
880
849
717
770
930
1104
1037
926
848
836
866
894
825
1028
984
884
829
821
788
711
756
682
676
643
675
656
691
687
665
667
700
707
704
663
609
601
594
593
588
592
584
604
610
636
629
640
657
639
585
568
573
564
570
561
563
596
645
722
767
691
734
722
733
662
731
693
705
669
735
726
728
709
816
780
740
763
698
767
728
697
661
679
681
708
692
674
747
781
749
716
649
632
627
630
627
627
664
682
639
606
607
574
567
562
579
601
620
635
654
593
587
543
535
522
522
521
516
518
513
523
524
529
517
518
521
544
569
604
619
636
646
647
676
680
726
793
824
873
846
930
961
833
862
716
775
993
1088
1095
1060
951
1061
1164
1160
1015
1064
1057
927
1070
1190
1043
1049
959
832
804
945
1201
1140
988
934
934
896
984
1055
941
964
928
890
824
931
945
874
869
842
828
772
896
976
1040
990
931
910
948
1006
993
933
1028
1098
1057
940
972
1054
1053
933
995
969
839
1031
1184
1074
952
958
983
918
942
971
918
887
941
857
774
866
925
967
910
919
883
853
859
854
830
758
800
826
840
766
781
781
762
760
685
649
646
670
707
677
749
771
822
830
791
854
839
838
818
863
835
793
798
779
683
649
668
676
830
916
909
762
791
738
676
671
690
703
743
757
792
826
795
700
703
678
683
633
645
631
672
692
700
668
640
600
603
634
679
707
649
655
639
662
658
650
664
684
717
677
622
577
552
529
527
510
522
529
540
546
535
524
521
510
505
493
490
486
483
483
484
497
517
582
833
797
675
758
838
898
939
944
980
974
885
793
771
656
604
633
586
611
607
683
699
751
876
789
752
663
637
664
722
771
831
743
789
782
794
682
729
744
729
655
686
660
665
599
585
569
566
573
568
600
623
635
603
604
608
613
607
603
620
644
666
643
621
604
566
589
606
637
636
646
660
666
634
579
562
555
556
567
569
555
554
570
598
648
661
661
664
657
633
609
611
622
659
669
678
733
693
656
618
625
611
611
599
635
663
730
707
802
809
781
701
735
697
715
646
671
654
671
634
654
639
672
663
646
689
681
693
640
659
656
651
634
627
654
673
682
652
670
702
787
790
719
745
712
696
640
673
668
797
755
685
689
648
673
654
669
714
722
746
715
731
711
716
642
636
621
631
610
583
562
545
553
576
630
713
683
646
611
593
569
570
572
579
577
564
560
552
546
550
554
543
527
523
539
563
592
633
619
613
615
642
657
652
647
684
643
662
622
633
623
654
570
628
619
652
670
637
598
589
579
581
586
577
554
540
537
557
579
588
630
650
687
683
675
635
644
637
654
668
653
633
634
660
691
767
810
744
699
689
681
696
646
679
691
764
722
672
663
649
629
590
595
624
616
624
655
698
842
819
672
618
604
609
665
760
858
782
773
813
795
793
711
660
667
682
780
833
740
680
714
694
738
709
729
773
762
750
662
679
689
936
986
811
737
726
723
761
706
718
771
794
797
799
737
760
740
697
724
647
656
654
681
685
681
651
660
693
692
695
636
632
583
579
576
587
604
618
602
580
569
585
578
562
592
721
763
674
777
767
787
678
637
666
688
786
771
693
739
748
829
814
731
697
714
697
698
699
673
646
682
708
841
849
790
737
695
739
761
744
721
708
689
698
685
699
619
588
557
550
541
538
546
557
548
538
1032
511
1979
491
487
490
484
481
482
483
496
521
542
577
610
647
644
623
568
576
642
833
942
1017
1021
991
933
886
889
848
1036
1317
1175
1196
1149
904
965
1232
1154
1108
1082
997
1001
1031
997
845
829
742
704
635
644
753
818
871
870
833
714
774
742
794
741
719
755
789
783
774
869
861
804
738
739
715
711
663
673
649
692
687
676
631
639
632
624
616
604
586
563
560
557
553
546
530
529
525
519
515
519
518
518
510
501
493
493
484
485
476
478
473
470
464
464
462
463
460
458
456
463
466
479
489
492
495
529
588
640
668
687
666
565
644
600
659
664
660
659
636
618
637
625
588
555
544
564
588
632
638
613
611
587
563
532
520
523
524
524
544
553
571
558
591
593
593
614
593
573
557
539
549
549
573
593
561
574
554
576
571
556
543
580
586
604
608
592
582
564
559
552
543
547
522
520
527
546
580
612
605
662
694
721
624
613
602
630
587
571
541
538
554
562
618
631
667
626
605
565
561
553
550
545
533
538
532
521
525
517
518
520
520
525
524
518
508
490
490
486
484
488
488
489
491
492
499
512
521
535
567
639
772
827
773
718
666
716
772
772
857
989
1016
907
733
737
906
1108
1031
784
664
744
727
707
845
1056
1031
946
800
723
758
798
814
838
685
792
845
810
759
739
685
694
690
729
704
781
688
653
646
646
638
636
650
684
723
645
623
636
659
695
671
646
655
599
577
579
579
605
609
630
615
610
563
565
546
570
585
608
584
556
563
550
553
556
555
548
549
544
542
530
515
511
508
506
505
506
508
508
511
520
520
508
512
520
514
502
504
503
508
511
518
527
529
536
536
528
511
511
506
500
498
494
502
521
542
598
630
606
598
612
690
683
612
582
577
574
565
544
540
526
525
508
501
498
499
509
500
506
518
525
550
570
579
595
578
556
544
531
526
518
518
518
521
518
503
495
492
492
496
505
526
567
580
616
608
550
626
582
580
565
557
532
542
530
521
537
534
542
536
526
503
505
501
501
507
497
490
491
503
519
560
604
640
619
598
596
582
564
567
570
589
578
565
575
595
627
653
653
661
660
664
604
610
599
613
609
607
588
600
584
599
603
575
585
563
558
544
530
526
522
517
511
511
507
504
501
511
523
538
542
517
528
537
554
559
569
566
535
530
525
520
521
532
548
549
575
557
573
589
594
576
572
563
548
536
529
523
522
514
504
497
498
497
500
498
496
495
492
493
494
488
482
482
487
496
509
513
528
538
549
565
594
587
580
570
568
551
543
522
508
502
497
496
516
586
662
688
746
756
753
694
610
590
573
578
593
594
617
571
567
586
602
603
633
652
684
700
690
633
637
633
651
656
612
633
650
762
847
824
771
688
677
652
658
637
619
603
558
562
568
569
547
534
548
539
548
557
562
579
589
604
610
615
605
578
542
540
520
519
520
550
565
604
624
629
604
594
582
560
559
547
563
592
598
593
727
832
765
670
642
606
604
605
592
637
652
653
669
678
616
586
549
529
520
524
541
578
638
821
776
749
642
634
669
678
635
639
657
719
657
704
692
700
652
588
596
588
598
620
646
713
685
722
688
719
616
602
565
574
555
542
552
580
608
637
664
652
655
641
629
613
611
619
609
607
603
597
592
563
570
536
533
545
569
629
687
725
735
669
681
674
679
678
671
602
599
574
598
637
697
683
623
636
665
669
646
599
567
538
531
538
568
653
789
877
813
750
732
659
646
660
676
741
716
843
833
840
841
726
669
663
689
719
647
709
729
681
685
717
764
760
738
703
650
664
652
646
597
619
645
659
653
641
615
585
569
547
568
608
653
688
692
674
679
686
703
733
742
750
743
779
813
811
713
668
690
711
677
811
756
763
794
828
760
707
752
724
838
868
839
778
685
638
640
713
764
875
840
883
855
739
659
631
593
588
605
636
654
611
649
693
737
713
677
694
670
654
621
587
566
582
605
648
654
693
625
642
630
649
668
756
768
741
682
643
638
627
650
725
729
675
791
771
752
657
625
595
564
576
623
807
840
874
857
726
626
637
617
639
647
671
716
717
679
599
596
581
618
624
635
637
666
713
716
725
738
692
682
604
601
618
640
632
676
741
755
736
667
674
622
659
644
663
703
683
793
790
757
705
646
694
645
667
630
637
619
616
594
599
591
626
642
611
582
574
580
605
649
756
851
867
799
761
698
706
661
643
646
680
830
960
956
741
757
706
637
643
674
667
733
740
806
920
919
810
812
780
878
898
798
869
860
866
755
723
764
745
709
741
759
916
910
830
706
693
728
730
773
748
646
589
576
569
566
595
614
716
815
828
739
797
784
722
828
806
832
813
764
749
756
685
722
726
716
717
803
754
865
822
769
808
776
834
755
676
654
651
646
677
712
764
757
730
660
653
676
693
722
804
846
729
695
609
596
564
565
585
617
760
836
896
872
808
708
745
715
806
866
830
851
839
750
785
797
818
860
827
865
868
842
816
845
731
674
676
737
779
838
874
859
750
653
620
617
617
672
730
800
861
894
865
831
815
722
654
625
601
577
584
650
724
822
780
827
776
756
712
630
665
612
622
597
617
649
675
750
814
849
686
707
658
680
690
701
669
765
714
744
693
659
731
776
810
808
813
771
706
689
735
777
756
721
644
589
574
580
589
615
684
739
741
707
696
680
677
676
665
689
720
688
646
615
616
629
654
672
686
634
604
617
602
581
564
577
586
611
630
612
632
640
667
698
679
646
595
594
602
632
689
733
707
655
606
618
613
643
669
714
717
693
675
662
648
631
587
572
575
566
723
738
759
754
762
780
754
771
698
652
722
767
790
795
686
695
697
725
791
790
808
813
780
799
817
815
815
869
887
881
797
797
776
786
789
819
800
751
718
689
747
816
854
816
759
734
663
670
717
797
742
835
797
788
756
721
631
641
635
773
854
872
850
876
856
813
776
771
734
705
758
739
753
795
815
783
769
810
767
718
775
797
810
799
737
802
771
784
735
768
730
701
710
754
889
981
1006
932
871
838
832
818
768
896
863
807
784
740
665
730
723
693
774
754
813
788
726
797
792
761
680
712
718
757
760
743
749
784
739
656
630
636
631
677
683
710
702
735
712
716
715
708
688
645
698
664
690
680
674
708
729
766
723
639
624
602
605
604
621
617
626
657
673
679
692
695
673
645
619
618
600
612
619
618
624
627
588
598
575
577
568
570
560
557
543
525
531
527
536
545
555
564
583
598
585
565
582
594
616
635
636
601
569
552
549
550
571
613
655
677
688
673
634
588
586
597
599
629
670
685
635
689
657
694
705
671
655
665
682
633
597
622
646
638
646
650
679
714
738
829
910
895
850
804
805
762
719
774
786
810
773
712
636
609
641
651
714
806
880
842
837
846
808
771
688
673
653
660
646
682
692
761
771
780
722
689
675
673
666
683
706
733
751
752
732
743
665
716
681
709
696
719
681
673
694
682
639
622
650
649
649
731
795
839
747
682
698
681
725
741
762
752
746
732
670
666
707
740
835
884
875
832
749
697
642
638
649
783
948
1003
920
800
777
771
747
761
744
658
693
739
682
787
751
822
802
729
684
710
726
797
815
794
703
639
656
624
641
649
661
688
687
735
690
679
638
631
598
632
624
602
616
583
563
557
569
602
657
712
782
816
763
744
686
672
617
613
616
640
679
780
788
746
672
699
685
678
676
688
676
705
651
618
637
692
693
708
644
656
690
708
760
766
791
767
683
731
764
810
729
679
701
707
699
665
728
744
827
857
848
820
717
630
596
581
574
725
934
991
950
881
800
734
719
745
761
821
732
839
1161
1083
1006
939
852
788
748
704
793
805
827
851
832
807
805
785
798
771
708
724
665
750
758
847
840
846
817
814
828
844
815
775
726
777
791
871
879
818
828
846
816
806
750
772
799
860
850
839
760
737
653
641
674
710
759
878
793
804
800
843
850
831
784
760
802
793
781
797
781
782
806
767
732
719
762
740
750
677
754
720
736
718
777
782
799
723
770
729
737
719
784
792
779
721
637
653
635
667
692
710
744
722
676
647
619
579
595
608
673
721
782
815
782
791
761
736
750
744
745
723
771
721
650
663
690
825
856
813
827
756
703
736
721
720
689
761
771
760
740
794
816
789
770
797
739
757
764
782
772
770
828
813
772
813
785
738
811
781
738
721
771
755
728
764
762
725
747
781
740
720
736
706
633
642
620
640
619
578
572
561
566
570
567
563
580
608
653
673
668
657
683
678
673
664
685
686
699
674
645
665
663
705
736
784
828
828
739
692
677
655
632
683
707
793
742
720
718
705
673
629
642
646
686
688
705
710
728
729
702
648
674
662
685
735
755
716
642
633
646
640
603
630
655
727
830
850
836
806
798
807
780
773
736
696
739
752
810
838
761
773
806
861
863
845
792
760
700
751
742
827
877
880
871
849
808
729
754
741
769
791
738
818
827
832
859
832
818
770
755
772
751
690
664
729
699
728
693
810
830
836
828
761
745
787
787
836
780
676
648
672
655
686
728
772
737
736
764
740
723
663
632
612
632
652
678
631
646
673
751
768
749
658
646
641
639
650
654
625
660
669
711
741
761
745
688
710
729
737
775
794
780
729
743
733
728
726
788
846
828
781
840
800
735
696
703
676
679
653
638
627
636
706
723
717
640
649
616
583
583
598
604
601
614
616
620
636
617
593
588
592
591
607
620
632
624
624
632
616
597
589
601
594
630
671
793
862
864
746
766
744
733
711
662
660
676
687
723
688
726
758
826
786
667
630
596
573
574
598
611
691
765
815
751
781
741
711
634
627
625
664
839
894
789
778
714
643
644
616
640
666
667
660
662
658
612
659
689
760
808
751
762
724
691
687
699
678
638
628
667
834
997
972
887
865
782
770
704
660
659
699
876
866
749
680
684
700
758
755
682
726
710
711
720
691
720
695
710
684
724
727
729
704
755
754
796
729
726
711
722
698
688
738
754
707
694
717
721
713
647
628
620
618
627
614
598
604
619
641
653
646
633
639
651
666
666
625
632
640
644
657
641
646
643
656
639
624
607
625
620
619
599
570
563
578
587
609
629
640
619
603
567
567
583
615
657
683
706
754
732
673
649
618
596
601
614
623
631
640
617
640
645
687
727
745
706
672
675
660
649
636
682
708
761
702
674
706
735
744
704
691
702
676
621
592
562
553
563
570
588
614
629
605
595
601
609
627
630
611
625
619
625
594
604
587
597
597
606
614
622
638
646
647
640
647
661
690
704
681
655
684
711
778
748
739
738
729
706
645
578
551
537
532
544
544
549
563
588
603
587
566
563
561
563
562
539
541
550
573
600
625
649
672
682
683
679
666
661
637
625
634
661
766
879
854
788
797
787
797
752
708
726
721
753
737
713
758
761
743
706
660
684
683
783
786
792
777
719
737
726
752
780
837
817
804
776
764
747
717
768
695
663
653
633
660
655
752
778
823
769
734
736
716
728
717
689
669
641
669
681
706
704
659
688
659
671
622
643
647
694
731
724
691
635
629
596
593
585
572
556
569
582
600
624
666
685
697
649
667
654
675
668
691
675
664
634
624
632
634
628
658
702
749
694
647
664
677
693
693
678
637
657
640
643
612
614
620
642
661
661
709
724
742
764
771
741
703
658
657
643
646
644
600
613
627
657
696
679
664
654
654
653
629
626
616
641
636
623
573
568
572
590
601
619
603
602
618
632
654
661
638
636
646
641
657
641
615
612
629
650
654
645
622
635
596
592
571
573
591
626
670
665
654
662
653
645
604
589
595
606
619
598
583
558
555
556
554
562
555
545
547
563
567
567
550
523
512
503
501
503
495
490
491
484
480
474
469
466
462
459
457
455
458
462
466
477
492
519
553
587
575
521
541
539
583
576
581
551
542
521
504
489
477
466
474
471
485
505
533
564
592
598
588
559
541
541
542
551
553
552
543
548
568
576
593
579
566
545
527
537
536
541
552
578
594
640
660
688
665
629
568
563
560
557
531
543
547
562
564
577
583
590
582
574
578
583
583
595
585
588
591
593
599
574
566
561
575
596
585
570
581
574
571
539
522
521
533
540
552
542
525
518
508
507
502
496
494
488
488
485
484
487
483
479
477
472
467
465
462
461
460
461
468
473
474
475
473
463
469
472
467
479
476
477
479
479
478
473
467
465
461
470
469
475
474
472
472
465
467
464
467
469
473
478
475
483
486
496
495
516
516
521
513
518
514
518
514
510
494
479
464
454
463
458
462
469
488
509
528
576
619
672
677
606
609
571
564
556
555
550
548
548
567
627
729
745
745
720
673
641
633
615
598
561
549
537
548
567
627
639
651
658
601
538
527
517
515
521
531
539
555
569
577
569
571
567
535
519
515
511
513
525
548
597
700
710
646
626
672
736
726
735
714
708
705
677
665
624
623
625
652
721
756
735
729
710
684
670
656
649
656
651
600
626
625
661
672
703
683
651
607
557
555
572
594
610
646
669
658
654
650
646
612
594
593
603
564
577
569
568
576
587
562
586
562
552
561
562
551
550
542
523
505
492
488
485
491
492
499
503
508
512
512
505
489
490
490
495
500
508
503
502
499
496
498
502
509
520
516
521
511
516
509
508
509
508
495
494
496
499
507
499
486
482
486
498
512
526
537
548
550
554
538
540
552
563
599
627
639
620
642
642
652
606
611
618
611
578
582
578
595
593
583
614
610
622
597
583
580
599
625
657
675
659
617
641
633
646
654
665
646
627
641
653
674
679
665
643
659
647
673
666
636
627
660
603
613
637
670
681
734
804
786
731
654
654
629
653
652
666
674
659
691
697
680
645
606
597
592
598
609
609
611
572
553
544
546
549
534
532
555
584
602
630
617
661
665
670
599
609
604
633
665
694
681
637
665
646
658
650
662
614
610
583
558
545
537
554
597
661
764
805
807
777
742
706
683
665
659
638
636
630
631
631
623
589
596
586
647
685
781
789
740
733
705
693
667
703
731
775
816
793
845
790
785
705
683
699
698
706
670
697
713
775
792
802
730
811
752
791
765
751
696
717
716
788
866
812
749
790
815
826
829
823
795
744
801
796
811
817
786
774
780
766
714
761
751
781
749
736
736
722
712
677
702
712
715
680
713
704
646
636
628
682
666
672
613
586
582
587
604
629
644
641
657
655
678
682
663
663
686
683
696
688
683
695
679
669
693
709
702
664
695
685
734
691
669
680
662
678
650
622
584
559
547
589
621
693
729
731
725
709
659
621
582
560
545
538
529
520
521
533
541
567
612
680
717
742
738
714
697
685
667
675
707
770
827
817
812
755
774
791
817
863
818
771
690
699
737
929
899
756
656
640
590
613
605
618
635
666
680
640
651
640
662
680
701
674
666
660
692
739
811
773
744
710
702
676
609
625
634
647
643
664
688
727
749
730
692
700
704
711
676
700
701
762
759
712
743
743
767
761
733
685
688
685
719
733
770
773
852
819
765
712
679
717
708
729
706
679
639
604
579
595
620
656
737
810
825
783
718
699
672
663
630
620
608
607
593
599
616
657
721
773
749
787
772
747
720
688
703
678
630
596
577
571
586
618
690
741
712
646
629
581
559
548
552
561
586
626
695
707
688
725
736
772
741
673
688
660
722
724
755
696
698
674
681
684
690
662
619
614
652
696
709
665
606
589
571
624
635
683
663
688
684
703
701
727
725
730
724
719
704
689
657
687
678
730
771
756
720
711
739
744
743
695
640
640
660
743
844
832
801
741
755
708
696
668
646
663
667
702
690
647
632
600
596
590
588
580
559
541
546
553
565
578
591
581
589
585
604
595
582
552
542
537
536
548
556
558
564
559
553
533
520
512
504
512
518
532
549
559
566
562
533
525
532
547
557
571
556
563
567
586
622
681
736
707
686
690
700
691
721
762
776
729
800
831
804
752
761
747
750
729
794
876
883
810
765
758
770
757
747
693
721
706
712
704
661
708
672
685
658
639
666
680
724
722
708
732
725
693
727
708
725
694
728
706
707
718
725
698
677
707
689
659
593
585
576
582
584
554
551
556
540
526
514
504
495
487
481
473
470
463
456
455
454
454
453
459
460
461
464
464
468
464
456
458
465
467
468
501
601
784
849
847
780
668
603
644
612
610
564
535
525
527
562
598
734
766
734
642
551
555
547
543
555
587
637
636
607
595
604
627
624
605
587
609
616
627
610
587
574
592
592
608
590
585
577
582
580
561
532
526
536
563
607
616
602
580
564
563
557
544
544
531
526
526
521
518
510
498
488
487
493
504
519
530
529
521
524
523
540
554
554
544
546
550
554
558
540
545
556
595
637
645
612
578
574
569
647
633
728
703
718
674
638
650
647
657
675
682
668
726
748
800
777
708
747
749
741
706
717
750
774
676
649
690
631
684
686
737
697
693
713
700
697
659
673
657
669
675
735
824
839
805
805
766
719
727
699
711
661
710
727
789
710
668
673
636
596
580
580
614
638
670
632
656
648
651
620
625
626
642
638
643
633
642
616
611
580
579
578
597
609
607
618
608
602
574
572
572
537
541
552
556
580
597
597
597
565
575
559
555
548
540
536
547
555
589
601
620
651
695
708
685
638
651
624
643
623
625
587
608
598
613
587
575
548
526
512
509
521
521
578
615
633
614
587
579
543
526
527
532
534
539
541
563
581
606
592
630
638
651
613
610
614
604
600
602
601
631
639
631
612
586
595
594
595
594
582
594
605
643
629
623
580
565
556
529
531
538
544
567
567
592
592
605
606
587
599
579
574
567
553
557
557
561
558
568
569
560
560
532
517
515
511
514
503
503
505
507
506
511
515
519
518
515
510
512
512
509
501
499
495
486
483
481
484
490
494
499
495
502
510
520
498
504
504
499
497
508
521
535
539
552
563
572
591
620
612
569
574
558
523
525
509
501
489
485
480
484
491
498
507
514
519
525
521
519
511
510
506
512
519
531
550
577
547
549
569
550
554
541
527
516
509
499
491
488
487
490
493
501
491
498
502
520
550
594
627
597
559
552
543
525
518
513
513
494
485
486
491
502
524
547
566
589
615
639
635
587
566
535
524
526
539
563
585
610
604
585
567
559
551
568
558
537
551
578
593
588
610
622
657
679
718
670
623
593
577
581
605
629
657
661
653
612
623
620
626
634
626
593
618
617
667
679
769
773
796
750
698
690
678
680
720
689
661
668
656
668
664
651
663
651
641
622
612
621
642
690
750
756
761
802
747
678
601
564
547
552
628
734
808
678
685
753
812
803
755
727
634
606
590
593
604
612
637
628
621
614
613
590
592
598
615
616
631
595
605
589
642
701
719
715
711
655
656
613
589
555
549
536
542
550
568
602
650
718
768
733
700
660
607
577
585
569
592
599
646
656
600
606
629
688
765
792
672
663
619
629
651
687
754
752
740
803
781
723
656
627
612
629
666
735
756
746
679
629
616
613
692
706
771
777
756
661
634
596
587
587
594
605
630
733
748
782
695
646
619
606
615
646
646
688
678
695
657
639
606
594
575
561
565
626
661
756
701
651
620
600
592
595
618
639
637
624
632
663
692
788
801
756
656
590
576
570
589
611
586
642
671
716
753
821
795
723
680
704
720
749
721
710
756
770
802
726
708
740
724
725
686
718
727
727
699
693
691
716
806
852
757
693
668
642
632
615
604
577
585
600
631
627
631
607
627
620
630
614
588
569
549
536
523
533
543
563
603
612
572
545
550
589
626
658
679
658
660
627
651
618
646
608
628
617
655
674
693
637
616
601
596
594
587
573
568
570
548
559
579
598
594
596
576
576
571
576
563
563
558
581
597
619
607
574
552
546
551
588
595
584
568
558
548
559
552
579
542
531
518
514
501
506
521
561
602
665
753
751
678
601
591
591
611
642
699
779
827
745
691
659
596
617
569
611
601
1201
559
548
537
540
536
546
557
572
592
620
657
671
657
671
663
658
639
632
607
604
617
645
688
665
614
573
543
565
552
547
545
556
566
573
569
559
562
587
612
639
657
650
688
662
653
631
644
647
644
626
627
644
662
669
673
669
739
719
659
600
597
588
591
632
632
649
621
618
646
659
665
646
649
661
649
627
608
609
606
606
612
612
644
655
693
698
720
736
704
649
616
604
592
585
572
596
629
661
676
664
700
672
651
644
654
626
607
585
587
596
598
595
588
590
605
601
601
585
567
538
540
543
550
548
575
583
604
614
610
616
630
632
624
610
640
641
650
641
616
633
607
624
587
591
594
627
638
653
635
640
644
629
610
593
590
596
603
607
625
651
640
609
628
573
557
553
556
568
584
595
612
597
632
632
661
654
641
608
630
597
609
590
591
619
616
640
639
642
694
697
682
688
663
599
564
558
579
604
631
660
750
767
709
732
694
684
654
670
639
639
626
642
648
668
661
651
699
673
670
622
629
632
625
620
657
688
723
715
687
685
649
640
616
630
643
659
685
679
672
595
605
598
626
640
594
626
584
585
585
584
571
596
617
682
696
656
633
619
610
565
555
555
572
583
589
594
597
602
615
633
643
615
622
607
608
604
612
640
650
650
657
649
646
640
622
631
629
623
638
614
600
571
565
554
563
561
587
621
671
679
753
790
762
746
690
650
618
633
615
622
614
613
605
630
646
704
820
808
785
784
729
684
667
679
702
740
715
698
681
672
668
659
681
740
760
793
721
714
705
696
687
679
675
704
713
735
705
721
698
676
642
625
595
573
573
585
611
632
609
648
652
646
620
634
604
585
589
579
588
599
601
596
609
619
622
624
592
584
565
562
569
598
608
594
595
585
571
543
525
1032
500
520
516
524
531
547
552
562
573
591
624
677
696
752
785
807
784
768
759
700
609
613
633
719
701
821
805
841
841
851
803
802
804
818
814
836
854
870
861
863
833
812
787
848
871
869
835
803
827
853
829
810
753
713
738
769
848
852
846
795
771
738
771
788
793
805
763
748
799
814
824
821
768
729
704
712
729
762
780
813
773
746
700
722
720
776
1563
695
677
655
681
708
810
882
861
772
728
691
694
710
725
754
737
764
728
727
702
644
614
637
644
686
715
813
859
877
840
795
742
731
754
761
823
752
707
742
762
795
803
775
720
736
712
716
690
702
724
770
786
762
786
801
796
764
755
790
787
836
871
847
841
794
747
756
813
831
846
858
801
773
791
782
781
752
808
825
863
844
793
751
784
796
815
786
736
766
771
785
811
805
781
732
688
736
729
746
746
756
808
797
745
701
681
685
702
759
731
757
711
667
625
595
574
568
558
566
595
662
867
991
975
837
719
633
626
603
622
660
692
654
670
692
744
759
781
824
783
681
603
570
545
556
552
586
626
742
838
867
838
793
745
675
645
613
637
606
599
648
775
854
873
829
735
734
705
690
709
706
741
771
827
805
776
786
750
729
704
712
735
779
810
718
867
815
799
729
765
797
837
883
841
737
797
827
841
813
852
898
902
841
862
855
835
844
887
921
857
873
861
798
732
767
805
787
748
705
761
750
788
734
780
809
818
786
758
771
758
732
797
781
781
738
782
757
760
729
731
737
749
773
707
774
762
739
709
683
727
720
769
799
800
840
846
850
765
734
680
678
656
651
621
608
586
590
609