590
604
629
668
677
723
691
728
638
664
658
678
671
662
683
710
688
658
662
708
729
692
709
732
727
671
725
724
769
725
761
803
741
796
767
752
741
688
666
682
738
817
785
794
805
787
730
725
716
677
699
688
731
683
647
641
631
636
608
604
596
586
592
597
589
613
598
608
600
604
614
610
613
618
620
605
592
584
574
573
579
585
597
660
683
655
650
629
590
577
582
595
599
614
612
611
614
616
630
617
646
633
624
599
617
622
613
617
615
607
611
596
599
605
587
631
636
634
604
594
617
646
655
647
629
627
619
597
586
575
584
594
641
688
740
813
795
623
633
685
738
694
679
657
649
647
642
648
616
565
574
586
633
702
734
788
732
723
663
681
804
741
830
876
825
833
819
754
719
737
773
771
737
767
746
708
710
676
631
620
604
607
612
587
592
636
768
828
882
805
735
781
760
694
615
644
672
895
1085
920
914
923
874
795
870
1018
1133
904
932
922
838
840
960
1001
1244
1169
1103
884
815
951
1010
887
896
1043
1063
909
990
958
871
855
877
856
783
863
884
889
815
854
805
765
722
758
760
690
660
740
794
755
830
833
845
756
824
846
854
820
857
885
889
828
837
816
807
802
766
725
703
674
721
754
716
762
768
814
740
753
751
803
799
794
858
902
854
797
842
841
836
772
853
869
945
884
867
884
851
816
841
838
796
808
803
782
695
663
720
773
804
729
770
762
766
692
696
689
717
696
690
734
721
712
675
698
716
718
684
602
589
586
583
594
584
588
586
580
582
578
585
597
593
610
601
604
611
570
603
594
616
652
684
693
664
683
716
683
704
707
700
690
668
686
665
648
630
629
672
681
648
612
609
628
677
719
707
702
719
745
729
717
662
643
659
668
661
642
622
599
597
618
638
648
643
637
634
643
607
590
574
586
597
659
770
832
765
710
796
806
796
775
782
694
729
715
760
815
813
760
831
862
818
755
817
842
791
769
911
1009
894
895
932
943
891
926
1070
883
811
864
889
881
1039
1103
944
893
969
963
950
1019
991
892
870
926
938
910
972
913
831
822
777
719
645
659
718
818
784
888
935
867
863
858
813
827
879
939
953
901
885
866
872
1002
1041
932
909
942
927
847
857
858
808
819
799
762
830
805
688
691
675
656
629
655
675
707
760
737
805
905
876
823
855
836
884
803
833
859
952
855
822
849
861
880
881
937
953
904
847
896
880
808
748
765
694
651
631
691
784
779
819
759
644
655
646
657
638
639
633
620
605
574
566
563
561
561
561
568
591
603
599
570
605
574
590
719
840
974
1042
1015
858
792
701
655
637
633
623
617
594
579
571
561
587
680
697
691
689
681
678
647
607
601
601
598
614
609
618
643
692
832
956
967
962
845
769
662
668
618
608
582
577
566
564
694
918
926
788
658
621
622
607
591
605
604
615
641
714
788
770
738
788
791
750
685
741
738
685
688
750
752
742
768
706
688
744
788
753
785
782
786
702
721
698
640
681
666
656
648
630
650
630
600
601
596
629
686
788
719
747
721
698
663
641
653
651
668
710
671
693
729
779
710
711
733
728
697
687
655
662
665
693
719
691
798
809
829
779
779
814
783
777
865
824
756
855
825
743
832
827
769
840
784
740
828
811
801
760
868
821
759
890
881
848
903
847
803
872
849
811
853
810
745
834
709
656
694
703
711
779
794
844
861
847
824
774
759
714
696
644
646
667
705
711
757
791
792
729
758
753
742
705
738
746
720
720
793
802
807
739
798
776
743
689
730
754
779
764
819
806
787
754
790
766
709
683
703
709
727
734
780
833
866
774
703
669
683
679
670
650
690
708
722
637
641
677
708
736
690
657
632
648
657
694
675
644
646
657
690
711
667
635
615
605
591
590
580
571
556
552
561
563
578
605
627
631
629
651
716
784
728
741
727
771
836
807
746
810
873
895
780
801
776
819
746
712
788
862
783
676
682
671
668
619
601
630
648
691
678
646
634
622
604
584
559
562
552
563
583
619
619
610
594
580
615
621
627
654
680
695
663
629
629
639
647
637
616
616
626
654
651
626
638
627
614
599
582
603
602
587
563
560
556
554
563
576
589
596
577
533
551
531
521
510
507
513
508
521
532
552
577
592
594
563
631
602
597
547
573
551
560
548
538
545
534
524
548
584
664
678
617
615
593
602
597
601
608
611
603
589
565
558
588
635
699
677
637
629
629
657
651
663
682
656
674
683
741
711
694
668
676
671
634
605
600
601
624
639
616
575
577
578
587
603
595
563
557
550
561
563
562
551
549
554
561
577
566
561
573
614
672
693
641
602
593
638
674
649
613
590
599
623
685
753
786
810
791
779
768
757
729
651
652
742
780
714
712
714
725
709
736
781
771
672
678
616
601
570
557
574
602
668
659
685
711
696
673
716
704
666
648
672
696
698
688
763
771
732
706
745
723
742
680
691
718
745
699
696
672
665
674
670
617
602
619
640
637
697
730
735
671
668
667
668
634
645
666
709
730
694
663
684
731
751
713
699
717
712
680
646
660
636
607
600
611
636
644
618
584
583
603
634
670
644
616
591
590
592
578
540
546
547
560
601
654
678
636
625
575
579
589
576
590
616
661
632
604
599
601
593
572
558
545
537
528
526
519
513
503
502
496
494
493
500
511
511
514
536
563
583
574
568
580
602
651
637
623
582
573
595
623
725
782
659
638
665
761
736
703
697
672
675
653
631
581
587
628
774
962
831
783
799
791
717
692
712
771
815
749
822
822
824
727
720
714
722
654
608
606
635
668
782
759
753
842
962
791
742
735
754
716
748
758
781
742
764
734
672
609
585
592
608
704
761
716
693
668
648
594
596
586
604
644
684
713
676
605
574
551
552
549
548
552
543
522
520
517
523
522
531
527
523
513
498
492
481
479
479
478
479
477
478
477
470
464
459
456
458
462
476
484
506
507
513
517
534
538
547
534
528
526
526
503
491
486
476
476
478
481
489
497
503
499
502
501
501
498
496
482
489
482
482
476
481
491
506
518
558
563
555
539
536
513
501
501
493
500
509
523
526
525
516
505
502
500
498
504
509
521
518
528
522
526
506
501
519
554
611
634
601
601
560
537
535
546
561
576
578
537
529
537
534
521
521
513
506
507
515
516
528
529
533
522
512
498
499
505
523
540
561
565
545
524
532
546
551
532
552
572
598
586
557
542
548
550
559
562
537
525
520
529
543
555
586
605
614
595
584
565
565
551
542
516
504
502
502
508
525
554
573
558
563
613
746
811
789
670
641
627
623
639
667
678
742
797
756
771
755
701
675
682
701
730
733
791
821
702
711
733
753
663
661
647
648
677
688
669
666
636
632
637
591
575
599
633
601
597
615
635
628
588
566
570
573
589
597
626
630
660
690
712
731
729
656
663
649
664
676
670
699
707
742
706
730
726
760
741
720
723
735
672
612
687
824
886
860
812
768
720
668
616
647
638
669
705
732
699
689
688
696
668
669
683
686
664
682
677
638
605
575
597
578
595
618
666
697
702
693
697
687
687
690
660
686
646
618
674
756
827
813
805
727
732
769
738
743
762
733
751
742
750
735
721
685
700
716
761
765
720
724
768
778
745
782
771
703
644
699
780
785
788
797
753
699
625
607
625
684
809
771
713
804
809
776
739
732
688
646
596
613
668
778
819
823
854
772
708
766
773
718
698
696
718
682
649
698
805
873
888
842
863
871
809
819
829
811
711
717
865
919
863
800
798
773
760
754
795
923
916
808
735
681
646
679
692
753
700
704
717
754
772
746
718
689
687
653
650
626
637
632
620
588
607
609
640
671
668
603
617
590
601
594
577
561
563
570
573
591
605
661
695
674
686
730
748
706
723
670
650
702
693
722
687
718
723
700
664
692
655
626
574
568
559
553
559
568
603
653
651
682
626
566
563
567
570
598
629
653
670
667
640
608
569
590
614
655
642
647
649
677
683
689
653
624
632
650
612
619
608
656
649
635
607
560
555
548
555
563
598
616
599
556
577
582
610
613
630
644
671
693
695
654
614
564
566
563
585
656
758
709
635
593
596
604
649
660
638
662
660
684
687
701
689
649
645
641
632
623
610
566
575
578
578
602
609
575
556
559
563
570
588
620
666
729
741
759
726
702
682
646
625
594
619
737
806
750
753
790
752
755
701
699
713
726
712
713
783
804
804
725
685
669
685
712
793
688
629
624
646
688
826
895
859
783
810
793
823
768
728
828
790
804
719
806
805
831
850
802
748
766
747
845
753
757
726
774
718
670
767
711
630
646
627
600
582
582
595
625
617
627
621
644
720
750
717
682
685
643
604
614
633
621
659
659
701
769
771
730
660
677
672
699
719
666
616
615
635
695
698
814
790
729
699
650
659
648
652
620
599
617
660
728
771
773
708
642
614
626
648
668
780
819
849
908
887
813
684
678
645
658
710
686
908
948
859
862
782
740
698
702
729
765
836
811
726
744
768
776
755
624
624
589
600
588
590
584
586
587
583
576
575
575
580
603
632
619
630
606
633
694
714
705
678
676
691
702
734
737
685
660
687
706
791
905
917
780
771
752
745
762
776
774
743
697
734
731
749
714
695
716
717
736
729
723
671
681
682
696
724
723
701
735
773
773
773
697
672
683
669
646
721
784
748
798
792
823
748
795
794
813
809
761
830
844
854
804
842
833
744
799
809
824
803
759
820
829
812
759
693
685
648
620
626
634
633
603
599
600
589
563
581
582
611
661
722
763
760
728
659
659
664
651
634
685
752
851
841
882
858
829
761
781
783
770
774
805
826
808
835
808
745
701
751
771
771
738
838
828
752
693
669
667
634
628
617
597
628
601
601
626
615
625
629
657
680
712
711
653
676
669
684
682
628
594
627
654
697
662
745
751
735
671
686
679
694
657
685
672
712
738
731
682
672
690
696
680
649
708
706
746
717
770
751
747
691
731
720
732
695
695
669
700
730
733
670
616
648
675
722
720
666
714
692
703
651
652
655
665
673
640
648
668
674
671
640
676
657
672
638
659
646
679
668
695
699
655
599
598
619
638
642
729
745
723
688
644
601
597
577
563
561
569
581
601
676
678
622
693
705
708
680
685
676
675
641
637
628
635
615
597
605
627
718
831
759
808
798
743
702
731
707
708
685
747
763
790
745
745
762
802
724
724
760
745
767
708
781
745
657
674
655
677
675
662
685
706
719
687
747
716
712
705
688
626
592
618
648
700
709
782
788
791
688
696
648
654
679
706
693
775
786
789
732
819
788
720
710
729
730
748
752
755
754
700
652
596
593
597
654
707
723
700
678
686
675
630
587
588
594
606
599
602
603
597
599
604
598
587
610
603
581
634
712
736
751
810
808
793
701
733
715
712
747
745
771
778
807
754
809
765
726
691
754
856
892
870
796
797
814
848
774
772
791
816
832
783
891
886
848
856
836
806
754
804
821
864
861
809
798
705
674
716
803
696
708
705
678
704
738
801
823
782
755
734
697
676
689
673
696
806
837
821
771
755
709
658
620
575
569
586
652
907
888
957
883
796
696
717
699
665
636
616
624
626
650
650
639
609
567
584
591
624
657
653
640
626
632
633
618
605
588
589
588
578
585
599
627
685
744
701
679
686
658
605
604
597
598
623
665
778
844
861
794
763
747
707
678
820
875
872
766
781
768
722
698
775
750
802
717
788
733
750
703
686
667
619
583
602
626
707
724
691
730
733
723
662
672
673
695
738
755
775
834
870
781
729
752
759
741
700
620
584
581
600
618
654
624
600
626
637
661
695
714
717
660
621
607
585
582
590
611
622
670
800
895
819
752
778
771
682
696
658
673
662
657
676
671
619
616
642
614
633
649
666
682
642
638
641
649
641
627
634
642
669
663
611
584
599
641
700
748
724
690
730
726
714
648
613
681
783
848
787
792
833
810
752
696
729
761
793
751
791
813
791
722
803
743
693
592
615
637
742
751
743
781
818
864
834
840
739
764
726
705
625
639
670
764
746
756
733
749
771
688
596
598
589
641
686
720
706
665
617
604
612
610
604
604
602
613
629
635
655
654
588
600
570
559
550
555
573
608
675
718
722
745
711
722
733
771
741
814
821
819
800
746
786
789
731
720
762
770
731
645
653
679
735
688
773
810
760
646
591
592
563
560
547
551
563
609
623
716
735
776
787
681
646
612
581
583
599
628
660
618
650
742
773
808
747
773
726
715
658
656
640
624
595
604
610
633
704
770
742
771
794
790
733
676
656
670
705
821
862
792
717
626
646
630
648
712
810
703
687
781
750
696
729
735
760
686
721
740
769
774
687
677
651
650
684
727
669
634
637
681
710
738
737
702
659
620
626
622
666
727
744
704
696
720
729
741
711
738
725
708
665
668
668
661
614
574
580
566
575
599
668
811
807
703
650
651
668
609
606
580
582
583
584
591
596
586
625
618
619
608
607
601
603
588
564
551
548
550
563
597
651
636
616
587
613
653
674
700
679
668
673
648
650
635
662
667
698
651
618
624
688
770
811
718
658
664
659
705
721
736
685
652
652
649
651
695
741
770
723
743
676
618
609
627
684
643
653
651
715
700
654
637
621
584
570
578
580
572
570
582
590
614
592
591
586
605
604
575
583
571
625
652
766
762
708
669
670
681
676
674
682
829
877
755
848
854
880
695
745
695
719
681
640
617
583
616
697
730
683
690
695
741
767
808
746
644
652
681
684
629
622
686
754
753
706
734
734
738
709
713
771
756
785
753
723
709
694
679
667
639
621
612
622
641
699
722
716
638
620
591
620
655
723
707
687
631
626
634
641
682
691
679
638
661
685
779
808
707
774
791
753
675
659
682
734
782
803
736
814
794
764
714
733
708
735
644
598
601
601
636
703
692
654
646
599
574
584
607
607
611
594
582
588
597
611
611
602
603
607
597
634
665
663
782
779
786
765
752
719
628
646
617
632
630
599
651
718
797
775
818
787
817
721
769
734
727
663
692
676
768
854
907
831
782
692
640
663
639
633
622
594
583
594
612
646
631
610
633
691
721
703
724
612
599
579
587
601
642
667
698
717
749
735
699
689
673
628
584
579
574
606
676
709
694
646
656
710
746
723
762
733
711
635
623
637
717
867
1017
903
825
789
698
678
716
743
798
728
755
706
705
678
626
629
614
612
612
591
580
602
651
700
682
655
661
658
684
690
675
630
597
602
606
649
719
730
679
691
719
751
763
746
696
664
677
672
667
697
696
702
665
670
684
743
785
703
759
767
787
769
735
776
748
746
694
678
713
763
908
902
938
936
894
822
831
849
771
678
655
646
692
795
792
698
767
726
698
732
693
691
675
642
653
647
687
745
748
679
653
610
624
613
619
618
627
626
626
607
605
604
595
560
563
556
570
598
662
711
679
639
635
625
633
622
572
568
550
545
545
558
587
631
653
629
602
576
582
597
630
661
726
734
655
646
665
620
628
670
758
788
719
700
677
672
720
745
747
742
727
667
659
673
763
780
705
671
636
649
677
701
751
716
772
730
671
615
624
645
703
774
789
729
749
668
674
642
639
673
711
813
824
708
668
629
621
615
629
625
621
638
604
617
597
581
592
633
667
653
633
635
629
656
685
723
703
656
626
634
666
687
683
637
631
662
763
813
742
642
625
620
642
658
666
662
651
623
590
579
601
633
686
665
623
605
616
638
679
679
665
662
642
626
613
614
608
629
647
664
667
627
590
574
563
574
597
626
664
653
651
616
596
575
586
609
676
737
796
707
664
658
642
690
718
742
717
704
719
708
718
683
728
694
687
671
631
641
654
665
610
604
596
638
673
667
615
616
602
602
568
577
578
604
611
630
613
612
619
604
571
569
576
574
579
585
577
588
563
545
542
542
535
527
517
504
508
508
517
537
539
551
546
547
561
565
551
528
509
521
508
509
508
505
509
509
512
515
513
515
518
523
531
535
554
595
631
625
578
567
589
653
777
809
690
635
597
604
622
664
701
646
648
688
726
678
630
593
598
622
681
729
737
735
763
738
675
635
642
613
639
674
721
731
715
672
640
591
581
568
589
669
903
910
809
739
648
619
640
646
626
613
616
614
635
670
707
707
657
674
650
642
679
667
753
687
676
635
616
571
567
560
576
568
576
567
564
558
546
549
546
535
533
532
537
543
550
541
540
549
527
527
529
531
540
551
558
553
582
610
586
633
711
744
650
669
698
736
688
767
738
728
742
737
652
693
663
688
705
660
631
592
601
589
566
587
637
649
739
740
686
612
615
607
621
628
618
627
642
627
646
632
651
635
633
672
662
691
765
767
753
731
731
709
638
607
586
571
575
600
712
804
694
710
686
707
666
698
678
661
621
641
630
615
584
566
571
571
596
635
674
688
652
655
648
657
631
598
586
579
579
583
578
582
585
584
605
599
580
566
556
562
578
578
583
571
556
530
530
530
544
563
584
582
566
569
576
585
619
619
604
599
622
641
631
623
663
702
696
652
618
588
574
561
538
543
551
604
633
611
661
608
594
622
660
751
699
645
580
606
630
726
768
676
628
647
657
739
703
659
683
688
743
692
666
659
627
629
619
595
606
601
591
575
572
577
582
580
593
572
566
553
552
554
544
529
527
530
544
563
555
554
550
554
569
575
575
556
549
554
551
546
546
548
544
546
542
542
536
540
534
530
550
570
576
602
630
651
654
606
600
600
594
597
585
569
575
583
590
594
591
585
586
593
611
634
604
642
662
733
696
737
729
642
645
644
645
622
596
577
568
568
586
605
645
710
727
672
601
566
572
583
631
707
772
780
764
745
717
616
625
603
637
637
635
622
604
598
593
592
594
632
596
582
594
598
589
561
540
524
530
523
517
513
506
498
496
494
493
494
496
499
507
514
534
551
584
648
824
876
940
963
861
821
770
796
844
819
834
864
827
740
806
754
667
598
661
674
740
767
670
753
695
689
672
652
651
633
623
592
594
603
688
775
735
628
599
563
559
563
568
571
575
574
568
560
537
523
516
514
521
525
527
529
525
526
530
521
521
536
558
585
589
588
587
581
546
525
539
554
573
576
563
573
580
607
632
631
613
655
646
667
653
655
646
646
617
611
632
639
627
605
603
629
624
651
649
619
574
560
554
556
563
559
564
581
665
778
785
760
728
674
682
671
632
644
652
644
633
589
604
614
625
573
615
631
688
673
613
619
585
600
615
634
619
622
639
690
769
751
709
828
811
766
615
572
541
536
543
559
634
826
858
863
793
836
749
691
668
696
643
729
682
822
845
784
702
708
656
621
608
567
596
607
705
717
724
644
649
621
606
594
566
540
522
514
517
527
554
579
614
618
605
590
568
544
529
518
517
517
522
527
522
539
545
546
559
587
603
594
567
580
555
533
517
506
495
490
487
488
488
494
496
501
507
513
524
533
534
516
501
484
479
481
504
571
708
804
821
821
748
618
542
536
530
552
571
583
610
580
555
540
538
541
543
561
571
575
583
577
540
524
518
509
522
530
562
584
600
589
560
533
510
515
521
527
547
562
569
588
587
583
567
563
514
519
503
504
511
518
527
528
529
522
533
525
514
505
498
501
505
499
495
494
499
512
529
544
558
574
602
631
626
638
602
587
563
571
562
535
527
526
536
545
541
563
565
576
577
570
580
603
623
659
668
675
653
642
609
603
577
546
549
561
582
633
664
675
656
658
637
601
597
613
659
729
666
721
727
747
734
679
700
650
634
615
635
682
715
731
690
687
656
611
609
620
633
611
633
598
603
598
592
562
569
562
579
614
681
676
726
699
664
632
638
624
656
783
891
904
881
819
718
589
608
597
634
705
730
731
752
706
648
598
572
572
571
577
589
578
553
557
554
589
603
640
670
667
677
662
649
646
646
612
686
676
704
673
695
663
617
560
585
605
703
733
672
688
695
697
642
643
609
623
618
569
591
564
566
572
579
565
540
542
548
552
569
607
678
672
666
688
657
628
606
613
586
578
569
563
567
595
620
631
671
655
672
615
611
581
580
567
557
561
571
578
554
537
537
534
527
521
523
520
519
501
497
485
481
478
476
476
479
472
476
474
477
468
475
476
484
488
483
473
479
478
486
484
485
481
476
473
465
458
453
450
451
451
453
455
466
478
483
497
501
493
477
451
447
446
445
445
452
457
461
443
450
448
462
472
484
498
509
504
508
531
535
545
552
520
514
500
504
492
478
467
469
461
458
449
452
453
461
476
488
500
517
518
532
526
525
490
497
487
485
486
486
486
482
473
472
467
471
486
512
548
536
516
529
544
563
558
561
538
527
503
484
480
471
466
467
468
474
476
480
491
502
512
530
540
540
534
527
526
515
504
499
491
487
479
478
477
477
479
482
480
481
481
488
488
490
492
499
494
481
473
466
461
461
466
473
479
485
493
499
507
521
523
533
534
531
524
518
514
506
488
489
478
480
481
476
475
483
503
533
568
594
611
619
591
589
561
552
542
528
523
527
532
543
560
556
525
505
502
518
534
558
590
566
544
517
518
516
522
533
545
559
558
552
532
544
533
543
549
557
527
504
505
504
516
534
555
577
608
612
598
575
569
549
548
543
549
553
556
568
554
563
574
580
543
529
514
515
514
516
516
518
521
525
517
526
528
529
533
530
510
500
488
483
486
494
501
511
523
539
554
552
538
547
533
529
526
515
495
488
482
482
484
494
497
492
503
511
538
563
591
608
585
572
575
551
549
541
539
537
537
538
546
552
528
529
532
555
575
597
573
546
544
549
552
565
567
568
564
554
541
516
516
519
521
521
524
531
544
555
567
528
518
500
496
495
496
501
505
516
536
557
562
584
585
615
605
586
567
549
543
539
534
527
508
500
498
503
521
547
581
596
621
605
595
579
571
553
529
514
514
518
527
549
550
541
535
532
520
513
517
524
543
552
554
549
522
516
520
510
521
513
521
515
520
519
517
521
520
516
515
519
520
494
502
489
488
490
492
492
486
479
478
483
493
491
503
516
523
523
534
541
538
527
521
517
512
511
509
513
516
514
517
522
529
532
550
563
580
553
524
511
507
502
497
484
481
480
482
484
488
495
488
497
494
500
508
514
516
513
516
512
511
503
497
498
497
501
504
506
506
508
496
492
490
491
500
524
540
554
546
537
537
528
494
501
487
482
479
479
478
478
479
486
493
504
521
538
545
521
512
513
527
543
554
554
544
539
521
519
518
521
526
532
553
567
582
612
644
631
625
589
539
523
519
518
522
534
549
569
577
578
534
518
507
501
507
510
511
517
517
521
521
518
516
519
519
521
510
508
498
502
506
515
527
539
548
553
550
558
555
548
523
514
514
516
532
560
586
595
565
529
524
515
517
528
534
555
561
569
569
562
556
552
548
528
516
495
492
497
502
521
551
573
600
602
610
591
568
544
509
501
494
496
507
533
576
632
664
684
674
651
625
618
599
556
536
515
503
501
511
542
581
632
687
695
688
655
619
601
589
594
560
542
527
527
542
563
591
624
631
627
622
594
581
562
554
546
549
537
544
560
589
620
630
590
570
565
568
566
572
566
552
549
544
544
551
557
560
574
590
574
552
533
540
536
521
517
523
530
539
557
558
551
543
538
538
544
528
527
542
559
554
566
568
580
583
574
553
525
530
534
544
561
570
576
578
573
557
563
537
531
527
533
539
558
586
622
637
625
574
554
539
540
542
545
539
533
543
558
546
553
561
566
574
575
585
560
543
549
557
543
538
535
540
544
548
556
559
547
527
526
532
541
554
564
583
600
568
547
538
537
525
514
509
513
521
533
524
523
534
545
573
586
585
562
530
527
526
529
541
551
554
553
545
509
519
503
501
499
506
522
535
556
593
595
577
593
590
592
541
564
564
581
575
575
555
555
541
544
552
568
582
610
625
625
616
614
645
650
619
585
595
604
616
639
640
625
603
558
572
562
570
579
583
636
650
662
635
607
590
587
583
594
584
563
573
576
594
585
572
565
557
531
529
516
518
501
505
505
526
551
593
655
703
687
653
629
609
585
579
566
563
562
561
529
523
523
535
536
540
549
588
630
666
669
657
643
620
597
574
531
529
519
523
516
528
541
565
622
661
735
730
678
639
584
567
554
549
555
563
580
590
611
620
633
604
573
547
539
538
526
528
532
542
549
556
548
532
527
534
542
549
545
538
533
523
514
508
512
516
522
542
550
564
565
569
567
563
551
549
536
512
508
502
501
508
527
554
589
621
694
725
696
639
571
540
519
518
519
538
566
598
591
598
552
555
571
598
610
615
601
586
574
559
538
526
525
529
542
559
571
602
594
593
576
563
537
537
529
516
509
513
520
540
569
646
634
628
669
671
664
641
625
592
554
534
524
522
531
568
652
741
751
724
631
612
576
576
578
597
608
633
590
571
550
553
555
581
606
629
634
578
570
572
571
579
575
567
560
553
561
561
567
545
536
545
554
580
606
635
594
607
545
552
528
530
527
533
543
544
530
531
540
552
559
569
571
573
569
549
546
541
529
533
527
543
542
561
565
566
562
541
547
548
561
568
584
579
569
555
544
540
527
512
503
499
501
509
508
508
498
497
499
512
527
549
585
606
623
596
565
542
516
507
494
493
490
498
504
509
526
548
586
633
639
634
560
575
559
557
563
575
583
599
555
569
547
561
568
570
581
576
572
538
537
540
542
550
553
558
546
552
543
550
548
550
564
565
553
555
579
597
599
583
590
580
575
564
561
567
567
576
597
597
603
591
579
569
561
550
548
543
548
553
556
572
546
548
557
561
588
582
585
588
578
577
566
558
555
560
533
522
506
508
509
518
537
535
541
536
539
546
563
567
562
564
546
512
506
498
505
507
522
424
705
564
597
595
583
588
602
605
628
650
594
592
570
579
574
579
573
572
594
588
588
585
585
538
535
521
521
537
537
539
543
563
580
590
596
592
580
574
557
549
554
563
566
587
592
575
556
569
595
621
677
616
627
604
610
614
621
620
606
609
579
580
574
591
603
636
681
705
729
725
703
644
623
603
572
558
572
601
699
759
728
751
739
734
692
662
637
668
682
694
687
722
709
718
690
659
660
646
605
591
583
584
605
650
705
680
719
661
616
568
548
549
553
563
576
599
587
637
634
665
650
644
625
630
623
618
628
635
630
648
662
692
713
707
668
637
622
610
622
640
622
595
639
597
619
587
595
590
589
592
581
579
540
534
524
530
539
545
564
583
581
588
576
565
562
550
548
530
532
538
556
563
589
599
602
589
569
554
545
542
531
530
532
554
532
534
542
557
583
639
688
685
637
629
590
586
572
559
552
547
523
521
520
530
551
589
630
648
663
627
626
590
579
589
576
574
568
559
559
579
584
598
613
583
581
563
549
524
521
519
520
523
537
531
551
570
593
605
614
587
549
524
514
516
509
532
561
597
613
616
629
604
599
592
605
637
676
685
731
684
648
624
603
592
575
588
578
586
554
544
539
562
576
625
605
586
558
570
585
604
603
595
569
558
549
552
555
541
536
537
554
593
666
765
812
719
668
593
592
568
562
558
562
558
536
528
515
516
515
525
535
560
572
592
592
594
588
582
577
572
572
577
582
587
544
532
540
551
572
608
653
670
687
654
605
619
609
648
664
680
677
671
673
735
711
728
749
762
759
742
701
646
636
623
620
675
687
735
684
684
590
600
608
670
810
798
771
721
674
669
600
649
643
728
781
825
830
782
797
722
697
689
668
678
828
832
753
825
758
745
694
626
644
671
706
813
921
976
979
824
768
709
716
747
842
802
745
803
754
735
656
617
648
651
692
751
686
771
762
692
734
704
708
675
724
711
699
686
656
656
648
662
657
701
751
698
822
779
717
650
646
658
682
683
760
770
753
775
781
776
744
716
746
749
761
754
799
786
783
748
729
823
874
827
775
776
762
709
711
740
751
769
742
760
780
805
731
772
703
661
670
689
694
629
643
647
653
677
687
729
707
690
732
740
760
772
766
825
782
729
730
747
768
734
723
789
760
776
716
715
719
688
632
643
669
693
767
759
715
691
721
713
687
631
613
634
674
721
713
690
704
701
699
699
658
634
592
593
592
600
657
749
801
734
769
760
749
699
687
688
666
654
657
668
701
750
722
679
615
611
641
711
762
758
818
793
741
688
728
727
671
798
813
857
798
819
783
761
724
772
784
796
828
811
753
729
720
665
627
659
682
770
805
822
735
729
724
716
688
625
645
753
825
781
691
657
690
691
665
668
674
661
647
677
685
712
665
712
706
712
663
652
660
664
686
678
682
730
753
769
735
744
746
733
709
674
684
686
695
651
621
588
614
627
697
734
713
648
611
605
605
632
666
665
681
696
748
739
675
694
688
681
657
637
646
671
726
727
694
728
646
633
646
645
660
653
682
696
712
641
611
613
652
697
754
784
788
803
799
715
723
706
692
665
678
698
778
767
712
702
687
697
683
657
700
749
756
751
738
695
672
657
602
645
626
655
653
667
698
698
688
684
667
625
602
590
588
584
589
587
601
609
612
622
604
602
579
567
584
646
642
659
695
726
662
657
746
776
688
722
666
641
615
619
642
666
671
644
729
808
746
688
696
730
733
665
664
674
695
753
734
723
725
737
742
733
700
723
691
711
734
719
645
628
689
752
746
709
713
708
718
682
685
717
748
758
685
702
661
622
633
621
614
590
582
578
576
584
612
662
660
671
698
737
717
703
660
664
654
651
644
656
683
726
764
721
722
713
698
658
668
695
707
712
728
742
690
637
645
664
679
715
685
686
697
729
800
749
750
747
780
742
712
748
774
794
760
767
750
750
735
710
662
662
668
689
696
711
675
614
613
598
626
611
604
568
586
570
573
578
584
570
568
569
572
581
607
665
696
685
663
683
699
685
642
629
621
612
613
591
585
626
683
692
682
727
757
687
708
701
741
754
707
632
625
632
697
808
786
772
801
819
793
751
751
677
672
683
623
598
627
682
771
756
747
742
687
638
627
610
617
620
618
630
584
597
596
644
743
843
717
750
713
695
654
634
633
670
730
772
715
701
684
633
655
689
683
698
707
731
708
679
684
686
732
701
683
739
741
706
671
655
654
662
681
631
642
673
726
772
788
726
771
766
756
770
737
779
801
806
736
738
755
793
736
684
694
690
732
725
724
740
770
801
754
773
732
696
668
654
665
633
606
660
772
738
765
748
750
691
688
677
703
731
738
677
684
688
730
729
698
653
656
660
693
664
714
729
762
718
725
698
654
595
603
587
628
676
744
755
741
738
693
700
715
687
684
691
663
668
635
611
663
682
728
719
724
685
647
650
646
680
641
596
616
641
712
790
779
732
750
702
690
672
647
655
672
726
743
716
755
770
810
745
690
715
651
647
626
609
620
666
694
714
677
646
625
610
600
592
581
584
570
584
616
646
635
633
610
561
586
600
662
671
670
652
645
647
644
632
619
604
626
648
652
627
611
629
689
677
699
700
714
664
641
646
657
649
660
690
731
726
637
635
680
704
701
656
631
642
661
649
617
591
606
637
704
656
740
745
728
683
698
683
624
647
640
688
771
778
708
776
752
776
678
725
694
706
653
637
671
679
674
721
738
801
771
739
654
654
615
633
618
630
642
610
582
611
650
753
765
693
665
666
650
614
606
606
607
627
631
634
626
653
663
728
728
694
650
582
594
603
628
619
615
640
658
671
635
642
634
632
602
607
609
599
569
573
576
589
601
607
599
608
611
622
630
609
605
603
618
580
616
607
642
667
659
639
640
652
656
640
615
604
611
632
645
636
651
658
664
639
626
632
655
634
634
622
600
568
567
572
611
685
692
712
748
797
790
750
685
709
688
701
652
611
615
676
714
734
737
780
820
847
763
799
815
827
749
833
817
697
694
669
718
728
663
723
731
785
742
708
657
657
661
726
746
717
660
636
713
736
790
751
687
630
617
692
750
769
751
813
851
854
790
745
761
811
873
1124
1021
1039
943
767
710
687
710
783
745
795
833
853
789
771
790
793
780
742
739
720
695
655
645
640
718
845
826
721
639
620
625
624
670
693
730
777
782
734
734
799
810
742
668
656
627
639
648
684
683
672
677
657
682
659
646
604
616
592
572
596
635
664
682
709
711
715
666
634
612
615
639
683
716
698
741
764
773
659
685
696
739
714
717
705
759
750
723
688
672
700
742
709
708
690
672
611
607
594
628
637
647
684
708
749
733
690
674
605
591
585
582
581
549
570
548
595
664
672
596
592
609
605
612
597
578
596
570
561
613
632
694
710
721
665
672
633
621
637
643
646
645
631
633
622
624
623
629
636
647
636
611
601
605
613
610
604
596
588
569
569
567
540
548
542
560
575
560
580
569
588
616
633
638
681
706
716
729
703
706
695
706
736
729
765
763
745
654
692
691
740
777
777
721
688
645
630
643
673
708
783
758
732
796
770
764
710
629
614
588
594
629
710
798
827
786
813
781
717
659
642
662
704
672
745
750
757
712
704
694
709
732
752
771
712
727
737
730
712
684
680
755
791
793
754
771
724
688
637
623
599
621
686
667
752
751
773
712
686
697
715
708
706
719
716
690
690
712
723
725
684
686
690
692
662
638
615
634
653
679
738
744
751
736
680
675
655
599
604
597
672
691
720
708
681
650
633
629
595
597
613
621
669
679
681
660
601
594
593
571
604
612
632
625
666
674
710
691
644
619
615
605
619
625
634
643
655
651
660
642
661
647
645
634
652
673
671
653
657
667
652
629
630
620
621
617
618
609
594
575
571
580
592
585
596
610
603
640
704
769
798
775
737
691
666
628
589
572
585
614
733
819
812
708
742
765
744
731
682
695
686
679
692
692
702
744
790
802
766
754
689
695
710
752
745
721
735
723
740
715
718
687
680
684
717
735
756
727
673
630
638
619
604
581
586
599
625
655
656
631
608
610
675
704
729
747
805
869
823
731
703
679
680
688
686
715
750
802
787
727
663
618
625
628
646
639
654
654
651
643
638
653
652
650
638
623
624
612
603
630
651
690
712
720
687
693
650
615
626
644
692
696
683
631
614
590
577
563
563
598
749
1064
946
939
904
761
700
632
568
581
564
577
585
591
586
573
566
566
563
543
550
544
552
570
591
626
610
612
618
633
639
615
596
623
646
679
672
673
667
660
657
670
690
677
677
710
695
638
655
666
668
615
593
587