671
681
633
628
663
687
725
725
675
685
697
717
706
655
689
714
764
781
732
769
785
808
735
712
724
734
692
652
711
780
851
786
755
788
797
761
683
718
718
758
715
726
776
837
786
744
777
780
706
672
691
696
701
650
686
722
727
747
770
766
717
697
723
760
806
773
758
825
902
895
819
803
809
811
781
729
771
801
845
783
807
818
839
779
740
775
806
829
781
796
803
827
787
745
785
799
823
753
754
767
778
762
725
769
778
839
807
831
848
839
778
748
766
781
791
751
770
773
771
726
749
758
745
673
710
718
771
763
729
764
798
818
775
739
777
778
789
737
749
774
804
796
744
771
792
832
774
783
782
797
762
742
779
829
830
765
794
814
817
752
714
738
751
781
754
739
790
814
798
742
760
775
792
746
723
759
811
840
778
799
819
820
770
760
786
808
781
735
769
802
827
786
771
793
788
748
719
765
791
827
796
821
827
813
778
781
799
817
788
783
820
847
826
774
796
811
814
751
782
815
840
772
772
770
780
699
720
738
801
805
761
813
845
819
758
780
795
782
730
739
766
796
777
723
759
775
795
741
746
756
764
713
704
722
772
755
718
756
780
788
744
772
780
779
726
724
731
741
714
717
734
755
722
708
727
739
695
679
692
709
700
671
692
725
754
722
728
729
748
700
700
721
728
715
690
730
755
752
695
710
701
719
671
639
673
683
679
632
684
702
753
693
688
690
693
631
665
669
688
652
662
681
688
639
667
691
727
709
676
699
716
729
659
654
685
695
719
683
665
684
706
713
642
671
680
706
712
655
646
686
698
738
715
690
722
737
736
688
701
716
734
703
688
713
744
752
682
720
731
734
657
671
672
685
688
665
706
716
713
657
642
654
696
727
682
698
705
686
617
646
645
681
661
674
731
774
728
696
699
702
643
636
664
667
679
623
655
662
697
716
712
689
708
723
741
749
727
715
721
725
727
680
694
737
784
739
646
616
641
707
783
813
818
823
811
789
773
758
740
725
712
671
687
693
729
750
725
729
743
755
757
709
691
701
718
753
772
748
770
755
757
731
754
765
762
764
730
698
718
733
753
752
716
729
733
753
746
744
698
720
721
727
692
703
729
760
791
771
709
725
729
744
735
705
729
719
718
673
644
692
729
813
813
781
810
822
776
812
785
761
681
702
700
734
728
721
705
696
697
690
639
659
667
727
809
711
687
668
684
715
733
722
689
658
667
680
689
679
645
655
681
711
689
684
701
729
729
716
703
669
656
678
723
777
804
814
793
805
794
795
740
750
745
753
757
767
715
716
721
729
734
709
717
734
746
750
705
711
704
686
715
688
684
618
624
634
634
659
674
677
675
662
636
636
634
635
643
640
641
665
689
719
730
751
718
702
712
725
735
746
730
731
754
780
803
783
733
761
762
751
694
710
717
741
735
696
720
729
735
715
676
701
702
729
739
704
724
722
727
707
679
696
713
675
640
683
724
805
810
762
754
758
770
762
712
722
721
729
736
703
723
744
768
762
717
747
755
756
734
686
690
682
698
708
704
684
684
688
710
720
685
697
720
736
737
693
706
711
729
697
675
692
707
714
678
664
679
706
726
704
684
705
729
745
726
697
722
718
728
695
720
740
761
773
737
737
750
751
735
694
713
731
744
733
704
724
734
739
711
693
721
738
734
715
739
750
750
718
734
740
728
686
713
738
754
744
716
728
729
717
676
690
710
757
731
739
770
777
771
704
726
716
723
708
688
716
743
769
761
766
759
771
762
734
647
669
668
681
679
622
643
633
699
825
803
722
766
792
803
733
715
709
714
736
718
745
768
794
803
736
762
788
779
769
698
728
721
742
732
690
726
740
771
735
689
710
729
758
731
706
746
766
766
730
746
749
771
741
724
733
750
790
754
772
791
801
775
725
752
754
748
709
691
718
738
757
720
741
758
777
753
714
742
757
767
724
719
732
757
755
721
749
747
753
713
706
723
747
746
700
710
720
739
737
686
699
710
721
701
675
714
741
740
695
679
685
628
640
664
642
656
681
646
719
725
729
673
624
606
622
649
651
644
641
636
587
609
598
600
567
562
583
595
621
648
658
655
615
620
646
676
704
723
720
721
713
702
659
682
687
705
710
686
665
677
705
727
739
692
688
704
728
727
695
711
731
739
734
690
670
672
670
693
708
690
724
753
780
751
689
706
711
734
746
715
692
703
699
690
622
604
620
672
768
805
811
803
800
792
777
742
700
662
667
607
606
631
644
704
765
784
787
791
803
807
803
748
767
770
766
748
688
704
729
790
792
729
702
703
713
742
749
717
723
728
736
683
681
700
732
753
698
730
772
787
783
731
735
732
726
711
683
692
701
739
723
720
756
774
755
696
706
714
725
690
659
656
635
646
709
745
688
712
721
736
729
689
666
678
713
734
732
701
719
736
748
731
667
709
715
729
709
678
680
689
708
710
676
694
712
753
728
725
732
739
704
646
687
692
718
726
678
714
715
725
678
659
670
661
651
646
661
655
653
649
641
627
613
584
574
563
554
553
555
576
601
621
637
584
569
586
654
709
721
613
664
722
744
703
655
681
715
720
725
671
691
626
636
669
687
674
673
717
750
773
768
701
638
677
613
648
659
684
716
721
691
617
649
664
700
664
696
727
738
741
689
716
729
756
753
705
703
739
798
826
789
776
787
795
802
765
753
765
768
771
742
747
767
791
727
750
743
738
648
646
663
706
781
761
696
720
740
765
753
703
729
733
746
743
688
651
695
723
733
706
656
702
728
765
782
738
724
734
746
732
660
699
730
803
824
785
735
771
762
765
736
718
736
755
751
787
819
762
784
783
771
722
652
679
694
753
802
785
757
791
797
757
714
726
752
662
637
625
680
735
830
771
688
654
678
679
737
687
672
694
720
714
646
681
675
699
729
742
711
711
682
638
662
729
726
725
687
690
656
637
642
633
640
649
662
686
721
727
718
701
750
792
823
826
817
820
816
774
701
746
761
792
744
769
798
831
759
716
773
771
743
712
735
771
792
779
764
740
714
678
645
656
671
701
737
739
724
656
675
668
679
678
683
679
649
666
685
720
746
744
718
676
682
681
690
697
685
620
657
654
680
712
722
690
693
709
715
724
706
668
688
699
705
683
617
655
651
670
691
683
648
658
683
723
733
755
717
705
710
701
693
634
605
636
632
676
727
745
758
726
702
708
707
716
716
681
661
678
692
711
711
675
687
706
724
698
649
663
652
659
660
641
607
642
655
718
767
710
672
689
706
731
686
674
688
706
717
689
664
683
697
720
708
670
677
682
695
685
630
615
651
669
718
729
672
670
686
697
707
682
651
675
688
698
693
656
653
657
681
678
627
646
647
665
684
697
661
651
666
688
687
657
673
686
697
705
670
649
664
671
681
673
654
674
689
722
692
667
688
697
725
718
680
693
707
718
716
665
653
669
709
760
733
761
770
789
734
713
735
757
761
692
679
696
705
689
651
664
683
718
691
668
686
701
718
665
652
656
661
666
623
649
661
693
625
588
571
574
646
737
747
692
649
665
641
604
611
622
622
636
645
658
646
652
580
574
566
576
600
576
587
594
617
625
634
642
644
645
646
607
573
563
563
592
627
687
715
705
706
740
760
743
672
671
699
748
738
698
661
714
715
722
711
653
642
679
672
673
620
642
642
656
674
647
591
604
633
630
636
623
578
596
626
635
653
659
609
644
636
643
633
578
587
611
610
631
577
563
581
597
609
628
592
576
597
643
673
706
717
636
605
623
636
629
625
593
563
554
568
614
651
685
662
593
599
631
627
642
627
574
579
604
600
600
565
559
568
601
604
603
556
560
568
595
599
552
554
569
585
584
586
549
539
542
553
577
577
543
530
526
528
541
574
593
556
548
563
586
624
629
563
555
561
573
621
627
614
567
575
593
620
633
590
568
588
603
588
590
548
542
545
554
571
576
546
536
548
569
608
603
606
561
550
557
569
592
593
604
556
543
538
537
545
581
541
526
535
567
651
682
702
633
604
615
628
641
648
587
565
570
595
593
605
564
560
577
619
629
636
623
568
563
578
614
622
630
597
563
566
603
607
624
638
585
575
556
556
558
557
539
551
589
550
539
538
549
586
612
642
636
574
566
576
620
635
667
605
575
587
610
608
603
545
563
601
645
687
698
674
608
588
591
591
627
583
558
572
633
690
699
683
629
614
646
643
657
642
592
602
633
633
647
639
590
645
646
656
665
629
618
657
667
683
670
609
628
652
641
637
592
577
600
615
623
643
582
604
660
686
695
688
620
629
635
630
575
554
554
560
619
672
700
640
677
714
729
733
658
649
658
673
673
642
595
595
628
639
674
672
612
602
639
638
658
646
580
577
600
631
633
636
594
565
573
603
618
643
639
574
585
622
642
691
691
657
614
597
614
646
649
670
634
629
672
688
715
713
656
632
649
680
669
677
628
615
659
679
708
740
651
634
679
662
670
667
595
569
580
569
555
560
615
663
607
589
604
648
659
671
666
598
591
609
645
653
657
622
594
590
636
667
726
756
711
666
700
716
724
701
635
610
620
640
651
685
641
584
576
584
623
679
693
704
702
687
634
609
613
644
644
652
631
599
610
659
675
641
583
565
559
562
581
599
604
613
612
553
546
543
537
547
594
619
639
576
584
651
687
707
656
655
649
611
588
574
575
606
610
649
683
676
673
618
590
578
615
675
722
771
747
749
708
633
618
617
650
651
645
639
624
607
608
572
559
551
564
614
666
703
694
616
592
597
601
614
639
646
647
664
674
661
608
596
618
611
639
667
683
701
704
639
610
604
648
676
723
725
742
735
725
710
682
608
597
603
640
683
756
774
766
762
735
680
639
655
647
675
706
721
716
645
665
699
709
718
721
708
681
610
594
610
636
672
731
742
746
707
647
691
688
697
703
684
613
592
587
598
656
754
789
795
789
769
709
646
653
683
689
710
717
692
647
687
693
718
729
742
688
628
667
663
682
700
702
684
622
602
610
646
661
689
639
598
591
580
568
565
609
624
684
715
707
621
597
585
566
559
563
643
740
771
778
786
780
750
722
693
685
670
668
671
655
595
594
628
653
713
744
752
756
761
739
745
738
728
719
677
657
591
576
576
635
714
791
799
801
787
713
650
633
631
668
691
706
709
711
697
675
612
599
608
629
652
705
732
730
733
719
715
705
677
628
593
580
584
638
728
786
749
715
671
707
752
764
762
733
689
641
598
582
585
637
705
757
759
766
711
649
636
634
664
670
698
705
710
706
681
615
618
640
656
698
710
717
688
643
675
687
699
610
612
591
566
577
595
653
729
775
741
733
757
779
775
725
686
680
698
690
631
658
678
733
769
776
729
699
711
727
753
729
659
668
698
714
748
765
728
662
701
713
744
750
733
687
700
708
735
743
751
684
648
671
675
703
748
767
718
689
739
753
760
753
710
673
709
711
724
737
718
675
690
728
762
770
723
639
646
674
682
704
667
607
615
660
703
766
769
747
684
703
693
694
696
702
684
682
706
739
764
740
688
643
643
667
656
659
648
642
682
739
781
778
672
667
689
738
754
768
762
690
646
650
699
745
804
816
771
715
749
757
772
771
727
666
658
682
689
732
742
695
692
733
770
798
798
745
706
725
699
701
727
722
674
702
738
793
819
800
761
690
685
712
708
651
670
742
818
838
820
716
688
678
639
646
580
598
636
653
666
678
670
618
606
630
622
658
706
752
694
651
723
756
784
799
774
757
700
657
681
679
708
715
680
640
682
696
727
724
692
630
635
659
666
674
681
632
614
649
665
701
702
631
603
599
629
634
666
688
668
614
617
647
652
679
688
697
633
619
654
659
671
673
663
616
628
646
654
685
682
649
666
700
762
781
759
685
663
692
683
704
720
717
670
680
684
705
706
700
640
663
671
682
687
651
594
581
570
568
616
676
729
732
720
697
615
592
592
595
595
604
564
570
588
628
666
705
723
715
669
631
643
641
633
641
620
589
632
648
707
730
716
668
691
711
726
736
661
609
592
607
625
662
668
657
613
590
587
610
608
627
649
654
650
646
638
633
624
628
589
567
551
544
562
595
558
653
790
803
762
685
671
684
699
711
746
718
710
669
607
600
613
611
655
698
628
604
626
687
719
750
756
767
740
729
717
671
605
597
605
659
698
744
746
743
713
682
702
709
725
723
727
687
674
662
595
588
611
603
646
680
715
710
673
601
604
621
652
683
712
714
704
665
607
610
635
638
670
726
716
739
764
775
748
674
634
624
653
666
709
718
656
618
620
602
628
664
716
725
695
675
614
588
587
623
684
781
763
778
747
692
746
769
777
748
712
639
626
664
686
729
756
729
690
716
726
718
725
694
644
675
660
679
663
621
659
664
714
747
740
712
685
681
682
691
686
643
689
722
768
786
748
643
674
684
707
640
608
619
662
689
711
709
672
653
672
701
726
744
737
739
717
656
687
682
707
758
776
768
713
695
714
731
750
769
744
697
718
716
714
718
662
707
731
761
752
714
649
695
708
747
750
750
701
676
683
700
711
665
627
687
697
738
751
697
688
709
735
733
683
633
677
675
693
695
675
681
735
766
780
750
690
729
739
737
736
662
670
684
706
728
713
650
693
702
713
731
689
636
681
662
672
654
615
672
700
755
780
750
720
751
778
784
770
754
692
636
641
680
694
716
635
604
581
569
583
659
696
729
742
741
736
719
706
685
644
604
597
607
651
705
761
766
761
768
762
759
765
739
724
714
640
622
659
691
765
789
809
800
752
706
728
729
740
753
762
758
760
695
710
710
741
755
753
708
688
706
728
738
748
708
687
706
715
732
739
736
660
685
692
718
738
743
697
704
674
615
597
620
632
723
675
612
674
681
711
732
735
732
677
668
662
663
665
667
654
644
664
704
747
758
763
765
694
719
712
720
732
739
715
689
703
699
702
659
613
657
682
751
767
764
696
738
729
728
663
617
610
624
614
642
643
656
688
739
767
777
740
688
679
682
670
666
618
656
672
697
709
703
641
655
688
690
703
660
630
615
648
653
676
686
656
659
691
717
752
761
703
714
715
750
735
710
638
681
660
675
675
613
604
648
685
734
771
709
681
694
709
718
699
666
662
680
705
724
712
658
703
722
752
762
750
705
717
731
746
730
641
641
670
689
732
728
655
622
651
652
687
724
663
624
671
678
704
721
655
660
660
655
670
650
637
668
700
744
743
654
660
679
681
695
646
594
597
621
628
646
653
617
582
583
614
625
645
644
603
585
590
625
632
643
640
625
590
628
633
664
668
575
573
561
554
553
577
600
626
648
659
587
581
599
634
635
653
647
613
591
576
593
637
731
788
761
699
648
672
701
695
698
660
604
644
649
685
692
667
598
596
623
627
631
622
575
547
536
535
567
605
665
669
658
592
571
560
561
574
614
596
598
563
541
527
521
523
558
582
623
626
640
568
555
561
582
627
641
602
630
633
632
590
576
592
613
623
631
624
631
654
662
656
611
640
642
657
666
677
667
663
658
639
580
556
533
520
523
570
678
756
761
765
769
775
735
724
689
643
592
579
587
626
646
680
691
703
714
696
694
694
657
605
624
652
668
700
701
705
670
608
642
638
671
722
756
756
771
764
741
680
683
688
710
715
691
630
604
634
659
756
778
760
665
641
670
685
714
725
711
633
634
662
661
682
696
708
686
626
663
654
657
672
645
580
587
609
621
676
705
706
623
615
657
681
726
750
735
723
707
708
634
608
592
613
666
722
749
768
757
701
652
679
672
688
688
690
623
659
659
667
688
688
618
634
673
676
689
694
616
608
618
646
644
582
587
574
554
550
559
611
646
699
730
720
687
675
706
645
625
664
664
690
641
639
679
693
728
762
734
676
658
681
688
733
752
762
773
742
747
739
743
738
735
690
638
685
706
758
757
758
675
645
694
706
756
774
714
644
687
680
702
726
723
689
666
679
682
665
591
567
550
537
533
589
798
771
786
781
764
733
702
655
604
608
646
647
666
669
658
613
592
602
633
639
673
688
698
673
633
670
687
707
729
725
694
692
699
685
663
659
653
672
712
712
674
677
695
705
692
679
626
654
658
689
691
669
680
691
681
670
606
645
637
576
569
579
610
632
655
652
588
568
558
570
601
633
655
644
662
658
602
589
602
639
647
658
662
668
665
668
661
657
644
632
596
633
634
680
669
656
651
697
718
731
727
695
689
684
671
648
577
564
559
560
559
580
567
543
522
527
517
495
503
494
490
493
495
495
492
487
485
478
469
465
463
464
465
466
464
466
464
465
460
461
460
457
453
444
450
447
446
450
458
464
467
474
480
488
497
494
495
473
480
473
468
466
458
453
456
452
452
449
448
450
449
453
466
476
485
489
488
494
495
497
491
491
487
487
485
486
486
481
469
473
468
468
472
483
507
524
525
526
522
519
515
505
495
489
485
464
469
463
459
458
457
462
462
466
461
465
467
467
466
467
466
462
462
460
449
455
449
447
450
454
460
470
472
475
474
477
475
474
470
466
466
461
449
450
450
443
441
439
437
438
437
439
443
446
448
449
449
454
455
458
458
458
458
454
443
453
448
443
442
437
438
443
449
454
460
466
474
478
482
491
488
482
480
476
467
453
452
446
446
443
448
450
459
462
464
467
470
474
474
475
474
473
470
468
467
467
465
457
457
447
443
441
441
444
450
446
440
444
445
456
478
488
501
504
510
517
521
529
532
536
531
532
525
526
521
519
517
515
512
509
508
504
503
507
507
510
513
510
487
500
494
491
491
488
495
501
502
505
510
513
515
519
519
519
521
523
518
515
516
514
520
522
527
526
528
532
539
540
537
535
539
506
521
508
491
485
488
496
505
524
523
529
540
538
550
554
550
534
528
523
521
515
510
511
503
505
511
515
513
508
509
517
531
558
547
550
529
524
521
503
493
484
488
492
499
518
538
557
556
562
567
558
541
513
521
512
507
501
491
489
497
507
520
507
499
506
508
518
515
509
514
523
526
531
533
519
521
522
527
527
528
525
525
523
508
520
516
515
512
500
485
481
477
482
488
503
512
507
515
518
525
524
523
521
516
513
507
501
498
492
487
488
490
495
502
508
513
512
520
522
530
495
512
499
500
501
500
503
506
513
516
521
525
532
531
532
528
525
498
507
488
475
472
473
475
491
499
513
512
495
502
501
511
512
512
518
524
524
526
532
531
531
532
524
519
508
491
487
479
479
485
506
523
528
525
526
531
533
533
531
524
514
505
480
492
480
476
466
458
456
447
448
445
445
445
450
456
457
449
450
454
460
471
473
472
475
479
481
483
487
492
487
483
481
482
482
482
487
496
504
518
530
538
538
502
504
505
505
510
521
528
536
538
534
538
543
545
549
553
545
541
535
527
513
509
509
509
512
530
565
580
566
532
528
532
539
518
513
502
495
492
497
507
517
521
530
537
545
566
573
578
581
583
569
558
514
520
508
506
517
550
613
633
643
631
638
619
572
570
548
546
550
553
559
564
566
591
562
580
606
599
595
561
535
544
525
517
516
521
527
545
554
555
556
579
576
532
519
514
511
511
515
519
523
528
530
527
525
521
520
518
514
512
513
515
517
521
524
528
534
540
542
537
508
499
494
488
484
483
489
509
559
624
625
642
631
644
650
647
632
623
606
586
574
567
561
543
523
519
509
510
491
497
497
492
499
512
535
547
555
561
562
558
557
545
534
523
516
507
501
500
500
508
535
572
596
531
531
532
546
558
568
587
595
604
619
617
622
607
592
543
536
526
521
531
544
581
606
582
608
592
592
602
601
594
615
600
549
523
528
521
512
515
531
553
569
592
606
627
630
619
615
601
584
570
563
550
536
532
534
523
507
510
518
545
606
638
641
646
653
635
636
615
603
598
593
584
575
556
544
527
521
524
535
509
509
501
501
507
519
543
568
560
585
584
589
601
592
538
541
529
523
523
534
541
551
564
588
592
573
546
555
555
563
557
551
553
560
561
555
555
555
560
558
559
551
550
542
538
530
529
528
529
531
523
505
496
503
500
521
541
563
570
570
576
569
550
544
534
533
533
533
537
537
541
550
563
587
579
555
540
529
526
523
527
538
548
551
557
564
563
559
557
556
559
550
520
525
521
527
547
591
603
628
637
640
632
600
592
585
568
555
528
532
521
513
522
559
584
548
539
570
622
674
717
725
645
573
566
553
545
551
563
574
603
601
601
600
535
555
545
541
543
551
558
563
574
600
591
596
600
595
568
569
562
560
556
562
562
570
581
619
555
530
542
526
524
532
538
538
535
531
538
551
555
559
570
580
561
550
550
545
546
546
554
590
585
568
526
541
530
514
524
540
556
560
565
572
584
587
584
578
578
572
548
564
560
588
586
594
611
618
612
592
618
585
573
567
560
547
528
526
528
546
590
623
633
604
553
558
552
554
563
574
581
576
576
573
536
542
531
522
511
520
513
502
508
525
557
576
626
648
645
660
641
632
628
612
604
596
576
565
563
566
547
526
521
532
571
569
560
607
703
658
604
616
650
686
684
645
584
574
559
537
529
531
537
560
576
582
599
604
565
553
538
527
533
540
541
542
538
549
551
560
575
581
593
575
551
553
543
540
543
550
550
545
526
526
517
522
540
548
567
610
597
601
595
577
581
582
575
576
566
558
557
553
534
533
546
604
654
706
722
729
646
656
625
622
600
584
562
567
564
561
554
549
564
575
605
576
577
572
563
557
557
557
558
590
574
583
563
563
583
561
549
544
558
582
647
637
643
650
624
590
571
567
563
545
537
541
564
653
729
734
688
628
633
638
640
641
645
624
598
592
583
580
565
562
566
561
569
543
549
556
600
610
622
619
564
557
560
569
585
620
622
626
632
639
632
628
617
608
574
601
571
600
598
589
618
590
554
547
546
552
560
582
630
642
668
688
613
601
591
581
590
598
637
651
668
691
719
688
649
635
623
613
607
612
576
577
581
570
611
640
685
727
712
706
606
626
604
607
617
646
640
642
654
667
657
650
648
635
631
639
594
563
576
565
571
588
624
623
635
635
604
576
580
576
599
645
648
667
688
681
680
653
646
592
570
571
563
576
617
641
673
601
595
603
633
687
618
602
588
606
688
697
726
713
711
700
641
611
613
581
569
573
604
675
680
621
637
597
628
652
683
697
644
623
638
664
661
635
630
646
677
700
708
663
656
671
690
703
705
717
708
706
719
726
725
714
641
648
677
702
770
769
686
647
657
690
754
773
777
784
772
742
738
708
731
704
666
723
771
812
781
790
805
806
795
776
764
756
752
747
746
731
730
739
743
730
640
627
630
674
706
743
703
661
668
682
722
712
660
648
679
680
690
718
696
642
664
696
699
717
722
717
703
641
628
625
599
593
614
687
757
795
751
678
688
696
731
742
753
751
747
696
662
687
712
730
756
729
674
708
714
729
744
747
729
670
702
689
713
755
777
775
728
714
634
612
613
625
696
776
814
824
751
740
738
745
755
741
729
710
692
700
712
737
756
715
699
716
722
728
729
703
724
724
745
764
714
704
729
714
720
722
652
654
701
729
768
771
753
688
656
668
682
695
706
644
654
699
739
811
809
783
727
696
718
704
711
722
735
678
713
716
732
742
739
689
658
658
682
685
717
738
705
679
627
612
599
590
579
571
619
717
750
752
717
675
680
692
713
727
734
705
700
737
738
692
705
656
624
631
662
690
744
730
678
728
729
757
765
759
740
677
652
651
681
711
785
812
809
792
756
747
731
652
654
658
698
741
767
692
698
749
816
820
783
741
691
701
681
703
627
646
683
748
820
824
836
823
812
793
735
715
729
733
776
815
821
774
745
772
782
786
784
770
692
670
695
708
756
791
795
776
728
658
646
658
701
746
783
799
771
730
741
770
763
771
775
769
719
700
731
743
788
794
743
711
720
754
751
773
704
705
726
730
762
761
703
687
724
741
765
768
714
673
700
700
720
742
730
676
731
717
737
654
635
645
664
667
688
696
707
683
679
695
710
731
742
685
669
700
695
696
671
695
734
758
768
764
727
677
709
698
718
745
728
721
743
781
800
768
705
695
718
722
735
750
709
701
739
739
750
658
641
671
691
733
746
679
690
714
720
725
734
709
662
698
699
735
753
729
670
707
705
726
742
744
702
662
672
699
718
767
771
717
685
713
714
739
745
685
712
728
757
789
788
729
744
748
744
747
701
730
748
784
791
739
690
727
719
723
702
645
656
680
695
725
687
660
705
722
741
680
640
674
665
671
670
625
628
674
721
798
793
715
754
765
778
732
688
707
734
746
771
749
718
769
776
787
739
719
755
749
767
765
696
732
737
753
753
684
708
718
729
712
658
708
711
742
704
657
707
705
733
705
651
698
698
724
711
612
597
587
599
638
676
726
751
722
662
640
646
643
644
594
600
632
665
751
773
784
771
728
687
701
711
718
714
676
689
713
756
797
801
780
738
745
736
744
728
704
658
715
712
758
771
729
707
729
729
741
729
672
703
688
706
708
653
688
695
732
754
727
664
707
696
704
685
633
666
673
725
767
721
681
716
717
712
697
624
633
663
680
720
727
695
701
713
732
737
675
706
699
701
711
693
633
668
667
704
729
681
668
688
694
700
713
687
661
697
688
704
680
643
686
693
719
735
676
699
709
720
713
650
662
694
714
759
758
677
718
710
722
702
657
685
675
687
691
644
664
681
721
765
767
705
713
716
724
729
671
649
688
708
757
748
716
736
694
657
687
688
707
696
656
636
635
621
597
601
635
672
739
712
672
705
706
725
726
663
671
691
684
697
689
685
700
708
710
664
684
686
689
693
646
669
668
692
698
668
705
711
716
670
621
636
646
655
674
630
655
657
676
694
648
678
682
701
673
642
676
674
682
648
641
672
680
696
664
671
687
711
726
670
682
702
703
700
655
701
700
716
689
676
700
711
705
655
684
672
677
635
646
677
685
708
652
672
677
691
653
626
660
659
674
629
619
656
662
685
638
642
674
683
688
640
646
672
679
672
619
654
660
680
676
633
671
688
716
710
670
706
712
719
666
658
686
679
666
622
659
664
703
723
683
691
698
713
704
635
677
665
674
654
650
683
715
745
701
730
748
758
692
682
692
678
652
604
648
661
725
721
694
722
736
729
657
700
693
701
656
651
683
687
684
632
666
669
704
694
650
688
698
701
654
639
670
668
678
637
639
675
707
712
648
698
705
718
670
657
693
696
703
653
673
698
640
665
664
606
624
597
631
696
686
686
722
735
717
650
653
666
682
683
632
615
646
660
715
746
724
684
707
711
663
665
675
663
666
671
669
669
673
659
650
634
607
573
563
562
589
632
721
624
619
657
719
751
772
728
685
700
713
732
744
705
698
725
748
768
722
701
736
745
750
748
670
698
702
732
762
724
699
722
721
718
660
690
679
683
695
667
657
681
701
730
698
670
709
701
710
649
645
673
675
702
681
662
696
724
734
649
663
688
700
695
670
604
647
641
680
712
675
642
690
709
714
710
652
692
688
702
674
613
602
606
644
686
734
735
666
701
695
697
692
673
667
678
696
712
681
693
693
705
689
665
670
659
654
658
615
649
672
724
766
732
692
723
740
755
749
699
694
715
709
702
628
605
613
648
681
750
760
672
636
658
689
713
738
663
649
680
687
702
716
691
642
676
688
719
738
737
723
671
692
691
704
727
729
705
686
693
705
723
723
674
644
681
677
693
696
647
682
687
721
701
685
715
735
741
733
659
646
680
694
730
713
689
728
756
771
730
695
724
713
690
636
620
646
637
676
726
745
694
695
715
743
751
718
650
666
683
682
707
723
698
686
711
722
739
740
676
687
688
708
729
726
701
697
722
744
758
716
691
697
700
709
696
660
698
714
744
750
703
691
697
711
713
674
629
669
676
710
726
693
655
701
715
741
706
638
673
656
665
620
609
641
650
675
629
604
647
688
726
642
636
666
671
697
703
646
646
666
676
699
710
700
683
715
711
638
635
645
637
633
614
565
567
562
559
563
562
567
590
569
563
546
543
540
552
563
586
612
618
598
613
679
729
654
661
677
659
646
598
626
615
636
662
694
662
688
708
756
779
751
637
655
687
752
743
711
629
631
619
653
686
729
760
773
776
756
759
756
743
733
730
729
739
675
688
697
724
745
693
633
651
686
711
748
768
769
773
765
768
672
642
661
684
813
771
702
707
711
719
627
643
637
659
655
624
634
650
647
611
687
743
787
784
782
804
813
795
765
707
708
668
650
676
744
804
833
750
704
753
797
829
828
800
781
742
715
680
647
620
626
661
694
726
756
764
763
752
752
752
746
740
740
743
743
707
669
689
729
775
806
798
760
732
658
665
697
722
785
788
737
729
749
753
770
771
774
780
734
673
675
705
716
774
800
762
755
778
800
813
741
693
725
749
773
785
713
677
718
730
777
798
791
739
677
694
731
743
787
813
804
781
722
722
744
734
656
664
710
747