646
644
613
590
448
749
577
574
575
598
580
554
545
535
543
542
565
607
563
582
610
618
600
592
640
623
602
627
627
624
593
599
592
583
572
577
587
638
650
666
627
708
680
652
676
668
639
614
628
618
606
574
580
579
556
564
576
545
554
567
553
553
602
614
619
589
579
567
579
607
618
643
632
610
628
664
660
661
619
623
668
642
621
574
573
591
637
640
619
593
611
614
616
615
582
594
612
576
582
576
617
584
589
595
613
629
612
616
611
594
568
568
565
559
559
556
544
543
556
541
537
525
535
535
548
574
613
571
558
561
568
568
546
544
594
625
586
688
708
680
656
654
646
632
592
592
571
563
564
620
640
653
640
606
611
634
639
622
602
604
613
601
597
596
555
568
625
637
690
695
641
700
691
696
676
616
614
625
656
646
671
627
654
702
708
722
650
688
679
688
637
633
646
662
638
621
676
684
710
662
707
695
707
632
646
675
651
615
596
608
642
655
663
616
677
670
681
626
629
661
645
605
593
604
634
645
626
606
650
646
659
602
604
640
624
599
576
575
611
606
622
592
646
647
671
620
620
654
640
591
590
606
623
576
585
625
630
606
592
609
647
662
600
608
646
595
588
580
579
568
572
623
628
669
620
608
654
646
652
596
595
612
627
624
582
604
653
668
676
628
672
692
690
621
626
639
656
647
610
591
605
641
664
667
596
620
652
661
667
617
606
623
638
630
637
604
601
651
657
691
699
641
629
668
646
646
598
595
608
632
641
659
658
610
666
645
656
610
600
642
630
644
653
602
624
668
678
691
633
625
676
658
666
629
615
634
663
674
686
619
629
655
642
598
589
630
624
651
658
599
618
653
645
654
606
614
654
656
680
643
643
691
680
681
612
605
650
644
662
620
609
658
649
657
610
639
669
675
674
614
635
664
643
647
608
611
656
653
676
641
628
675
659
659
620
596
593
583
599
610
633
583
646
658
702
691
635
662
668
614
603
627
652
656
679
619
631
665
656
663
600
602
641
628
638
604
596
646
639
688
665
613
672
646
653
600
605
641
623
631
583
586
634
644
701
677
632
684
668
668
601
606
639
616
622
588
592
645
639
660
658
608
668
648
653
589
598
631
618
632
592
606
647
648
670
641
615
634
650
640
601
590
607
629
646
669
611
603
651
647
660
632
603
614
630
621
624
583
583
627
620
651
653
610
673
662
678
623
612
627
646
643
640
596
665
657
685
625
636
659
651
593
597
630
620
631
602
596
642
635
657
679
617
638
670
657
656
602
578
568
564
584
649
735
752
749
739
701
669
623
626
616
629
627
645
653
605
604
656
661
691
701
699
631
659
676
664
656
627
603
631
649
665
680
629
680
668
679
679
622
670
650
652
643
601
653
657
704
726
699
668
736
708
678
625
608
633
620
636
601
612
670
687
711
640
657
680
652
608
601
637
625
643
596
608
655
649
683
643
656
692
670
664
600
606
640
630
651
608
602
649
640
657
624
603
625
646
644
653
611
607
653
637
643
647
599
611
655
648
662
621
609
656
635
643
612
590
597
626
624
630
597
606
646
644
650
599
601
641
622
626
582
591
631
620
647
619
649
651
655
648
601
647
638
643
643
589
607
639
645
668
651
653
671
688
678
616
617
643
624
588
590
641
642
682
680
674
692
701
710
637
652
682
669
627
613
661
655
684
675
650
694
687
687
631
674
667
676
671
617
671
675
703
704
647
703
688
690
631
623
655
639
646
595
611
654
667
692
643
688
678
678
629
619
662
651
661
657
613
603
636
626
596
597
590
607
614
669
621
613
676
667
660
600
602
646
626
643
652
614
694
687
732
724
655
705
734
721
660
640
658
671
672
649
644
698
694
721
672
698
698
705
693
632
681
661
664
672
617
676
655
680
679
613
667
649
662
648
605
658
644
672
633
618
672
654
669
613
621
661
655
663
622
608
648
635
641
612
603
659
659
703
695
638
672
688
693
651
621
662
646
656
668
614
641
673
680
700
678
643
693
670
659
597
618
646
651
674
673
700
710
705
644
706
688
688
614
620
650
647
667
615
674
668
692
637
703
698
693
621
667
615
614
647
635
626
575
614
603
616
639
647
606
665
662
670
667
613
673
656
668
653
619
661
647
663
611
610
653
655
666
670
619
658
645
647
646
599
618
652
662
692
690
625
650
676
671
667
609
601
637
615
638
602
606
649
669
702
636
652
674
675
633
615
658
652
662
672
654
611
669
659
671
629
609
647
637
654
670
656
610
663
646
660
652
604
633
584
561
568
597
612
660
653
652
668
687
695
694
633
634
650
628
628
628
595
642
650
674
694
669
628
679
646
585
593
622
616
621
618
612
563
557
571
602
636
710
699
662
668
657
592
628
612
604
600
600
555
556
556
555
548
560
597
617
648
650
591
631
718
739
707
629
646
645
624
628
667
685
669
646
580
593
618
610
637
656
678
696
711
706
691
650
625
626
659
651
683
708
698
636
708
685
698
688
681
661
601
646
631
645
648
664
613
661
656
667
658
610
593
626
615
631
645
604
578
580
606
607
611
612
608
584
587
582
565
553
537
543
544
563
543
563
601
617
637
645
594
643
662
671
681
647
592
609
648
635
638
588
593
617
586
570
612
612
586
663
606
656
652
666
677
668
597
615
650
642
656
679
697
675
693
722
732
739
729
663
693
678
680
695
696
641
686
682
697
703
671
630
683
661
668
664
608
662
646
653
661
626
656
650
667
665
631
691
692
704
680
626
667
650
655
618
604
616
665
678
715
689
654
607
604
633
629
645
646
645
583
608
655
655
664
606
584
563
566
588
654
675
684
680
662
642
591
576
558
550
544
527
525
528
536
558
621
647
587
584
591
572
565
571
595
641
620
597
638
626
621
622
623
575
583
624
625
647
669
665
600
656
643
660
671
685
687
628
624
577
577
598
586
619
649
646
594
645
644
666
664
619
594
633
612
623
623
624
612
620
570
626
616
655
680
685
686
608
623
646
628
642
644
651
602
670
668
688
641
603
615
636
635
643
589
648
642
660
668
623
679
659
658
604
647
627
627
569
570
577
620
644
645
651
636
632
684
678
671
631
637
612
579
571
553
539
521
514
516
531
605
721
738
691
645
656
666
676
647
634
647
655
659
654
637
637
617
606
567
547
540
523
501
502
511
525
569
586
586
585
602
596
565
570
587
614
648
664
648
644
646
605
604
591
577
582
560
545
531
519
513
500
503
488
495
500
504
526
548
539
562
560
572
574
574
573
562
548
536
529
515
509
503
501
497
494
490
497
512
526
525
620
710
663
667
608
585
571
576
587
613
641
640
655
654
644
612
575
549
531
515
507
505
508
512
519
524
552
546
563
570
563
560
558
558
545
533
527
543
556
572
581
601
629
625
591
600
599
625
615
583
604
605
600
627
621
617
579
563
559
550
545
550
551
545
545
550
540
558
618
648
675
646
627
616
602
584
575
568
561
537
556
547
577
585
592
594
537
537
533
521
524
516
524
527
526
533
563
572
578
595
633
667
699
698
685
665
644
615
597
572
558
550
552
549
573
610
577
572
572
564
550
558
572
551
563
588
633
631
640
619
599
596
580
567
564
557
558
578
615
683
606
632
630
601
609
611
618
622
618
625
633
635
658
651
647
612
592
594
601
645
658
680
682
671
657
593
584
583
613
624
655
680
706
729
741
729
729
726
705
693
687
691
712
724
732
725
674
656
632
609
604
581
556
550
553
542
553
578
690
737
671
665
787
840
735
693
707
721
714
725
719
719
706
677
694
693
698
693
631
674
702
670
638
607
627
672
681
703
702
697
685
668
663
619
579
589
558
557
577
563
555
549
575
559
563
573
601
641
607
612
594
580
570
568
552
555
551
565
558
557
554
540
541
536
535
545
616
679
724
665
626
612
579
571
569
565
552
550
548
552
542
553
552
592
585
558
551
539
524
523
519
527
506
550
564
567
560
576
577
587
594
599
617
608
612
583
595
593
580
576
556
542
546
544
534
539
547
593
621
660
672
633
660
651
646
628
616
610
600
596
590
575
554
553
545
555
563
556
575
675
630
567
549
554
594
682
661
665
639
587
567
549
533
528
516
516
517
561
626
715
717
760
773
735
628
620
595
584
577
572
565
561
558
551
550
543
529
526
523
529
526
543
553
572
561
584
593
618
632
642
646
635
639
648
646
646
656
596
639
626
628
634
643
638
647
589
580
564
548
555
546
557
546
557
621
633
607
591
566
568
571
599
693
711
738
748
686
672
636
611
592
581
608
565
559
545
540
538
545
587
597
624
650
666
593
592
562
544
540
532
525
528
539
582
688
739
771
725
699
635
609
612
642
690
723
742
708
655
675
672
671
667
654
640
633
639
625
615
615
626
638
649
672
673
681
641
605
583
564
556
548
543
544
550
566
568
569
562
583
642
604
641
669
647
699
661
637
641
637
617
577
578
579
597
628
658
665
676
632
618
584
582
578
586
623
621
642
649
657
658
625
608
605
624
662
670
686
691
688
644
635
641
653
633
610
579
633
666
656
626
702
682
702
634
619
618
663
664
688
696
696
679
675
640
615
608
627
659
664
675
681
688
691
690
681
669
660
646
615
644
638
652
604
606
620
660
656
679
627
685
657
649
615
649
635
646
651
668
670
655
649
585
578
583
585
628
619
627
599
606
625
645
642
612
595
581
585
598
627
596
628
663
654
677
689
694
672
637
607
598
593
595
625
624
580
592
646
627
632
620
634
630
662
643
584
571
555
560
590
577
589
597
592
592
587
561
554
556
563
598
603
619
628
625
592
589
566
566
567
601
595
617
643
652
652
656
619
626
641
620
651
641
642
642
646
610
594
566
552
540
546
585
619
656
670
679
667
663
650
604
584
566
560
563
602
598
608
618
630
636
644
648
642
618
603
574
557
548
561
605
634
658
673
609
619
632
663
658
661
652
635
627
573
571
580
610
624
651
675
681
692
693
690
686
683
638
622
607
608
637
648
690
728
756
724
712
721
717
718
715
694
617
602
607
637
645
691
679
693
713
723
638
645
640
629
658
674
589
597
591
620
632
628
623
603
581
562
546
528
513
502
497
492
495
501
513
532
531
515
503
523
563
716
724
637
592
597
634
672
697
693
656
584
577
591
618
653
679
701
699
693
685
658
622
577
567
569
586
646
658
673
614
588
595
597
619
663
646
645
638
608
627
574
563
563
575
629
633
652
585
600
613
670
671
624
614
617
630
639
642
638
614
577
563
555
538
530
533
545
598
613
646
649
610
598
599
606
608
617
627
627
606
591
598
604
608
599
606
626
656
629
604
583
587
599
618
664
657
664
637
642
606
595
601
602
609
648
644
614
589
593
599
605
606
576
563
564
571
590
638
635
607
594
573
576
577
588
626
586
579
584
593
596
587
566
553
556
571
622
619
621
566
566
568
575
585
628
620
572
560
547
548
559
575
619
616
593
584
564
568
561
546
548
566
618
583
575
565
575
607
674
664
673
632
610
595
598
604
646
638
629
595
576
577
589
640
654
667
642
595
594
602
604
605
594
574
574
583
603
653
649
621
601
583
592
598
626
616
619
571
569
573
584
628
630
643
612
585
566
577
578
576
581
580
551
536
522
523
538
610
656
671
664
664
631
629
617
610
581
549
540
540
561
623
669
697
674
647
628
621
624
618
637
632
621
628
594
603
608
611
646
638
596
592
604
624
647
640
647
600
589
606
642
639
614
576
573
578
589
615
579
566
565
570
589
618
617
623
577
582
583
585
586
580
563
570
576
594
623
602
589
603
615
657
650
590
580
585
569
563
564
578
552
542
548
578
560
545
540
554
588
595
601
583
567
568
568
578
611
618
633
648
654
654
630
633
628
590
583
592
617
607
584
576
590
630
647
673
673
619
687
670
663
660
619
616
585
599
627
625
646
601
593
646
650
613
614
612
626
570
561
550
546
542
524
521
516
524
539
627
628
616
683
723
706
632
679
707
680
680
668
657
645
635
630
620
606
620
631
646
618
627
654
701
693
671
673
633
645
646
672
667
678
635
648
658
602
588
633
635
638
620
617
606
584
568
556
549
550
543
535
541
566
650
674
600
565
565
563
645
751
780
764
775
772
731
685
675
669
664
650
649
674
662
628
627
663
659
666
655
666
617
617
631
672
673
691
697
685
637
613
614
621
646
656
694
722
728
709
702
667
669
677
666
599
583
581
578
582
595
629
630
644
660
663
659
666
601
602
603
608
637
635
657
672
717
739
696
694
711
730
727
716
661
697
625
602
593
594
626
626
663
676
621
624
676
672
701
711
703
667
647
625
626
621
666
650
643
641
593
574
560
558
564
619
647
681
678
670
616
620
577
570
569
573
618
617
625
601
588
600
606
643
635
631
594
571
551
535
536
563
661
733
741
751
736
680
709
702
708
696
679
675
621
625
620
627
648
639
608
587
566
571
605
554
588
573
614
606
604
600
576
582
571
562
556
550
542
537
533
535
532
536
531
517
532
553
552
595
638
602
561
571
568
582
597
606
608
610
606
604
600
593
593
587
574
568
568
554
544
552
598
626
657
672
671
676
675
642
655
648
649
629
608
573
573
576
582
641
653
667
596
604
622
664
660
608
641
669
668
679
683
686
653
657
667
668
672
666
665
674
670
672
632
639
658
616
585
589
589
594
610
588
598
665
648
662
710
678
675
673
681
688
682
662
685
623
612
594
570
564
564
553
581
706
749
755
775
774
747
746
707
674
680
686
679
721
715
729
725
748
741
748
749
751
729
713
669
664
705
703
740
752
746
741
738
727
665
648
694
681
625
634
603
598
592
627
630
662
678
603
610
621
641
638
638
626
627
632
633
640
596
594
603
625
688
713
731
727
704
719
702
687
683
659
611
592
600
643
696
741
741
698
670
713
705
732
745
751
746
660
660
678
712
701
700
699
690
680
642
627
630
598
584
568
553
547
541
532
530
527
546
547
566
574
583
590
577
570
570
562
546
541
535
529
527
525
518
503
503
504
519
544
629
654
668
658
675
659
659
659
646
599
570
566
575
606
644
647
639
639
615
571
563
565
581
625
640
597
573
570
579
604
643
643
642
638
589
574
571
574
599
577
628
647
682
688
688
647
615
600
601
607
647
648
659
666
666
646
603
591
595
628
639
678
702
673
630
659
702
695
692
686
676
612
638
665
657
666
670
616
680
666
677
636
602
604
641
615
633
594
574
574
580
644
672
705
694
695
678
665
661
617
599
574
570
569
615
636
679
715
690
624
615
594
572
548
533
529
519
521
548
602
589
639
611
627
646
639
622
636
627
621
597
598
588
578
566
559
545
539
538
543
562
606
618
644
661
664
662
667
641
565
564
561
562
589
606
628
653
621
647
643
641
632
622
618
611
600
627
593
627
602
604
591
581
583
575
568
567
569
584
544
546
548
563
585
637
633
662
625
599
604
606
579
585
596
654
641
610
613
660
657
650
603
600
604
618
657
655
606
596
609
630
672
671
687
687
685
676
649
650
602
594
604
632
700
716
724
731
727
731
676
687
693
687
690
684
659
616
601
609
643
706
724
746
752
709
653
660
672
684
708
700
669
627
636
663
720
730
636
608
588
601
675
718
739
746
711
646
616
605
604
656
670
688
700
701
679
688
677
622
616
610
625
687
677
629
668
701
743
682
706
683
651
645
645
651
678
635
645
651
650
613
631
620
591
597
605
666
680
688
709
682
700
705
686
633
611
612
634
637
650
665
657
659
645
631
595
587
583
579
595
603
622
641
639
633
640
629
594
581
576
574
582
617
625
634
656
598
577
598
624
716
736
653
651
668
688
719
713
675
679
676
702
677
667
627
613
616
634
671
634
589
617
664
662
687
667
630
657
688
679
666
675
676
639
620
628
679
694
734
736
734
722
700
688
631
610
589
589
603
661
690
729
748
663
657
669
702
692
695
692
678
612
625
658
658
674
688
642
708
701
676
677
719
708
698
623
598
596
602
639
646
662
674
678
677
677
669
670
664
663
670
646
655
689
697
736
739
730
682
651
636
646
679
671
679
683
683
683
677
686
672
690
688
688
658
689
674
680
689
637
694
684
689
647
705
688
708
706
704
691
687
691
681
669
665
664
653
647
594
606
640
641
658
670
672
613
604
603
640
636
659
658
664
663
658
631
605
602
643
639
662
681
687
679
625
614
622
647
648
666
672
669
630
615
618
643
627
582
606
603
610
561
561
569
609
651
699
715
713
715
632
649
648
678
670
664
610
616
618
644
640
639
642
587
582
591
634
643
666
670
648
601
638
617
623
623
580
582
621
625
647
661
673
630
613
623
658
650
659
654
651
606
594
600
636
635
662
668
680
680
618
598
593
601
631
633
660
668
670
604
597
624
613
624
638
635
583
587
627
615
621
616
560
558
559
587
581
607
608
571
588
621
626
649
645
591
577
581
588
605
601
573
557
550
551
578
578
585
569
550
551
554
563
568
535
531
534
540
545
549
547
543
533
527
529
530
539
579
552
555
557
578
621
631
652
647
611
595
580
584
611
601
597
567
552
544
550
585
599
618
621
568
563
565
577
635
646
658
663
654
586
580
588
622
614
583
562
561
569
618
638
669
662
657
610
585
586
622
606
614
608
602
552
558
573
604
607
634
630
647
603
608
652
644
642
631
620
572
560
563
587
590
632
630
604
651
675
703
703
654
674
678
667
691
656
602
604
611
605
565
553
539
555
612
620
617
578
562
551
544
526
516
512
506
503
513
532
594
625
618
646
638
666
683
684
735
689
656
680
710
757
700
744
735
699
706
691
680
632
608
573
544
534
534
550
586
538
554
548
549
550
549
532
537
525
519
513
516
515
515
503
498
499
501
510
537
597
608
637
646
650
647
629
632
639
622
582
598
603
571
566
568
614
617
629
643
638
601
667
645
653
604
599
615
627
587
601
638
641
593
579
599
661
694
703
673
648
661
641
657
620
581
610
595
597
614
627
646
642
590
599
615
659
668
673
645
617
591
598
600
631
620
619
615
576
583
564
592
633
652
678
675
624
608
595
609
633
659
666
667
665
644
616
613
604
591
585
622
573
593
600
631
647
677
682
695
693
688
652
648
604
602
604
636
638
650
653
618
662
644
646
621
595
574
570
570
604
630
669
683
688
676
644
614
577
583
585
597
566
557
571
637
604
618
670
665
649
653
645
607
600
616
683
704
719
737
739
715
708
688
632
625
637
681
677
702
707
712
722
719
699
662
637
650
677
674
704
699
703
726
729
712
669
641
641
682
670
671
672
672
672
615
591
586
626
626
649
655
651
591
606
643
636
640
640
648
613
615
663
655
677
679
685
627
621
625
645
632
644
654
687
710
669
706
720
670
644
690
727
730
729
694
647
646
652
686
688
712
732
703
740
760
771
774
741
680
688
712
697
696
628
620
642
674
699
717
703
679
649
602
602
636
646
680
690
634
600
608
620
656
659
663
663
679
646
617
627
674
688
721
718
708
662
641
686
668
682
700
693
629
600
583
609
677
734
754
750
738
717
640
636
639
674
633
634
602
616
660
675
709
731
735
731
723
711
700
659
695
647
646
690
670
616
633
679
695
723
737
733
720
671
627
634
656
657
689
709
703
667
659
706
713
726
719
707
676
636
627
662
653
667
681
666
605
623
654
667
732
750
739
689
656
690
723
704
697
661
646
678
651
636
610
611
610
607
615
574
565
572
573
562
622
686
721
734
738
730
676
633
603
599
604
639
648
656
655
643
639
688
681
694
697
689
649
679
658
656
665
671
692
706
652
627
645
678
673
656
622
589
613
601
611
600
579
598
597
563
561
547
537
533
541
560
615
568
646
756
768
672
681
678
670
678
616
633
565
575
597
590
596
606
631
630
588
589
593
604
594
600
578
554
555
542
538
533
527
524
530
524
520
518
517
514
510
512
508
504
493
493
488
485
480
476
471
468
461
464
460
459
466
485
501
508
517
524
494
508
508
529
556
554
566
556
548
542
539
530
500
500
496
489
485
483
483
483
486
492
491
491
491
488
491
490
483
479
468
470
469
468
467
466
469
474
476
480
480
479
482
486
490
493
493
488
485
479
478
474
472
472
472
476
468
458
467
473
482
505
519
526
539
549
552
523
512
513
518
520
522
531
531
521
494
498
485
477
471
470
472
472
479
485
502
508
518
526
536
523
524
523
491
494
481
479
480
484
489
495
496
499
506
513
523
540
555
561
561
551
548
542
533
524
518
513
507
507
505
502
487
489
491
479
482
488
503
524
553
565
577
594
582
586
590
589
599
593
597
594
590
588
577
566
556
553
554
550
552
550
523
534
520
520
520
523
529
536
543
551
540
540
539
535
529
514
506
497
494
498
484
492
487
494
507
529
548
558
564
571
575
576
571
574
568
542
518
512
500
495
491
497
504
508
505
526
546
539
518
511
513
522
528
532
515
515
502
498
497
504
508
515
518
515
517
516
519
524
526
525
521
518
518
509
508
505
508
508
512
510
493
498
493
493
504
515
521
497
494
495
497
498
502
505
507
511
513
514
516
512
512
513
508
504
497
494
487
482
476
474
477
488
504
531
563
578
517
522
517
523
535
550
561
576
556
537
542
545
548
559
562
536
554
553
548
549
552
553
562
563
563
555
547
533
517
502
496
493
501
505
522
537
544
534
524
525
521
515
513
485
489
479
477
478
481
491
499
510
517
516
513
516
514
511
512
513
488
485
479
475
474
478
479
479
485
488
495
503
506
514
505
498
492
477
483
476
472
474
473
474
476
475
477
473
476
479
479
485
489
494
495
496
494
494
494
494
495
495
501
510
525
543
563
567
569
567
559
540
521
511
503
495
497
503
508
494
495
490
486
486
488
492
487
487
476
479
479
481
485
487
490
491
494
491
492
493
486
481
475
475
466
469
473
478
491
509
499
511
538
534
528
542
564
595
590
588
586
587
584
586
582
559
546
542
545
541
546
558
578
615
616
633
645
642
651
645
646
635
590
561
561
542
537
558
662
616
645
652
635
599
609
592
575
579
597
615
637
647
656
652
655
632
599
603
607
631
655
674
686
674
656
666
667
668
626
601
617
616
610
595
604
627
660
689
688
666
662
658
646
639
633
630
630
636
604
579
561
552
552
690
738
732
714
711
699
680
660
645
631
616
613
617
585
581
563
566
583
615
636
645
649
649
648
651
650
649
627
605
620
642
678
722
669
653
664
664
663
658
654
653
656
645
633
648
650
654
660
656
646
629
612
612
621
668
667
682
648
627
624
634
641
645
644
625
623
621
624
634
620
610
622
633
653
642
619
604
612
613
619
622
632
664
625
612
607
609
616
657
652
669
645
639
635
654
663
666
640
613
619
624
636
664
705
679
699
676
685
672
662
656
643
628
646
687
677
698
669
634
644
645
638
607
587
589
604
652
640
589
600
589
577
574
580
596
633
627
633
612
606
585
586
592
613
658
635
640
614
618
620
626
624
619
623
626
631
658
632
607
600
583
578
592
668
682
659
622
635
640
666
631
622
631
660
664
675
684
643
699
604
625
597
590
564
562
567
639
714
764
771
679
670
709
678
637
648
646
644
626
638
660
648
651
644
606
646
625
561
581
563
548
546
544
561
631
665
662
674
635
604
613
627
675
706
711
705
683
679
659
630
624
620
614
619
646
642
650
633
620
603
587
581
560
555
563
615
685
748
764
751
674
653
657
663
708
708
730
725
676
661
682
680
636
610
618
654
656
685
697
710
701
679
640
610
603
604
640
657
701
722
729
731
705
691
681
674
668
669
628
661
594
595
617
660
670
670
629
641
593
600
596
609
606
603
649
664
702
671
666
642
604
591
589
597
643
668
720
732
749
759
739
726
708
659
630
609
575
564
562
577
682
751
770
697
664
632
599
583
583
599
681
708
732
678
689
682
689
664
631
644
670
678
684
688
669
663
617
609
620
648
625
615
604
581
576
560
560
561
576
637
691
756
774
699
713
709
718
700
694
656
648
683
670
636
659
697
699
710
655
720
706
665
664
700
678
633
697
680
683
698
703
690
677
661
589
575
561
570
596
619
670
652
614
646
613
638
726
689
675
679
667
665
630
650
675
672
694
702
705
671
667
702
686
643
619
614
622
653
663
667
688
688
690
684
686
611
642
653
593
591
612
655
701
766
782
778
769
753
742
722
700
646
606
591
590
606
642
621
653
697
721
751
766
745
691
654
661
686
605
604
587
568
562
558
563
619
651
682
684
694
617
623
626
648
637
623
612
602
570
564
541
529
522
516
515
521
516
512
522
509
518
545
597
656
739
701
670
610
587
584
593
643
736
700
632
627
630
620
625
621
619
604
575
562
562
560
563
566
563
585
617
608
625
628
692
706
703
732
713
703
645
663
682
733
726
724
645
649
672
667
644
644
693
696
718
651
656
707
702
718
723
705
695
687
672
618
633
673
670
684
688
722
703
689
700
693
675
677
645
601
603
588
583
599
653
689
742
736
721
734
718
711
701
699
699
690
700
707
717
724
712
650
728
712
719
722
710
708
701
665
634
679
658
673
696
698
694
680
612
635
656
650
662
641
628
673
654
672
685
691
683
693
686
671
665
658
644
645
653
659
666
682
686
641
609
610
643
638
656
618
609
656
649
654
660
612
628
655
636
629
637
649
607
658
630
636
632
608
593
626
618
620
581
563
557
546
554
544
551
577
567
573
578
577
554
558
545
548
543
536
522
516
507
512
504
508
521
567
715
751
742
667
626
628
672
711
649
672
674
676
615
617
616
620
624
623
604
583
580
577
564
540
522
531
526
526
530
529
522
516
521
509
512
512
522
582
603
568
612
635
689
715
722
681
689
671
679
676
661
639
594
592
579
569
591
664
673
692
709
714
701
693
673
670
658
601
640
686
685
715
729
718
703
713
708
654
614
605
611
646
674
708
709
652
729
686
624
659
684
668
646
625
624
609
595
578
605
562
568
586
623
641
680
697
679
691
680
608
596
564
567
558
572
550
571
613
616
589
617
700
740
748
705
721
694
684
667
643
611
584
585
585
619
626
646
670
678
676
678
614
601
593
608
650
648
643
651
633
613
626
665
654
654
635
612
612
630
646
642
653
653
638
589
574
580
589
623
617
589
578
583
581
582
607
607
590
543
525
518
512
527
567
624
648
646
658
658
625
615
590
563
557
556
570
596
600
606
608
589
603
600
605
605
608
580
585
590
612
607
620
621
573
574
596
631
637
645
646
609
583
586
590
576
561
562
559
544
539
553
555
579
549
544
538
530
539
539
580
588
604
621
633
636
630
588
570
553
553
561
613
606
632
590
646
619
619
623
621
584
579
591
616
579
565
557
531
521
517
511
508
506
495
501
487
488
492
494
493
498
514
541
567
559
530
529
525
526
530
525
521
521
523
527
535
551
595
601
617
640
654
670
672
680
688
664
669
656
605
644
646
642
583
650
647
671
615
684
688
711
707
639
690
669
677
683
671
675
657
660
594
575
585
581
561
579
646
574
591
634
631
640
633
600
575
565
567
559
548
552
577
659
687
700
709
699
669
617
611
615
652
645
650
641
641
638
647
648
640
640
631
603
631
588
633
583
588
597
603
570
591
630
637
642
642
646
618
612
598
567
557
552
539
534
553
581
633
637
659
655
646
637
604
607
595
597
588
588
561
594
556
544
535
528
530
526
520
528
538
541
529
528
536
548
537
556
573
623
616
562
570
553
555
544
534
529
526
519
514
515
509
501
501
504
507
510
514
489
494
493
497
505
520
538
547
545
550
552
556
559
553
551
548
542
536
535
533
530
533
523
527
535
551
534
538
528
531
543
550
520
524
531
525
541
557
574
585
574
583
559
540
540
540
541
537
536
540
557
560
591
569
578
566
536
525
522
521
528
552
599
588
581
547
557
572
591
570
576
585
567
558
563
580
632
584
573
564
570
584
569
576
629
621
624
606
574
576
585
584
586
572
582
605
644
652
614
646
609
621
623
671
665
641
628
595
562
547
544
550
574
596
589
597
622
664
644
670
658
655
639
634
621
610
588
575
567
563
557
554
550
559
550
558
560
578
597
610
617
561
568
563
571
580
589
612
627
601
596
613
615
595
603
582
595
599
604
588
602
613
619
588
597
608
599
596
603
618
621
580
563
563
570
572
569
596
626
673
672
666
656
655
626
604
604
607
603
591
582
606
612
665
615
596
573
575
561
558
568
568
563
573
595
639
602
584
587
589
593
590
579
585
610
580
597
608
606
676
670
674
646
631
613
581
579
557
565
563
574
611
688
693
605
600
625
654
646
614
630
614
609
571
547
537
548
550
559
565
578
583
584
576
581
575
570
571
569
563
555
546
547
547
549
561
573
599
595
651
622
582
582
564
577
598
613
624
630
632
626
612
602
597
589
578
564
557
560
573
623
627
652
656
643
650
644
635
609
567
568
561
544
549
581
614
694
698
660
708
708
690
651
663
671
671
644
624
644
641
636
652
665
648
628
595
579
587
600
666
603
601
630
646
607
605
630
650
655
649
643
608
604
618
626
614
595
584
603
613
666
609
604
613
601
579
583
594
595
606
614
628
639
643
631
605
578
574
577
601
673
673
653
648
685
701
699
668
650
668
628
608
625
631
670
640
632
659
694
649
623
636
646
649
644
617
599
604
600
609
618
606
616
632
689
684
669
619
629
616
594
614
625
623
614
582
570
565
548
549
543
530
536
537
545
537
545
554
570
588
607
609
603
565
553
554
561
579
581
599
618
606
623
637
654
656
658
629
590
572
564
556
541
542
563
649
679
696
723
716
731
648
644
649
658
622
618
650
705
733
710
752
735
697
697
703
685
649
626
624
631
669
662
631
685
679
696
698
712
688
646
658
663
693
682
682
686
645
655
676
698
687
645
644
602
587
574
556
553
563
588
646
611
614
626
632
640
641
647
647
627
626
581
575
567
568
567
592
604
616
626
629
614
619
623
613
606
605
588
550
533
525
531
582
743
797
793
804
799
786
771
749
690
618
612
611
617
665
671
692
693
702
663
667
675
677
673
656
615
632
623
668
670
685
686
691
661
641
668
681
699
683
687
682
636
661
689
676
683
675
614
632
648
684
672
628
660
653
691
674
683
613
601
598
605
641
611
613
665
667
621
616
628
677
680
684
684
631
626
622
622
652
659
685
704
691
687
609
612
617
631
657
657
632
622
593
594
573
555
563
563
575
563
579
658
695
705
667
633
640
644
673
629
661
646
642
620
613
622
655
660
687
692
703
678
612
593
596
603
631
669
604
618
639
677
681
694
698
689
684
680
675
668
641
618
671
628
631
589
587
607
670
692
687
699
712
717
701
698
638
642
596
595
595
633
646
675
693
697
639
682
667
671
673
638
644
676
666
647
635
643
690
711
728
743
729
655
674
685
665
614
647
682
648
651
711
712
736
730
724
720
703
688
674
629
613
640
669
679
695
697
711
713
708
676
654
652
631
607
616
658
666
693
646
704
711
725
683
674
686
717
701
704
694
676
671
624
604
614
650
663
675
680
711
707
718
645
655
687
633
643
594
580
575
571
591
697
711
735
732
709
698
631
610
604
602
612
660
689
723
727
730
660
711
706
681
626
651
640
605
634
593
598
590
589
583
586
586
584
583
580
546
556
553
564
565
549
565
584
635
655
682
609
643
653
692
671
646
656
651
616
612
625
670
694
725
732
745
731
670
671
713
685
675
615
608
621
678
708
761
763
760
753
750
740
711
690
643
622
590
585
614
706
769
794
799
795
776
732
658
674
658
679
680
700
711
631
606
601
608
649
719
741
723
637
647
657
691
679
637
623
628
659
599
590
570
556
550
549
569
652
678
712
680
626
637
641
654
685
666
647
590
579
577
581
620
641
630
638
652
690
688
664
603
600
589
588
612
604
607
619
614
587
598
599
592
591
588
584
585
583
578
568
563
561
556
545
531
532
531
529
521
531
543
572
585
611
653
662
648
663
664
587
577
589
604
610
587
586
577
568
576
594
635
638
640
585
587
596
633
635
656
605
611
624
662
673
687
688
634
651
635
625
602
617
659
688
709
685
706
687
710
703
705
652
646
687
679
684
691
693
692
703
693
697
682
666
671
679
673
682
671
666
656
637
619
615
652
649
667
673
673
669
668
658
614
621
648
608
583
576
583
636
688
739
757
744
736
723
709
709
691
655
628
604
596
604
630
710
764
781
782
774
755
737
721
643
627
647
667
625
599
611
641
708
732
753
743
717
643
664
700
692
699
691
685
631
620
632
659
675
688
646
706
707
720
711
642
660
686
680
674
645
613
632
619
592
604
656
692
721
729
731
723
716
650
642
657
675
675
695
704
647
632
687
679
699
709
711
703
695
682
667
644
621
620
683
714
762
782
767
681
707
720
732
707
710
699
644
645
682
684
708
716
656
609
589
571
588
714
808
727
667
636
625
619
588
568
565
563
572
585
593
601
612
628
600
601
595
598
609
656
622
693
693
710
646
635
637
644
648
643
646
604
592
583
577
574
596
614
614
633
670
663
627
613
646
685
740
753
738
729
710
687
665
616
602
613
673
723
784
798
796
781
769
711
693
703
710
730
715
690
669
682
694
747
759
755
746
703
657
634
636
677
686
730
751
749
724
688
704
700
694
699
647
639
665
702
697
716
733
734
702
696
657
626
630
646
700
737
772
778
774
772
707
665
662
670
686
734
724
736
737
741
716
687
644
641
657
703
712
715
719
703
655
631
619
637
674
692
706
656
668
686
720
722
730
706
644
615
617
599
586
639
716
698
722
751
767
779
739
739
724
702
688
673
653
630
663
718
741
771
785
771
700
663
667
675
682
709
694
693
646
643
662
729
746
775
769
751
694
666
676
684
686
720
717
731
742
756
751
771
721
669
676
687
715
713
713
662
652
686
742
760
763
748
670
644
659
661
693
682
656
639
643
670
713
728
732
663
635
626
637
669
667
676
637
630
650
699
710
729
719
668
634
632
640
652
692
694
710
670
688
749
743
686
626
604
620
632
692
693
701
703
678
684
673
675
673
701
673
645
663
707
707
733
726
692
656
627
634
643
693
721
749
750
763
716
738
707
692
668
664
652
627
614
625
682
705
738
737
741
702
687
645
635
637
633
679
644
635
656
729
754
781
764
679
672
698
701
709
702
700
673
622
606
620
663
712
724
669
661
678
683
698
709
722
709
717
671
622
601
605
625
692
726
746
737
702
711
705
689
651
624
631
646
704
729
743
660
671
704
740
751
747
684
655
663
670
702
698
716
720
669
652
671
641
619
622
645
625
623