859
1011
299
1479
733
1008
2029
507
511
499
1009
1021
501
380
1640
333
4376
356
506
501
502
348
1164
314
2462
490
270
505
703
314
503
509
656
338
503
508
697
1856
4021
1021
503
509
507
509
505
508
507
507
503
503
771
288
3725
1511
558
3954
356
343
886
5325
504
499
502
498
509
1007
1001
2089
458
495
1747
1781
428
740
850
1497
503
347
1171
6084
3102
412
2431
4122
412
589
504
511
509
506
507
505
505
509
506
510
503
508
1506
501
929
982
611
505
504
509
500
506
511
504
505
1012
503
1223
297
510
430
989
1109
854
666
810
6338
740
4569
503
504
501
503
502
504
504
505
1007
2030
506
1010
1006
504
502
1514
498
510
494
505
1336
335
1483
2552
5414
1001
7053
4076
378
633
503
503
507
507
799
1222
253
1752
510
509
508
502
503
508
499
510
921
3382
1479
277
506
504
503
1509
502
1511
11580
2542
5159
1968
484
492
802
724
500
677
863
5022
517
5037
4329
740
9071
4108
1003
388
619
1522
1015
1009
512
495
501
509
1016
499
2019
509
1349
278
388
813
1979
1256
1010
508
1518
1008
355
652
1013
7064
4046
423
582
505
511
1014
2027
718
1056
1251
1513
502
1004
503
500
293
327
386
1006
509
503
505
1011
276
738
498
511
499
1003
2009
508
506
506
1008
2003
4946
1206
1319
2292
328
413
501
2012
277
740
497
512
1509
1007
1512
1011
357
653
1011
501
505
500
1260
603
1177
504
501
509
1509
504
9102
5306
1518
1514
914
601
500
506
610
392
1012
500
503
2025
501
1012
510
497
1008
419
2948
1169
509
502
507
503
2725
1228
571
307
4598
3196
1523
1076
2978
508
821
738
450
1020
505
1014
1940
571
508
502
502
509
505
510
504
2019
415
1610
509
499
502
8974
4269
509
508
1513
505
512
502
494
1723
1479
853
500
1009
504
512
506
508
1019
311
1202
1012
506
278
2115
1637
582
428
508
999
734
276
1009
1515
9076
4082
503
510
505
505
508
503
503
1761
2780
2527
503
506
2302
714
506
1514
1011
2535
507
357
654
364
646
502
502
502
9093
4053
504
507
329
737
445
509
1508
499
1514
1003
505
424
1599
616
396
342
677
502
2023
4540
507
507
603
402
835
1197
500
510
1010
9071
4026
513
320
1697
507
504
513
1512
2027
386
1633
2034
511
507
2012
927
1092
510
505
510
504
1008
506
9103
3969
507
503
503
513
503
510
1518
496
421
1086
1001
1518
502
506
502
1009
1518
4546
867
645
1017
310
1714
502
1017
415
789
10046
384
634
510
1004
331
679
2020
504
2018
1009
3546
478
339
2692
1509
2927
9103
4375
1286
492
2763
3026
502
501
506
1512
503
502
1262
254
2032
1168
352
531
472
500
508
504
503
504
505
502
504
1011
254
9525
4475
2634
812
1196
503
1002
2219
984
322
506
510
505
1016
1008
1063
739
1229
502
1227
279
507
501
504
505
504
1006
501
2523
504
9646
3988
505
507
508
503
506
505
2840
1964
1474
491
299
505
502
506
2021
499
500
1127
1404
1541
2435
1237
1857
502
2015
9262
10909
313
1210
1005
496
1521
936
496
602
503
501
856
657
503
1011
1524
314
922
275
1519
500
1512
1012
502
435
6018
1014
401
606
506
511
503
509
505
508
504
280
731
496
505
1010
1010
2407
983
642
832
1201
501
271
743
3534
499
2018
1012
431
2216
386
2518
1013
274
740
500
2021
1010
2026
4535
1019
1007
501
1006
1396
1649
567
4235
500
499
362
638
506
508
508
502
501
1016
4538
1011
507
506
511
507
504
1004
1107
409
1804
3753
508
501
998
508
1017
1009
6168
505
1019
504
2021
502
1017
500
4977
568
503
654
353
502
624
1896
320
694
509
508
1013
1520
3018
507
9066
4120
2013
1446
567
1013
506
501
508
504
365
1148
794
1728
5553
503
513
503
505
4026
513
446
556
501
498
508
833
5506
2526
2881
1153
503
503
499
1008
1267
2260
502
507
916
591
1627
2398
1007
507
506
4033
6671
4288
667
506
1011
1009
507
977
1973
1598
504
504
1513
501
507
511
1515
2451
2090
505
1512
822
324
369
1520
1016
1010
1004
4355
570
871
1592
2469
561
499
501
408
602
1011
7077
513
1005
503
508
1007
1518
786
734
3016
498
4398
892
1003
509
2027
1007
2021
2031
3530
1444
2084
1013
508
1011
373
643
504
1017
1015
513
505
2211
305
4245
507
1008
508
2023
738
891
1407
502
1018
503
1016
1012
503
535
983
1509
2676
358
506
504
503
1000
1011
1003
945
577
1232
275
1018
4345
506
2003
1519
1729
1297
507
1517
505
503
507
509
2016
1506
501
1511
504
509
505
501
1013
503
3979
631
1010
502
503
1005
1516
2015
2009
506
504
511
504
508
509
501
508
507
509
505
499
514
3020
2378
662
501
2031
504
8666
498
2017
1005
505
500
893
626
500
2027
1006
1997
6063
499
2303
1227
9103
5604
736
740
2946
1025
509
1513
501
6063
502
1968
1070
511
1005
502
4422
502
1516
504
3540
501
1013
1007
498
503
507
4561
1510
501
735
275
505
503
504
510
1514
508
1518
2031
9097
4896
501
501
500
505
505
503
501
510
3540
1005
1271
745
511
2013
2016
5055
505
509
503
505
1019
6470
384
3030
1021
509
1698
306
1005
1009
1521
3554
255
1754
1192
315
420
1097
751
501
270
502
1513
4291
443
501
1526
1329
1195
1747
3459
342
2003
3024
502
9090
4611
509
506
506
503
1007
1519
1520
502
485
523
2014
504
1010
1510
3544
253
2772
500
1519
1014
1016
504
4360
695
503
505
507
1010
510
506
506
1015
989
1521
1014
1514
1538
2511
508
502
505
506
1013
1014
504
510
502
1510
2329
4488
1514
508
850
1153
1517
506
3021
1508
513
506
507
502
275
735
1015
1509
2221
815
4049
1017
1006
9060
5026
500
503
1337
2615
4106
3551
508
1004
1510
2541
3012
507
506
511
3392
802
1479
740
1521
502
502
1009
649
2951
4469
727
3324
845
1469
1708
9078
5328
1009
499
869
644
502
501
507
3536
1009
1008
507
509
507
2007
1020
2520
1020
1515
501
503
507
507
4736
508
501
507
1161
863
2832
499
1221
504
1011
1020
3523
506
1014
801
494
1478
741
514
1512
999
5708
519
502
507
504
1004
1510
322
687
1013
1014
2517
2021
1368
663
3027
503
1010
468
742
319
498
658
353
504
4074
604
919
505
1010
2022
3808
495
748
1528
504
506
508
506
509
1009
830
599
880
1228
496
4676
369
504
502
512
511
5648
503
507
1009
1010
3538
1514
2005
420
10746
500
920
501
4540
506
1155
358
1518
1080
434
507
3548
508
504
504
501
1000
1006
1011
502
4535
3528
10166
4486
374
637
503
3848
3946
295
2533
1008
507
508
503
2033
502
1517
502
1428
606
506
506
509
499
499
510
505
288
9095
4469
1521
505
504
506
509
502
507
1013
1756
745
508
504
1005
497
430
2595
1510
504
504
835
5718
509
1021
1016
509
501
6396
999
507
505
504
2531
1016
2034
1002
3538
3801
743
1005
1004
4541
505
5215
2020
5551
5043
870
1659
509
787
279
948
506
1474
5155
2021
1006
2535
506
301
2215
1017
1002
505
511
1017
509
510
504
1014
505
507
506
502
505
4532
510
505
505
502
506
507
4587
3008
1454
570
505
504
503
1521
1894
3641
504
510
505
505
1009
510
506
1815
2207
502
1011
2522
5519
1520
1013
1020
503
1544
2503
2021
504
505
3177
739
2646
500
1009
272
740
1011
510
502
6733
285
1008
499
3039
509
319
688
507
502
1017
413
1594
1006
1008
414
601
1508
598
405
1813
1229
506
2020
9101
4386
499
505
503
509
1510
498
1912
2142
1007
1014
2518
3022
1521
2527
2016
1011
1514
506
507
9238
4391
1019
2711
1313
508
1017
4544
503
1009
1005
3033
506
1002
1013
505
501
2023
2026
498
500
4782
1009
501
3948
610
509
5051
510
1004
499
2416
2132
501
501
498
508
4200
505
500
802
2227
512
508
1007
1005
508
507
508
504
510
509
501
500
2516
1012
503
3529
498
2838
692
1521
960
7256
332
502
1018
647
369
511
497
1003
2533
1306
2210
1020
9063
4083
369
1149
510
3013
501
2524
2527
502
842
2182
1509
498
1012
2542
2518
499
2535
6983
2032
2225
782
1014
1523
508
365
1656
506
4477
1570
1149
366
503
2672
11188
4363
605
511
506
501
505
504
508
549
456
282
1235
2716
301
502
505
507
505
503
1503
3537
507
501
510
2012
504
4535
545
9098
4824
510
507
509
501
510
503
4031
503
1522
1007
507
414
1601
3027
1519
505
2516
507
1014
876
1151
1313
4247
1205
1318
514
387
1965
1179
3047
1492
1012
2131
2903
2022
502
510
742
763
2004
508
501
498
1016
5655
1015
1521
505
503
1633
2403
504
1517
508
505
511
1013
510
1012
508
1507
508
502
1521
4043
9507
4624
505
2458
1086
1006
623
886
511
3032
498
507
501
508
503
929
3624
2529
500
518
2521
418
592
9105
4529
2025
438
1072
901
622
1016
1006
504
1526
2019
504
508
502
509
2128
396
503
993
505
507
779
1233
501
3029
498
5041
502
2458
577
501
1008
1007
504
506
508
504
1002
2016
2544
1010
1001
500
503
509
1009
1014
281
735
496
1513
1501
1512
504
4392
504
2510
2029
1008
504
3018
504
328
2696
2016
2523
503
506
2343
4722
4989
2860
1515
1017
508
1510
506
1001
1003
1007
1006
512
1016
503
2548
641
849
877
2660
506
777
739
2009
9106
4273
829
2203
501
1015
1515
1512
403
1124
499
505
1013
1010
1012
492
1009
1010
2542
2019
2008
1506
748
4076
741
3912
2033
515
5039
1302
1231
2229
3688
1159
1012
501
1017
2217
4077
507
500
4531
500
2026
502
1515
4049
303
1480
745
1523
1003
506
406
604
508
1010
1009
809
842
4735
867
507
1011
505
3027
3532
396
737
745
1658
1019
1074
436
500
1518
3146
368
1016
509
1011
418
594
508
9100
4971
1011
510
509
508
509
503
1007
508
506
740
771
502
3532
503
1097
2441
509
507
1012
2012
1404
626
2521
10724
4419
390
3143
503
835
1188
1012
743
1777
300
1709
499
502
506
1517
327
736
1961
1019
1512
1007
1517
868
637
9101
6864
499
503
1009
499
1333
3199
1016
507
1518
412
604
872
640
1011
3020
255
2778
500
1525
371
9071
7271
3044
510
1016
2521
505
1519
501
1010
500
1006
2529
1021
2521
1005
502
1005
504
2021
5638
2525
1910
1133
3788
1265
961
497
1058
6069
1521
507
501
508
912
599
4663
501
1011
3022
1134
1378
2015
3035
1514
503
500
1512
504
503
4545
499
1009
928
590
13658
505
2525
2023
2450
1084
1782
1247
502
499
509
500
508
510
502
2012
844
1172
12550
503
502
507
500
3018
956
1570
508
505
510
1517
505
1013
1012
500
2011
4394
506
509
3027
1005
502
507
1422
1116
509
505
505
503
3025
1728
281
510
503
508
2031
508
507
2531
505
1015
1012
506
4890
1018
3535
3031
499
509
507
509
1012
1519
495
1011
1515
1015
2013
507
505
2535
501
512
1017
503
505
500
4844
2523
503
2013
530
2024
2494
500
2028
1520
1014
1020
505
501
1514
3020
509
4262
1507
2029
500
1013
2682
751
2630
625
1393
1521
502
1003
4038
3548
498
4181
1011
1011
4525
1012
501
2028
505
504
1007
1522
2021
3547
499
506
503
516
1282
734
502
4151
1510
1524
1512
2420
4662
1011
496
515
505
1508
1011
2514
595
412
506
6614
746
509
670
311
284
1473
2552
510
512
508
502
506
2521
502
3928
622
506
510
1006
1518
3029
5060
505
504
505
2012
4035
401
604
505
505
503
831
4212
2547
1869
650
503
499
506
502
637
9735
5948
2033
253
6824
317
689
504
1762
2281
505
1505
502
1001
513
505
823
482
273
9614
1011
504
1526
5092
1483
500
503
505
511
513
501
1014
506
501
1004
1407
1638
2547
982
5953
1014
1523
504
510
504
509
501
509
501
498
1020
1000
1015
1512
3029
505
510
1014
365
3175
1508
2023
14974
499
4047
505
499
505
1009
505
1509
2525
496
1008
513
1517
507
505
505
506
510
504
1010
1009
389
15660
1513
1007
507
1524
2584
2218
1263
354
1342
332
1001
3030
2287
740
1513
505
1011
411
604
506
5298
1481
3530
3551
498
2515
504
511
3019
2523
1510
512
1512
504
1012
505
505
4129
508
511
504
1513
516
502
3023
902
1653
3009
270
2775
495
510
506
1513
498
505
1076
2461
1506
4495
1170
2276
746
732
279
506
510
499
507
509
511
507
506
506
504
511
1012
278
735
497
2704
312
504
506
503
1503
1010
3546
499
1007
508
9109
4032
1517
508
2513
2009
507
503
503
504
2535
1523
503
1019
502
2513
2010
509
790
720
506
3033
4474
500
2536
505
1009
504
3024
504
405
601
508
5541
1513
1012
1015
511
506
1010
2027
5430
503
505
511
1520
508
501
1504
4030
504
504
6083
2997
507
509
1015
2019
1504
5493
738
1657
1517
281
735
5037
993
500
2818
3227
1015
505
426
1601
2020
570
10252
506
2019
501
1521
3049
1508
500
498
504
2017
499
1014
4034
868
1161
9082
4198
513
512
502
499
507
500
506
1010
664
1860
1511
1523
1009
2019
507
506
499
1516
1446
1087
2517
1011
505
507
627
890
12134
5952
737
402
1008
1297
485
1262
2521
2525
507
505
6548
2526
509
842
492
14140
1009
2020
2331
1196
502
1015
1481
6397
1201
277
724
1516
4042
8589
348
1153
999
3563
1516
269
736
506
505
1574