667
681
717
720
722
666
667
650
646
668
673
711
729
731
729
743
745
709
713
696
690
637
671
661
666
658
682
691
718
706
622
641
675
699
731
735
684
688
669
630
633
640
660
663
649
609
634
657
688
705
695
677
611
623
616
615
643
628
599
651
689
714
738
746
757
757
721
683
684
660
643
639
650
666
690
691
613
589
581
633
741
783
792
797
747
690
708
716
709
704
693
668
655
658
666
658
671
671
691
679
699
701
654
669
680
687
693
695
688
658
652
657
678
708
747
733
734
731
679
672
666
655
626
635
679
675
679
709
737
744
722
647
664
659
672
687
663
647
668
693
747
768
761
721
732
722
722
714
674
670
670
687
711
727
712
703
717
729
730
701
693
696
688
678
626
646
635
661
664
689
693
725
704
662
661
662
665
668
658
627
624
625
644
685
713
705
696
719
738
756
750
708
706
697
701
698
683
656
659
662
686
701
662
672
666
673
656
635
633
637
648
657
651
642
658
660
676
673
643
643
634
638
623
621
629
653
659
631
645
648
662
648
626
642
644
665
662
646
655
669
686
688
667
692
691
688
678
642
651
663
688
707
691
711
720
729
715
693
695
692
686
655
663
664
679
689
681
717
747
737
689
697
693
688
651
644
643
655
672
651
672
688
719
699
699
694
685
649
655
645
654
634
654
668
715
730
693
715
708
694
668
679
673
657
604
633
627
636
654
680
694
666
687
700
700
673
684
685
688
668
661
667
666
672
655
659
676
684
688
657
666
663
659
650
627
636
642
662
646
660
659
632
645
663
680
659
641
625
607
592
579
565
557
551
551
569
537
570
597
800
745
610
647
619
608
679
728
662
704
747
756
696
712
701
698
667
630
599
612
601
604
605
567
595
582
585
558
569
582
589
622
608
638
657
686
693
689
616
624
640
634
640
643
651
652
656
656
654
612
640
635
648
668
681
646
666
674
690
695
663
684
691
694
666
669
678
685
641
693
707
727
710
723
718
675
675
676
671
657
596
604
624
662
688
659
686
712
757
767
724
732
728
707
633
648
669
668
685
662
610
650
640
646
649
630
639
650
661
684
653
676
696
706
713
680
615
643
630
628
635
635
604
642
651
691
719
672
694
688
677
674
685
703
690
653
671
676
678
659
624
657
652
678
674
684
708
715
703
660
680
664
617
656
604
629
620
634
644
619
578
605
600
593
562
586
585
610
605
618
634
645
661
658
652
641
634
618
588
596
584
600
654
684
672
679
676
673
679
646
654
641
645
624
619
606
619
641
655
660
632
642
646
618
629
670
671
653
723
717
710
701
673
671
671
680
682
667
649
667
666
669
620
635
610
624
634
633
620
633
639
659
662
650
632
614
597
581
573
560
527
560
568
682
766
744
721
741
765
729
678
677
653
626
634
729
775
786
757
712
678
640
651
628
629
578
598
612
606
619
621
630
577
567
556
559
564
555
569
563
584
592
617
633
595
614
598
584
566
564
561
565
549
554
566
567
609
684
731
750
719
729
729
710
724
715
714
713
703
700
687
672
631
646
625
633
594
616
611
642
688
736
620
652
645
636
627
659
731
763
765
768
737
629
669
668
704
730
718
697
672
676
679
695
665
697
699
670
689
692
682
660
652
658
650
668
670
680
683
669
663
651
626
633
577
604
603
643
697
729
763
765
756
729
680
684
680
692
709
695
702
698
697
703
690
665
682
677
636
654
628
656
648
674
692
693
690
676
661
645
609
602
560
557
580
600
671
749
764
772
706
701
676
641
678
664
678
672
671
673
677
682
687
649
635
656
667
668
665
657
647
665
664
667
666
609
585
616
601
587
588
603
645
649
689
729
757
758
769
777
761
749
705
712
712
716
721
696
712
732
767
746
767
759
751
740
741
746
732
726
735
725
730
739
685
611
592
636
650
679
676
664
614
592
611
590
590
608
635
658
678
684
694
702
699
690
673
646
608
624
598
595
619
651
671
691
721
719
721
722
715
700
695
675
685
676
657
604
643
634
679
714
708
693
670
648
597
583
579
601
634
709
764
762
742
709
680
693
707
716
712
709
710
699
691
687
677
684
680
690
693
681
669
643
648
656
680
693
693
676
668
630
592
608
595
611
597
593
580
630
748
817
800
786
771
755
655
623
646
629
641
658
652
628
630
630
640
647
644
666
672
688
696
673
664
639
645
649
645
641
643
633
578
604
583
572
565
561
561
570
576
584
590
588
567
596
618
667
746
756
745
729
734
730
722
700
678
644
600
606
571
613
626
662
721
741
754
702
671
691
723
718
696
707
709
711
712
698
687
688
693
712
724
728
702
675
682
692
696
661
680
683
690
690
684
664
602
621
630
667
735
724
780
770
693
711
698
677
667
643
630
625
627
643
665
671
668
672
660
645
615
620
622
646
667
682
678
684
661
679
637
666
649
640
663
666
635
627
628
626
611
616
618
621
619
621
638
652
658
684
732
715
729
735
723
684
610
626
604
613
651
615
649
732
742
727
633
663
661
679
690
676
626
632
641
641
647
657
646
651
629
620
590
600
594
615
652
675
684
666
663
670
662
639
631
626
628
654
675
659
670
678
625
585
571
563
566
523
535
540
572
601
618
647
705
717
720
720
690
693
701
706
697
700
697
696
682
692
703
732
729
733
747
758
733
680
698
707
723
727
700
692
688
652
671
657
621
669
704
720
683
706
719
678
658
613
577
574
568
598
606
614
610
572
554
546
547
551
577
583
594
603
612
604
584
575
559
539
540
551
539
587
605
623
651
684
676
664
663
661
670
662
621
579
580
601
687
759
763
764
782
762
733
701
692
694
704
701
679
706
738
753
770
722
680
696
709
700
698
699
620
624
655
634
683
730
714
743
751
748
710
736
742
714
677
694
673
662
704
689
674
641
651
592
627
625
611
636
651
672
695
705
674
684
690
699
711
708
670
663
666
678
697
707
711
696
688
689
687
654
636
603
600
627
615
594
634
657
686
725
744
778
754
739
730
720
702
627
621
642
645
682
709
703
735
767
789
811
795
726
725
722
727
722
660
700
723
764
776
741
762
782
782
776
705
693
682
678
695
661
624
616
642
662
705
748
759
732
712
717
714
687
644
651
673
708
738
761
730
747
705
655
646
602
670
674
721
750
749
702
669
689
710
722
717
623
593
549
568
622
712
795
788
779
783
780
750
704
679
636
616
596
594
605
644
671
685
688
698
707
699
613
605
613
644
656
688
709
709
664
699
668
661
658
653
649
646
646
646
607
584
582
588
623
664
698
722
722
729
732
708
657
623
629
640
633
613
666
674
690
701
699
678
673
656
656
616
608
641
643
666
650
689
707
724
734
717
713
705
697
663
707
720
726
730
675
753
728
679
694
670
650
643
629
618
606
581
600
608
594
571
605
601
581
612
649
682
721
749
729
718
732
688
651
654
669
705
724
738
730
727
718
646
653
677
663
630
637
670
679
670
631
695
685
673
632
624
646
684
693
687
630
649
684
668
665
618
656
600
644
644
662
678
674
614
610
625
646
643
646
662
647
602
618
639
640
657
654
657
652
647
648
591
630
574
564
564
580
589
593
596
593
597
609
563
572
581
623
686
666
603
609
647
737
773
691
681
727
778
792
737
689
640
629
620
579
568
564
573
594
637
589
618
650
669
662
615
630
646
682
627
669
662
664
667
665
656
651
607
579
586
599
641
621
592
614
639
700
712
649
662
661
693
688
687
681
661
635
615
577
569
571
593
689
737
689
724
782
768
726
706
724
717
703
654
673
657
640
635
657
693
686
650
656
685
695
718
715
636
651
656
668
659
656
604
615
638
678
689
673
620
643
688
682
623
675
666
667
667
674
615
608
634
656
667
674
663
639
623
599
565
550
532
515
518
525
547
583
639
571
570
599
646
680
652
670
664
611
621
640
659
672
649
604
599
567
571
600
636
666
643
653
671
696
711
736
709
705
708
674
668
659
658
664
662
646
678
712
765
768
742
677
662
671
653
659
635
653
666
643
636
631
640
613
572
549
540
554
562
597
625
619
566
587
561
559
580
629
612
565
568
574
584
605
614
595
559
531
524
520
531
505
500
493
482
486
482
486
500
512
524
535
541
541
522
514
507
505
508
516
530
546
556
564
570
578
560
542
542
546
571
563
545
540
541
549
571
574
557
543
527
519
535
504
508
502
524
504
508
497
505
504
505
503
499
487
486
484
479
470
469
465
468
482
496
522
528
533
546
566
584
570
561
543
555
532
538
547
539
530
530
527
529
530
541
529
529
543
584
613
604
622
643
656
665
670
657
595
577
553
537
528
546
611
669
710
729
801
813
771
731
656
619
594
593
578
598
612
648
676
683
685
679
670
603
601
572
567
547
575
545
562
550
566
560
585
607
606
603
598
590
577
573
569
563
547
579
587
601
558
614
662
749
779
775
743
746
743
736
700
641
646
655
694
728
756
753
738
679
690
688
658
612
639
660
670
604
592
566
588
541
529
522
526
533
589
642
713
751
775
778
797
760
693
688
688
688
679
646
615
622
631
632
642
654
659
636
670
666
679
671
671
688
695
687
669
675
681
688
693
699
686
676
644
649
646
661
661
652
613
648
662
705
710
667
688
698
710
719
705
696
681
678
675
656
612
649
641
699
753
769
772
774
767
712
715
711
705
700
657
673
663
672
675
696
710
710
687
705
707
719
723
714
706
691
684
671
651
649
673
707
740
729
742
732
717
687
700
696
661
672
650
641
645
654
673
701
685
683
696
724
753
758
754
744
728
710
700
695
694
699
689
669
666
679
697
713
635
649
638
646
644
639
627
608
565
595
590
606
621
622
634
616
578
589
610
618
638
646
641
598
579
602
580
587
604
620
609
617
664
728
771
756
700
715
723
741
727
689
674
677
674
677
682
660
634
653
660
680
668
628
632
643
646
648
604
587
611
600
604
603
566
595
588
594
605
613
604
573
608
599
604
603
561
563
592
592
619
626
611
625
629
650
637
581
621
611
626
639
591
555
541
543
634
688
716
692
659
613
630
641
646
635
596
617
604
608
602
589
596
611
627
620
649
667
676
673
611
600
621
614
612
607
593
588
583
589
584
585
599
629
649
663
671
661
645
646
638
638
636
625
606
563
545
537
552
599
757
771
760
762
769
759
763
770
718
686
702
741
753
738
705
694
698
711
695
700
690
656
600
626
612
623
641
654
634
612
614
613
632
677
673
665
659
656
649
599
619
610
619
629
615
612
635
628
628
634
625
622
601
563
591
584
593
566
564
563
570
606
610
574
625
591
575
615
604
602
602
581
606
599
596
561
589
564
577
611
584
582
609
617
646
663
666
662
654
642
622
637
628
618
599
554
579
566
574
581
576
533
540
522
523
540
578
593
586
557
557
549
551
556
554
560
557
553
558
563
595
597
612
601
568
580
605
616
629
629
590
608
638
657
661
604
638
649
676
692
641
618
633
656
672
681
686
677
674
678
666
643
601
575
570
562
545
566
634
740
770
685
701
736
738
667
670
628
615
629
620
615
633
635
647
624
622
632
635
652
656
643
643
635
631
618
608
607
616
623
623
632
623
562
576
598
627
617
594
640
671
717
729
682
608
591
595
595
614
713
695
637
679
680
688
683
678
646
593
571
566
569
627
698
743
756
781
777
777
765
699
675
692
717
735
698
727
761
771
780
768
684
635
703
729
767
777
767
724
697
725
712
724
742
708
738
745
771
776
753
699
718
693
692
697
712
710
698
756
781
749
794
792
801
780
770
702
692
726
736
773
786
775
714
674
714
712
750
754
716
646
700
708
720
714
641
651
688
697
719
702
650
632
687
684
718
723
643
601
581
570
612
728
693
629
635
664
678
636
592
589
595
623
646
680
704
708
698
626
663
681
676
684
692
681
639
613
662
660
710
743
736
662
690
692
716
738
742
742
681
725
702
708
688
633
655
659
694
725
743
717
647
700
684
693
615
592
591
632
649
677
696
689
648
622
656
645
653
669
679
686
696
688
636
626
651
643
674
701
638
621
668
683
723
738
659
687
688
699
705
701
682
619
672
665
689
715
728
668
710
709
712
724
695
638
684
673
693
695
632
681
709
759
776
748
658
697
683
688
691
664
615
679
675
710
675
640
693
712
731
734
685
643
681
659
661
646
608
668
675
713
692
614
679
684
712
721
715
701
692
631
616
660
659
726
788
793
741
770
750
723
763
777
771
756
701
649
688
676
702
743
701
702
731
768
777
729
669
709
697
638
617
622
643
670
709
632
593
578
624
654
677
698
704
677
657
607
594
572
583
580
550
554
571
610
674
706
705
702
674
639
638
656
655
682
711
706
688
684
682
627
672
672
696
714
704
646
646
663
673
686
678
667
663
645
601
620
603
598
606
620
628
628
669
705
760
782
773
704
713
718
703
699
687
680
684
683
678
648
602
587
578
562
583
544
535
545
546
559
585
591
580
588
687
751
801
811
774
701
655
635
637
621
623
624
621
583
578
600
604
646
685
673
667
654
644
642
607
631
623
635
649
668
685
693
692
647
643
621
606
568
583
596
628
707
731
681
676
672
680
702
714
711
694
650
616
633
617
628
660
675
677
683
678
653
601
617
604
626
686
758
758
765
758
742
715
664
683
688
725
748
745
750
717
669
675
671
686
702
705
704
658
637
641
646
661
682
667
642
657
660
670
684
681
676
660
630
635
633
635
654
661
635
647
654
669
645
624
601
567
563
578
559
561
582
630
674
683
646
656
646
644
625
600
550
554
570
579
615
637
645
608
619
618
639
609
579
560
535
532
526
508
512
557
613
652
618
569
597
640
652
648
635
609
597
580
551
534
520
512
505
503
505
548
584
637
642
666
693
701
700
632
616
621
573
579
565
554
540
527
529
540
527
531
557
560
570
579
569
573
575
553
558
546
541
539
532
523
524
530
531
517
521
524
518
525
516
522
548
558
563
566
563
564
563
554
548
541
532
508
506
500
475
472
471
469
473
488
529
575
596
598
630
637
641
619
606
613
600
591
552
560
534
524
521
536
565
555
562
564
565
562
533
553
528
502
510
503
504
509
521
547
549
556
562
528
543
494
500
489
487
484
488
495
498
504
510
515
526
534
531
534
530
523
519
517
512
517
518
520
526
539
495
491
497
503
520
544
550
549
540
535
527
523
518
521
529
521
520
526
521
521
510
497
491
486
484
484
487
496
506
512
501
504
495
504
555
563
564
579
578
589
595
597
588
581
573
567
557
547
539
527
517
510
496
489
491
496
514
563
585
620
616
634
619
620
619
611
590
581
574
570
540
536
521
520
545
547
550
554
515
520
521
528
550
573
589
577
579
579
571
575
562
556
552
565
555
558
536
586
592
609
615
611
610
601
588
548
551
548
552
587
592
582
535
539
544
535
540
585
674
655
564
552
550
595
642
670
679
688
692
692
652
618
643
666
688
659
599
616
626
665
699
730
745
706
667
685
715
740
718
660
633
636
679
694
636
645
671
698
721
733
723
664
653
667
689
706
727
733
725
686
699
704
726
719
720
720
684
699
721
731
739
710
681
684
690
727
702
629
630
632
663
672
693
640
639
664
676
702
693
679
688
692
698
688
684
677
620
641
660
662
669
612
631
663
688
707
714
707
661
660
666
687
674
621
639
658
674
703
627
604
614
630
630
638
590
583
609
615
657
678
685
640
646
663
651
647
602
613
631
635
664
646
647
664
679
672
694
705
658
683
688
689
634
604
610
631
646
665
662
670
685
688
693
674
629
657
647
659
666
641
672
683
699
721
665
681
676
670
611
597
596
578
576
635
717
746
741
696
651
673
690
686
660
653
649
653
614
595
626
652
710
738
731
639
648
665
668
682
606
620
651
668
669
660
672
677
670
658
645
599
635
639
675
701
708
666
688
704
720
694
659
680
666
646
618
583
593
612
642
677
642
642
658
683
686
669
635
659
663
671
684
663
666
671
679
691
678
631
667
660
671
646
638
665
683
709
686
674
701
711
701
641
631
654
651
688
680
687
716
753
762
701
694
705
699
658
619
654
658
692
705
681
670
681
682
626
633
623
624
624
611
616
641
674
698
662
647
667
681
691
633
600
634
617
629
645
643
624
641
656
680
685
646
612
651
643
651
648
596
633
629
668
692
676
662
679
682
677
669
615
654
650
674
707
691
688
698
716
729
680
659
660
654
651
607
625
631
670
711
698
692
651
618
600
593
562
555
555
584
635
711
757
745
706
638
631
604
583
590
589
609
627
585
623
621
649
654
648
605
609
616
630
675
697
706
681
686
700
711
725
728
688
634
665
680
705
719
718
657
625
646
649
652
643
588
605
593
595
550
551
547
578
604
601
595
582
572
567
558
540
533
526
519
506
497
496
494
495
506
509
532
569
570
578
538
549
537
566
615
621
617
611
612
610
603
589
581
590
578
571
535
549
540
531
526
508
499
507
505
521
564
574
584
599
603
604
608
594
599
592
581
581
563
547
536
527
521
506
526
526
531
543
560
581
588
531
539
542
556
589
592
604
611
617
576
569
555
559
552
590
583
570
621
626
648
660
663
638
617
596
581
573
567
568
567
563
541
582
553
521
534
533
544
574
578
584
593
591
582
560
532
530
535
532
563
570
581
604
617
621
618
618
613
604
599
590
581
548
541
536
569
605
632
632
647
631
580
581
568
573
603
608
615
642
635
633
630
629
615
610
607
611
577
597
573
588
624
656
661
669
666
667
651
645
593
604
598
604
626
639
569
614
623
646
664
667
577
618
599
597
596
598
600
597
597
606
606
605
604
604
598
602
601
603
609
610
537
555
550
572
579
597
610
611
614
623
611
582
583
561
577
581
607
635
659
666
664
671
677
670
655
654
598
564
564
568
616
652
590
570
578
568
597
673
724
680
671
719
720
728
640
604
605
632
638
660
603
611
655
688
729
690
646
660
672
705
707
716
708
675
636
624
662
689
730
752
750
682
659
701
712
741
742
676
685
703
694
712
673
676
705
756
768
764
734
676
677
676
690
705
705
666
669
696
726
735
731
651
657
682
680
704
688
630
670
676
707
721
681
628
667
673
698
691
646
680
671
685
671
663
604
582
595
581
617
580
581
609
621
653
669
666
647
648
649
647
647
641
623
588
608
607
585
567
577
611
639
699
728
730
743
726
662
658
666
660
657
661
660
609
635
642
679
720
714
669
672
676
685
689
690
681
684
683
685
675
681
691
718
731
729
715
658
658
649
639
645
660
671
667
610
634
642
669
636
641
633
639
645
579
597
575
571
603
649
719
739
673
675
692
709
667
664
678
684
690
719
730
742
735
743
740
737
721
709
650
686
681
717
724
738
737
759
771
752
705
706
705
699
691
661
634
668
682
714
725
739
730
708
670
671
665
682
697
716
688
716
722
737
688
692
698
686
636
633
621
640
671
660
619
656
673
711
711
715
701
701
693
676
655
666
677
700
683
681
696
704
704
630
632
653
658
678
688
672
653
666
686
705
723
718
709
704
693
632
643
640
656
706
721
719
662
674
686
711
741
747
727
668
688
691
711
741
740
736
713
718
715
718
703
616
592
572
588
663
706
766
776
776
758
730
716
706
636
623
612
628
637
651
667
707
695
712
718
704
688
677
648
601
631
608
612
631
653
674
705
726
722
714
709
652
660
652
662
629
640
635
652
684
682
651
642
638
646
659
662
642
632
633
633
637
634
591
615
608
640
659
647
602
634
627
640
655
659
656
627
622
609
604
599
574
604
619
689
727
701
696
696
696
691
669
609
639
625
630
644
635
621
641
654
693
704
662
655
641
635
616
578
612
604
642
646
621
634
648
680
712
681
650
651
640
629
614
584
614
612
636
652
637
628
631
637
639
593
587
601
593
592
587
563
595
594
614
620
584
597
590
598
596
589
550
556
567
560
565
541
560
600
641
681
665
630
657
649
644
650
581
577
603
574
558
551
554
527
521
521
540
537
540
545
545
512
513
524
533
555
529
521
523
537
568
556
553
525
530
524
518
518
540
539
543
548
530
530
514
515
515
544
553
576
594
604
616
614
614
586
577
550
537
536
560
546
558
559
550
543
536
541
562
558
571
582
597
596
602
591
579
568
557
547
541
536
528
528
529
534
543
557
538
561
532
581
604
636
637
630
625
607
604
586
581
583
575
571
567
567
520
556
537
544
564
592
601
614
612
616
537
578
555
552
557
560
563
565
566
565
567
567
563
561
560
530
514
521
519
554
600
664
644
636
565
574
593
639
673
683
690
696
728
659
631
642
650
679
681
676
604
600
604
623
628
657
604
636
648
683
704
712
722
720
700
671
674
669
674
687
701
719
712
702
717
724
729
717
714
680
693
690
688
689
656
674
692
717
723
706
702
709
705
656
620
660
663
706
729
691
630
669
684
725
748
751
706
683
705
711
720
706
659
666
674
708
750
758
720
696
705
721
734
729
683
687
698
732
746
713
727
726
728
714
698
647
670
673
707
746
754
724
735
739
745
738
698
690
691
675
674
685
630
617
605
592
611
643
655
619
632
589
597
599
637
646
676
696
704
718
718
642
649
667
676
706
722
703
698
705
717
720
682
640
671
665
683
699
702
684
662
671
688
709
728
719
676
683
679
686
689
687
662
666
674
690
713
690
668
673
688
701
717
685
637
681
680
708
699
682
692
720
736
735
715
647
680
669
680
697
670
682
701
733
709
684
688
706
686
694
705
729
723
717
726
697
702
698
720
741
727
704
684
661
594
570
550
540
561
642
724
777
795
794
784
781
771
742
713
673
655
657
681
687
708
722
727
721
718
712
701
693
680
671
661
631
646
643
673
710
738
736
698
639
672
674
697
697
695
687
659
638
639
645
663
691
693
680
694
700
722
732
695
690
690
691
693
696
687
646
673
670
696
707
693
637
668
660
666
671
648
626
626
631
649
661
634
634
638
665
695
684
676
626
636
620
613
610
609
612
575
608
631
701
756
744
688
676
680
676
639
604
602
620
613
576
614
605
609
611
607
594
578
567
557
544
534
517
519
517
538
561
593
543
554
609
667
675
661
577
587
580
589
611
626
619
630
628
625
609
602
588
531
553
537
551
561
587
619
634
638
634
578
556
545
557
587
592
604
604
602
591
578
565
557
546
539
537
536
546
561
596
625
648
668
610
562
560
554
557
591
599
615
620
617
615
619
624
562
567
581
567
565
568
570
577
581
588
595
603
607
608
596
589
583
586
579
592
594
610
616
617
546
570
561
560
587
586
596
604
611
609
611
612
608
601
598
599
615
629
589
609
603
628
657
662
656
638
635
558
579
559
558
587
621
669
701
726
742
736
708
689
661
582
609
571
595
594
605
620
615
629
629
614
558
555
561
592
602
584
568
602
633
643
672
698
694
677
653
636
616
609
599
593
594
598
601
607
604
606
567
599
585
599
618
630
638
628
566
565
565
567
596
608
652
688
708
716
719
704
691
667
646
633
613
607
597
595
596
542
580
586
618
652
675
649
641
620
607
599
586
568
545
570
562
579
611
646
644
580
588
622
630
637
634
638
624
556
586
563
583
593
624
635
648
641
583
590
611
618
633
650
648
643
634
626
621
619
617
628
613
553
565
572
616
649
700
656
605
658
686
711
695
617
626
645
633
635
625
575
583
591
627
657
683
691
671
598
603
627
619
634
654
640
606
656
676
701
724
686
678
684
675
669
665
642
605
644
654
699
738
755
739
663
679
675
682
703
696
656
621
656
659
686
666
677
708
739
763
753
723
677
676
650
637
584
617
627
676
710
688
675
604
598
574
578
627
648
675
675
628
624
628
633
628
578
587
625
656
716
733
711
685
695
703
704
701
614
609
629
630
657
691
684
678
710
722
735
745
707
702
696
687
684
612
600
631
627
653
641
668
614
660
671
689
665
615
658
661
672
672
672
665
623
648
646
671
704
724
685
640
674
681
701
718
699
646
622
638
587
638
664
723
739
707
744
760
771
748
693
687
711
711
727
722
724
658
634
661
655
674
695
706
672
683
699
714
713
677
658
664
663
670
673
650
651
673
694
703
712
674
609
619
639
638
659
686
663
652
681
707
723
697
626
671
662
669
680
678
652
623
661
678
719
736
709
697
708
710
708
700
636
661
658
686
725
755
727
711
724
734
739
740
702
683
683
685
687
694
666
674
693
717
742
735
704
688
688
687
692
670
651
674
695
725
705
694
693
679
640
646
656
664
670
670
642
622
655
666
705
720
694
634
621
639
646
678
699
704
669
607
598
577
600
645
735
767
766
758
745
727
714
684
628
620
639
637
685
734
749
766
761
720
639
658
676
676
688
687
677
629
629
650
654
686
715
723
716
705
677
652
646
646
653
671
680
693
671
662
681
694
704
694
641
651
642
654
674
691
670
681
706
738
760
753
727
687
689
676
676
678
658
639
656
692
749
764
752
692
703
699
698
696
653
658
661
680
697
662
670
688
700
704
663
656
663
664
669
683
676
653
653
648
651
625
631
649
672
704
701
661
669
662
664
658
650
613
637
639
669
654
688
700
710
700
658
656
653
652
631
629
579
615
615
583
590
624
655
705
718
717
716
699
677
643
602
626
623
640
644
651
625
631
641
628
604
610
630
652
620
582
613
609
637
698
731
693
693
725
755
741
705
656
693
671
677
651
608
642
664
712
725
687
709
712
724
713
694
652
645
639
642
648
645
613
647
660
706
733
713
645
659
656
665
674
661
640
646
654
667
692
693
668
676
684
684
668
611
639
626
626
645
626
596
626
632
658
639
602
629
622
624
624
605
570
603
604
631
665
647
615
658
673
696
668
613
649
643
659
657
615
653
663
700
722
688
688
699
704
687
631
643
632
645
664
647
632
649
668
679
659
622
661
663
675
623
640
637
639
634
645
666
693
714
686
631
665
658
670
665
673
677
688
657
668
671
687
652
638
640
651
655
628
636
645
661
657
650
660
680
694
693
674
621
646
637
645
634
636
656
688
710
671
682
691
703
682
633
671
669
675
651
610
657
660
669
601
632
629
618
627
646
659
645
603
646
643
638
584
614
616
629
588
591
615
616
642
657
657
642
658
668
671
645
641
646
667
682
674
689
695
696
665
621
646
648
672
697
704
664
681
694
722
692
653
663
656
665
643
588
626
622
653
692
707
681
651
619
620
606
589
584
581
554
556
556
593
642
738
752
733
680
678
675
668
651
642
628
615
620
617
586
618
624
691
747
758
759
769
765
730
714
710
703
705
716
694
716
720
734
719
725
727
714
691
662
666
682
692
643
663
697
741
739
724
648
665
654
670
678
682
679
670
634
631
631
659
694
697
652
658
661
667
651
645
635
638
607
639
639
683
666
659
673
714
694
693
684
627
632
619
604
629
689
710
692
622
662
664
685
695
691
685
643
625
625
632
669
714
710
684
712
728
745
700
679
671
677
684
688
644
604
639
634
653
675
689
693
698
661
641
648
665
698
722
683
675
688
702
702
701
669
638
636
632
641
650
642
620
633
658
693
706
680
649
647
648
657
648
595
634
636
672
688
695
660
652
654
656
668
671
648
609
637
639
670
723
725
686
687
689
692
662
649
593
593
601
590
601
615
632
646
660
663
609
634
618
645
587
591
563
569
577
601
617
649
671
674
653
597
628
620
639
655
657
646
601
629
622
610
621
642
648
644
642
633
621
607
595
586
575
572
548
574
571
605
655
672
670
670
595
624
613
623
632
618
611
599
578
555
570
563
576
583
589
584
593
595
541
561
570
567
576
586
602
607
617
616
597
554
554
562
564
556
578
623
669
675
637
655
676
681
644
640
642
649
661
681
665
602
589
600
631
644
661
677
685
675
677
659
620
578
574
584
630
708
787
802
801
790
738
678
674
686
709
701
706
682
683
661
677
683
699
700
665
653
667
680
701
659
671
664
665
681
664
618
602
615
650
692
729
737
720
635
630
640
633
646
666
672
671
671
660
653
644
603
623
621
638
653
668
634
591
627
626
648
672
666
642
594
627
614
632
662
715
726
688
673
687
719
741
749
744
699
687
687
689
689
685
646
645
663
689
707
679
614
611
635
647
691
704
685
668
673
665
659
636
590
620
621
657
707
654
647
683
719
727
714
681
679
686
675
674
649
604
641
639
686
760
768
765
746
737
728
716
693
685
658
644
665
686
722
720
668
654
661
668
680
674
623
656
656
672
677
648
605
637
619
611
632
652
613
649
644
649
682
668
659
639
624
613
600
586
573
565
558
556
563
574
597
557
585
631
683
681
683
669
629
591
585
603
615
644
631
612
615
609
613
607
590
581
571
542
546
560
526
522
531
577
612
671
640
561
551
546
582
686
707
731
726
719
715
663
616
606
626
610
616
627
652
684
701
705
707
684
624
657
654
669
693
690
671
653
644
636
592
624
629
663
706
723
688
685
637
611
597
589
573
591
623
683
711
653
628
594
599
580
597
611
656
653
590
598
628
620
632
647
657
669
667
666
668
645
598
627
622
629
641
649
646
653
648
635
595
593
570
551
543
545
581
618
692
722
737
740
717
716
696
687
603
594
608
596
622
667
702
703
689
686
662
661
669
690
696
691
672
666
638
581
563
558
565
585
691
730
694
601
583
601
674
749
805
805
741
712
692
703
709
684
656
654
647
655
661
661
662
650
629
600
616
591
601
627
652
668
659
654
678
697
681
629
608
633
622
637
661
673
678
652
607
618
634
650
688
709
707
690
663
653
606
591
612
603
623
651
667
665
672
670
639
582
571
578
563
576
559
588
698
734
740
759
752
741
687
631
627
641
669
676
693
701
666
610
586
580
597
601
627
647
653
653
633
580
581
590
579
582
583
591
560
523
513
516
513
531
553
542
558
543
554
563
555
559
537
538
533
529
521
518
515
518
513
513
513
518
532
559
574
586
600
536
545
532
543
560
574
576
576
579
584
578
567
564
556
548
541
539
518
498
526
504
530
561
586
596
592
598
598
599
597
586
577
555
557
563
529
542
533
507
524
517
531
559
585
610
624
627
616
623
631
629
613
600
591
579
572
564
564
565
575
581
529
565
560
574
597
617
632
627
602
552
565
580
567
571
573
575
584
588
595
596
592
591
586
582
579
580
580
587
594
592
598
607
608
607
601
592
550
536
528
538
563
631
632
580
619
694
741
752
762
734
662
615
657
646
676
717
664
627
661
681
725
740
695
702
708
726
725
719
691
620
623
648
633
678
723
734
753
744
726
674
661
667
681
681
646
597
643
647
689
731
744
698
644
693
706
732
725
691
661
665
682
705
747
753
705
677
701
738
751
696
685
684
685
682
636
660
668
692
718
696
696
717
719
709
653
692
686
704
716
682
644
691
694
714
725
680
677
672
665
658
627
586
585
598
642
648
687
638
608
608
601
586
579
569
549
549
545
541
558
730
723
758
775
778
771
734
659
639
646
653
670
622
609
603
642
663
699
707
694
703
709
719
722
705
689
634
658
658
695
728
759
770
767
762
752
739
725
702
647
646
669
692
742
769
767
745
706
646
642
663
659
671
685
692
684
632
648
646
659
685
697
682
658
673
680
681
678
670
627
658
657
676
685
686
643
662
658
664
670
671
657
620
653
661
685
695
705
673
640
667
656
661
680
688
665
650
666
687
701
713
685
650
663
658
664
679
700
688
674
680
692
703
669
683
675
674
679
649
623
644
645
669
693
704
707
692
629
604
632
613
621
638
632
644
661
682
704
701
677
673
663
665
661
645
611
617
653
674
728
768
763
728
664
678
662
646
633
627
626
623
583
587
610
634
674
685
689
681
656
604
610
610
607
630
642
627
644
648
632
645
650
670
681
675
661
606
635
620
614
625
647
648
641
667
701
728
724
688
638
600
605
621
625
640
646
648
624
600
630
635
658
675
673
668
662
606
596
614
610
642
690
719
673
687
689
698
694
675
612
641
623
617
626
640
613
593
637
666
718
733
725
707
672
631
650
635
637
619
616
607
569
573
604
629
705
732
736
729
708
705
638
633
639
628
639
617
634
653
703
751
755
747
699
659
681
668
660
648
594
592
606
615
709
726
722
717
636
677
677
646
638
585
583
549
548
546
561
563
552
581
598
620
624
589
590
602
593
582
563
558
556
554
552
566
555
542
538
562
589
648
654
644
606
620
638
648
614
595
604
621
621
630
650
662
673
632
643
687
711
728
725
704
727
725
725
715
710
726
755
758
747
746
736
655
651
686
703
726
773
776
771
760
736
717
651
647
677
698
736
762
761
717
708
723
726
729
726
721
688
643
685
694
729
754
768
756
738
648
688
684
694
709
715
681
714
735
744
771
746
739
661
665
693
694
722
737
751
743
668
721
718
739
760
709
710
732
751
764
755
714
648
703
693
717
735
710
646
697
705
721
732
732
715
683
623
664
660
694
743
747
683
719
709
687
715
696
607
610
596
609
614
681
689
627
679
688
710
711
711
713
709
694
648