621
641
652
633
649
663
679
646
648
663
686
659
617
668
703
749
737
745
759
782
731
728
735
758
704
698
717
742
702
706
718
736
705
651
698
703
741
733
712
743
768
764
703
720
702
695
678
661
689
723
739
700
723
728
727
675
624
643
620
622
629
637
628
619
610
592
595
572
568
585
595
656
637
640
645
666
673
684
647
623
653
663
704
727
746
756
733
631
640
625
639
681
704
688
640
684
693
697
688
712
738
726
667
688
680
664
673
671
694
723
704
690
629
631
642
663
699
725
718
750
763
776
730
757
745
754
702
705
697
723
726
692
696
710
741
728
688
712
724
725
654
690
671
673
623
667
680
712
683
710
717
719
671
692
683
674
629
663
656
680
656
666
678
705
679
687
691
689
650
682
665
672
650
646
656
700
716
657
669
707
702
644
675
662
668
660
620
667
673
721
672
666
673
686
656
624
655
653
645
613
649
661
696
688
665
697
712
643
631
612
630
635
580
598
618
634
652
612
655
657
690
685
637
674
668
674
629
664
664
674
646
656
661
685
667
683
677
685
636
656
650
659
643
609
650
664
667
645
654
657
643
614
637
622
610
573
612
604
634
650
649
677
716
721
676
700
700
692
644
665
646
644
629
589
638
649
700
670
678
699
717
666
695
688
688
640
618
647
638
647
631
647
672
707
715
670
671
661
609
606
620
614
613
587
620
621
627
600
638
647
669
629
659
663
659
619
605
629
616
608
584
627
638
665
645
665
669
644
620
652
646
642
598
635
632
644
608
604
640
630
575
593
584
594
601
627
585
583
617
618
631
622
588
642
648
685
673
628
661
648
657
632
636
645
672
703
670
671
685
698
665
604
620
597
604
604
594
644
691
709
683
715
723
693
671
695
715
688
649
655
671
672
634
652
667
698
708
685
701
710
693
633
653
653
671
658
647
676
707
715
661
698
705
711
652
699
701
704
638
674
674
698
703
676
685
695
694
630
658
649
649
616
653
680
722
714
702
740
770
749
696
718
709
719
660
690
698
726
663
680
705
735
740
685
709
700
710
697
648
694
698
708
657
687
699
717
688
638
677
669
674
631
660
669
698
696
664
685
688
691
646
674
670
680
665
640
676
684
716
683
679
688
699
660
670
673
674
659
634
673
674
632
634
616
646
694
685
629
675
661
649
601
636
635
658
663
644
660
676
700
654
670
670
685
667
629
673
690
734
720
712
720
724
664
663
699
710
729
677
708
704
706
653
638
673
690
713
655
686
705
725
736
683
701
699
707
722
697
698
718
721
715
678
703
700
708
683
682
682
688
680
655
675
688
692
655
687
692
696
676
644
676
678
675
624
675
684
735
711
695
707
705
667
672
685
669
666
620
667
672
718
688
695
722
732
713
678
709
694
688
635
666
665
693
682
666
691
722
729
681
683
672
677
650
625
659
670
640
670
681
736
720
664
703
688
689
630
661
656
670
678
626
670
675
710
719
655
692
671
639
626
634
612
626
671
688
630
676
687
689
686
636
671
666
692
664
612
591
606
642
709
756
753
740
718
659
643
653
642
655
681
691
671
672
674
695
713
694
676
688
698
708
695
646
682
674
705
725
674
713
719
751
722
669
685
683
674
662
646
601
607
640
674
721
713
705
692
645
633
644
658
657
617
665
676
721
744
702
701
701
710
709
663
646
672
683
702
683
677
691
709
710
674
664
669
668
664
616
646
652
694
719
680
681
685
688
678
622
659
650
677
696
674
703
730
758
757
705
729
710
715
691
642
681
677
718
715
682
713
720
711
647
679
670
680
673
648
657
661
687
686
666
691
705
706
675
653
660
645
611
596
621
639
693
696
660
681
688
709
673
654
656
649
641
594
628
634
694
753
749
701
722
717
728
707
693
688
676
634
653
653
675
700
676
689
710
719
696
647
692
687
689
674
617
656
646
668
670
611
652
650
690
696
649
665
658
667
650
604
648
639
646
642
630
652
683
705
683
635
665
660
656
615
601
638
638
671
673
650
685
711
748
747
722
738
732
716
676
688
705
739
751
735
780
804
802
732
753
734
726
681
699
729
770
748
755
785
789
741
727
726
715
684
641
682
702
770
735
747
742
768
710
711
692
648
616
651
653
686
668
649
679
705
714
655
679
677
676
666
612
663
673
705
667
675
707
728
719
664
683
669
680
669
656
682
715
739
694
712
712
737
711
677
695
682
621
633
645
657
691
662
689
719
748
699
706
661
663
703
693
621
658
641
639
601
633
657
726
762
707
710
717
739
699
644
684
676
685
645
663
672
688
691
648
668
667
662
641
624
620
580
591
599
612
657
600
658
691
757
758
687
688
704
699
690
648
626
656
653
681
704
672
677
693
705
710
670
683
675
661
592
579
596
632
716
796
783
782
774
753
744
727
686
688
674
672
682
702
664
677
668
628
656
616
632
641
660
650
589
623
607
617
602
558
572
623
659
705
715
685
694
681
672
667
631
609
630
624
643
666
676
652
673
686
695
673
671
677
688
638
667
654
666
658
602
602
619
620
667
719
769
771
728
685
724
719
704
665
655
650
629
627
612
579
588
599
604
629
659
685
682
673
639
640
665
671
689
701
674
618
664
656
660
651
627
597
636
632
647
649
637
626
631
638
646
643
639
640
620
618
639
678
724
723
672
678
683
692
682
666
636
640
640
646
652
630
657
682
722
745
718
733
740
725
665
664
652
663
660
620
646
646
661
656
601
646
658
694
670
618
663
670
704
708
633
662
648
656
660
630
602
639
657
684
659
653
680
696
699
656
664
662
664
643
598
634
616
590
571
580
582
616
650
700
639
650
651
670
650
647
653
645
637
623
609
597
569
544
546
545
564
600
682
691
597
583
604
639
665
668
672
673
661
648
629
614
600
592
585
584
596
579
554
575
630
716
748
775
742
728
715
688
659
655
638
625
611
599
568
586
607
595
680
808
787
695
738
766
789
782
731
724
716
714
722
720
700
675
697
698
713
652
668
679
694
695
648
666
673
686
678
654
670
694
724
711
723
693
657
650
665
689
711
678
678
693
707
722
669
677
683
702
713
677
687
695
719
698
677
611
634
640
688
713
687
727
763
762
755
685
685
676
679
688
660
655
711
767
814
792
756
785
763
748
680
690
684
696
703
705
642
685
686
713
729
665
678
679
648
655
651
594
622
629
673
691
653
660
680
711
627
632
645
651
666
650
664
673
605
623
624
635
653
669
676
652
635
625
590
576
598
576
580
552
565
603
641
689
633
657
684
744
801
759
702
694
699
679
660
616
653
647
659
669
653
647
656
670
680
679
653
683
677
665
613
660
691
739
733
683
706
700
692
673
614
639
637
660
690
712
674
684
682
693
668
651
607
587
604
609
631
648
628
647
666
684
682
628
624
647
633
639
640
630
636
631
620
620
646
671
639
667
706
743
763
678
635
675
685
700
664
658
625
607
604
570
605
604
651
726
739
749
731
691
710
707
710
681
646
641
623
601
626
652
748
758
755
806
851
806
765
788
811
807
735
734
768
763
745
677
715
720
726
699
678
691
711
717
736
725
681
684
702
729
738
715
718
719
736
698
693
717
752
776
772
680
705
696
693
694
688
675
662
681
711
681
705
756
817
809
746
753
737
706
644
659
650
670
694
665
696
715
768
766
727
709
720
731
726
687
709
721
732
729
701
717
727
740
734
716
744
760
759
661
690
697
753
730
759
767
695
612
601
606
645
646
677
685
683
678
673
667
649
632
639
655
688
723
743
744
751
687
681
679
689
657
632
608
606
633
661
651
617
653
667
703
721
719
712
695
683
678
675
668
667
643
606
637
634
674
694
708
697
661
667
672
692
694
657
607
637
623
642
679
678
686
721
728
698
631
657
662
691
686
688
670
616
651
639
659
676
692
676
675
689
699
698
691
644
677
669
687
708
674
660
673
692
710
696
668
680
683
703
684
632
669
654
673
677
660
668
678
703
718
675
672
679
688
681
655
673
678
693
677
673
678
682
670
617
649
659
707
740
708
705
714
720
681
658
664
667
665
652
640
660
702
744
726
693
709
713
721
673
649
657
656
669
684
663
662
678
699
680
660
663
670
672
666
623
634
630
650
678
661
646
658
688
741
753
714
703
700
700
660
620
648
650
677
695
698
700
730
763
799
759
745
755
774
779
743
731
735
722
718
674
677
684
718
757
726
717
719
729
699
666
679
688
697
672
622
667
673
702
679
678
679
700
690
658
666
674
699
684
666
687
707
724
672
688
700
703
677
680
676
657
641
659
674
718
724
681
704
716
726
689
663
670
675
692
667
659
672
692
704
669
686
695
708
700
661
660
657
674
668
644
665
686
714
684
686
683
680
653
646
643
652
642
597
627
625
651
651
633
648
680
730
724
687
701
700
701
642
673
662
683
688
636
668
682
721
723
679
701
719
734
704
669
673
674
687
682
655
663
681
719
723
680
682
680
687
655
634
643
657
657
606
638
643
683
668
646
668
698
721
699
646
662
655
660
667
651
663
690
729
733
693
696
696
698
671
653
661
672
676
650
636
640
644
644
598
604
625
636
665
641
616
631
651
655
633
617
623
640
636
591
614
607
625
629
597
594
615
615
632
615
583
622
622
641
604
621
622
653
630
586
625
618
626
586
574
598
593
601
599
571
615
620
646
657
610
643
634
637
621
580
617
607
610
601
573
609
623
651
654
627
632
648
657
649
599
632
629
632
640
602
617
621
648
679
651
640
652
661
660
625
627
631
637
620
588
618
616
646
639
621
640
662
672
623
643
639
645
646
605
639
643
669
683
645
656
675
684
654
635
642
643
632
575
605
604
645
693
654
653
676
697
692
665
662
663
668
668
633
631
640
648
661
645
629
649
669
681
655
630
633
630
641
599
625
626
651
657
632
646
652
659
635
630
639
646
630
616
606
613
608
633
666
682
672
596
639
622
592
577
573
560
574
589
625
623
580
616
625
648
665
612
608
637
650
666
682
672
623
646
638
658
681
672
647
661
665
691
697
666
661
661
668
660
599
599
621
633
689
698
666
628
669
691
724
708
681
687
687
688
682
668
642
661
676
717
706
664
682
689
720
718
655
663
656
654
668
655
644
683
729
764
728
700
708
708
688
661
671
657
648
588
564
553
569
696
802
819
814
815
782
754
732
700
673
669
658
663
664
661
647
670
692
706
719
712
646
682
666
659
655
607
640
644
723
758
738
715
749
770
760
708
696
691
682
666
615
643
635
651
667
646
632
640
656
660
634
624
627
637
651
643
641
652
674
687
660
652
657
660
667
640
632
634
644
657
652
657
673
700
695
653
659
658
660
650
615
644
639
661
669
642
637
637
649
639
619
631
631
646
623
634
646
678
670
654
655
647
603
636
628
640
646
603
631
628
657
688
674
643
646
646
646
625
584
622
630
712
743
686
711
736
740
684
710
704
712
679
618
645
635
658
700
710
682
703
708
724
724
694
626
656
638
636
627
587
635
654
719
735
678
671
675
708
715
701
661
665
659
658
642
594
620
616
646
680
667
687
704
729
745
699
694
688
688
691
635
646
646
688
729
726
692
730
726
731
673
675
672
621
628
616
615
657
677
733
714
725
684
655
652
633
652
627
646
659
676
631
606
626
589
588
617
620
642
596
637
649
688
719
690
701
708
707
690
639
665
644
618
575
572
566
575
577
649
676
638
644
655
668
608
640
631
646
651
620
651
647
655
646
600
643
642
665
650
612
650
642
646
595
609
620
577
620
614
647
659
631
646
676
713
736
685
667
695
694
681
624
652
645
661
675
650
646
670
723
762
743
701
716
729
716
654
671
659
669
683
660
672
692
719
729
668
682
692
713
704
671
663
665
659
659
626
663
702
748
744
702
721
737
742
699
694
692
693
694
638
658
645
662
639
632
650
678
694
661
645
674
696
705
635
663
652
661
662
611
652
636
650
625
584
623
631
653
640
589
623
609
615
579
563
594
590
626
639
588
594
617
627
637
616
572
555
549
530
521
539
536
554
571
586
579
560
555
548
538
530
524
515
512
509
504
494
500
495
503
525
553
556
546
552
545
539
531
522
527
526
524
523
516
519
515
516
512
511
509
507
490
499
500
506
521
540
564
546
556
532
534
525
529
530
529
536
530
529
524
521
521
514
511
511
522
533
550
558
507
523
525
538
566
579
571
562
533
546
554
592
593
606
599
576
562
553
544
537
529
517
516
537
601
679
596
626
673
713
643
638
690
688
611
611
623
582
573
576
615
627
648
622
579
599
635
646
675
683
642
633
653
671
683
666
600
616
646
657
700
692
688
710
736
737
655
635
669
651
608
600
615
590
601
657
669
598
575
560
552
582
643
688
730
718
716
711
690
676
665
623
587
579
611
631
692
724
734
737
742
722
681
683
677
669
645
604
662
688
763
775
729
657
661
695
703
733
737
738
728
666
645
667
665
686
715
729
723
729
709
672
683
691
694
661
614
629
625
633
610
639
640
668
682
687
676
670
678
690
702
693
687
668
686
699
716
715
685
657
656
656
665
670
701
682
669
686
724
744
759
733
675
701
683
681
619
614
631
636
688
723
725
729
729
707
657
681
673
666
662
671
688
668
684
688
698
686
672
676
688
686
676
638
676
674
686
691
662
658
659
667
672
608
637
643
688
734
740
694
689
694
714
706
647
659
646
658
687
670
664
696
743
760
743
684
619
652
640
649
648
638
605
587
568
556
593
660
758
767
766
756
724
677
677
683
669
660
654
648
644
605
634
636
668
691
690
704
674
628
658
647
655
660
662
659
614
651
644
675
693
657
649
664
686
682
648
663
665
673
680
659
684
685
707
673
648
655
658
680
668
694
719
742
697
707
710
732
693
682
686
679
624
620
641
647
642
638
643
659
662
646
626
612
596
568
561
549
536
522
525
520
516
540
759
720
672
695
748
766
695
684
715
723
728
699
688
684
638
604
606
633
639
668
662
650
647
591
614
639
662
684
658
606
636
627
640
643
653
641
652
658
687
691
688
652
660
671
677
685
688
663
680
686
701
692
675
661
616
604
608
594
594
605
548
555
563
642
757
809
813
766
732
718
719
720
695
628
689
688
727
731
695
726
720
724
639
602
587
611
689
754
788
722
639
627
655
644
599
634
619
581
568
592
575
584
599
610
615
629
641
656
685
698
714
705
656
641
665
647
626
570
579
600
620
662
678
637
645
676
714
744
742
698
714
717
752
759
743
709
641
676
656
674
687
685
659
609
609
631
661
646
673
672
693
673
690
688
694
688
670
627
619
639
634
658
655
692
694
668
682
698
721
728
693
636
686
637
612
669
672
712
741
758
704
688
698
698
702
695
664
666
675
694
708
716
699
637
692
704
731
727
629
691
673
673
679
700
723
736
723
672
689
699
622
648
616
618
637
661
665
637
659
664
682
676
657
663
688
720
734
734
722
697
678
649
596
632
621
665
691
648
672
688
705
697
630
656
645
656
675
707
682
688
702
731
760
747
703
721
725
713
696
672
681
691
699
679
646
667
690
717
706
664
694
685
681
618
646
642
667
680
669
641
667
684
703
685
674
670
680
652
599
650
646
688
726
680
679
714
749
747
676
698
698
715
713
669
680
677
694
688
670
699
711
732
686
687
697
705
703
660
674
671
683
618
655
661
714
751
710
723
735
755
716
684
701
693
708
665
649
655
683
721
684
702
727
755
739
686
701
694
700
660
670
684
725
731
679
690
708
725
729
681
686
685
687
664
643
664
681
729
732
697
715
731
741
696
688
693
690
676
649
595
635
658
716
720
660
663
670
686
662
640
657
665
671
638
656
673
730
742
686
695
701
691
658
615
652
647
671
658
661
684
711
718
679
705
712
700
632
679
665
678
639
630
648
688
728
689
707
713
717
679
662
670
673
664
615
655
656
696
681
653
661
672
684
652
644
650
651
662
609
631
633
640
576
580
584
696
763
806
802
791
765
708
683
620
611
590
561
565
561
567
557
579
679
697
657
674
698
718
712
708
688
628
622
645
652
701
725
689
696
714
737
721
694
717
722
743
735
700
713
716
724
700
681
677
675
661
590
619
604
624
618
581
623
624
633
703
736
755
775
752
740
679
673
667
678
689
710
685
674
699
706
677
614
666
666
686
682
641
658
667
680
672
646
594
637
645
693
745
713
735
728
738
714
701
638
671
660
608
655
651
672
666
608
601
635
642
658
668
660
637
655
670
670
668
662
650
596
630
624
655
673
682
685
666
655
660
657
611
597
633
638
682
730
730
682
682
674
674
653
583
589
609
601
584
610
566
648
715
742
738
687
685
664
636
617
572
604
604
627
687
686
643
672
708
731
723
674
647
576
610
607
605
596
561
537
535
540
530
541
588
639
675
680
683
640
624
600
582
588
564
545
541
538
548
565
599
591
597
549
537
526
521
515
520
547
539
542
579
554
598
594
563
555
556
564
597
599
613
620
580
564
565
586
580
544
556
547
536
566
548
524
537
570
591
613
605
595
558
542
552
570
553
560
536
559
536
549
545
541
524
527
531
536
567
584
597
596
604
587
552
537
543
538
565
585
624
681
612
606
581
563
564
566
594
608
637
665
686
689
682
664
623
580
601
598
601
602
576
547
552
595
622
583
604
600
593
587
579
584
558
565
568
596
599
578
577
561
569
563
583
585
604
621
628
637
645
650
640
589
597
583
575
591
592
566
541
545
567
612
622
635
630
636
639
645
584
585
610
606
583
612
561
565
580
620
655
696
718
731
723
727
709
708
697
689
688
691
689
694
688
651
671
705
737
756
759
749
738
645
644
682
701
754
781
787
786
767
678
709
705
726
767
787
788
776
768
653
628
661
662
707
741
764
752
764
754
750
729
655
599
587
579
644
726
790
785
788
776
764
745
735
708
688
668
658
668
683
693
717
724
708
707
682
621
618
634
628
659
682
622
600
606
580
622
654
649
600
650
640
646
648
646
646
645
645
643
648
658
680
683
623
653
671
688
666
602
617
653
672
702
714
725
714
653
678
676
706
719
718
715
621
644
640
651
663
646
673
659
678
676
636
596
632
642
683
704
721
729
726
712
678
693
700
720
713
740
735
748
691
689
690
699
700
696
698
691
700
704
713
713
711
691
692
672
662
687
704
731
756
766
723
729
635
651
592
586
613
644
716
765
764
782
789
776
731
626
651
673
678
703
707
679
633
639
668
649
614
661
670
693
715
709
716
706
684
618
661
659
715
770
781
713
652
699
705
738
759
757
716
680
686
688
695
694
664
603
649
662
706
699
701
719
711
700
695
684
668
641
591
620
560
582
636
756
807
824
774
763
770
785
803
794
740
697
699
697
700
699
711
722
746
757
742
726
664
654
677
590
602
622
625
670
688
679
609
645
643
643
604
604
638
667
742
747
670
689
700
672
689
676
681
649
607
640
643
652
622
626
607
614
572
573
596
624
701
762
753
754
753
741
689
682
666
665
660
668
654
653
641
607
598
632
655
656
688
689
702
661
679
661
646
657
637
648
644
648
659
689
694
683
676
598
611
629
629
633
638
650
649
665
628
592
634
654
724
705
710
666
617
595
596
618
624
646
671
681
634
634
630
632
636
656
628
636
652
662
605
611
576
568
551
540
532
540
568
615
678
698
693
654
620
677
686
667
663
581
576
563
566
569
557
556
566
552
548
563
611
615
560
588
567
550
543
536
519
523
519
503
509
500
503
520
629
704
712
707
707
689
647
655
643
620
622
616
633
587
579
565
612
673
728
707
667
624
655
676
637
612
604
603
627
637
641
691
719
753
734
743
733
712
668
647
617
662
676
689
717
659
652
676
708
740
746
745
744
731
726
726
732
758
775
780
783
763
718
719
722
709
692
629
614
598
622
632
688
648
669
699
745
773
789
787
751
690
690
697
702
708
708
652
661
694
737
788
793
797
773
761
699
627
620
605
608
741
776
813
806
798
774
766
740
686
627
603
586
575
568
563
577
577
567
672
743
743
747
751
724
715
726
732
732
699
668
623
615
588
612
614
638
642
588
624
655
738
784
791
791
769
772
764
767
750
710
707
696
705
716
722
720
655
647
663
698
672
655
664
655
640
623
580
584
601
612
703
768
792
797
743
759
752
731
695
686
664
681
701
722
730
736
731
725
714
708
698
687
685
660
683
694
722
682
664
677
684
682
651
604
641
661
702
729
728
714
713
711
722
729
728
744
749
747
741
718
674
620
657
650
677
709
731
733
730
732
751
722
719
715
695
675
675
653
647
640
653
604
598
584
597
635
673
715
724
737
736
724
730
729
716
721
708
714
712
690
677
672
608
600
620
618
574
596
592
604
563
574
556
577
572
581
604
609
626
648
646
580
602
594
646
646
685
690
683
656
596
603
617
627
654
637
666
673
708
701
698
698
698
667
676
669
680
693
661
641
637
599
630
670
681
680
681
686
657
638
632
620
570
568
569
568
584
563
567
633
703
761
820
829
828
824
778
790
762
742
727
716
704
688
663
668
690
710
739
747
728
726
727
717
653
606
637
633
651
694
729
737
755
723
641
624
643
691
716
750
760
745
740
729
715
664
662
663
689
740
770
768
737
661
689
706
683
655
672
684
710
705
707
700
705
713
725
734
718
689
699
714
716
722
716
706
694
690
688
701
708
720
726
720
713
705
697
667
622
649
647
669
696
685
683
691
692
678
659
603
626
569
588
605
623
678
718
745
769
780
776
780
775
767
764
770
757
752
743
733
642
631
615
630
643
694
727
734
742
741
725
699
687
688
653
632
669
711
692
670
652
600
638
634
662
698
729
732
748
735
702
689
690
712
729
724
717
722
696
690
704
716
725
734
727
724
710
701
695
672
696
729
771
790
786
781
756
747
725
689
683
681
687
651
667
646
644
605
596
583
559
558
545
536
541
566
632
678
780
813
774
721
754
737
710
717
689
607
597
590
616
620
666
658
668
662
685
726
745
730
688
631
641
613
610
606
603
599
606
554
579
623
585
660
780
825
820
821
788
758
744
722
725
730
723
686
691
684
645
635
662
676
654
654
666
686
697
664
667
629
619
609
564
568
590
604
655
722
733
689
644
633
614
658
595
623
568
586
613
622
660
677
694
683
602
608
610
589
562
558
563
530
528
524
526
541
602
667
708
765
787
709
649
691
729
682
627
588
562
546
555
591
612
627
597
631
622
592
594
604
597
602
590
563
559
583
576
611
664
661
688
702
730
750
703
647
676
675
679
690
684
677
654
657
662
659
692
676
687
701
700
688
694
673
652
639
620
610
610
621
630
630
669
711
701
729
729
707
701
664
606
602
565
569
567
564
594
613
643
577
600
584
593
585
583
547
551
569
541
516
516
514
512
518
516
510
510
516
529
557
601
580
583
565
558
550
541
532
530
532
537
544
548
547
548
547
554
561
565
609
622
615
607
604
618
628
632
622
615
596
628
642
650
621
669
737
755
766
763
723
659
670
683
720
741
761
792
800
802
806
765
772
708
702
720
743
747
762
752
672
693
702
746
783
801
776
799
770
740
667
655
648
643
666
684
698
706
657
665
698
725
743
747
734
730
676
688
709
733
747
717
701
680
591
637
636
664
679
686
624
656
654
656
666
659
667
665
681
695
708
670
695
683
691
674
606
653
656
685
641
685
698
654
646
676
704
706
683
723
744
729
694
710
731
743
726
708
671
587
617
562
560
581
577
599
611
582
568
592
579
553
565
589
555
557
567
611
638
664
656
656
586
595
572
563
574
602
605
642
673
693
698
708
704
705
611
618
650
648
638
661
686
709
736
726
722
712
706
717
706
722
740
746
763
765
774
751
736
729
727
696
684
690
700
691
686
690
681
639
642
637
580
590
630
650
686
708
696
675
656
651
589
626
609
619
646
577
562
554
580
608
626
644
641
651
641
616
574
583
570
583
628
663
702
652
609
629
635
648
686
729
759
770
780
784
780
784
759
754
736
685
691
716
695
740
740
701
731
737
738
715
729
709
660
598
573
549
552
537
532
533
546
540
536
539
539
545
544
550
551
578
604
579
585
567
570
565
572
597
598
611
620
629
641
636
640
629
619
564
574
590
590
597
563
611
632
597
660
632
614
586
651
646
649
626
595
629
647
701
726
737
714
720
693
647
630
640
626
606
618
668
698
715
731
748
743
738
708
674
652
585
585
600
616
673
642
731
774
807
816
789
699
713
719
724
720
692
619
585
590
560
542
526
539
498
501
502
518
545
566
580
555
539
532
545
558
581
641
633
592
585
594
626
633
641
600
581
563
555
539
539
583
637
716
748
758
755
765
750
765
758
744
733
733
716
730
726
731
713
658
697
717
762
788
764
763
754
763
744
725
722
731
754
736
736
644
662
654
647
648
641
601
576
619
633
684
662
676
714
616
594
614
699
695
696
700
696
656
588
622
608
617
629
636
641
630
658
676
714
695
712
672
663
673
680
681
592
612
648
664
707
752
781
774
753
739
681
677
613
600
604
619
635
675
709
725
748
750
759
751
677
661
618
597
604
562
559
592
772
823
859
867
858
857
836
816
775
695
707
698
706
725
744
756
750
748
741
732
691
631
675
673
699
735
734
730
696
716
690
642
646
667
677
691
714
669
629
696
730
775
773
764
725
632
646
670
675
711
748
744
747
730
732
722
711
692
664
668
656
646
588
594
609
631
702
754
748
754
731
699
699
710
710
667
677
666
660
656
649
641
619
609
594
584
581
591
596
621
644
592
607
588
649
572
580
627
646
656
667
670
660
648
631
624
612
603
590
588
582
584
589
611
628
640
648
647
630
627
589
547
557
537
543
521
544
546
560
564
563
568
573
577
573
575
563
559
539
536
525
521
521
536
544
556
571
538
517
525
525
537
550
557
579
576
574
577
572
570
569
567
563
567
582
584
581
523
538
537
543
574
578
582
594
591
595
597
594
582
578
567
563
561
565
562
563
557
519
522
528
567
577
615
612
647
638
644
634
628
614
602
602
590
581
577
582
586
595
606
610
623
625
620
593
565
572
563
572
584
604
606
604
610
539
569
547
581
582
601
604
606
608
605
599
581
575
570
564
535
518
523
543
546
576
596
558
560
602
625
623
618
613
613
609
569
544
545
579
605
670
620
590
661
697
742
756
702
669
678
692
689
691
610
609
646
670
690
695
698
623
648
644
660
662
640
672
710
757
742
740
747
739
716
638
678
667
679
706
710
664
683
702
723
714
670
617
658
656
684
720
738
696
721
746
761
754
734
713
669
606
648
650
684
725
688
707
750
774
735
646
620
629
660
671
716
743
733
687
702
706
712
720
720
692
691
714
743
747
710
679
689
693
706
667
671
684
686
666
688
693
715
697
674
693
704
714
679
681
705
731
727
682
710
713
703
666
672
694
717
687
697
720
733
712
677
710
715
729
696
694
711
717
709
686
724
722
735
699
720
715
703
663
674
674
691
707
671
687
707
720
688
681
700
713
719
679
694
690
688
682
649
614
652
669
710
720
691
718
732
712
671
685
686
683
611
609
603
601
636
697
734
684
676
696
701
704
673
645
646
650
666
690
675
701
732
764
761
706
710
726
725
705
661
662
678
688
683
658
680
688
702
677
683
696
690
679
646
657
658
670
650
671
703
712
688
695
714
712
690
660
677
676
678
653
655
676
684
669
636
645
665
694
689
660
668
667
613
651
662
676
691
660
651
660
665
665
658
604
623
616
631
672
700
666
684
699
725
726
677
699
679
674
617
619
632
627
647
637
641
665
686
700
688
659
683
703
723
699
705
699
696
673
644
647
676
645
601
591
669
704
757
786
777
779
760
742
725
714
688
654
659
678
724
768
780
738
730
730
718
715
700
656
653
652
667
698
701
692
738
750
753
707
699
694
693
662
659
661
669
681
656
656
659
673
678
670
678
645
649
647
662
668
652
643
651
660
666
642
640
647
651
661
632
622
633
636
631
607
587
586
614
661
646
658
689
704
714
659
636
637
632
636
625
647
686
712
699
746
750
710
704
721
712
709
690
656
656
651
594
623
608
639
664
646
683
715
752
771
738
738
759
757
754
748
693
707
701
699
699
675
649
665
679
700
707
706
655
654
655
670
686
673
709
711
722
665
685
689
662
651
657
636
635
647
677
706
736
723
717
740
742
748
738
699
679
675
680
666
688
722
733
749
755
716
689
688
688
658
659
675
701
726
712
707
729
737
734
719
685
684
689
688
686
668
678
702
718
705
683
703
716
726
678
672
690
692
692
656
662
682
703
697
675
686
690
698
676
653
678
682
693
669
661
680
687
695
659
675
684
705
679
664
675
680
693
679
664
690
688
691
661
641
659
685
710
705
665
682
688
697
694
658
658
665
679
689
671
685
662
650
637
587
610
601
611
569
596
592
609
635
655
647
636
661
671
666
666
638
638
648
664
684
694
691
646
638
647
653
663
667
644
648
680
706
728
714
697
709
709
722
679
675
686
690
695
671
656
669
672
681
672
622
620
625
644
661
656
678
705
716
717
692
685
682
683
671
645
643
649
676
701
689
668
687
693
697
660
646
653
654
664
645
634
636
638
649
638
651
680
713
705
682
703
714
713
680
673
658
641
626
584
604
604
631
644
622
657
688
670
645
647
629
623
576
555
556
565
550
546
547
545
536
539
536
535
535
532
538
547
555
575
549
565
546
520
525
521
521
523
527
526
526
530
527
526
528
522
520
534
521
523
521
517
515
506
491
494
499
507
507
528
618
592
589
649
688
722
717
641
612
623
657
652
640
633
627
628
610
608
619
629
659
675
649
584
597
625
646
692
729
728
678
672
666
665
652
644
663
693
709
744
747
697
719
697
709
656
645
666
680
696
696
637
646
663
668
674
631
661
676
664
664
673
663
656
642
584
574
566
562
606
685
772
787
771
729
742
752
746
691
685
650
634
581
562
589
554
555
548
568
586
619
625
589
581
588
603
655
694
752
759
759
723
705
685
659
651
650
646
652
641
598
648
667
736
735
712
730
758
766
751
742
736
752
758
755
744
738
734
725
699
683
709
723
731
737
733
720
704
673
686
688
703
724
712
698
665
679
695
722
694
718
740
740
734
715
668
657
667
683
714
723
706
672
674
688
689
688
662
641
646
653
681
696
675
641
652
660
668
681
647
659
661
674
638
629
646
638
623
601
580
584
578
609
637
682
699
725
713
633
655
646
644
627
634
663
700
735
751
747
728
702
660
594
602
607
601
605
620
629
630
621
577
591
582
595
601
610
619
630
616
581
567
563
530
521
515
513
543
561
648
635
663
699
734
746
744
735
733
724
709
661
605
621
654
709
758
693
735
760
773
722
729
737
741
730
721
722
669
669
696
725
737
737
726
685
647
638
575
582
606
631
713
770
754
731
695
700
706
705
669
627
608
585
572
592
575
567
608
760
809
837
830
818
815
808
763
688
615
641
601
643
574
629
665
750
803
796
797
786
764
649
694
686
700
715
745
765
769
765
752
743
732
707
695
669
663
675
697
737
760
704
699
688
618
618
629
622
646
653
631
582
593
637
669
766
758
700
728
734
730
659
686
635
591
601
640
676
705
709
698
706
684
685
667
652
601
633
626
633
646
689
748
773
761
704
736
756
771
724
741
743
756
764
761
690
735
771
799
782
802
786
709
705
666
669
693
645
682
704
760
794
793
719
737
748
763
781
779
772
773
794
798
734
741
737
743
751
756
752
762
763
750
653
648
684
700
751
779
785
772
748
711
690
702
706
716
712
676
706
732
783
796
798
784
749
669
703
699
719
736
740
757
748
711
761
774
777
773
735
649
683
676
696
729
758
759
729
635
604
593
649
685
739
737
724
710
694
683
671
662
655
661
676
682
695
701
696
698
692
628
669
664
692
709
716
700
646
695
696
722
731
739
734
726
653
684
684
697
711
719
736
725
631
609
650
638
646
626
643
683
705
708
701
692
691
685
668
650
666
681
725
745
737
729
721
719
704
686
628
654
656
705
787
789
786
773
769
698
677
708
708
728
732
724
710
648
664
666
689
716
719
682
665
679
704
741
745
735
716
674
637
682
687
735
755
753
760
711
653
645
680
671
615
695
615
674
675
714
717
616
658
653
673
681
682
685
674
688
681
680
625
666
663
695
724
735
738
737
718
705
672
619
671
674
726
648
729
746
733
714
653
614
629
629
616
611
572
565
573
600
608
597
624
699
732
743
729
709
705
684
681
678
657
677
711
747
779
796
790
781
768
740
697
687
690
693
689
711
716
729
646
670
670
698
726
721
714
653
668
669
684
700
715
717
724
722
704
644
676
679
699
720
748
746
739
733
690
692
695
724
745
737
741
724
722
702
670
708
724
750
774
732
704
721
726
709
626
638
671
690
748
747
688
689
693
706
706
668
655
672
686
707
723
706
650
702
700
710
723
683
669
682
703
718
724
704
638
704
701
710
664
619
645
613
628
672
674
602
630
637
648
675
685
630
653
665
684
700
711
723
692
674
693
688
711
729
725
711
667
637
680
675
694
700
700
677
619
664
666
696
722
709
637
682
685
714
732
714
694
655
591
624
620
664
713
706
639
688
692
716
724
679
707
719
739
727
689
670
699
721
759
737
694
723
725
744
727
648
707
697
731
698
675
704
734
766
753
700
716
715
733
693
640
695
696
725
742
696
683
711
726
748
707
675
694
695
717
708
645
700
689
755
661
701
692
721
680
707
718
748
769
693
693
704
717
719
696
675
709
731
757
746
661
709
696
728
734
648
688
686
698
724
687
687
715
741
747
706
678
690
693
690
641
629
668
667
697
678
635
695
698
721
711
637
683
675
702
709
679
674
696
722
733
677
698
714
729
715
646
691
689
696
707
664
659
674
699
667
631
678
680
703
660
655
671
693
699
624
628
654
645
653
604
638
655
719
751
740
668
714
706
713
684
607
660
636
610
616
645
633
585
625
621
595
571
488
1559
428
652
767
756
841
772