683
673
655
634
639
738
770
828
838
808
796
794
779
716
672
679
697
695
767
861
907
862
828
808
794
719
715
757
890
895
862
865
861
813
803
771
758
709
705
745
772
763
814
854
890
864
829
779
746
764
749
771
837
911
849
846
838
804
740
718
680
699
750
740
784
908
901
893
887
854
801
749
691
656
627
645
682
688
702
747
821
815
820
834
855
813
830
819
871
830
823
892
904
901
854
893
899
900
895
874
855
843
837
847
845
850
874
880
856
849
845
853
838
854
866
849
841
824
797
727
693
716
733
717
743
795
795
802
793
780
736
725
709
701
714
757
804
825
798
856
875
867
829
771
753
759
757
770
846
897
888
918
908
868
823
809
804
806
828
887
898
876
856
805
785
804
824
724
732
747
786
751
743
739
733
709
706
680
651
639
689
680
675
698
738
768
730
704
699
692
708
713
753
801
905
859
876
897
941
904
828
772
740
762
753
745
806
843
932
895
880
856
805
813
863
910
885
833
908
991
976
950
945
922
877
831
755
758
785
863
982
977
939
958
935
867
777
740
782
842
860
829
809
805
760
706
689
698
697
729
748
712
685
674
685
666
636
623
619
654
739
786
887
966
992
937
891
846
760
700
733
765
761
738
713
661
635
608
625
620
659
744
779
807
821
763
723
692
672
695
731
773
820
833
813
780
752
725
729
733
766
809
798
768
699
680
688
757
1004
977
958
948
919
894
850
742
670
644
637
637
720
848
875
831
827
752
713
695
677
647
643
701
761
817
856
874
894
851
795
767
794
814
837
839
799
755
738
745
718
703
687
701
744
818
999
959
956
937
902
837
721
671
670
741
921
1030
963
932
858
804
768
729
726
696
728
785
837
828
806
768
737
713
670
698
728
718
686
678
673
683
712
722
789
846
887
874
896
855
757
714
699
713
747
744
794
810
843
874
821
741
716
711
710
729
692
723
784
907
933
902
905
881
845
768
747
700
710
749
850
931
905
913
852
789
769
726
665
656
657
670
677
639
665
713
677
678
713
733
736
690
696
685
677
651
657
660
658
658
644
624
617
649
771
894
872
887
896
829
767
694
702
742
870
901
909
880
845
765
851
963
988
899
860
822
819
799
761
878
1060
977
898
888
861
790
803
853
1000
896
901
798
704
686
683
688
711
792
787
771
773
813
779
822
848
864
863
895
872
828
811
799
840
948
961
950
952
937
888
872
888
912
916
869
894
913
900
872
872
880
877
864
895
918
934
908
932
938
898
871
833
757
714
886
880
779
793
828
836
861
896
812
740
749
801
898
964
925
996
969
911
820
818
838
901
833
789
834
985
871
884
1049
1008
918
880
785
761
712
680
704
882
1100
997
932
915
841
769
722
721
751
802
852
814
837
873
891
836
716
679
659
659
723
756
720
793
978
926
910
895
854
790
742
705
731
925
981
970
984
993
978
937
899
812
752
822
926
963
955
938
879
891
851
828
811
779
842
865
930
913
941
963
904
817
785
802
845
889
829
870
901
949
896
836
840
836
850
819
889
894
877
852
836
879
928
873
836
813
739
706
698
768
944
940
900
910
890
852
813
828
826
896
840
878
896
896
829
806
817
851
835
824
884
934
943
910
913
818
752
770
711
680
688
786
851
848
890
856
815
749
748
800
849
903
817
887
999
978
938
896
803
749
757
798
912
965
909
954
957
892
864
871
907
880
829
840
930
1041
1001
938
929
836
751
750
820
912
1044
929
902
966
767
709
723
780
854
876
837
854
838
825
775
773
773
848
937
956
879
873
848
858
822
773
768
866
1030
973
899
869
844
916
919
914
921
928
910
806
746
778
871
1044
992
1004
1005
935
836
758
791
886
922
952
987
901
813
761
754
771
766
726
1003
975
907
853
826
838
845
784
741
749
828
911
892
863
889
904
817
773
771
756
700
658
629
699
878
898
848
782
704
671
639
622
614
611
614
622
612
606
614
641
721
758
743
899
864
792
764
799
919
912
906
891
866
787
726
717
752
856
946
968
966
954
938
935
908
842
720
721
783
1020
939
979
1008
989
980
964
940
927
902
889
896
844
761
763
860
1058
1014
953
979
975
940
908
854
794
768
775
792
812
934
1020
990
963
939
912
891
827
717
713
773
969
953
904
804
787
813
801
782
771
734
726
704
698
662
647
650
699
696
701
755
847
877
849
812
791
783
765
728
722
767
930
958
906
955
890
803
722
714
752
851
893
813
736
688
654
648
628
614
610
693
856
832
813
729
696
700
721
791
842
866
865
869
827
828
823
856
858
898
827
751
751
844
870
846
882
952
961
893
829
827
853
909
893
893
896
889
851
837
856
913
878
850
931
983
910
886
837
842
806
804
813
910
889
856
856
798
776
779
774
785
732
711
683
670
650
633
737
814
813
873
903
876
772
736
717
683
650
643
661
655
641
659
712
764
751
692
684
688
719
790
827
825
790
757
725
710
673
641
624
666
745
797
875
871
894
868
831
815
782
763
758
746
737
667
652
660
896
979
978
958
913
901
906
902
885
870
860
898
843
791
833
939
923
842
844
909
930
824
754
768
766
751
693
667
668
663
656
630
613
623
604
589
580
584
695
818
852
831
743
675
661
690
706
744
774
840
844
749
719
730
789
814
835
850
798
713
698
732
806
899
949
943
905
878
862
863
825
853
836
876
962
862
761
724
685
724
883
884
854
829
788
791
862
1018
986
982
936
874
748
709
726
886
1076
1035
1004
969
949
910
773
721
735
837
851
871
931
913
915
881
766
744
779
814
881
831
781
803
867
871
867
786
802
846
933
960
927
921
884
818
738
718
774
913
991
893
903
918
905
813
781
749
759
776
798
849
971
967
921
887
875
774
731
746
803
956
931
940
947
896
773
723
724
777
891
903
958
941
898
871
829
817
749
696
718
765
962
899
908
902
868
813
801
788
748
693
665
663
725
1006
970
890
869
867
771
726
719
725
727
694
672
734
728
719
693
707
736
714
689
666
640
619
596
593
579
569
565
562
558
579
627
612
590
632
656
680
703
707
677
670
639
644
658
659
649
625
643
657
706
731
719
724
693
684
674
706
847
899
937
827
736
674
669
689
673
658
645
662
731
824
779
739
777
830
859
843
784
796
807
833
779
717
700
697
699
709
675
668
643
625
597
598
581
569
588
752
914
946
989
929
851
718
679
646
636
640
668
721
729
690
678
658
647
626
626
636
633
618
619
643
705
757
779
760
704
668
646
628
615
600
596
580
579
604
672
725
795
854
838
757
744
742
716
724
726
695
657
639
646
658
721
810
843
811
732
676
646
637
637
666
664
667
754
779
719
692
685
718
772
739
678
669
675
661
661
688
701
668
683
723
729
726
700
651
642
642
656
704
706
723
749
789
803
816
770
759
723
713
705
685
709
796
869
909
895
828
778
716
663
635
626
609
605
625
662
720
783
815
824
799
751
728
681
678
691
760
858
884
863
795
804
771
752
771
756
791
791
706
681
666
675
707
702
675
693
817
851
808
762
723
718
732
774
769
760
800
837
837
826
755
763
810
837
804
711
667
649
674
723
787
791
777
729
700
681
654
655
670
708
776
810
813
809
819
871
878
831
841
839
903
953
855
759
736
784
864
923
913
829
822
832
838
806
739
689
682
698
749
807
874
880
823
740
676
637
619
617
639
701
789
827
796
725
702
738
818
846
782
698
653
636
640
651
722
762
771
738
733
742
733
725
704
712
722
737
700
699
690
675
670
699
745
781
819
814
746
717
718
720
741
733
780
775
738
690
664
656
654
668
718
757
736
763
768
726
708
713
763
783
852
869
847
819
802
753
683
662
654
680
709
733
750
771
761
759
741
658
651
719
752
794
765
755
700
695
711
719
736
732
739
733
701
638
606
600
612
661
733
812
847
853
726
677
629
603
591
609
660
717
806
853
877
855
857
780
714
691
702
746
765
796
748
765
804
810
800
770
734
702
692
670
673
676
691
791
816
779
744
710
673
661
650
651
700
776
848
867
792
759
707
685
705
764
841
820
807
754
760
757
807
820
806
815
820
813
802
801
791
756
722
716
697
701
692
712
672
659
666
691
694
673
702
671
661
680
693
743
788
804
807
803
769
712
684
689
696
755
770
771
803
789
771
735
723
729
764
755
771
784
767
746
733
722
684
669
696
715
750
803
807
813
802
747
744
744
762
798
843
865
834
735
666
624
610
630
620
671
725
824
871
896
875
870
856
767
766
725
725
746
729
773
892
893
854
746
692
676
686
716
760
735
729
720
707
726
739
786
820
760
699
686
688
758
848
900
902
856
787
721
696
710
764
862
879
867
836
793
786
785
814
770
750
767
811
819
826
743
667
627
657
777
947
931
941
941
925
856
771
666
623
620
791
911
930
912
905
883
870
854
801
699
665
657
692
793
913
951
940
906
848
753
737
737
709
694
674
673
688
729
790
835
857
755
708
683
659
663
699
750
783
790
752
759
757
757
710
694
696
718
759
747
722
737
720
731
714
735
737
761
746
714
682
649
637
666
688
733
768
769
734
751
732
729
698
668
682
720
770
772
742
711
671
655
642
662
667
688
692
666
674
689
729
751
645
640
636
669
761
825
818
812
827
772
714
651
659
673
636
641
670
715
780
892
896
874
849
849
823
768
717
685
650
645
688
775
875
887
874
850
823
815
814
810
805
798
761
751
712
698
718
781
868
880
862
823
770
750
732
728
729
714
743
770
821
826
798
769
723
726
727
690
702
727
780
797
792
777
784
787
760
713
699
709
748
741
692
676
669
702
744
814
813
783
736
718
719
699
700
673
681
725
733
741
717
729
740
758
744
712
729
748
746
744
709
685
686
683
666
654
651
665
687
695
683
673
711
773
820
818
785
825
758
738
696
667
634
627
621
601
587
572
550
544
542
557
567
574
593
604
604
581
569
563
553
545
544
555
584
620
650
684
711
744
732
705
727
734
687
649
651
650
645
612
627
726
777
770
763
735
669
645
657
736
832
827
777
813
836
841
801
714
679
684
720
784
724
687
680
697
736
786
733
708
692
670
642
629
617
608
610
606
599
589
577
576
586
596
599
607
612
620
654
678
744
728
788
872
867
764
673
644
631
668
710
688
659
645
731
752
708
688
705
708
704
668
661
674
708
719
672
654
651
688
696
710
687
668
674
645
611
612
645
629
627
620
654
724
789
750
702
694
694
677
639
624
616
629
635
639
657
665
660
650
609
610
623
642
668
716
728
728
728
673
624
599
591
610
658
688
698
684
724
735
725
698
679
686
680
662
656
676
682
688
678
699
742
716
688
671
704
729
752
724
758
803
795
753
737
724
709
702
705
749
793
800
781
778
820
796
796
766
782
730
742
747
735
706
710
766
839
817
788
791
773
730
688
673
674
687
685
688
669
643
625
647
657
668
684
743
769
730
689
673
687
694
684
686
720
788
823
804
777
783
737
693
659
683
736
772
770
811
844
803
790
781
767
724
710
739
788
798
796
822
863
805
740
707
722
713
699
680
660
660
719
870
932
893
840
822
786
732
727
737
764
807
776
758
753
737
715
741
759
778
765
785
795
772
704
695
706
764
798
852
841
801
756
749
755
816
803
741
760
754
707
689
651
628
664
695
709
735
755
751
695
688
697
726
735
739
750
757
763
695
645
609
609
669
824
852
872
863
813
778
697
655
639
650
695
712
715
718
706
706
670
661
653
647
640
625
609
619
655
673
669
682
687
706
694
670
668
651
652
630
619
604
600
607
614
611
604
616
626
662
717
733
688
633
595
591
596
593
574
560
555
559
568
574
564
559
556
557
552
542
544
547
555
557
565
582
610
612
607
595
584
584
586
581
563
560
579
613
643
650
640
656
641
619
587
570
560
521
521
512
506
511
528
530
539
543
546
551
559
557
557
546
534
517
513
518
533
541
548
521
521
521
531
540
552
535
537
549
566
564
565
533
539
526
529
518
536
530
543
563
560
567
536
537
522
532
552
562
567
579
575
549
533
521
516
519
517
533
545
561
582
607
621
641
664
646
646
633
618
603
556
545
542
556
585
605
646
645
649
642
608
587
599
630
667
688
702
704
630
629
626
649
648
598
583
559
578
624
666
701
704
690
607
600
572
607
650
683
718
747
745
721
663
629
642
677
614
646
632
655
678
705
740
733
659
622
592
621
615
665
710
745
786
780
754
740
723
634
614
590
611
641
672
714
744
766
769
760
732
701
694
639
584
572
577
643
726
794
758
724
686
705
709
723
711
705
634
647
639
723
763
762
753
740
683
668
658
666
667
696
621
613
601
626
637
699
719
811
802
769
711
671
644
621
614
653
695
744
779
776
754
719
697
672
632
614
604
643
703
660
671
679
717
678
687
673
677
688
673
672
678
619
601
579
601
658
721
772
815
798
718
688
641
647
658
628
584
576
559
558
551
584
622
692
746
768
774
772
754
759
721
633
596
532
529
526
548
596
652
712
736
740
677
703
659
646
634
608
600
590
598
566
589
571
580
592
574
589
594
609
611
632
627
628
644
578
568
548
559
567
569
580
607
623
644
616
604
575
565
569
586
596
557
567
586
565
596
596
663
690
682
659
599
613
599
610
636
598
616
630
666
693
669
629
620
638
669
671
624
633
649
651
652
672
698
722
728
744
730
721
692
615
602
593
631
701
654
695
707
743
766
774
755
727
703
686
685
665
635
630
684
684
672
655
703
743
786
804
799
695
667
646
651
669
677
705
728
731
721
678
633
640
653
665
723
771
800
787
788
769
743
724
649
640
642
669
671
684
634
649
727
663
659
695
718
692
727
736
760
765
769
758
781
782
725
656
634
624
602
654
762
840
849
835
816
793
775
761
691
682
647
622
601
601
670
722
830
886
867
838
813
809
799
767
749
730
729
745
772
786
755
722
717
670
657
672
717
785
850
784
733
708
677
694
666
673
689
678
637
617
637
652
635
641
674
724
744
691
656
648
641
614
621
683
708
737
780
799
797
760
741
724
722
717
730
732
806
953
930
904
836
769
734
704
663
651
666
669
687
655
659
799
813
790
833
823
802
738
685
667
688
740
788
820
807
771
754
728
712
689
677
655
641
691
734
723
676
650
640
646
631
606
588
572
568
622
675
739
798
780
715
662
681
692
694
700
700
699
682
683
662
686
726
799
846
860
834
828
826
837
850
832
863
883
874
824
791
759
811
852
846
886
834
790
729
699
709
747
773
734
693
740
728
702
692
677
665
654
622
622
631
622
624
643
682
711
753
729
723
777
820
818
761
778
784
801
760
748
761
825
824
783
788
812
873
799
780
776
810
822
763
803
848
858
811
817
831
885
835
787
800
762
762
744
818
823
875
820
825
827
813
770
762
788
817
763
763
818
902
892
888
890
852
769
744
780
825
871
877
891
858
836
784
802
848
815
862
897
890
854
856
848
819
768
802
833
860
867
911
894
876
840
820
821
800
860
918
891
865
862
846
797
758
779
844
825
847
853
838
835
841
838
800
779
802
830
826
799
813
871
836
785
785
787
809
788
839
821
790
716
672
671
739
845
899
877
877
832
788
749
757
784
798
756
771
806
855
820
826
814
773
735
699
684
689
735
697
666
711
805
846
840
855
844
855
854
842
839
838
855
857
789
756
749
782
765
747
761
794
805
833
821
756
700
661
646
644
639
647
782
845
801
791
777
744
702
669
659
678
731
762
751
780
781
798
718
656
634
628
726
960
955
927
932
925
886
818
808
796
755
734
775
840
842
864
889
842
841
839
819
808
838
869
906
848
852
843
819
766
781
796
777
782
802
804
771
706
711
764
873
828
854
835
832
776
780
815
824
809
810
821
836
778
806
816
741
727
756
785
770
753
703
687
645
624
621
613
622
633
635
622
603
595
585
587
603
626
631
618
617
624
646
700
703
694
660
651
637
622
623
653
679
695
711
698
680
674
677
738
811
888
867
796
701
649
658
664
722
789
880
883
872
873
872
860
859
848
824
848
869
862
839
846
858
817
766
818
940
936
951
916
900
879
877
828
833
878
890
862
833
849
868
860
870
856
868
877
855
791
757
754
762
796
722
695
692
667
664
702
789
855
878
832
838
820
795
757
774
780
791
761
727
751
770
821
833
832
866
881
876
851
920
905
853
794
806
806
794
815
823
792
873
902
896
781
720
712
729
814
845
877
904
921
870
817
792
790
764
757
780
851
841
859
854
862
819
821
823
837
768
804
819
858
811
771
769
782
748
708
725
755
798
771
767
800
821
825
769
769
783
763
693
662
665
694
731
767
707
705
729
761
735
736
708
684
652
643
669
711
749
767
776
787
812
787
756
740
731
771
820
842
805
801
771
747
689
648
656
708
888
928
903
908
896
760
672
663
655
650
649
633
606
576
618
614
616
634
637
636
612
608
595
585
577
570
562
555
555
583
674
733
715
688
717
763
775
724
673
633
622
634
666
709
743
772
737
710
695
683
655
648
664
748
874
925
900
896
870
840
730
691
701
763
911
924
917
882
868
854
828
739
724
754
830
909
872
855
857
828
779
749
755
795
828
779
766
804
856
831
813
801
806
767
794
762
726
719
765
872
878
870
858
829
786
739
730
751
771
769
784
759
782
751
751
762
807
785
747
776
787
775
726
727
698
689
676
656
647
656
657
647
622
654
731
764
798
808
762
720
710
718
723
695
728
776
854
813
803
838
840
799
790
758
760
729
738
733
783
760
748
813
883
841
810
822
818
749
703
713
744
795
749
793
801
834
794
806
776
783
738
796
789
720
667
657
658
632
637
651
673
690
665
652
633
618
599
592
610
620
632
638
630
643
660
692
732
709
710
724
749
699
704
693
680
650
645
647
642
621
628
651
646
646
647
668
663
674
657
640
639
652
654
634
611
604
610
637
708
756
712
660
647
647
678
750
726
694
703
712
748
782
771
809
828
809
788
779
768
756
727
738
782
779
736
740
794
839
868
801
786
766
779
790
756
775
802
797
764
781
771
775
742
754
757
789
760
785
779
800
755
767
782
774
684
674
674
712
744
787
774
723
695
662
647
621
609
639
693
710
746
771
794
753
729
730
763
812
793
817
845
885
787
776
770
742
716
706
738
761
779
786
820
838
808
774
766
751
738
732
739
798
824
797
741
725
723
734
729
764
828
856
811
778
788
777
742
699
708
721
743
723
718
734
766
803
806
768
775
788
786
759
735
750
768
776
748
741
783
789
749
679
636
619
613
596
618
728
813
813
749
740
731
723
706
700
714
724
768
783
794
831
794
770
790
778
790
732
666
625
612
671
940
933
947
931
902
824
726
671
633
620
611
600
595
597
618
646
691
726
724
703
676
686
674
700
711
731
741
697
679
688
694
688
660
629
640
719
812
823
796
789
802
753
725
686
666
684
856
904
924
894
842
818
781
715
677
652
674
747
855
856
855
830
813
752
681
657
668
710
766
836
836
779
790
814
803
773
710
715
735
767
779
755
774
799
791
770
759
764
788
808
757
768
760
749
674
637
604
604
608
631
737
801
803
823
769
688
648
629
607
591
593
623
650
677
654
672
738
826
840
792
735
729
750
764
797
808
830
847
856
759
679
632
613
635
895
899
937
948
929
902
875
840
793
688
646
619
606
593
600
662
775
855
866
872
874
881
862
818
721
701
742
806
854
877
863
817
753
744
788
838
868
866
849
807
771
700
683
697
757
862
919
905
888
874
844
769
732
736
748
765
781
728
726
811
896
914
854
733
688
692
718
767
841
812
753
735
717
733
787
772
812
822
826
788
799
797
797
789
735
732
766
783
769
730
714
681
681
651
636
626
655
644
649
659
679
682
702
697
678
654
634
620
622
646
689
771
770
797
790
768
729
679
663
681
693
673
680
661
667
689
703
745
747
720
669
639
616
596
591
604
619
658
747
856
875
845
753
734
715
711
701
703
741
852
872
840
791
822
803
771
683
626
605
591
591
717
923
925
948
932
906
842
773
726
682
699
775
911
938
881
890
930
883
837
771
754
789
761
754
751
813
788
699
654
636
617
609
601
587
579
581
589
617
684
791
797
771
767
789
785
737
733
751
858
896
885
857
847
842
826
799
749
715
772
833
890
836
821
839
837
849
797
779
770
766
765
734
756
799
857
860
839
836
838
791
774
770
805
844
802
841
831
865
822
806
771
714
688
697
754
858
910
883
874
861
818
718
688
696
733
823
892
851
864
855
863
840
826
832
813
800
773
811
839
859
821
822
830
810
771
743
800
865
874
828
808
757
731
683
649
618
622
710
1006
947
901
903
866
790
687
645
636
642
629
629
690
759
778
854
860
866
864
831
805
773
732
685
646
638
647
705
858
913
917
902
884
816
704
693
700
727
770
768
744
702
690
708
760
804
839
810
744
734
751
748
743
704
686
685
704
715
736
788
720
674
659
665
672
648
663
694
694
662
636
633
646
671
708
723
731
693
680
670
682
698
716
679
654
670
698
743
733
704
661
648
654
669
698
696
704
688
669
666
660
665
685
719
736
742
752
761
772
775
767
720
691
696
708
756
786
763
717
716
711
703
732
753
754
758
773
755
715
695
679
702
750
819
864
872
826
803
771
743
713
695
702
726
763
796
750
707
694
660
637
705
835
854
872
846
815
746
673
639
641
699
860
892
881
871
870
855
822
767
721
709
718
751
747
774
812
838
829
808
797
769
734
688
704
719
761
792
790
782
783
783
746
705
712
732
734
706
657
659
708
744
803
807
807
761
688
646
622
612
613
644
665
674
666
651
661
684
711
714
710
685
684
707
743
745
742
679
630
611
588
596
586
579
571
566
563
558
566
593
588
579
579
586
590
603
606
610
617
633
612
613
671
756
791
715
667
656
660
658
664
677
698
668
684
739
816
807
793
742
665
637
629
662
771
862
896
899
892
845
795
735
736
742
778
801
801
829
848
826
785
763
732
731
765
830
832
778
722
679
663
668
719
810
897
867
841
770
738
744
780
814
821
821
788
779
742
706
700
706
714
690
653
606
600
591
573
563
554
560
595
605
624
620
618
610
620
623
610
593
585
571
563
556
546
547
559
570
567
565
562
554
551
546
548
571
631
772
817
859
881
903
874
850
832
839
832
844
820
823
822
836
839
831
838
840
860
854
858
818
782
745
676
652
681
788
899
872
829
722
708
725
802
829
778
726
721
683
661
644
628
616
634
653
642
672
703
742
749
737
682
646
629
617
606
592
575
575
562
552
566
611
636
695
790
834
862
863
854
848
795
716
662
666
700
771
797
816
826
811
753
671
667
671
721
768
802
810
795
721
712
702
714
726
753
790
811
783
704
679
672
661
665
670
651
624
611
605
602
618
648
694
716
747
722
700
669
688
748
785
788
774
740
677
663
663
687
718
763
799
790
765
716
669
645
641
671
739
788
813
775
715
718
722
714
724
717
744
744
797
813
776
725
680
640
609
616
677
798
851
868
843
833
755
706
671
638
609
594
581
575
584
604
622
625
609
604
628
639
658
659
660
628
610
619
624
608
597
590
601
659
775
853
792
792
731
703
731
736
717
689
676
660
655
630
604
589
606
655
683
648
667
663
685
702
709
702
682
648
616
622
638
656
669
640
641
645
667
693
717
715
700
673
646
604
597
565
568
628
713
724
744
763
772
787
776
716
679
638
654
662
681
690
701
703
703
724
713
669
653
722
769
704
724
736
787
818
832
768
675
622
618
619
599
633
741
830
849
854
810
793
759
727
684
680
682
703
686
701
767
873
894
875
794
724
700
714
739
763
764
764
775
793
817
819
820
712
686
701
742
797
840
813
763
739
762
796
798
759
793
813
835
792
714
689
692
714
768
779
751
706
691
693
731
769
734
711
688
698
725
751
731
717
700
714
736
790
834
817
825
830
822
768
729
731
778
814
822
763
745
714
684
658
678
742
913
903
906
902
872
835
741
667
641
642
674
750
825
818
766
779
778
774
757
708
699
729
751
789
772
721
711
722
787
829
858
823
759
750
726
762
713
698
663
663
677
710
756
762
763
731
694
673
673
688
723
738
782
771
729
738
729
730
709
681
655
652
664
713
739
694
655
638
660
677
646
638
637
659
669
673
661
630
605
582
578
601
698
939
904
916
907
881
803
747
719
702
689
694
718
750
790
812
794
812
822
827
834
822
834
854
852
822
804
776
756
720
735
767
785
814
756
752
783
776
787
736
688
684
709
771
800
776
734
733
705
703
688
660
654
665
672
718
780
761
707
660
633
619
615
605
598
623
666
684
710
713
741
767
819
819
721
661
641
663
765
897
862
843
875
895
837
756
698
675
659
661
667
649
642
638
650
791
839
764
688
643
610
609
593
606
684
658
640
631
583
593
574
609
624
657
724
765
775
773
772
729
673
633
608
587
576
563
557
565
588
638
688
710
709
700
635
600
603
598
613
635
637
668
669
666
647
618
616
604
598
600
604
642
677
717
722
732
730
715
671
659
654
681
711
727
736
752
733
751
726
756
754
741
691
680
687
697
737
818
820
778
758
759
754
767
756
750
770
760
761
709
671
656
663
704
740
832
834
846
837
730
672
632
587
571
562
562
576
630
668
772
816
806
830
795
727
676
656
659
692
714
754
795
767
721
705
688
680
677
741
810
866
850
807
773
751
776
758
737
715
672
670
696
771
821
874
813
736
714
712
739
737
784
754
738
755
783
777
793
720
704
729
751
756
755
771
688
643
625
640
662
678
661
685
751
842
802
812
753
700
670
673
726
730
748
742
787
795
778
755
673
629
620
658
772
873
879
890
884
845
740
699
700
671
653
667
730
824
861
847
822
800
780
750
726
718
702
703
712
705
748
749
744
717
725
699
703
710
699
725
793
761
749
704
664
662
647
615
596
589
604
628
629
605
598
586
573
563
550
541
533
531
529
521
519
514
510
355