605
593
582
572
551
544
545
550
563
589
594
600
604
588
589
603
618
619
591
578
575
568
560
554
542
547
571
589
598
596
593
593
567
554
537
527
513
505
493
491
489
492
483
487
497
525
555
566
568
568
558
538
534
524
523
526
552
620
739
788
790
770
726
663
623
597
578
563
557
554
555
553
556
552
545
541
544
556
578
599
608
616
607
587
573
578
593
604
609
607
604
596
578
567
561
563
568
598
610
609
595
577
579
604
630
647
646
623
594
576
559
545
539
541
540
544
558
585
606
621
613
585
569
564
586
604
611
603
592
577
570
566
573
579
590
612
628
639
638
618
599
577
562
546
537
532
536
534
532
535
556
607
655
711
707
658
635
618
615
607
585
570
560
549
557
574
606
629
635
627
617
602
567
566
557
552
550
547
544
538
533
519
518
523
538
550
579
610
627
625
597
563
554
553
552
558
560
561
560
559
556
555
553
556
558
563
555
532
531
533
550
587
608
613
617
602
601
597
579
568
557
537
523
512
515
520
543
608
704
747
729
667
626
604
601
596
604
619
633
643
651
652
655
646
632
621
611
603
589
590
589
591
594
603
602
584
572
561
560
561
567
586
582
571
573
592
641
689
713
694
658
636
627
622
612
590
573
557
548
540
532
529
523
532
585
636
654
630
627
636
646
635
644
642
633
631
624
633
626
631
629
641
652
642
655
666
679
675
674
633
619
601
591
583
575
576
581
613
665
715
755
712
689
674
657
639
617
605
604
617
608
607
608
628
648
656
638
643
634
630
613
608
604
609
615
626
636
657
662
653
660
648
653
642
619
615
596
580
566
560
558
571
605
639
662
671
642
634
634
634
630
617
598
593
589
593
604
614
614
635
634
649
671
653
644
642
654
677
656
651
632
615
595
591
587
585
585
602
615
635
665
678
666
635
623
609
610
604
594
578
569
560
557
570
593
623
633
641
649
642
657
630
613
608
607
598
584
577
567
578
595
630
645
654
645
637
615
602
585
579
578
578
581
588
591
598
608
623
637
603
585
581
584
577
576
563
557
548
541
541
550
552
556
562
569
577
586
594
601
602
593
579
560
551
540
533
532
533
540
557
558
567
577
597
622
628
604
603
591
591
592
591
589
598
610
607
618
620
621
611
605
604
606
590
586
586
584
576
566
561
576
606
615
606
595
598
595
602
596
599
597
607
612
611
606
604
611
625
638
623
630
626
637
638
631
617
617
613
619
622
612
622
632
657
686
676
677
675
661
648
627
609
600
601
594
603
601
615
636
637
638
628
631
625
617
614
618
606
600
600
594
601
605
605
612
621
628
633
625
629
610
615
624
625
616
597
578
564
553
547
558
595
765
749
730
711
667
636
604
580
560
548
542
543
549
563
577
585
556
553
546
561
587
607
621
606
588
576
566
558
543
543
535
536
544
554
591
678
713
731
708
683
650
600
576
557
553
557
572
604
620
632
630
615
599
589
558
559
548
543
547
560
588
628
662
688
712
721
737
721
694
668
635
614
596
582
571
573
590
617
629
649
663
680
678
654
646
652
633
630
622
610
603
602
596
608
612
614
602
587
581
583
604
609
626
635
617
614
616
616
621
607
595
586
581
591
616
650
661
659
651
635
635
621
613
594
576
571
572
602
755
863
837
827
800
720
644
607
593
587
581
581
572
569
564
569
584
593
598
606
626
676
704
679
680
659
652
645
614
605
599
595
593
593
588
594
605
622
667
670
664
662
649
632
621
600
595
586
591
609
629
619
620
624
647
655
671
660
651
640
625
609
596
591
588
585
594
583
578
573
566
568
583
618
694
756
781
729
689
663
637
619
597
581
577
579
585
587
580
589
594
617
638
647
653
631
625
618
614
607
598
595
594
604
611
618
616
625
625
655
702
727
702
705
693
679
659
632
625
615
607
608
602
603
604
612
646
662
668
668
667
643
641
620
618
615
612
614
618
628
642
634
607
597
586
601
635
660
649
651
646
657
657
650
645
623
606
586
577
568
564
583
667
782
836
807
767
704
681
645
628
620
612
603
593
583
576
570
569
566
581
592
597
620
642
670
675
685
699
700
686
642
618
596
580
568
560
561
594
657
671
677
679
688
655
622
599
584
575
572
573
572
570
565
563
564
560
559
555
560
572
586
609
629
651
664
652
660
653
652
656
639
622
608
598
587
579
568
562
556
567
587
620
620
627
628
640
641
644
618
613
605
616
638
666
685
680
674
681
683
672
661
666
670
674
677
664
664
670
692
697
676
673
671
703
707
701
703
695
679
660
639
627
618
640
658
668
698
721
761
765
719
692
656
648
646
646
665
671
697
701
680
665
646
646
634
633
623
625
645
640
638
616
604
583
576
563
555
550
547
555
576
595
608
604
611
595
581
574
575
586
609
614
644
670
653
643
628
635
664
690
701
688
675
666
635
604
563
565
546
539
540
551
563
568
565
565
569
583
593
598
560
561
537
545
540
550
558
568
566
568
557
557
550
548
544
539
536
520
523
516
524
557
623
662
668
669
683
695
683
626
603
581
576
581
577
574
573
569
563
540
544
543
566
611
650
678
678
667
648
605
579
563
543
543
548
566
609
648
614
644
723
777
803
772
753
705
660
641
630
612
604
610
631
647
655
675
685
687
688
675
674
687
694
706
678
659
653
650
661
653
643
650
646
662
653
631
623
630
694
729
710
730
712
729
702
688
650
595
594
567
567
574
607
639
660
700
696
713
713
714
676
659
631
613
598
563
560
549
552
584
637
686
709
727
714
705
639
607
580
580
588
604
583
584
604
635
662
688
622
617
600
601
604
608
614
608
597
585
570
575
585
612
634
645
603
607
605
628
635
647
628
614
599
586
573
567
551
554
558
604
720
764
699
646
596
613
677
724
709
697
661
639
616
592
581
576
588
608
651
678
693
671
677
669
672
677
664
653
623
617
613
609
591
571
555
549
556
585
658
706
683
667
653
647
652
649
633
626
618
614
604
601
589
596
604
632
663
678
654
613
602
604
611
606
606
611
613
629
620
618
580
582
562
564
575
603
627
657
735
788
805
784
775
757
711
660
615
598
582
577
584
594
609
614
629
629
634
607
593
575
582
594
607
607
599
598
619
657
687
695
706
681
624
609
589
588
572
569
563
557
577
627
669
667
671
652
642
628
612
609
601
597
592
585
584
587
610
658
709
741
758
745
739
702
681
649
632
614
607
616
636
656
677
702
687
685
688
688
694
684
671
651
647
657
660
672
657
650
645
650
662
668
668
671
662
653
641
617
618
629
646
672
685
684
686
681
656
644
632
627
615
609
585
586
582
619
674
680
670
638
612
613
625
622
629
622
609
598
592
593
604
629
674
692
698
709
705
708
701
679
668
649
622
621
613
617
627
645
645
646
630
632
631
636
660
681
723
758
752
706
688
678
676
661
641
636
641
654
682
708
695
684
690
695
688
676
678
689
715
736
731
731
729
725
717
711
692
683
699
732
796
830
806
737
667
646
623
610
608
619
626
632
635
650
685
734
790
776
770
743
713
675
668
653
650
654
642
619
604
594
592
607
648
745
779
802
774
765
729
692
673
651
628
609
602
602
601
600
591
581
579
585
621
679
736
752
735
722
693
650
625
607
611
616
653
656
668
662
662
644
641
645
643
639
640
650
678
736
790
764
711
670
639
610
594
587
594
597
595
597
603
628
671
695
692
690
697
714
707
680
675
672
665
656
646
635
619
607
608
615
648
666
685
699
710
707
697
659
637
627
614
610
621
612
623
622
645
660
673
662
669
653
650
641
632
612
607
610
618
649
712
735
745
745
734
726
703
698
670
651
644
631
625
632
640
672
676
668
680
673
682
670
652
643
634
633
638
623
609
604
605
629
668
707
718
722
679
674
662
668
677
670
653
647
640
636
635
644
659
717
777
761
725
692
670
655
639
631
613
612
611
627
646
650
654
669
692
729
721
706
696
688
675
645
631
621
618
629
624
625
628
637
661
663
656
657
655
655
657
635
626
621
611
615
603
597
596
605
626
660
675
707
743
737
718
676
654
642
638
628
616
600
590
577
573
577
576
568
570
568
564
557
552
567
594
611
605
606
606
606
602
601
598
604
605
609
601
603
594
589
571
561
566
603
690
759
780
777
700
665
660
658
681
677
682
646
635
628
635
638
656
646
642
658
681
704
670
646
613
594
583
581
583
589
592
602
604
601
603
624
678
722
720
709
703
700
693
656
637
624
623
627
629
623
633
655
699
735
704
695
681
667
651
650
652
645
636
642
674
692
702
705
717
723
719
696
668
653
646
647
644
632
639
660
690
717
702
693
702
690
698
674
645
628
619
626
643
656
671
679
696
698
717
688
695
688
676
663
646
622
614
619
650
697
730
730
753
750
742
719
688
670
654
646
634
640
648
660
666
665
655
669
720
812
805
761
723
682
657
656
653
654
649
644
639
649
674
680
645
635
623
610
596
598
605
597
591
586
590
601
617
635
645
641
640
635
633
659
671
657
668
682
722
699
683
685
673
656
638
621
613
609
618
631
647
655
652
663
666
670
654
657
653
659
647
639
644
653
666
670
665
662
653
671
674
668
667
668
677
672
681
694
702
689
657
642
641
653
669
693
683
689
688
688
685
663
649
638
628
632
629
624
628
638
656
682
688
684
692
707
704
691
675
667
654
654
646
639
639
651
658
676
684
662
655
642
647
661
676
681
677
674
681
674
681
664
632
610
593
582
568
558
551
546
543
560
698
781
792
699
646
631
637
629
628
625
614
608
610
608
605
617
626
618
605
600
615
648
681
706
723
721
689
642
620
603
588
582
594
609
651
695
703
721
708
687
668
656
644
615
614
610
617
637
649
696
740
749
738
725
689
647
626
617
608
615
625
632
638
649
664
682
680
676
672
624
606
601
607
615
630
638
631
636
629
603
583
579
579
631
776
787
793
767
735
697
669
650
642
629
619
614
618
639
674
697
714
726
714
701
679
657
642
621
612
608
622
680
734
770
733
712
696
689
697
687
649
643
639
637
640
636
652
656
657
649
658
657
668
681
678
673
670
660
667
660
664
670
677
674
669
663
656
656
645
633
637
637
648
665
678
678
665
662
655
646
636
626
611
596
599
625
669
686
673
648
629
621
612
614
628
639
633
640
636
641
611
603
587
586
580
563
555
563
602
642
686
695
701
691
644
627
623
628
642
660
670
637
632
640
621
614
622
650
686
691
689
675
661
643
635
610
589
569
556
546
544
538
545
562
828
819
858
835
840
854
781
724
710
716
702
681
672
653
647
626
624
623
630
655
654
649
662
667
689
714
700
684
668
641
621
604
578
571
564
570
591
620
634
646
647
646
635
588
586
580
588
591
606
616
618
582
589
584
604
625
646
663
663
670
657
636
620
608
599
593
595
599
598
583
574
569
585
628
736
736
738
708
680
660
650
621
617
612
615
590
595
588
595
619
641
640
609
604
581
564
548
568
573
568
582
595
599
599
595
588
582
576
572
567
563
559
550
549
546
548
564
578
609
683
858
871
907
919
842
810
766
737
688
649
639
617
611
606
601
592
600
638
701
695
679
664
657
655
655
625
621
609
621
624
610
605
602
605
610
615
608
598
602
596
588
582
587
601
646
712
757
751
752
734
711
696
651
639
626
626
628
623
635
635
653
696
730
716
728
709
690
664
648
640
639
646
653
653
669
686
710
750
737
735
737
719
704
686
679
668
675
656
660
662
670
673
673
660
661
666
663
663
651
658
663
662
665
665
663
656
661
646
639
643
645
651
645
645
637
639
646
641
635
646
647
650
646
647
639
631
622
610
620
637
684
728
748
759
732
728
703
702
691
677
663
648
649
645
636
631
614
616
614
629
648
663
688
704
713
712
678
659
632
604
587
577
565
555
549
563
626
708
738
724
711
711
703
704
673
656
636
626
608
608
614
639
694
776
811
795
761
744
701
666
647
639
653
668
660
669
673
679
674
667
663
667
669
677
677
689
686
694
676
658
659
663
698
755
757
762
751
736
710
697
679
678
677
677
683
693
715
705
725
717
741
714
699
687
688
688
663
642
639
657
674
678
673
680
678
676
666
652
651
641
647
664
653
655
657
657
658
651
662
671
677
688
680
668
665
667
661
652
640
640
652
694
707
716
712
690
685
652
633
621
612
621
638
657
684
697
735
751
741
716
683
658
630
619
609
607
607
600
605
610
618
600
596
619
630
622
621
611
603
595
590
590
592
611
668
729
733
734
719
707
689
687
684
667
650
659
643
639
640
645
645
656
682
702
701
672
651
633
640
642
646
645
638
630
616
598
579
570
571
578
596
593
614
615
637
659
680
663
637
617
599
593
590
592
591
595
599
607
591
592
572
570
577
606
650
677
674
667
604
593
580
576
571
571
582
606
620
621
619
604
589
577
569
563
556
550
543
542
538
536
546
582
700
771
776
786
757
723
673
639
630
630
642
648
636
630
626
630
644
655
641
636
628
627
639
626
595
581
571
563
571
598
649
651
643
614
596
585
572
571
567
565
566
575
579
591
600
596
591
590
585
588
584
589
592
604
615
619
628
631
604
591
579
585
616
631
629
616
599
586
589
582
572
565
560
566
579
599
637
680
686
648
642
628
617
605
582
569
557
557
576
641
725
777
762
752
721
745
708
671
647
622
599
577
565
558
549
557
581
654
689
653
659
654
659
643
637
616
607
604
603
595
580
579
577
579
577
581
580
587
588
598
617
620
610
618
617
609
599
587
582
580
587
599
604
602
602
604
616
614
610
604
596
594
600
611
607
618
606
599
585
567
564
580
590
594
591
598
608
604
603
610
627
674
680
666
670
671
669
663
631
618
602
586
567
556
551
554
563
586
616
620
652
704
818
793
739
671
635
632
619
604
588
571
550
542
533
528
529
530
531
530
533
533
529
528
527
541
582
619
636
635
617
612
588
562
557
535
524
525
531
544
552
562
569
567
571
553
551
536
541
557
547
557
556
572
572
550
565
550
548
548
545
546
545
546
529
526
514
522
532
557
610
671
712
722
704
685
645
616
576
569
554
553
569
590
583
605
633
659
665
670
646
630
608
604
590
561
561
548
556
592
669
688
703
695
683
663
623
604
593
595
575
560
548
550
569
636
711
731
741
734
1320
600
583
571
559
556
562
575
578
583
579
565
560
554
549
553
573
611
640
652
633
616
612
624
644
679
674
662
654
630
615
602
581
569
561
558
567
605
750
823
835
838
840
829
812
788
768
735
713
687
644
627
609
591
573
572
581
593
625
672
730
774
758
754
730
702
682
658
640
637
647
668
696
735
722
713
654
605
640
623
689
752
764
766
718
692
644
629
616
586
580
564
558
550
537
531
531
532
535
541
542
549
567
582
605
620
618
622
621
618
613
604
596
573
567
575
575
602
639
712
767
797
783
713
647
622
606
606
608
621
629
621
602
591
584
584
587
592
597
603
610
612
604
591
582
578
595
613
631
641
638
644
638
630
629
629
632
626
615
621
629
657
707
763
770
765
736
703
656
632
617
611
622
648
652
678
701
750
790
761
768
754
705
677
667
646
617
606
600
602
630
688
718
726
739
756
761
722
691
667
631
617
610
607
614
611
611
608
596
616
664
681
664
656
660
670
690
678
661
645
652
657
665
654
636
635
640
652
668
691
670
682
692
716
725
705
695
688
679
667
662
641
646
648
690
740
764
763
777
778
778
742
702
688
680
667
648
631
621
610
615
627
635
623
613
607
609
606
593
585
581
571
561
552
546
541
536
538
542
545
542
551
560
581
604
589
577
574
559
545
535
534
540
548
566
567
604
616
643
851
828
833
812
697
661
656
657
659
660
672
669
660
632
610
603
592
586
578
579
580
586
629
722
892
870
860
845
803
771
735
691
650
639
632
622
611
611
597
598
626
697
673
686
708
729
730
711
686
653
623
616
623
643
630
642
640
659
647
649
629
624
628
625
621
615
607
610
617
640
668
685
667
670
653
633
617
604
598
597
605
612
621
624
637
638
658
671
680
663
655
672
689
694
674
666
654
656
652
638
625
623
631
638
648
634
641
647
643
623
613
600
584
581
566
552
542
542
608
747
793
778
830
835
829
774
744
687
650
636
635
661
711
786
828
784
704
673
643
616
605
601
597
592
601
610
626
641
669
683
685
655
648
625
605
587
584
602
619
631
645
671
726
780
790
757
744
725
711
691
659
653
654
690
752
794
764
786
782
757
733
727
724
720
693
694
704
740
723
703
698
693
703
685
711
689
711
693
672
678
705
725
746
706
692
691
680
682
677
671
686
701
736
731
706
705
729
739
736
702
676
658
664
682
709
719
688
696
694
714
688
682
667
666
654
651
661
658
644
622
607
601
615
657
709
736
709
713
715
738
716
674
667
651
652
678
698
722
746
737
731
718
721
736
741
717
710
693
692
658
666
664
654
647
646
650
653
694
701
708
722
745
741
744
729
701
671
646
624
622
621
635
645
683
695
652
648
692
682
712
708
702
682
679
666
662
625
623
624
634
645
636
638
646
669
649
641
652
658
664
663
635
608
593
580
577
582
589
598
597
598
598
605
609
609
621
638
664
700
696
715
707
680
641
619
605
616
636
675
731
759
784
813
788
802
764
693
640
619
613
622
649
696
725
720
715
696
689
699
702
698
675
658
645
669
687
720
724
725
683
683
684
688
680
642
607
601
610
634
656
630
621
612
601
582
577
600
629
657
643
625
621
633
648
662
637
631
621
624
618
603
579
562
552
553
581
652
708
753
735
769
753
664
620
628
653
703
724
720
716
695
666
667
673
698
687
644
625
611
643
664
680
689
658
616
587
575
577
575
578
582
563
560
551
557
561
560
554
548
542
546
561
556
555
545
542
548
559
578
588
588
585
590
609
636
654
643
646
644
655
627
610
608
614
623
608
600
605
613
625
608
636
642
685
673
666
656
618
621
617
608
591
597
615
653
678
676
670
649
653
636
621
630
659
743
723
686
645
611
594
591
616
631
651
701
696
708
686
682
638
609
599
593
597
615
644
668
670
691
686
683
672
659
619
629
610
642
664
742
777
720
724
712
712
715
694
632
615
609
630
644
640
639
654
666
689
712
742
699
680
665
661
662
673
664
654
638
639
616
620
646
680
691
667
667
620
644
660
681
662
633
592
575
573
581
593
596
573
566
574
592
642
656
646
633
629
612
583
582
584
577
553
550
557
578
581
563
563
574
589
604
602
599
612
630
614
600
592
584
585
594
603
636
676
700
706
689
707
710
685
638
616
584
566
559
570
590
596
607
628
625
590
620
621
625
646
654
640
620
607
589
595
609
629
661
677
644
632
635
670
654
660
674
677
672
623
621
598
601
604
589
577
592
615
641
669
666
650
630
606
583
565
572
596
648
694
753
788
762
768
729
693
687
651
655
668
715
705
713
737
704
688
663
606
575
594
664
693
702
716
740
741
736
709
655
604
584
592
614
618
627
635
660
732
771
813
822
808
793
741
715
681
636
629
599
579
579
592
641
761
834
894
855
834
799
782
764
758
746
731
725
740
743
788
831
826
819
794
804
766
722
694
675
672
645
611
616
657
737
813
788
780
761
752
705
646
600
587
601
651
783
817
788
794
808
811
770
763
750
698
691
666
670
682
754
793
754
731
731
729
707
688
691
703
722
734
730
751
745
717
715
696
679
650
639
656
692
689
673
661
668
685
684
723
726
713
672
654
657
660
673
676
669
666
675
669
681
674
698
714
723
762
730
709
689
689
704
734
751
727
688
676
672
697
688
679
677
653
630
628
647
703
752
771
769
766
742
719
698
680
692
686
697
665
649
660
670
680
663
651
631
604
602
623
643
632
655
655
653
645
640
636
658
691
711
695
688
678
672
677
654
655
662
662
646
635
638
662
679
653
639
625
600
596
602
618
639
682
687
691
675
677
657
630
616
622
642
672
686
665
666
660
676
680
675
656
634
630
616
611
585
573
591
634
646
662
686
718
731
707
682
670
650
627
628
613
632
645
624
609
586
579
565
548
551
552
567
602
630
654
667
674
677
688
681
660
638
640
646
646
654
674
652
662
691
737
721
679
669
660
677
694
692
710
707
733
732
695
701
689
684
644
630
648
703
769
818
810
774
751
690
654
632
641
677
751
723
689
681
738
734
757
744
723
699
672
644
624
611
607
611
608
601
605
607
612
628
650
636
604
587
586
604
613
647
636
656
669
676
671
671
673
656
648
638
641
652
669
702
728
711
723
684
650
619
611
641
717
789
756
773
776
756
707
700
691
698
683
673
664
637
614
597
592
604
600
612
633
660
670
647
645
627
614
597
594
587
602
609
618
636
670
694
729
730
708
688
661
649
637
647
641
626
618
620
615
617
631
656
683
695
696
715
703
719
696
655
658
646
636
615
620
634
629
660
685
730
729
759
768
749
735
718
688
646
630
624
614
595
580
566
566
562
567
604
640
715
765
813
786
771
714
688
674
661
660
643
645
653
669
726
725
733
745
733
717
711
678
664
667
673
674
676
667
672
658
641
623
637
663
674
713
726
712
676
649
639
616
622
625
651
686
706
697
662
652
657
671
683
706
714
715
693
676
674
656
646
630
638
644
668
698
707
732
754
739
708
660
650
655
668
661
649
653
667
688
684
678
685
685
668
646
650
644
670
666
659
692
713
705
659
617
590
587
583
597
625
683
676
725
714
683
680
623
598
576
569
570
580
581
572
578
583
591
594
613
593
574
555
552
558
645
784
785
789
807
803
741
674
618
590
578
581
595
597
596
604
608
629
652
684
699
691
675
648
639
600
576
563
547
554
567
593
618
623
627
629
601
600
604
610
598
585
580
570
565
560
564
563
567
573
571
583
602
616
628
638
644
644
644
633
629
611
599
589
604
646
737
796
797
759
672
645
646
645
627
610
594
586
570
552
542
559
580
615
731
815
772
747
696
634
603
585
579
584
591
595
593
599
609
612
643
678
692
714
695
660
633
605
592
585
594
616
652
724
800
816
836
815
791
757
709
664
648
654
700
764
752
703
635
607
588
581
573
564
559
557
566
582
576
576
577
584
598
627
680
725
737
712
709
721
742
749
739
723
675
640
622
627
642
700
730
715
694
659
650
667
654
632
616
625
626
620
606
604
592
584
586
617
681
718
690
723
717
700
658
644
633
641
661
661
675
646
625
614
609
627
652
659
655
634
622
606
600
575
588
589
585
609
613
646
688
718
745
725
695
672
643
621
592
584
563
562
592
681
681
718
737
780
779
757
720
685
650
612
587
584
600
626
661
651
654
658
696
722
709
692
665
646
619
603
587
594
625
655
691
692
701
673
641
630
646
646
641
634
614
587
577
563
555
587
682
802
822
856
853
824
752
712
665
645
636
624
622
630
654
677
690
711
722
700
695
696
709
700
670
670
672
694
706
723
722
702
671
657
655
671
700
726
747
772
776
767
760
734
708
687
659
643
640
661
714
759
751
725
708
712
718
714
681
681
661
650
633
625
630
659
717
748
756
760
746
707
655
639
630
625
635
659
661
679
684
689
676
652
637
629
628
649
654
668
673
670
682
676
651
619
600
585
555
557
541
534
527
523
524
528
536
553
576
599
622
623
614
619
619
609
597
575
561
546
532
521
512
514
553
625
682
747
733
775
796
801
805
738
678
657
659
647
650
644
616
587
580
574
563
563
625
799
778
781
742
722
718
718
701
680
645
634
621
627
639
667
691
680
673
687
687
695
668
651
646
635
634
622
611
613
634
653
659
647
639
646
657
663
646
644
636
645
651
651
655
673
672
662
649
624
592
570
560
559
575
624
703
789
759
704
652
644
612
601
578
564
559
553
549
554
559
545
547
578
628
670
691
659
613
583
558
541
531
527
529
539
577
638
703
711
737
752
766
759
716
640
614
593
561
559
553
554
565
580
596
605
609
612
585
579
566
566
574
584
615
649
657
654
641
624
615
604
591
585
583
578
578
580
583
583
585
602
649
736
749
721
697
680
651
625
622
613
626
636
638
622
634
634
628
632
641
665
691
708
679
650
635
639
651
692
665
674
661
614
1187
593
622
667
662
649
616
595
582
580
573
573
572
577
566
584
623
702
752
803
808
799
754
646
594
574
559
543
539
542
553
557
562
570
566
560
563
554
557
563
602
635
686
699
729
729
658
622
622
637
653
669
688
699
682
664
637
628
620
611
599
595
603
608
600
588
583
591
604
634
659
688
744
767
757
754
709
655
623
618
613
637
685
735
745
834
812
794
784
744
714