897
879
880
829
774
830
891
899
887
851
809
782
799
833
846
898
959
965
954
923
925
921
924
891
882
908
922
910
892
900
907
922
928
922
953
948
914
908
917
931
900
899
887
882
880
868
882
895
917
930
922
920
911
916
886
895
900
900
897
891
867
872
874
869
878
882
877
856
865
865
875
862
863
873
856
828
814
807
806
836
818
740
716
676
688
735
795
871
871
865
845
809
716
707
746
818
913
918
907
913
894
789
731
715
718
742
710
745
771
818
813
766
818
860
854
801
739
729
760
812
851
880
935
949
937
918
889
862
779
724
700
694
654
626
646
688
807
850
857
878
842
856
870
866
831
788
752
733
732
699
700
742
803
850
849
848
866
879
862
824
744
722
748
854
947
904
835
872
870
874
858
808
836
878
894
861
785
786
815
886
894
903
938
938
933
869
790
799
830
832
842
816
821
814
821
764
759
828
776
716
692
712
760
814
843
897
934
970
968
943
931
914
910
877
849
855
876
900
910
905
937
926
923
880
881
867
880
883
895
913
896
849
858
872
893
877
859
857
856
883
865
870
876
885
888
894
902
916
910
900
890
886
866
831
791
807
859
877
897
913
908
896
870
854
846
828
842
849
896
833
760
714
727
778
809
798
718
679
714
688
706
698
696
691
692
693
685
681
714
721
743
757
790
795
817
842
828
796
752
747
762
805
806
809
870
920
944
920
938
901
891
871
800
839
854
849
842
840
888
930
940
853
806
788
708
697
658
648
646
656
662
636
623
611
602
588
608
707
773
796
813
844
879
876
863
849
871
889
875
836
857
890
881
842
856
848
878
856
880
906
943
940
969
984
938
854
844
802
795
862
905
939
847
846
865
900
910
932
941
894
861
849
852
825
745
711
772
903
926
934
949
951
938
902
875
871
864
904
951
948
923
865
813
778
800
791
795
888
811
747
713
690
658
716
845
874
865
841
803
771
773
788
854
885
871
799
741
728
760
1078
997
992
975
935
909
881
867
841
844
855
837
840
854
869
876
870
867
853
840
828
797
747
783
740
742
879
876
864
829
860
895
890
868
821
847
887
893
878
863
852
868
878
885
891
914
944
933
872
838
805
815
865
846
865
878
878
866
809
754
695
670
646
645
637
652
695
732
747
773
791
816
821
831
858
870
823
737
717
716
717
703
721
769
817
816
765
712
704
725
760
747
691
671
672
712
792
815
820
849
837
801
770
738
722
718
721
740
763
742
688
689
729
811
880
878
916
949
931
897
865
817
772
829
928
910
931
950
955
898
882
885
859
840
812
801
784
775
760
777
736
680
654
676
693
775
842
855
804
813
808
820
747
701
681
666
651
634
620
629
629
647
676
725
772
850
893
853
873
900
917
921
897
810
703
671
692
903
987
982
994
947
919
886
878
811
815
772
752
764
784
773
783
795
803
799
793
796
793
779
771
704
649
643
646
718
767
839
871
870
849
752
697
649
670
696
724
769
792
778
776
740
751
732
731
685
674
693
739
799
838
845
829
806
788
772
788
801
774
792
884
886
927
953
969
980
968
881
867
841
887
914
939
945
951
944
952
938
918
932
934
959
960
972
965
952
867
743
738
813
940
976
999
989
1006
996
990
932
936
908
905
869
897
925
940
914
883
807
724
735
817
869
837
799
850
966
979
998
947
939
922
929
906
907
926
926
935
913
865
844
856
912
933
935
908
922
924
883
817
760
726
756
827
909
944
963
959
956
946
901
878
903
920
958
937
935
898
923
899
914
879
863
824
734
693
681
714
791
851
794
809
852
850
869
873
795
779
839
885
897
854
859
880
870
824
750
776
874
870
804
777
697
721
719
736
753
729
717
699
654
641
628
640
653
657
640
646
664
707
777
843
860
887
911
944
935
930
875
849
746
648
622
643
822
1026
996
986
999
973
943
910
854
771
751
756
752
750
752
770
792
820
825
828
834
830
832
846
859
884
895
916
889
812
737
749
793
899
935
912
904
876
873
877
894
925
907
921
928
949
921
901
879
849
880
920
938
912
939
946
940
917
904
882
861
849
837
842
861
870
892
885
888
875
872
840
793
766
737
698
698
727
817
919
961
904
915
954
956
905
882
853
831
854
900
876
892
906
951
947
819
828
932
879
832
778
759
767
823
834
817
802
854
896
857
781
702
652
630
664
731
797
782
815
787
771
753
712
690
684
677
679
688
726
733
814
844
886
852
867
865
774
712
714
695
673
800
904
936
933
929
929
906
852
787
766
805
904
921
921
934
932
926
922
868
816
855
940
966
944
902
864
869
906
841
891
984
999
1012
985
978
933
895
854
831
860
928
967
973
938
956
978
996
974
966
947
931
921
881
888
908
927
917
864
808
808
861
787
772
756
729
714
845
910
891
850
775
726
722
763
880
882
912
916
895
877
881
893
896
863
800
729
766
866
852
801
734
754
858
915
918
897
813
783
772
742
800
833
820
832
904
912
944
909
847
840
823
838
862
787
797
875
873
846
810
835
855
848
824
771
764
785
794
798
768
699
656
646
651
686
724
766
778
787
766
747
743
729
712
690
671
668
670
685
709
750
756
799
843
799
802
750
701
670
673
695
760
846
961
978
973
952
913
902
855
790
810
871
911
939
922
915
896
863
829
813
784
771
821
927
944
959
975
989
969
951
900
813
769
773
817
833
847
828
833
849
929
961
957
966
977
959
943
930
924
909
898
880
868
887
882
899
897
932
962
933
869
803
709
675
645
630
618
624
628
732
820
860
905
929
902
868
895
822
800
825
848
875
866
887
854
864
891
870
862
875
924
949
979
962
969
952
931
929
933
938
919
911
909
929
942
941
944
926
860
784
725
698
700
681
683
681
701
726
771
876
875
906
983
982
989
958
859
803
771
862
872
842
795
758
746
769
824
921
932
859
757
767
827
842
780
779
791
733
675
638
601
590
579
576
589
670
771
800
819
851
892
886
861
745
705
693
687
661
679
685
693
715
722
741
727
728
686
671
683
735
726
722
689
669
648
618
597
582
581
596
633
655
682
696
663
625
598
579
583
570
569
577
600
601
598
580
563
555
545
534
526
526
531
545
558
552
552
542
536
537
555
593
646
684
671
693
689
697
667
630
610
635
664
682
719
673
624
586
568
570
584
584
593
591
571
575
619
637
605
578
572
574
604
623
620
606
596
575
568
563
573
599
651
650
669
669
614
575
563
550
545
548
546
547
551
542
534
518
522
526
528
543
547
538
527
521
517
516
517
524
525
529
524
523
525
533
551
548
576
601
643
690
715
683
649
601
558
542
566
598
583
557
552
559
573
620
612
603
590
586
594
594
576
579
566
562
534
528
531
531
538
542
545
545
552
559
569
573
531
539
527
532
548
553
548
547
536
532
530
528
506
505
501
492
501
521
551
619
644
673
664
645
626
596
595
576
593
598
599
612
618
622
628
633
629
628
600
589
634
704
647
682
697
750
763
773
767
760
745
738
738
750
664
633
663
720
780
746
689
807
883
898
908
898
896
876
875
882
851
834
834
823
778
785
867
941
951
920
679
1023
829
715
646
678
745
839
924
938
906
919
911
884
851
799
772
763
760
722
672
686
720
710
661
712
784
836
867
837
770
728
734
813
863
925
896
879
838
878
834
821
741
694
810
879
882
905
916
929
829
787
823
847
872
879
949
937
958
907
879
861
848
813
857
884
916
924
851
795
768
798
814
790
754
714
659
705
812
820
780
702
666
694
682
667
685
682
709
732
708
691
679
661
650
638
630
610
599
581
599
622
645
672
692
702
647
657
656
687
655
700
701
715
732
713
686
673
667
664
659
645
606
587
580
635
736
813
833
872
885
897
877
854
849
848
843
831
794
755
795
756
701
687
732
805
800
839
826
715
683
694
742
819
834
826
835
816
801
819
851
870
852
754
695
644
631
664
800
903
926
957
936
900
866
760
750
699
673
668
768
829
813
753
762
816
880
896
890
771
761
783
851
918
944
927
878
868
841
882
952
970
950
904
812
736
735
785
900
936
926
919
942
931
922
737
900
811
880
952
949
958
955
935
900
866
907
952
961
988
938
914
831
821
830
845
843
844
866
764
737
742
737
753
761
772
753
722
695
680
673
661
659
673
675
646
608
598
589
596
609
617
623
633
663
698
720
771
818
838
822
771
751
720
733
767
773
801
825
829
828
811
845
847
872
824
753
727
878
948
863
836
829
843
872
833
874
946
942
907
865
822
801
825
857
912
885
882
816
809
854
936
968
1015
963
963
935
912
853
839
873
918
901
854
881
902
896
891
907
911
907
845
793
795
835
883
841
796
842
908
899
901
899
910
903
890
892
861
812
750
733
742
782
820
767
738
731
757
771
801
805
804
791
753
721
718
720
693
699
703
707
766
855
936
940
953
930
935
943
934
909
883
854
849
859
898
895
800
694
651
676
771
863
863
879
831
763
770
793
795
799
790
775
752
734
719
701
700
702
735
755
776
791
800
801
754
785
808
812
763
707
695
743
805
791
771
754
772
795
798
741
729
741
749
759
733
697
708
731
723
722
671
648
644
652
653
660
647
640
655
686
692
693
662
666
679
688
687
670
659
655
692
722
745
737
710
703
690
664
635
610
600
622
625
618
619
633
664
718
725
697
687
720
726
714
693
700
731
740
722
702
688
687
678
694
702
702
723
778
806
772
757
688
642
627
605
595
573
567
573
628
785
805
814
839
859
853
823
758
703
669
623
642
648
692
748
783
777
777
772
766
712
694
716
739
730
744
744
754
740
730
641
607
604
642
712
800
853
883
923
947
959
968
920
873
802
714
728
746
806
875
890
817
743
769
833
912
899
890
906
909
884
893
849
853
878
922
942
931
950
940
921
887
901
930
908
867
740
714
702
694
687
668
735
799
703
784
775
828
844
842
841
810
804
810
813
811
807
806
768
755
731
719
770
891
927
939
929
917
907
914
924
950
857
868
902
953
943
983
996
999
993
931
923
909
931
949
938
955
977
953
947
917
913
896
833
742
729
787
895
905
940
971
953
920
884
855
813
805
807
863
908
922
893
939
987
988
973
925
918
845
876
963
970
953
881
840
778
771
746
790
755
752
970
915
888
902
917
916
822
791
754
787
844
825
794
722
695
680
697
689
661
722
780
773
768
787
812
813
798
746
725
737
770
827
848
791
816
833
813
754
765
815
876
876
843
804
819
841
823
781
790
803
824
829
786
736
763
813
843
832
823
857
880
867
793
777
779
788
766
810
788
781
767
749
805
837
896
875
846
849
819
751
720
678
680
732
808
857
787
804
804
805
737
711
724
750
700
677
654
639
607
609
629
651
647
675
688
705
717
666
623
608
597
604
634
666
668
675
682
680
646
607
578
564
568
598
616
660
717
769
783
776
759
724
693
663
629
615
596
585
577
577
565
563
570
617
677
739
787
793
796
811
813
821
813
766
746
760
760
777
823
783
800
812
858
878
852
804
789
813
834
859
819
795
833
788
754
699
667
678
744
797
801
809
766
802
771
776
757
733
735
729
751
744
747
762
787
837
767
769
688
678
678
688
730
743
679
718
822
772
770
829
810
818
751
692
664
684
712
749
745
720
736
730
747
743
706
685
699
707
743
715
712
705
694
675
652
640
678
737
794
764
701
662
649
681
712
701
665
639
619
626
623
627
613
616
635
652
664
629
606
597
608
623
619
600
584
584
600
618
613
583
562
549
546
554
571
604
623
647
658
622
582
564
555
567
580
584
597
607
622
640
657
669
673
646
625
613
595
557
550
530
551
571
617
673
687
695
709
719
713
702
688
616
604
588
589
595
599
600
606
569
559
548
562
605
661
670
688
698
694
694
658
618
598
627
643
662
684
693
677
609
605
585
610
622
641
618
641
640
676
678
728
729
726
729
741
702
677
666
645
658
653
606
623
605
606
639
681
708
732
728
718
701
690
680
620
590
579
604
649
703
753
762
767
696
651
650
613
582
576
570
656
715
798
815
739
700
647
702
726
747
713
731
761
772
773
787
795
798
769
682
623
632
710
812
848
867
895
910
908
908
868
866
876
883
880
877
883
882
878
874
868
869
882
898
892
913
904
902
862
863
899
955
924
856
791
793
823
758
769
827
861
791
702
660
653
693
749
846
919
900
863
845
829
797
771
771
801
820
825
845
854
849
849
865
899
892
897
909
935
928
873
878
813
718
803
837
813
784
825
910
907
913
907
911
883
775
698
716
794
914
962
1006
987
981
966
929
885
851
846
813
771
815
867
897
960
946
877
837
809
747
696
678
745
775
729
741
797
809
835
823
832
863
886
917
852
794
805
871
925
931
899
877
849
863
855
819
790
854
857
865
850
836
820
813
840
838
835
809
783
821
856
873
812
748
756
791
847
769
717
798
853
785
794
847
854
818
733
707
719
763
795
765
730
718
740
765
782
758
771
813
797
775
731
710
721
728
761
760
754
783
803
790
780
806
804
816
783
761
765
764
776
731
708
685
689
688
657
653
664
753
884
915
861
856
863
851
847
830
792
786
798
794
813
828
849
862
854
829
771
781
849
870
880
835
836
821
813
762
713
687
729
724
699
697
718
776
838
847
852
859
861
880
847
797
822
854
900
884
827
819
793
788
775
811
845
881
845
815
791
813
822
808
828
848
870
829
787
793
840
835
773
743
746
771
819
816
807
873
856
835
751
746
767
843
881
897
896
886
871
800
757
764
781
819
783
773
802
830
821
764
703
711
723
770
738
761
825
813
791
741
750
756
778
786
767
718
700
694
726
751
784
800
815
824
850
859
852
806
793
819
832
833
824
795
818
862
846
810
783
724
692
765
817
814
751
786
817
858
836
790
800
833
844
853
818
856
831
818
779
781
815
916
948
925
920
909
912
875
846
861
852
885
851
879
906
891
883
872
862
823
756
733
732
762
800
810
806
752
717
664
640
614
608
607
644
822
859
834
825
738
685
682
727
754
747
691
687
714
739
755
725
713
677
660
652
653
675
695
724
769
782
764
788
774
808
824
778
759
797
857
872
888
894
916
906
875
879
768
703
688
691
666
859
847
851
854
895
914
899
857
862
859
868
886
869
804
720
775
767
779
693
649
606
596
604
639
696
717
718
719
717
701
680
668
664
662
660
629
605
589
586
594
615
638
688
734
781
800
819
829
847
858
797
701
673
677
725
766
785
797
738
714
681
651
626
651
690
713
673
646
643
654
671
719
777
771
730
758
796
797
762
709
666
661
687
778
809
793
759
774
786
771
768
716
709
734
782
784
794
740
723
715
710
712
660
645
638
648
657
663
655
654
653
689
700
696
675
647
646
651
699
711
732
701
691
664
662
649
636
637
666
724
789
766
753
677
632
583
602
642
753
778
744
758
795
813
797
792
763
720
694
706
697
641
639
654
715
744
757
769
761
769
775
687
651
616
625
631
639
659
665
663
678
663
638
620
590
597
628
686
724
735
751
740
661
636
642
682
697
736
757
789
726
701
681
716
735
757
674
699
708
668
703
726
750
775
782
764
756
695
646
609
627
644
682
747
791
821
784
803
755
765
778
791
769
747
744
809
843
809
773
764
804
831
828
838
762
733
785
837
826
815
811
745
737
739
697
759
802
831
831
832
831
818
776
705
659
677
722
799
751
760
752
813
813
763
776
796
784
778
781
766
731
652
646
671
748
798
732
709
653
697
770
704
699
641
643
671
747
798
798
795
789
775
752
749
771
757
755
765
804
830
837
842
829
792
780
711
647
636
679
849
901
919
947
972
978
938
888
820
736
693
778
782
781
731
715
670
648
642
704
793
890
908
906
895
890
859
848
833
823
837
854
860
877
878
896
893
893
884
875
897
924
922
938
934
934
924
921
908
903
900
855
856
818
760
691
716
759
813
827
829
818
813
773
715
707
814
832
866
851
854
874
900
869
873
874
890
839
821
856
886
900
865
804
810
851
887
905
884
840
836
851
890
932
882
865
832
793
723
717
706
684
674
726
768
799
804
780
738
748
807
847
877
887
854
836
852
856
837
821
814
784
813
848
908
916
919
881
853
895
901
905
896
867
881
916
929
934
934
906
913
879
861
903
936
944
911
904
925
875
759
740
819
919
875
919
952
950
915
860
754
764
805
837
831
811
801
773
723
686
648
626
626
628
641
654
683
766
824
834
819
835
866
860
838
821
796
733
680
675
668
677
708
750
742
747
738
732
715
726
716
679
652
638
619
621
645
682
729
758
754
790
811
849
851
816
769
721
674
630
627
613
633
669
693
703
654
650
625
623
632
631
649
682
703
731
703
741
771
759
748
697
728
791
829
807
803
823
801
795
816
829
819
784
744
699
681
654
648
654
662
667
677
661
700
798
900
903
912
902
913
869
844
840
821
870
877
872
841
827
828
835
847
836
752
719
757
793
878
831
817
810
828
802
755
731
695
698
689
711
810
867
854
872
885
893
897
890
841
842
830
830
758
688
684
687
682
669
790
938
946
955
942
931
885
853
779
762
817
957
984
965
1030
1041
1003
909
771
679
661
674
754
863
893
891
857
855
827
805
797
718
702
702
711
794
780
785
769
716
670
669
680
718
727
764
749
748
785
792
860
900
908
871
849
808
713
683
693
726
745
701
720
765
812
844
854
836
822
804
697
690
738
810
752
813
914
926
971
951
926
923
911
905
882
875
828
834
837
865
881
901
944
956
928
916
914
906
901
876
844
852
852
867
874
858
895
919
928
904
875
891
866
853
820
826
844
883
877
896
840
813
771
728
718
783
771
785
826
860
868
876
824
808
816
842
854
845
852
890
907
919
904
845
853
896
911
904
873
833
808
818
876
851
885
878
821
724
699
707
709
770
800
827
851
850
840
776
758
773
768
824
836
861
854
856
849
816
817
793
793
798
816
759
754
739
736
756
718
697
727
803
831
840
853
855
833
800
777
767
692
644
628
629
629
638
652
665
672
702
728
714
699
720
745
687
670
657
641
620
611
622
652
683
718
758
798
780
812
825
792
767
761
785
800
789
813
742
692
664
678
662
629
670
780
883
928
932
907
918
901
825
778
823
882
935
923
860
889
946
938
922
900
882
875
898
861
857
809
796
802
815
808
803
784
750
709
725
765
831
851
806
726
720
761
869
935
947
944
929
901
894
869
852
850
784
801
837
890
857
841
794
727
706
713
772
752
848
781
774
783
822
828
833
824
820
819
816
811
809
796
795
802
797
801
799
826
826
839
847
780
762
724
688
698
671
673
693
715
735
734
737
730
719
729
726
721
694
684
715
742
714
795
882
818
859
935
938
819
821
862
896
879
799
813
842
922
892
866
814
836
899
951
926
912
911
898
894
841
860
895
918
911
910
896
881
827
857
879
933
916
933
963
940
925
898
890
878
862
853
854
806
783
741
760
789
813
871
865
836
820
774
756
704
656
647
648
660
674
661
661
664
682
699
711
699
678
660
652
662
690
712
696
696
688
697
692
702
713
691
677
644
677
798
877
890
909
899
877
854
836
825
811
792
778
750
778
826
906
927
927
905
892
834
812
699
695
701
814
914
907
913
910
889
854
796
767
770
767
807
741
825
866
795
910
929
839
830
797
724
678
661
642
621
617
611
614
639
687
758
772
779
796
777
768
727
691
688
666
667
695
721
766
811
822
848
855
866
872
854
829
747
667
651
650
642
614
598
631
713
884
891
914
889
879
855
833
815
792
778
772
692
680
672
658
639
754
897
951
961
997
985
950
950
920
865
798
729
674
655
654
684
695
739
777
716
738
760
768
751
729
749
771
796
808
836
771
772
725
694
708
746
767
717
696
682
683
708
759
793
835
848
824
817
787
780
764
719
719
771
822
871
808
828
875
890
886
843
801
813
792
831
786
834
880
816
844
771
726
696
701
724
771
775
770
733
735
752
782
810
797
844
885
947
910
829
825
826
776
726
698
730
759
737
752
763
777
839
847
861
878
872
851
804
771
789
818
856
848
828
830
846
863
817
838
858
870
872
829
851
858
853
819
783
798
820
851
906
907
907
903
856
799
764
763
739
776
835
887
868
855
839
806
810
811
807
825
807
821
843
879
884
898
906
898
874
851
825
828
835
771
738
761
838
946
964
940
901
864
831
794
789
787
816
828
830
836
809
818
810
796
840
862
885
868
874
879
874
849
817
789
766
740
735
740
691
706
688
765
776
813
817
824
813
775
756
729
707
690
661
634
621
608
604
616
668
736
795
817
842
867
814
791
736
712
745
803
828
817
788
789
776
766
764
744
755
763
730
692
728
776
789
730
696
717
804
861
865
863
802
800
806
825
806
797
813
782
760
775
804
872
873
848
830
804
777
756
753
744
681
698
712
784
890
892
893
845
823
768
674
640
621
622
636
712
887
903
933
960
969
945
936
905
826
741
674
646
635
654
699
748
831
936
943
996
995
957
917
838
750
688
683
733
887
898
913
902
918
935
962
917
863
839
813
789
781
796
820
749
755
755
751
706
655
657
639
663
691
667
725
712
750
771
882
904
938
949
891
856
836
809
776
755
721
715
717
763
812
885
890
912
888
881
843
807
775
763
774
766
729
709
682
656
629
645
638
633
659
653
655
645
662
682
707
675
648
664
706
770
823
866
776
726
715
753
762
831
836
832
813
785
714
659
637
617
604
665
849
853
928
961
1002
970
804
728
672
646
660
683
662
705
757
780
755
739
732
751
707
681
681
677
700
783
814
826
825
829
818
800
802
807
806
786
805
815
787
850
762
797
750
758
703
688
810
781
758
771
826
838
817
806
855
876
865
744
714
700
724
736
723
774
866
958
942
927
919
810
736
686
680
723
825
828
800
746
756
833
843
844
893
867
843
817
832
780
721
706
705
718
703
726
781
859
839
869
856
839
853
855
829
753
755
749
724
686
707
727
754
766
775
769
771
767
747
760
748
685
638
636
630
689
741
806
851
752
740
746
741
762
757
734
720
688
632
621
588
595
588
645
719
690
681
676
636
642
631
651
686
715
750
764
705
716
709
680
701
712
766
845
869
880
834
799
768
786
793
805
813
816
818
811
751
695
709
740
781
878
945
969
947
947
941
927
918
926
878
895
912
903
907
864
870
889
893
902
888
886
906
910
891
881
883
893
897
898
915
920
898
866
878
876
854
754
725
740
777
801
787
821
844
826
816
752
706
692
694
738
789
814
859
875
834
810
850
768
712
700
668
643
633
606
596
598
571
554
560
559
561
595
609
640
687
738
697
668
650
658
640
647