736
743
754
734
669
645
634
648
685
737
743
773
744
729
726
711
701
686
695
685
682
677
646
622
612
602
610
651
691
704
678
688
709
732
741
730
706
707
734
739
711
697
662
648
647
662
704
728
738
698
670
630
617
614
629
672
758
806
798
784
771
743
715
683
652
645
645
651
679
723
729
757
779
739
708
685
671
666
649
629
630
626
622
632
647
651
633
631
622
622
617
604
599
604
618
621
626
637
646
669
693
713
694
681
696
703
698
713
700
682
688
713
743
728
701
697
697
701
727
694
664
651
650
673
708
720
734
708
738
727
712
693
683
679
681
704
717
719
692
697
684
697
719
713
716
704
738
729
739
750
771
707
704
693
712
720
720
739
755
760
771
739
727
688
674
673
705
739
684
690
704
755
763
709
681
681
673
687
694
683
699
732
756
725
683
655
646
653
673
771
771
821
821
781
754
729
714
699
696
670
669
662
668
648
630
625
631
645
670
662
628
612
609
607
611
611
613
605
590
576
563
562
559
564
571
584
613
634
646
648
671
693
731
735
715
670
638
631
635
648
672
656
645
640
640
655
658
643
650
653
708
709
688
688
699
697
676
668
673
686
719
731
729
731
729
725
676
672
682
709
729
701
707
701
717
724
696
681
683
704
698
696
686
673
672
706
697
718
731
759
746
733
732
677
638
613
607
610
634
659
690
701
696
718
731
742
728
724
707
715
707
748
771
798
786
786
774
715
711
710
733
723
716
714
713
740
727
686
678
686
705
766
756
774
800
786
770
709
716
728
742
734
736
748
788
861
821
787
747
738
729
727
743
793
822
799
756
701
695
700
753
733
716
729
763
796
794
755
753
771
801
824
806
791
773
749
736
705
683
689
700
761
748
735
746
775
760
725
729
727
722
689
687
694
718
740
725
729
750
786
801
781
781
742
738
714
715
720
706
670
687
660
639
654
686
701
689
693
718
755
798
775
758
729
727
735
759
754
746
764
775
780
760
724
710
718
736
762
743
730
749
769
767
751
717
735
746
774
776
744
763
756
793
776
768
793
789
786
789
793
783
796
780
809
804
801
765
734
700
713
751
802
836
798
816
823
794
774
732
684
645
617
616
658
813
879
929
915
886
814
768
721
664
649
633
634
648
662
683
683
688
663
647
642
632
642
659
666
689
706
730
751
763
774
758
726
707
709
705
686
694
745
793
816
747
720
697
684
665
643
640
619
610
601
605
629
662
637
632
636
646
713
781
792
796
851
865
854
842
824
767
717
692
690
711
768
817
830
809
836
829
799
747
727
735
772
829
863
848
847
835
813
747
744
734
768
804
815
825
847
854
798
802
767
743
704
709
714
751
702
695
695
659
663
659
673
698
728
765
769
754
727
689
654
648
646
661
695
695
727
748
784
820
831
828
798
786
763
754
749
771
770
768
707
702
722
819
972
980
900
838
823
776
710
675
670
689
796
900
941
948
934
893
835
758
729
721
739
802
834
823
827
838
839
782
765
714
693
687
657
648
654
650
638
623
610
611
608
639
717
764
783
823
841
811
763
701
683
667
646
629
631
682
689
690
717
751
765
768
721
682
667
671
720
887
942
883
836
790
761
736
713
688
701
711
757
765
738
771
807
827
802
731
731
698
683
669
668
675
665
635
644
631
623
622
651
642
642
635
629
614
606
602
605
614
624
634
640
636
623
608
604
615
642
682
729
823
847
850
815
782
765
722
692
682
690
732
758
788
753
763
813
854
880
855
776
760
767
742
765
785
780
780
746
697
678
711
884
895
912
918
896
876
836
802
781
771
758
724
734
723
772
765
729
723
705
741
753
777
771
727
700
668
645
626
613
617
609
604
607
627
664
785
802
848
846
820
776
712
680
631
610
612
615
681
804
884
910
863
817
771
735
701
698
707
721
756
778
774
766
759
751
727
737
764
780
780
785
720
662
637
643
664
729
830
887
897
865
818
766
736
720
714
715
726
709
729
747
792
817
841
816
799
795
746
697
682
683
720
837
854
853
828
784
730
719
729
742
768
773
764
775
771
771
761
763
713
692
676
688
725
782
754
768
774
787
799
784
741
694
662
653
651
689
728
741
720
741
760
731
713
687
675
668
688
712
743
767
799
811
773
760
744
729
691
694
692
707
722
738
712
736
750
799
816
809
781
771
746
696
671
662
666
714
791
823
750
725
813
853
811
772
766
752
745
730
707
695
716
746
807
860
856
813
788
789
792
777
756
779
815
867
891
834
827
821
815
866
878
803
736
685
666
662
719
869
894
869
802
734
711
682
660
649
657
680
700
672
654
647
646
650
683
713
737
749
730
725
712
703
686
689
711
737
762
769
739
769
786
799
794
768
732
719
716
713
694
676
683
698
733
854
865
844
880
885
869
786
702
670
647
643
657
711
704
760
834
876
879
821
810
792
778
733
723
711
686
666
639
631
634
656
697
728
714
718
722
700
684
651
622
599
585
569
566
577
606
660
680
660
679
702
719
713
691
675
671
653
616
622
611
615
610
604
609
604
602
592
585
587
618
650
669
686
646
646
635
657
688
695
691
683
679
660
664
663
663
647
638
625
650
702
743
770
790
703
696
709
746
758
766
733
701
685
664
640
635
630
624
716
850
891
863
830
793
735
720
692
678
650
645
661
696
757
813
831
797
791
789
752
692
654
625
604
623
634
626
621
627
730
842
827
765
744
735
718
699
665
664
646
642
660
669
688
691
670
646
632
641
656
675
666
660
673
695
728
748
677
648
618
607
599
609
638
696
735
789
837
860
822
803
789
767
759
720
695
690
671
654
658
700
718
741
727
690
693
722
749
800
835
860
817
784
813
800
780
785
775
791
779
753
739
715
741
853
908
887
876
836
797
760
728
678
660
646
660
759
851
873
857
844
813
771
784
768
784
775
765
763
773
754
743
764
755
746
759
771
844
885
833
762
728
734
782
855
814
859
849
757
729
732
732
731
745
736
698
672
662
669
723
799
796
776
738
696
677
671
669
676
690
688
689
690
694
697
685
686
680
664
654
667
680
690
710
701
687
665
650
638
645
655
680
688
678
686
712
721
735
715
680
682
690
715
757
771
801
821
818
795
729
681
656
636
629
635
623
607
605
651
664
682
709
726
731
708
656
653
653
672
665
649
643
634
596
597
590
604
623
649
676
679
647
670
669
677
672
655
627
604
603
592
602
649
711
747
799
776
771
733
712
695
688
679
684
670
662
688
733
775
791
822
806
796
770
736
735
739
714
708
736
745
777
784
786
733
729
737
739
742
783
840
839
824
785
686
672
649
652
660
674
676
680
684
687
703
716
719
687
637
630
621
667
705
772
798
781
775
746
706
695
671
658
668
636
635
660
740
803
821
778
702
698
709
762
790
815
827
784
768
756
725
701
709
738
797
916
897
883
861
827
783
764
728
686
646
627
634
648
833
934
963
959
906
853
771
728
741
748
754
746
743
743
706
677
665
660
644
650
729
814
857
870
829
812
786
766
759
735
695
683
673
680
757
844
852
846
801
729
711
721
780
792
773
740
692
689
666
645
647
673
697
729
750
757
758
718
690
702
778
889
896
862
836
757
745
762
782
816
803
771
802
832
878
880
854
762
742
747
757
797
801
787
848
880
879
846
795
793
803
821
863
871
859
853
793
796
809
813
828
779
789
803
803
809
750
746
758
770
770
771
763
759
762
786
789
771
797
822
816
799
793
795
795
811
805
768
729
730
770
846
888
827
785
782
769
763
769
743
765
785
798
747
717
731
727
721
697
672
669
687
729
832
856
858
831
786
752
739
712
703
697
705
672
654
655
643
634
649
642
654
649
651
687
689
697
704
687
681
659
645
616
594
577
591
572
567
571
588
610
613
606
605
612
615
611
616
617
636
683
704
683
692
675
695
691
661
661
657
665
666
647
632
619
625
626
663
679
686
679
724
684
671
668
639
621
615
604
599
588
589
606
633
672
735
788
802
776
735
727
732
718
733
755
729
722
770
813
818
847
862
843
817
758
691
665
648
646
635
644
897
878
920
890
850
756
702
682
689
716
751
813
847
860
778
722
706
736
724
735
724
704
726
758
811
847
865
829
795
773
735
705
707
736
760
766
791
761
766
722
729
748
782
785
730
717
724
739
750
771
765
721
702
708
754
823
850
807
811
771
753
688
658
656
651
635
616
619
652
791
896
894
874
856
797
772
722
693
689
672
675
671
635
628
632
630
633
632
621
625
635
653
679
680
686
683
665
643
636
641
640
648
616
604
603
601
616
670
744
763
787
751
703
664
648
649
636
631
643
702
936
952
963
980
831
775
769
766
804
805
748
707
741
798
819
827
818
843
746
694
671
664
672
679
682
665
682
708
737
751
708
713
719
736
717
664
632
635
656
713
744
760
767
766
772
778
805
796
784
759
714
690
677
650
637
790
867
803
771
755
695
644
602
597
598
604
647
655
739
750
757
758
718
706
677
643
648
688
751
821
854
748
691
661
677
796
869
883
850
832
800
804
815
800
717
668
623
617
635
708
749
791
742
710
722
762
713
683
636
622
584
570
562
549
536
539
547
563
564
566
561
562
552
550
551
538
541
518
512
503
497
496
496
493
495
499
502
503
498
487
485
491
485
484
487
489
485
482
479
477
476
482
478
477
477
479
476
477
475
477
478
487
485
490
492
495
501
500
497
496
494
494
505
514
507
512
518
523
521
516
510
508
504
508
531
543
567
577
593
563
540
531
536
579
603
609
591
576
563
561
580
604
591
585
559
558
578
614
633
666
648
659
676
671
656
634
646
669
727
714
632
590
586
714
872
882
836
800
815
805
791
733
711
722
707
646
613
584
595
612
696
810
827
800
745
723
712
699
695
694
688
729
794
802
755
723
724
710
728
733
765
766
807
827
815
717
686
695
721
796
829
803
769
753
724
703
664
650
639
713
828
775
790
765
775
802
852
861
827
818
806
822
755
677
647
618
620
646
732
730
696
653
692
732
786
794
759
749
709
745
786
825
873
904
829
723
703
695
738
744
713
669
660
663
715
744
782
782
767
747
756
725
721
679
636
625
633
673
726
706
687
669
628
618
621
634
653
638
633
633
637
678
736
809
774
778
790
814
810
761
743
738
737
697
654
667
862
935
866
861
868
843
825
780
844
853
830
876
846
865
885
884
866
846
841
846
802
782
726
740
775
809
768
745
758
829
787
797
745
713
747
780
815
787
764
696
689
695
739
813
854
896
913
905
874
818
760
749
760
787
792
763
701
688
673
661
619
599
580
558
558
547
536
530
526
528
528
543
554
587
632
704
765
795
830
819
806
737
673
646
635
643
668
716
751
775
735
674
702
775
706
688
702
683
629
608
589
578
568
570
579
606
652
729
814
871
853
797
764
757
747
727
772
820
903
938
776
730
724
742
751
728
714
689
656
746
897
788
793
798
812
804
771
724
730
771
813
813
769
771
796
845
848
816
819
829
794
759
745
743
711
699
666
664
651
639
628
652
656
681
750
796
800
757
752
721
699
668
656
627
611
627
633
643
664
669
693
709
734
750
794
813
854
860
806
773
745
758
796
887
878
779
760
748
755
785
797
764
796
841
865
844
824
859
812
776
741
721
763
767
729
711
657
635
630
677
872
938
910
903
805
746
758
758
750
733
678
676
646
623
602
608
649
668
693
747
757
759
723
675
672
682
724
793
825
757
794
836
777
783
712
683
652
662
646
627
643
630
629
621
620
616
610
604
589
588
585
584
582
586
601
675
772
812
803
779
792
755
738
710
703
701
718
758
740
717
702
696
687
672
660
680
721
771
785
767
746
712
686
675
658
643
634
612
589
593
606
695
754
782
773
765
727
697
634
609
596
603
634
635
677
753
873
886
894
887
896
884
843
778
752
682
655
641
634
692
771
908
899
897
864
806
736
765
797
815
814
749
734
681
641
609
595
609
604
605
601
600
676
753
780
751
703
684
651
654
632
606
596
604
634
668
710
770
824
842
835
802
786
753
750
749
755
779
788
803
855
843
799
783
774
760
739
683
641
614
623
686
817
782
841
871
785
705
654
643
639
665
681
723
680
650
614
585
573
563
560
566
587
629
670
742
794
725
705
665
622
596
577
568
576
598
636
718
772
809
819
844
853
869
811
797
774
730
713
694
687
710
771
789
784
752
817
818
826
792
729
720
702
714
727
766
852
911
912
918
872
811
780
762
767
767
743
711
720
760
801
781
705
675
639
649
728
740
684
660
629
608
590
583
587
599
609
629
659
708
748
716
716
711
711
656
651
633
671
698
708
714
703
685
649
633
600
565
551
534
541
531
534
533
536
541
568
633
714
778
762
771
733
711
685
648
642
606
603
604
627
665
700
734
757
790
815
844
861
854
874
855
850
870
873
875
787
763
867
913
793
771
824
847
824
813
786
760
757
796
823
798
826
889
917
889
880
840
724
684
650
649
742
881
895
794
821
858
876
864
744
725
755
837
941
908
912
935
922
880
866
854
897
807
792
837
883
908
851
848
875
885
936
881
761
703
673
648
648
646
656
692
685
684
668
669
677
694
661
676
678
651
657
745
809
854
880
886
857
825
797
714
689
735
910
978
954
943
915
860
785
787
830
808
722
715
728
782
876
912
849
763
714
669
665
729
803
790
837
856
855
789
749
789
858
932
942
882
800
813
837
831
804
804
833
852
761
699
711
766
891
928
915
873
851
802
805
764
755
777
786
836
849
847
853
832
823
777
684
647
648
677
797
864
854
921
899
822
780
722
689
664
663
678
707
777
797
782
711
696
698
692
693
660
645
653
662
676
698
703
700
674
679
690
769
859
857
864
807
730
681
652
644
671
704
784
742
687
659
641
637
647
678
726
770
804
818
787
730
706
706
724
753
811
840
818
841
876
873
801
713
677
682
716
773
854
853
823
813
761
738
756
763
777
781
725
716
677
648
646
689
734
789
862
891
839
809
779
729
734
771
811
873
854
841
796
784
772
743
754
752
742
708
708
750
789
823
815
800
764
750
771
779
806
801
814
852
855
857
863
876
869
783
761
789
807
783
747
691
648
647
675
944
871
896
853
764
688
658
647
632
619
607
611
657
684
703
716
733
704
694
705
734
802
840
864
854
834
832
791
721
670
656
661
746
883
936
941
955
953
920
874
793
738
731
701
661
624
615
616
682
850
899
967
979
958
928
899
812
772
752
792
857
854
868
805
772
776
740
771
758
727
750
755
798
795
769
702
693
704
739
740
775
738
774
768
792
779
727
718
694
688
671
655
666
690
664
666
670
710
765
777
788
746
721
734
737
742
729
665
648
635
640
673
711
725
666
650
626
606
635
741
820
832
874
848
825
777
708
679
677
683
703
729
743
729
698
693
729
747
771
761
725
744
723
778
786
832
737
703
704
676
654
628
617
603
600
596
587
585
598
631
623
606
597
589
582
582
589
610
625
647
652
641
622
611
611
629
610
615
697
766
768
801
734
685
650
649
669
719
791
854
853
844
839
809
810
793
793
806
815
837
824
793
823
842
836
845
825
785
730
688
674
703
721
788
761
722
697
755
801
848
784
702
677
666
683
710
754
795
789
813
812
816
811
812
796
789
806
816
841
794
747
734
768
815
872
850
833
823
833
814
753
754
744
763
794
810
766
744
764
772
730
687
687
694
722
796
771
718
724
732
737
755
730
686
695
663
648
622
634
676
732
710
710
713
716
715
707
661
649
641
665
760
833
853
853
824
786
748
691
693
711
737
782
772
783
809
807
788
730
730
715
724
716
688
681
649
646
676
761
859
877
845
798
778
760
717
725
736
738
747
735
765
789
790
750
709
707
736
761
755
729
728
744
760
812
769
755
720
700
678
656
674
729
788
880
904
878
779
705
666
656
647
646
652
705
766
818
781
759
729
711
729
732
744
708
670
644
619
612
620
663
657
788
869
879
888
878
841
734
696
675
706
718
761
775
766
788
815
808
811
755
715
689
685
685
674
688
758
799
850
813
809
825
812
754
751
770
789
767
722
712
741
801
827
801
825
816
860
833
831
820
831
805
787
785
804
768
734
733
774
874
844
822
812
761
712
675
646
626
625
652
663
657
641
629
621
635
705
787
815
790
767
699
666
653
634
618
616
604
624
651
665
676
652
639
672
707
743
712
707
703
724
757
851
888
935
954
948
935
921
904
841
746
748
805
857
908
902
897
887
884
865
860
816
837
820
767
742
785
915
913
899
896
844
780
717
690
703
771
833
864
835
798
814
815
826
843
819
813
767
785
861
868
907
879
779
745
697
664
654
673
732
777
856
851
832
837
783
738
697
703
752
821
870
839
737
730
709
684
649
631
640
640
638
633
630
622
615
599
591
582
573
575
579
573
617
712
745
797
797
801
786
721
677
651
620
602
597
615
727
880
879
886
900
902
849
799
709
654
603
577
565
556
554
554
566
581
581
563
560
604
674
629
611
608
606
599
588
578
563
565
572
592
593
588
591
602
634
644
656
664
669
663
637
619
621
622
644
656
672
688
697
691
676
650
653
680
724
727
729
729
758
769
777
794
826
774
706
690
694
666
661
646
658
680
691
698
660
651
637
639
660
671
645
667
764
786
783
735
710
660
631
613
597
590
585
566
573
563
554
553
582
637
653
652
666
695
702
663
642
704
743
771
772
772
760
688
658
645
654
780
922
970
947
925
920
895
862
811
777
760
743
685
673
637
615
615
626
669
737
837
914
872
842
803
777
747
690
672
669
725
777
849
842
867
841
848
789
756
705
661
645
654
701
815
849
870
866
871
878
798
804
785
758
770
728
710
705
702
678
710
700
723
741
740
754
759
744
652
641
624
618
617
608
616
612
616
626
609
599
582
611
606
664
718
754
742
688
682
674
688
686
683
660
639
597
579
568
572
576
586
586
584
586
593
597
604
615
588
567
562
559
569
596
609
626
646
645
642
646
633
607
574
564
556
558
585
622
637
609
604
600
612
644
696
708
703
640
625
588
581
593
653
688
729
690
686
667
657
604
588
575
564
625
761
756
796
729
752
702
699
695
704
697
701
640
630
624
678
732
796
764
758
744
710
706
641
640
646
698
707
712
697
739
709
639
617
585
597
595
621
607
644
679
727
749
738
752
730
723
713
635
617
608
585
606
604
628
636
654
659
645
666
681
714
731
733
720
717
709
667
621
591
597
651
701
685
745
762
790
819
822
809
720
647
607
605
624
661
687
688
686
692
667
669
660
625
611
599
624
664
626
646
634
647
653
647
648
617
604
587
599
628
648
672
708
673
621
604
595
606
612
607
578
586
622
620
606
610
643
677
693
626
612
604
639
680
722
727
702
680
706
728
724
707
721
693
633
626
671
729
722
758
744
779
682
700
712
729
710
704
665
665
701
755
779
782
781
723
719
751
759
768
703
672
663
717
757
810
803
796
779
729
654
635
629
737
787
737
785
822
817
816
760
743
666
673
683
674
744
774
737
771
722
690
679
721
751
763
752
702
699
682
712
745
786
706
689
705
787
831
829
813
702
646
621
618
664
771
850
857
836
822
819
689
633
625
650
691
794
821
854
856
804
700
659
684
716
783
766
798
835
841
823
830
850
863
830
795
770
730
723
744
753
696
655
665
725
876
874
879
863
839
808
744
685
649
645
649
674
750
883
900
919
920
877
811
707
685
686
707
798
846
861
818
843
817
793
732
693
723
796
803
811
784
749
715
700
683
686
688
704
701
720
700
670
655
727
758
771
778
744
701
706
701
741
781
737
742
743
794
806
804
777
694
676
698
772
781
818
892
911
920
905
900
878
881
862
887
884
895
894
899
909
904
902
904
906
863
844
794
729
729
847
896
925
928
926
903
874
854
835
875
942
931
926
902
896
883
865
852
833
866
903
928
919
905
897
884
878
876
845
834
865
884
872
782
771
790
879
927
882
863
848
796
776
807
864
863
781
791
827
805
804
810
819
812
809
795
783
739
672
651
664
724
783
845
843
773
772
811
854
878
878
870
856
859
877
891
876
874
866
867
846
842
855
873
880
828
799
814
824
763
729
669
648
649
666
693
727
756
798
801
753
726
708
695
724
765
824
876
835
845
869
814
760
714
701
718
778
758
776
792
842
798
764
796
850
785
776
718
685
663
697
715
716
724
696
680
655
677
664
679
673
664
711
742
770
768
744
706
678
695
720
729
733
739
713
703
731
745
773
762
732
669
632
637
679
733
751
689
695
702
681
679
714
738
738
739
723
671
645
659
698
676
690
697
754
751
775
753
762
770
782
759
770
697
675
664
715
779
813
795
705
684
673
713
759
756
761
711
700
745
790
793
784
719
657
640
624
661
690
656
803
906
896
926
909
892
870
819
833
846
873
901
922
936
927
882
883
900
947
965
955
971
956
881
776
732
771
823
843
863
826
774
759
724
686
697
718
759
823
848
860
838
848
851
814
751
712
716
835
829
773
734
755
753
789
721
722
729
736
737
675
653
629
615
618
636
674
803
911
939
904
898
880
879
837
789
782
775
723
696
692
661
719
912
892
909
902
867
758
733
787
825
851
875
880
895
879
875
857
825
773
729
722
779
880
867
843
831
749
739
728
757
775
821
814
803
809
771
718
684
656
646
706
795
835
852
850
841
819
736
709
705
744
816
862
846
847
839
819
823
764
714
686
683
735
752
736
755
824
867
888
839
813
702
667
642
656
681
742
809
742
701
660
638
609
591
580
571
571
587
611
619
656
666
672
706
722
743
770
755
719
688
690
694
746
802
814
796
774
746
742
728
688
644
663
695
761
811
825
824
793
765
754
713
707
668
658
665
695
750
838
714
656
654
644
646
662
691
723
734
726
713
717
691
680
649
639
653
672
693
747
750
797
797
811
804
730
685
673
669
647
629
625
632
687
694
680
670
647
633
619
611
625
646
642
615
604
596
578
597
605
609
627
895
896
932
933
879
833
783
777
769
770
748
761
794
845
879
860
854
859
860
856
854
848
839
835
838
813
805
792
809
795
770
694
666
664
695
754
800
802
793
756
742
714
692
688
699
696
686
652
667
654
628
657
711
752
747
738
701
672
662
659
684
739
823
838
833
834
807
765
759
744
733
715
728
688
701
718
791
810
819
754
713
705
726
748
755
771
725
739
721
736
787
786
772
743
778
783
813
809
799
799
813
821
818
780
784
790
824
790
724
715
732
743
775
789
759
792
810
799
827
786
720
720
733
761
807
829
819
755
698
694
714
769
823
862
876
847
810
744
682
651
633
632
668
810
983
983
1025
974
928
806
751
763
777
803
797
756
669
670
655
637
646
716
774
833
854
801
771
742
703
674
655
656
708
867
966
944
940
893
824
785
750
727
723
711
677
676
704
776
840
905
852
727
661
627
615
628
625
656
727
830
777
718
677
631
617
603
597
601
611
636
654
697
731
740
694
664
639
615
599
590
588
591
612
655
720
808
853
860
855
806
767
694
671
668
720
809
867
893
875
875
843
779
728
746
749
794
833
828
832
787
792
783
793
791
762
756
699
684
675
695
793
896
917
922
862
836
771
758
713
692
677
676
718
783
844
847
881
810
778
779
790
767
708
700
706
724
718
686
694
698
700
694
683
646
626
611
596
591
585
606
667
745
784
791
806
787
750
714
686
672
679
672
689
691
662
668
684
723
702
716
694
653
640
628
622
640
640
629
631
624
612
599
582
575
565
563
566
573
599
628
646
668
688
697
670
651
637
628
637
632
634
633
646
664
674
678
697
652
646
644
664
673
693
672
679
681
673
655
653
659
673
699
686
675
680
700
723
675
639
631
624
641
621
610
622
628
633
646
693
746
728
709
663
649
636
628
620
622
624
632
630
633
660
673
696
676
663
661
660
678
672
665
649
642
636
627
617
613
627
637
699
726
696
688
682
677
668
673
646
638
613
604
610
619
634
653
673
694
704
691
667
627
596
578
576
571
558
558
587
670
772
808
864
873
830
812
730
668
624
594
569
549
537
540
547
593
679
730
701
710
704
694
648
621
599
610
640
658
660
674
684
675
663
631
613
593
643
711
752
779
781
759
715
685
663
643
634
591
591
569
578
618
705
748
748
657
640
593
594
595
620
636
633
618
608
600
592
582
562
558
542
561
628
692
660
649
652
652
680
687
686
646
612
586
587
596
609
623
621
615
605
576
560
560
584
630
687
691
689
702
700
704
689
677
604
579
563
579
620
663
706
710
730
744
679
654
658
730
727
697
683
679
692
657
658
679
698
713
648
624
623
594
611
678
703
782
848
789
701
653
611
616
706
794
828
798
782
753
736
741
763
782
786
777
783
799
790
789
814
818
834
781
692
653
653
672
719
762
770
789
680
650
633
657
696
732
792
796
808
801
646
629
599
570
566
570
567
630
727
793
791
777
823
851
833
845
854
814
792
771
777
773
777
776
754
760
732
673
662
713
729
706
715
729
751
793
804
806
786
778
769
744
741
738
763
771
732
668
657
668
694
724
796
841
848
822
734
679
641
645
696
761
830
854
879
869
881
873
861
859
856
843
842
872
913
929
944
906
898
880
867
852
818
783
775
832
784
816
818
835
820
803
742
710
726
771
862
941
882
813
816
805
770
722
682
684
703
767
831
886
896
890
884
847
800
752
716
675
654
633
615
615
661
716
826
872
896
883
855
816
786
766
751
732
729
735
735
743
779
817
832
819
803
728
674
657
639
618
635
660
659
653
665
690
668
661
646
629
640
673
715
746
771
739
720
712
755
812
880
804
725
706
685
717
745
795
794
753
700
675
661
649
642
634
677
722
785
787
749
751
747
733
751
770
793
799
803
795
753
738
749
784
820
840
779
739
735
753
772
788
797
738
666
640
607
597
583
587
610
614
644
743
800
809
837
838
774
740
696
664
640
622
611
610
640
742
812
864
800
723
702
679
658
641
657
671
687
700
718
683
660
651
653
654
663
642
642
638
662
698
731
762
737
714
723
752
769
805
795
728
676
633
606
604
611
626
666
668
651
636
623
608
607
651
737
753
696
654
626
607
590
576
573
583
597
639
688
731
767
796
770
736
740
751
775
772
834
821
878
892
791
742
682
677
729
813
853
844
852
842
785
701
673
682
689
712
721
651
652
645
688
739
813
796
732
704
700
735
755
680
662
642
634
702
820
836
813
769
755
740
746
758
769
755
766
804
869
854
844
813
806
820
840
828
801
735
725
689
664
707
746
741
753
749
759
800
854
854
846
840
827
814
762
708
665
636
632
669
811
877
888
866
862
853
833
823
813
798
771
721
690
702
758
849
878
869
882
878
844
817
852
852
869
862
869
875
762
712
695
693
696
659
665
646
629
617
628
662
741
804
828
832
816
736
678
651
634
622
613
609
684
768
848
851
872
859
834
798
731
728
725
775
844
922
944
900
886
769
735
701
701
717
685
658
636
624
609
604
607
611
613
616
627
646
660
708
723
712
690
690
671
686
702
712
730
755
748
747
741
735
770
779
806
704
689
684
681
704
767
863
928
848
814
727
682
696
731
723
703
675
666
668
708
757
797
811
846
789
715
717
674
686
679
675
662
617
638
638
689
695
717
712
693
662
658
631
611
591
597
602
601
620
643
675
700
724
707
705
670
665
663
700
758
779
792
766
735
750
732
733
726
680
647
632
612
604
616
641
631
634
626
634
651
679
714
728
729
717
732
766
758
780
797
806
860
779
760
705
768
796