708
735
745
766
768
755
728
697
664
658
654
659
648
633
632
643
667
688
682
677
701
720
719
721
705
720
706
712
688
694
717
745
780
731
727
729
716
717
708
726
729
757
739
742
763
749
728
694
698
691
688
677
695
706
722
710
706
718
731
723
695
698
692
704
719
690
705
705
715
688
695
701
731
719
711
722
722
729
691
699
681
667
668
675
704
723
762
778
768
729
717
672
646
633
613
616
641
664
693
725
731
692
692
692
699
713
710
692
701
702
722
714
751
792
786
794
791
787
756
707
707
704
738
714
733
770
769
750
754
742
749
729
714
721
727
740
715
734
739
750
748
736
729
723
734
737
737
707
718
699
712
672
666
655
689
693
710
749
763
780
745
724
734
758
737
705
698
710
759
796
771
750
690
656
641
637
644
635
645
664
688
747
717
661
637
629
631
654
715
775
798
810
771
741
716
698
686
675
663
657
647
632
622
632
668
714
751
762
782
726
687
671
681
692
694
684
677
671
663
640
632
625
634
662
696
677
692
668
648
637
640
647
653
667
668
653
649
653
661
668
669
669
662
653
648
640
630
622
636
660
697
741
763
768
771
767
751
726
690
678
673
689
709
724
713
696
701
706
714
749
738
710
711
698
695
697
687
700
711
715
704
675
674
676
694
727
723
701
705
706
711
710
692
690
680
684
690
678
686
692
716
746
743
734
730
728
729
712
698
700
688
704
720
694
704
708
728
747
758
727
722
684
670
647
626
613
619
633
624
621
622
637
666
706
720
691
669
669
678
673
681
677
660
668
660
666
664
647
633
621
614
633
637
666
699
712
728
721
686
681
682
689
697
690
711
724
771
810
813
771
761
750
743
727
724
697
654
648
635
648
710
773
786
788
765
725
685
676
676
685
716
710
703
703
685
699
715
741
744
721
713
713
720
731
693
648
613
607
630
634
656
688
729
772
776
751
718
699
665
652
643
643
642
644
643
644
668
700
776
757
778
781
745
735
731
746
739
710
688
693
698
707
697
690
689
698
737
702
687
679
669
646
631
640
718
749
750
768
819
827
800
767
757
754
761
759
750
756
774
822
867
814
809
821
815
813
789
774
803
817
843
801
778
785
773
775
769
748
773
823
867
853
837
844
830
810
758
734
738
751
751
738
750
765
777
732
729
718
693
662
650
641
644
630
621
634
643
630
620
611
619
624
658
712
781
850
862
888
870
853
793
780
735
687
677
665
659
635
665
674
712
735
763
808
826
808
796
777
716
682
662
642
629
635
666
720
754
825
836
802
790
758
735
724
728
743
765
809
809
792
798
842
875
854
797
774
781
791
811
782
802
829
845
815
779
812
822
821
861
854
841
789
784
800
784
758
777
788
822
772
783
791
820
801
749
761
782
807
823
811
784
777
771
784
783
796
801
792
780
797
810
780
739
700
695
699
696
701
721
735
700
691
676
665
659
675
706
731
746
776
813
740
741
729
735
730
700
658
642
643
638
680
722
738
726
711
710
696
700
706
685
687
673
680
692
690
695
705
701
662
650
654
660
646
649
671
706
722
717
695
679
654
644
636
634
639
608
613
615
654
719
691
694
652
702
761
776
777
745
722
680
630
627
607
609
631
674
722
767
790
805
795
730
669
655
635
648
662
646
637
681
720
783
833
866
886
858
852
819
799
776
772
755
757
741
738
722
645
637
616
635
703
754
778
790
803
761
685
658
631
608
609
604
629
695
749
804
878
896
882
870
815
776
739
703
711
800
833
876
855
839
832
804
754
756
729
729
740
781
803
893
818
802
813
813
789
726
725
710
734
761
739
768
797
826
818
795
782
764
726
707
706
692
657
654
641
660
720
751
775
757
691
692
700
732
766
726
753
770
765
755
754
771
781
770
755
750
709
726
763
876
906
918
918
893
846
813
801
826
900
912
906
903
920
908
877
846
876
906
901
850
857
865
778
776
805
809
767
781
800
799
780
773
770
776
785
764
743
702
684
653
649
728
788
769
779
805
809
792
751
773
759
752
765
724
735
787
819
778
751
771
781
803
773
795
873
939
892
902
901
826
737
753
747
725
700
687
672
692
667
654
659
657
656
643
649
632
621
625
628
638
661
703
749
765
773
811
789
782
819
827
804
786
791
789
803
818
779
732
748
771
774
770
728
731
751
771
765
756
786
821
826
787
779
780
787
743
724
763
819
851
859
851
885
840
784
749
752
771
794
838
889
936
886
908
913
917
887
875
867
883
830
811
789
787
761
791
885
979
945
844
834
875
888
910
951
930
935
911
858
833
813
832
854
837
756
728
756
809
844
769
792
805
815
825
800
779
747
729
729
717
669
677
681
743
825
907
878
851
874
888
852
827
836
844
791
790
803
825
827
786
746
744
758
793
854
842
821
831
823
743
740
705
675
696
784
759
755
777
855
854
836
798
755
750
760
746
776
810
839
820
870
882
813
800
814
841
794
762
774
743
796
840
915
837
811
768
776
792
801
783
787
782
789
766
750
724
666
667
653
658
664
720
895
994
998
1006
911
856
833
795
781
812
865
842
824
802
773
759
757
792
796
799
844
754
736
713
732
735
694
679
648
632
627
632
683
751
800
828
800
727
689
675
656
634
647
713
818
818
838
771
718
714
743
777
818
799
796
793
782
779
810
806
795
800
814
784
760
787
841
909
889
836
845
815
767
715
724
745
756
745
718
699
713
767
810
811
814
853
868
898
903
875
848
858
863
825
774
779
778
752
737
766
819
886
859
785
769
779
798
833
837
860
873
912
903
880
832
773
789
828
845
829
829
850
864
830
808
795
747
703
689
708
781
831
789
753
749
763
766
743
767
773
773
735
733
726
737
734
748
764
768
777
749
747
766
785
760
763
727
695
662
655
662
683
739
746
817
789
766
707
708
699
698
709
707
696
675
667
683
734
779
802
774
775
793
795
794
749
763
776
772
755
730
720
753
813
753
697
693
737
829
876
869
812
825
821
839
804
778
802
830
854
813
790
787
846
841
778
792
859
946
956
855
798
768
728
719
747
952
969
967
979
986
959
884
807
738
716
716
749
822
911
923
907
885
885
900
846
787
806
793
775
787
796
824
819
804
838
867
846
848
846
854
822
778
745
745
771
786
726
688
696
730
799
782
775
763
787
789
719
704
699
706
739
745
758
749
754
691
683
688
713
714
719
775
813
857
856
820
801
778
770
741
702
708
704
733
739
725
730
725
726
714
735
757
798
810
774
794
797
773
728
703
673
676
745
827
772
775
785
845
868
831
813
831
802
738
728
761
779
786
756
751
761
746
753
773
811
832
830
825
844
840
807
755
774
759
755
748
780
826
877
870
819
823
839
764
753
739
742
735
742
776
829
817
817
854
839
796
765
767
787
764
759
798
821
827
805
812
809
808
772
777
802
842
797
785
807
818
804
775
774
777
813
847
821
779
743
688
668
649
660
707
788
750
707
741
859
899
836
805
777
730
736
775
813
771
731
759
792
802
771
773
794
772
771
773
724
702
680
652
660
667
717
809
813
844
862
842
800
827
797
762
729
736
736
731
719
698
674
661
668
702
764
871
796
794
793
806
789
762
711
670
643
644
640
665
789
898
899
856
820
731
697
697
730
800
859
890
839
806
738
695
707
673
646
630
635
627
656
688
714
728
724
726
693
667
643
626
616
599
593
604
643
732
873
893
934
956
943
818
762
688
680
712
753
851
896
969
888
817
758
707
672
652
662
652
668
688
757
858
918
913
904
854
839
813
805
779
785
750
749
767
784
795
777
755
778
806
836
863
824
829
813
780
724
706
723
749
801
830
800
819
834
834
820
765
774
771
782
841
816
832
796
812
833
859
835
800
803
793
804
785
791
803
790
732
681
651
630
623
633
690
771
828
912
876
867
827
832
834
820
775
733
733
737
751
728
723
724
772
834
911
858
886
893
910
799
757
778
771
749
731
754
795
819
775
743
724
694
661
664
669
693
706
714
722
744
759
768
732
708
708
705
683
673
661
666
668
671
669
677
673
669
653
653
669
695
699
700
692
697
726
771
783
788
803
746
781
821
794
760
732
750
835
808
792
742
697
653
624
608
611
644
753
829
807
850
868
890
867
785
750
736
749
752
707
711
682
662
652
695
710
693
687
712
730
744
722
672
640
610
604
617
696
729
743
760
793
766
765
732
726
728
715
691
666
622
628
604
596
609
623
645
671
690
729
728
745
726
688
664
618
621
622
660
697
775
813
837
811
770
721
690
722
711
692
694
725
738
759
771
767
742
690
671
646
624
653
684
696
714
727
755
771
785
781
748
736
667
651
635
643
690
676
740
808
834
841
840
801
780
760
739
708
683
656
631
646
649
736
808
853
868
876
871
825
799
771
730
730
731
772
758
699
681
650
678
913
915
948
954
946
930
902
871
851
809
798
794
834
846
810
846
916
878
871
839
815
810
747
729
760
840
894
878
817
751
753
775
804
813
779
757
805
893
847
828
848
866
847
841
867
846
862
857
857
882
902
868
795
827
848
837
808
769
814
883
906
893
859
882
921
917
882
885
876
869
848
798
781
761
720
703
733
773
761
767
781
810
856
804
792
780
773
775
759
777
814
847
853
874
872
834
793
809
802
755
755
758
751
735
762
807
864
841
840
862
861
842
783
745
708
683
719
828
791
871
920
879
817
760
723
754
841
929
907
901
933
904
849
773
798
824
866
871
886
853
860
892
906
875
862
878
861
805
739
733
727
755
799
820
841
795
782
765
711
687
690
712
724
719
680
683
673
701
774
790
796
808
769
769
732
703
674
647
636
637
646
636
657
713
809
859
854
846
835
819
785
771
788
750
734
755
834
920
913
902
921
870
818
794
841
854
809
799
832
854
847
812
851
852
800
760
707
723
759
821
790
776
823
892
870
783
785
813
854
840
825
844
817
777
763
786
826
814
832
854
889
856
825
826
832
788
771
759
770
759
742
795
823
818
783
802
806
825
790
821
793
780
745
758
772
803
789
768
798
819
798
771
784
787
771
733
736
705
705
673
640
649
667
714
735
763
719
729
715
733
713
694
710
731
746
758
764
771
768
784
725
717
725
759
800
784
813
815
840
788
790
795
768
729
721
739
753
729
710
732
763
773
775
753
779
812
828
780
755
760
738
730
709
710
740
761
741
697
670
657
657
667
683
709
681
660
657
641
641
653
640
632
635
628
627
619
604
596
584
576
573
573
571
584
621
717
763
718
748
703
688
668
646
659
652
636
633
652
705
756
786
784
729
692
694
734
777
783
734
703
736
771
874
830
767
785
755
703
659
622
595
591
604
655
674
727
888
862
839
735
695
676
698
709
781
794
727
678
603
603
588
584
599
621
646
666
667
667
672
664
657
658
612
618
596
605
601
641
698
731
726
729
742
749
717
718
697
687
666
666
658
664
629
618
628
672
707
698
692
690
732
785
793
810
801
771
747
730
665
682
681
705
705
729
736
755
748
757
705
720
734
744
740
730
721
715
669
667
661
701
766
778
821
823
794
774
738
726
680
661
652
686
774
765
831
877
812
751
842
877
885
847
834
728
692
675
682
737
794
821
815
760
744
707
693
685
689
642
645
646
690
720
733
680
641
627
621
612
633
694
705
761
810
833
858
876
858
846
849
858
840
850
834
846
861
862
880
889
853
780
752
749
822
864
854
830
755
711
696
679
665
669
662
670
654
643
637
671
732
790
853
806
735
718
744
788
834
857
799
765
740
770
828
884
867
875
823
811
853
849
840
818
805
799
817
820
807
738
746
768
791
791
780
765
771
765
744
726
710
740
762
803
822
769
800
808
827
782
756
760
771
741
706
711
691
665
693
805
766
791
823
810
785
751
746
764
785
809
780
805
793
817
784
772
797
825
827
783
771
798
803
781
748
763
798
817
789
812
824
828
788
768
787
810
814
744
752
719
718
703
667
677
726
729
747
779
792
759
707
699
711
751
755
738
744
821
870
868
822
812
790
789
796
804
834
841
800
801
830
866
865
815
820
781
791
752
764
803
848
807
854
879
867
827
827
834
844
799
816
853
867
839
854
851
826
813
825
854
834
810
821
817
766
706
665
647
640
694
831
853
885
874
829
762
704
666
646
632
617
616
619
627
647
668
694
715
719
711
712
713
733
771
785
757
713
697
703
766
809
827
835
770
723
709
722
730
759
788
796
754
738
750
748
769
729
732
760
763
793
794
781
767
756
739
750
755
722
723
741
749
803
802
763
779
774
730
718
739
728
689
773
869
815
788
762
771
771
741
729
770
847
764
718
713
701
698
689
692
690
739
759
764
769
716
701
693
714
729
758
782
789
795
784
800
781
758
754
776
769
773
833
866
874
816
810
812
806
773
725
726
754
795
774
753
787
813
818
757
750
761
774
784
772
789
785
808
774
743
761
771
763
725
703
705
729
784
823
805
792
814
808
812
746
765
768
766
739
753
756
801
809
771
782
781
710
701
683
662
648
690
784
808
788
802
778
755
724
730
712
700
673
655
694
725
739
759
748
734
697
683
695
733
809
847
795
826
793
771
716
695
729
861
896
876
895
896
858
797
696
659
637
623
611
602
596
595
587
601
630
659
667
660
670
678
688
696
696
681
689
699
722
724
729
752
738
743
717
720
751
764
752
768
742
767
779
779
822
817
778
801
813
820
784
751
756
815
827
805
814
822
828
765
783
805
817
764
752
781
814
821
804
836
844
841
822
850
892
866
859
850
841
802
815
861
847
846
868
845
799
826
844
815
799
759
784
854
856
816
834
863
839
808
801
797
760
746
751
786
766
734
735
698
668
643
652
672
692
780
804
777
728
726
744
708
691
687
719
740
820
812
805
867
838
830
800
811
802
794
738
688
645
629
629
645
710
746
795
770
786
766
749
705
692
699
704
725
719
686
689
725
746
770
769
750
744
735
709
691
702
716
744
715
726
760
788
800
757
750
734
730
727
717
748
802
856
815
808
769
752
743
708
729
766
835
847
815
813
803
788
751
729
751
787
787
776
758
797
785
765
750
771
764
795
761
757
766
802
801
767
774
773
734
698
708
732
801
813
810
836
819
809
754
750
719
701
669
644
652
688
693
729
751
754
750
714
723
752
775
744
720
731
761
777
761
751
779
822
848
792
793
807
802
764
748
753
782
756
764
789
833
819
816
782
770
748
729
745
767
853
907
939
899
831
799
763
741
704
682
643
645
737
711
742
800
792
803
702
665
654
667
661
682
673
662
657
654
645
629
621
615
620
586
580
578
608
648
672
698
685
670
632
630
622
620
621
622
611
610
611
604
576
562
563
552
552
571
592
606
614
622
614
615
606
604
573
574
563
569
585
598
626
644
631
617
606
632
660
674
645
614
616
611
618
653
656
667
672
661
660
648
639
631
634
595
594
586
609
647
700
742
779
747
741
723
649
635
629
650
675
712
746
708
686
646
678
692
719
740
761
754
745
693
705
731
767
750
729
721
703
664
631
619
598
646
798
847
869
889
861
840
851
868
843
823
850
890
909
913
904
870
821
776
751
792
845
900
852
811
824
834
807
729
694
710
756
867
892
887
874
895
916
900
880
860
880
918
951
950
937
911
867
794
742
737
729
676
644
640
657
735
828
845
863
885
860
849
809
780
761
736
701
685
667
671
672
653
662
742
829
877
864
805
769
705
685
671
668
684
708
729
774
783
772
713
673
666
710
771
796
786
752
780
831
857
876
867
874
854
844
755
759
726
700
690
687
706
749
796
816
871
871
813
786
802
828
811
778
794
810
818
725
729
714
676
735
874
879
879
866
850
852
873
868
825
771
793
849
879
888
920
914
905
875
821
805
881
947
938
919
873
815
713
678
658
673
697
725
708
675
708
722
739
706
762
778
783
788
732
743
748
729
757
763
751
716
707
713
759
760
785
771
741
761
768
791
782
769
704
723
740
786
797
829
822
806
790
787
761
690
681
677
708
747
772
731
737
792
851
834
818
809
786
778
721
719
730
801
851
868
891
878
885
896
881
842
756
738
754
752
790
752
712
702
741
760
776
793
799
835
814
785
788
799
813
801
780
789
827
809
811
802
770
711
676
649
634
619
632
657
664
652
667
772
878
863
849
811
776
738
688
668
659
649
667
666
645
628
624
629
646
692
742
773
796
756
705
671
647
646
668
720
741
788
845
820
789
793
791
809
848
854
796
766
791
854
781
775
747
745
789
800
805
772
723
656
669
668
672
687
721
763
755
751
782
830
874
879
875
866
853
843
811
769
761
761
786
768
725
695
701
775
842
860
822
800
796
746
776
791
830
878
819
835
829
804
806
735
711
707
713
732
763
772
789
820
796
743
680
685
679
708
715
730
720
689
690
703
781
849
885
896
898
813
751
728
696
710
730
793
854
905
880
882
867
838
772
741
750
792
812
783
757
718
674
699
727
788
829
798
750
696
682
694
706
729
733
712
692
664
643
640
629
637
669
669
635
645
632
637
611
604
602
608
656
660
689
696
689
673
661
655
636
629
613
642
675
750
835
826
832
820
813
776
690
672
641
653
682
717
675
715
727
763
750
727
689
671
697
725
732
730
745
761
747
737
724
726
724
671
659
620
644
663
730
757
779
794
792
789
760
740
692
659
632
666
725
829
795
784
713
713
726
734
732
753
797
810
793
752
727
721
703
681
670
674
648
652
614
636
711
853
891
932
978
931
916
898
908
936
943
952
954
940
915
894
897
905
910
918
909
906
899
892
899
911
917
933
937
922
904
903
879
855
849
813
738
694
688
772
907
898
854
872
904
880
857
806
796
806
823
850
818
849
861
905
861
854
782
763
744
724
725
730
727
728
687
688
764
765
756
778
798
807
787
764
768
763
763
745
707
696
715
761
799
817
771
729
733
735
768
808
788
729
689
695
711
717
719
705
693
711
758
843
864
867
871
833
816
842
863
886
840
844
882
878
877
849
813
753
724
759
821
811
749
707
676
659
648
656
667
672
679
661
663
657
628
613
598
613
619
625
635
622
612
601
593
584
579
578
589
592
591
603
625
656
734
834
887
915
888
881
876
873
842
797
795
865
887
864
877
906
913
884
850
837
859
922
896
900
889
880
839
824
776
779
746
746
704
678
675
659
647
642
638
626
627
622
632
646
653
635
637
663
683
685
661
653
664
700
739
741
771
752
777
771
808
811
770
706
676
651
630
618
606
599
604
714
777
791
783
790
802
829
768
701
673
672
691
786
847
865
884
861
835
791
756
745
764
807
821
814
816
820
813
847
867
841
813
790
809
824
837
855
862
824
757
727
750
818
866
888
875
851
809
763
709
702
728
789
825
850
830
801
753
718
695
687
694
720
759
771
815
805
840
834
812
793
740
716
688
682
679
709
750
771
739
713
679
681
715
724
795
796
861
769
737
707
718
761
852
861
872
878
863
865
844
811
820
852
879
886
831
808
808
843
787
730
719
718
715
699
708
700
686
696
716
736
737
699
670
654
638
620
606
594
581
571
564
558
572
585
596
625
698
831
797
822
851
821
750
729
719
675
667
686
762
909
922
939
948
931
934
926
874
823
728
724
708
688
982
1003
995
969
918
886
813
763
763
759
802
797
761
740
749
825
859
783
785
793
811
852
822
801
798
802
817
795
810
807
831
831
854
809
736
711
710
776
830
822
854
882
872
852
824
805
812
830
832
870
887
887
816
792
808
839
823
844
898
889
851
803
808
803
805
780
774
801
831
819
777
786
785
742
735
738
764
775
812
823
786
741
735
739
764
778
819
779
794
811
813
789
730
731
743
765
743
749
747
775
777
738
730
729
706
686
669
671
655
660
668
688
723
763
802
779
800
820
814
801
800
810
830
844
811
811
838
884
867
816
832
825
831
798
819
827
837
805
792
805
783
765
777
799
842
771
737
752
801
822
849
845
804
791
778
772
755
766
755
799
771
729
734
772
784
752
732
709
678
641
650
611
605
608
630
646
656
611
611
613
603
604
628
697
738
767
770
760
746
714
693
647
631
616
598
624
729
862
915
947
952
972
958
932
906
868
837
766
714
707
682
682
694
729
751
766
763
747
766
757
697
686
662
653
693
740
808
824
815
838
852
867
842
798
800
822
835
782
819
882
923
909
883
913
901
852
807
758
692
670
679
803
970
999
983
959
970
932
861
781
791
806
854
854
853
844
863
835
827
859
874
880
860
779
770
804
905
944
898
855
853
856
865
829
788
722
705
771
773
794
818
842
832
762
763
774
763
785
788
778
775
766
720
693
697
719
772
814
834
805
788
740
721
734
794
833
854
828
818
840
867
880
843
841
854
857
839
772
739
767
842
868
886
849
822
825
807
788
764
774
801
843
869
807
761
770
838
878
882
843
838
835
824
789
788
722
688
698
689
672
708
899
918
905
878
877
839
817
760
738
721
755
812
818
832
792
821
823
844
834
813
801
801
737
715
699
725
813
875
946
950
892
854
819
747
700
709
821
898
889
872
888
887
849
772
733
731
767
789
805
782
742
730
788
835
842
793
749
756
761
767
771
729
731
729
722
711
675
704
750
734
716
717
686
681
684
704
737
758
753
750
733
726
687
677
688
711
722
718
703
650
652
667
721
753
741
745
763
770
762
739
730
686
673
658
653
674
689
771
828
845
856
827
495
813
697
699
708
719
723
735
711
719
710
737
751
763
726
670
650
633
623
641
802
838
850
890
936
950
938
902
884
870
822
795
764
773
739
702
680
700
726
786
807
772
733
706
676
664
663
699
776
794
816
848
853
851
869
798
708
673
670
692
731
777
823
761
726
682
646
652
680
682
664
664
677
744
797
780
731
705
705
724
715
714
765
760
733
690
681
698
743
770
747
794
805
766
716
694
670
662
669
670
667
638
626
639
724
771
810
831
827
787
732
736
768
794
767
770
767
771
751
760
756
724
703
700
709
738
750
765
740
737
759
767
761
736
699
711
737
767
745
710
723
785
832
807
760
765
800
801
785
769
789
799
829
795
813
856
849
823
832
869
866
856
791
814
833
846
820
794
821
841
823
768
779
801
822
818
786
788
806
813
783
817
853
856
841
819
854
858
855
803
771
771
729
714
676
712
900
846
863
867
840
810
787
717
680
677
729
772
795
786
737
708
732
765
800
827
807
791
740
725
757
809
832
821
850
872
849
849
836
772
774
724
670
636
637
654
740
869
848
858
858
848
814
771
740
732
723
700
678
669
650
658
702
775
818
735
754
760
854
884
873
843
822
827
800
775
703
673
641
641
685
731
796
826
826
854
842
735
713
706
741
774
797
821
775
738
744
768
723
750
781
825
805
784
767
761
744
678
665
678
711
702
730
751
782
792
801
797
771
733
693
668
690
667
698
753
824
839
833
806
785
768
700
696
701
663
663
646
659
845
885
917
944
928
883
867
855
866
879
915
951
938
922
869
761
703
674
665
692
720
816
952
972
981
986
973
952
918
859
764
722
712
734
774
842
900
913
866
817
770
738
730
760
804
814
802
740
750
727
722
701
720
707
678
684
746
756
735
752
786
794
787
753
784
786
804
790
793
815
849
903
863
874
871
880
852
840
889
890
862
837
857
866
835
804
852
839
848
872
856
822
834
824
807
795
821
845
848
854
876
898
866
817
831
857
828
845
855
861
819
856
873
811
753
752
750
739
732
733
729
728
737
711
691
703
683
701
681
682
693
694
665
679
654
635
632
626
638
661
637
626
606
590
579
596
621
768
804
800
823
786
730
707
704
661
620
596
585
571
570
582
617
679
747
776
798
739
694
654
625
617
620
628
650
677
709
792
823
831
842
805
765
746
702
715
708
712
758
846
937
903
881
852
840
814
752
712