747
826
855
837
823
833
838
742
725
743
783
823
856
809
772
804
851
823
737
731
741
774
804
795
793
820
828
837
826
830
818
845
828
820
767
727
755
790
836
823
813
827
880
836
768
773
742
733
696
705
753
852
854
820
767
767
758
755
728
713
735
746
801
794
768
779
774
764
741
710
723
734
755
753
739
750
747
748
726
693
704
729
765
776
754
760
742
749
729
697
716
729
746
737
736
764
759
794
723
695
656
623
600
589
571
571
616
759
737
751
733
740
728
711
685
678
677
676
671
671
653
615
607
598
584
591
648
703
759
735
706
701
668
663
676
687
734
753
750
746
742
752
775
732
717
710
723
743
722
693
688
708
779
852
852
819
782
781
762
760
743
759
716
753
764
793
786
726
726
734
764
766
742
770
776
733
731
727
721
728
706
691
669
650
633
629
672
739
719
729
743
766
767
760
728
721
724
737
763
806
803
761
792
851
874
866
825
770
737
735
731
746
762
755
737
790
847
829
842
803
761
720
713
738
749
781
780
744
780
774
778
768
745
696
711
751
784
811
795
764
729
707
708
657
633
613
588
595
591
648
762
745
786
792
760
694
677
661
650
648
656
651
622
621
612
620
647
662
675
668
675
673
671
656
661
695
734
741
746
717
729
736
764
761
729
699
682
683
689
681
690
686
690
717
740
757
742
714
693
690
679
673
652
628
626
634
644
670
728
754
754
754
722
739
758
743
709
688
674
673
713
771
837
826
820
896
906
812
737
682
671
674
730
833
872
812
772
799
767
761
761
739
760
787
776
750
739
756
769
758
749
719
709
726
732
760
738
713
712
726
739
736
730
723
716
725
730
731
716
710
721
729
729
686
651
644
650
662
668
663
700
697
668
646
642
660
687
703
714
710
710
751
776
754
707
676
675
700
740
752
790
809
841
801
768
713
673
678
702
752
780
802
763
786
811
799
766
697
702
714
738
735
709
708
722
735
713
704
718
736
751
773
746
704
719
744
779
784
771
744
757
728
703
707
727
740
768
748
782
783
785
756
757
753
771
726
688
699
723
761
762
739
763
812
818
793
733
685
639
629
655
717
854
959
982
943
925
893
861
784
751
716
730
771
801
810
793
781
774
770
750
737
744
771
810
878
849
848
779
712
674
638
621
614
609
620
658
702
2299
699
677
661
650
670
670
692
710
693
683
692
697
701
699
696
692
681
685
719
790
821
834
836
819
769
764
774
771
765
722
749
777
826
821
771
789
792
792
808
837
841
851
784
763
771
771
763
744
691
663
647
645
644
642
716
802
794
770
763
767
762
736
743
673
637
641
654
718
770
785
796
786
802
771
761
708
706
719
724
713
714
768
826
896
907
878
848
810
794
754
764
761
748
709
714
724
740
756
736
739
787
835
794
750
724
753
752
741
728
688
677
707
747
745
787
806
778
731
710
713
728
729
709
729
727
723
720
695
705
729
747
757
715
695
702
706
693
691
709
733
771
736
760
806
798
788
755
760
739
704
691
701
723
750
697
688
667
669
667
671
708
749
813
789
754
761
781
765
709
730
719
684
651
631
626
626
639
631
633
656
699
703
661
648
640
636
613
594
585
583
578
571
570
582
602
615
617
602
594
602
601
597
585
568
563
560
552
563
569
614
678
690
669
646
625
614
606
604
586
572
561
562
557
560
560
560
559
537
552
546
556
582
608
636
609
626
611
628
645
651
663
654
655
649
647
639
641
645
622
612
594
611
673
727
726
707
729
680
624
613
589
591
653
767
865
911
835
762
790
828
825
746
710
750
813
822
776
813
861
847
789
793
854
894
869
850
891
921
869
801
771
789
813
802
853
813
763
751
793
787
751
717
689
682
722
757
781
750
717
722
731
732
710
723
758
762
764
718
741
752
791
781
707
677
688
729
786
803
802
748
770
781
807
798
749
746
739
760
730
747
754
839
769
736
738
744
721
738
742
790
776
785
760
761
753
771
788
773
788
813
757
766
746
752
736
729
723
744
752
710
727
768
810
807
762
765
779
771
729
734
738
746
761
757
781
843
835
812
827
774
756
715
694
672
643
658
674
729
758
730
729
739
808
794
717
719
742
780
769
725
725
766
781
770
759
750
709
706
672
637
608
587
589
655
744
744
783
806
756
742
731
729
688
664
659
650
649
647
644
651
660
666
688
671
679
666
661
673
699
720
741
735
638
742
639
601
605
633
654
709
736
744
742
719
677
639
629
611
609
607
608
604
611
608
617
634
683
775
832
852
842
816
784
757
749
749
733
725
751
755
786
792
835
763
711
681
747
808
750
721
744
775
830
819
838
850
879
871
835
801
793
778
770
830
864
810
805
828
819
771
778
793
795
752
773
842
853
836
760
737
739
709
727
758
740
721
741
791
801
758
719
715
704
677
649
639
659
669
662
686
747
787
814
792
771
760
740
708
680
682
713
760
753
732
702
720
749
779
764
734
756
783
765
735
714
745
786
798
744
735
759
767
695
657
638
633
643
687
667
676
681
658
636
614
618
629
628
618
624
640
654
688
705
688
660
657
679
763
750
746
712
710
707
706
699
670
658
671
655
668
663
688
682
671
663
657
619
578
570
559
559
564
573
574
575
583
580
560
541
528
523
532
556
574
607
629
644
643
626
623
620
628
598
578
572
571
570
574
568
560
561
565
573
583
588
586
577
582
585
595
605
604
599
602
625
658
688
688
690
696
743
749
754
708
685
699
725
766
770
726
738
762
796
797
749
780
794
813
819
772
798
793
792
774
807
849
899
809
772
816
798
778
721
706
742
779
758
787
749
743
780
806
799
770
756
754
756
737
730
738
763
856
885
866
889
886
865
819
811
802
804
786
758
785
838
856
767
747
752
710
672
725
810
755
751
766
725
697
692
716
783
808
760
701
651
621
611
614
664
753
786
786
810
827
833
789
743
713
657
621
616
624
653
720
779
755
707
727
771
780
821
844
815
815
849
872
890
844
758
749
793
819
882
889
897
884
868
879
829
785
827
877
907
901
858
766
757
771
815
881
850
877
942
953
932
866
793
786
797
818
813
857
897
918
903
862
862
841
788
771
787
822
825
803
764
781
799
823
766
719
716
766
827
887
885
838
800
822
802
804
775
741
755
767
797
756
744
772
783
834
847
779
807
843
833
825
768
788
774
761
753
732
762
789
804
790
756
779
811
771
759
718
706
714
734
784
774
748
790
816
754
767
777
798
811
801
758
761
785
815
808
813
829
835
753
750
771
781
807
796
777
793
793
812
793
741
754
764
781
801
720
736
706
702
692
669
669
660
647
650
723
769
787
781
786
747
736
726
724
726
749
842
947
938
960
975
964
945
922
914
900
870
767
790
905
957
984
938
923
923
906
878
833
791
787
800
761
827
938
995
898
838
876
904
880
844
886
926
933
920
895
894
900
877
837
730
745
804
917
937
933
931
985
943
916
912
880
831
812
817
847
814
847
842
866
841
792
798
834
865
813
788
762
710
724
763
792
813
773
730
700
676
659
672
712
781
815
757
728
730
707
672
677
743
761
765
729
726
731
747
766
744
729
766
843
910
884
855
760
757
810
836
861
830
788
806
834
871
828
819
849
883
884
833
819
858
884
879
894
904
879
847
819
797
814
824
795
820
885
854
821
859
929
892
856
813
845
817
782
751
720
742
781
821
830
943
905
790
716
692
688
682
687
671
675
700
712
736
721
698
688
711
704
696
677
679
706
725
727
699
704
709
732
726
701
712
718
732
705
750
757
761
709
714
735
788
814
819
814
800
792
737
694
679
680
690
701
697
719
709
704
853
924
823
810
811
806
779
739
714
707
700
681
676
706
726
745
743
724
715
744
777
776
755
765
746
751
745
717
712
747
714
695
722
775
818
849
831
756
778
790
841
781
704
660
640
671
707
827
904
908
920
881
864
833
810
789
789
777
744
726
700
716
769
853
868
868
846
771
726
702
727
813
886
870
827
787
725
687
670
650
657
684
674
663
630
612
605
592
594
600
621
657
694
744
776
776
789
802
803
809
786
806
802
840
814
752
715
685
651
641
650
679
736
755
731
691
667
659
688
725
751
780
847
862
866
873
856
847
810
762
787
823
845
839
823
789
742
675
639
622
643
701
867
877
889
834
771
759
777
841
814
805
756
741
722
715
706
723
794
838
877
866
877
852
806
746
726
681
667
671
729
833
930
927
931
892
830
732
707
711
678
658
643
665
705
773
838
900
883
888
878
879
824
803
780
794
840
775
771
730
684
699
708
730
719
693
709
732
749
756
767
770
771
758
769
803
815
854
770
731
688
688
695
722
763
755
775
790
785
737
442
1032
746
737
747
776
776
729
702
733
777
806
834
849
840
751
682
658
653
679
721
781
807
758
774
803
810
822
844
807
741
691
669
675
716
769
830
758
721
723
739
796
833
851
844
835
810
807
806
827
802
723
717
703
733
725
744
828
767
704
766
778
706
663
658
670
683
687
654
680
672
676
689
651
658
682
735
734
695
696
754
776
807
737
725
752
836
843
762
725
688
691
723
787
752
709
723
657
674
674
674
698
727
677
690
674
687
708
715
688
671
670
703
699
703
674
645
639
644
663
664
668
736
839
899
951
872
859
864
885
839
944
910
910
904
902
897
897
850
859
859
877
880
897
921
912
876
849
848
857
833
831
868
882
848
819
832
844
856
810
805
805
837
805
787
797
823
841
821
819
821
821
770
771
733
682
722
781
831
933
914
860
804
773
750
718
780
843
898
918
879
857
868
879
867
862
878
839
758
713
708
710
673
706
779
806
802
809
821
781
770
780
818
837
796
800
858
887
910
851
863
892
923
903
845
786
804
912
954
951
887
916
913
919
852
858
868
910
941
871
866
880
904
787
757
752
789
832
851
920
973
940
883
842
763
714
707
690
693
701
670
634
617
606
613
641
680
704
728
752
741
743
737
751
735
723
730
729
724
720
720
721
806
896
886
754
702
699
651
625
630
663
691
712
729
749
746
728
688
646
629
624
619
635
657
674
701
722
726
706
711
662
648
630
616
613
616
641
687
766
813
813
816
744
711
687
646
630
618
661
737
754
754
759
806
810
795
763
771
750
721
679
683
676
676
656
665
674
682
674
675
672
676
659
656
688
701
679
673
672
672
676
723
736
722
692
674
688
701
700
678
725
736
720
739
713
693
688
729
790
773
787
735
711
648
618
618
626
697
816
865
835
832
727
662
640
646
652
641
642
639
634
604
594
585
572
566
551
539
541
544
551
560
555
542
535
546
563
610
650
634
613
628
666
677
677
631
606
599
582
565
574
632
630
630
642
709
777
784
721
710
708
726
759
707
716
740
755
799
721
667
645
664
725
867
851
859
734
694
688
704
762
714
747
789
885
863
798
794
814
781
778
771
813
818
855
860
891
884
863
834
796
792
790
761
770
803
829
785
813
832
833
815
805
823
826
779
703
686
710
757
744
725
770
809
808
768
735
749
727
726
677
653
657
687
707
710
695
709
775
788
738
730
720
716
734
703
659
783
773
811
790
809
830
820
800
751
770
839
832
766
699
681
723
787
792
720
697
746
756
721
688
687
701
683
644
610
572
555
538
525
521
528
537
524
521
515
518
527
550
565
582
574
560
562
575
585
581
554
563
544
525
516
511
504
499
496
489
488
490
487
486
483
481
481
492
495
498
506
509
501
490
494
505
521
536
559
565
565
563
571
582
633
669
688
710
752
771
774
729
673
658
697
797
814
799
739
759
738
763
760
762
739
805
866
858
827
836
841
854
820
816
782
789
813
822
833
848
872
825
816
758
724
711
783
753
731
723
768
889
920
862
839
765
758
742
721
746
867
928
806
750
753
692
652
661
783
899
843
800
700
664
687
729
770
720
656
626
612
587
666
858
800
846
872
888
887
843
793
739
662
690
758
802
824
804
865
933
894
756
750
726
788
770
781
868
930
905
804
715
675
660
641
608
616
606
629
637
646
647
632
630
614
631
636
641
632
623
602
604
627
632
620
594
580
562
563
560
570
593
611
628
639
654
677
702
728
730
721
674
643
612
569
562
573
666
814
816
839
894
896
934
910
835
752
770
809
861
735
721
718
724
783
761
745
689
674
684
710
701
711
683
620
608
591
614
624
616
585
593
583
596
605
611
610
603
562
557
539
540
559
575
589
561
566
573
598
625
615
630
620
613
598
583
553
546
541
574
609
666
646
688
733
727
724
688
692
710
679
649
624
572
558
562
581
626
665
730
687
691
679
672
682
713
733
744
756
705
688
655
666
631
624
616
604
571
591
593
646
688
718
728
716
685
685
686
649
617
624
657
724
796
796
788
786
765
731
705
665
636
640
673
743
764
791
787
807
820
821
720
638
613
666
655
687
866
828
850
891
899
896
889
870
883
886
894
905
909
912
911
902
912
921
905
901
847
850
877
918
910
851
820
832
867
842
863
884
899
865
821
809
824
797
721
639
650
776
781
757
773
804
807
800
798
775
771
751
721
717
725
734
731
746
771
779
687
668
646
618
614
655
729
757
803
837
831
812
781
755
763
708
752
818
867
867
889
906
777
705
700
825
925
966
962
962
938
851
735
747
826
938
1011
981
946
922
899
875
861
817
739
786
886
912
919
793
752
793
822
840
872
883
902
915
888
848
801
736
764
803
877
861
853
886
890
831
758
766
799
834
812
760
787
823
831
812
801
822
848
819
806
829
874
867
823
810
813
832
805
748
736
771
787
827
791
793
834
852
889
856
836
851
896
943
926
913
922
893
820
779
819
860
906
845
821
861
869
854
818
756
766
753
734
715
684
688
682
669
794
873
872
815
819
830
785
726
721
753
810
803
800
878
919
920
884
839
752
687
660
646
645
654
696
771
850
752
681
639
610
648
785
795
795
806
825
790
772
767
756
731
684
656
630
624
634
667
712
785
822
866
872
890
876
832
799
749
704
667
670
757
863
906
889
809
706
695
730
798
892
899
830
854
906
907
903
817
848
894
913
910
893
856
851
865
834
862
805
757
737
743
802
903
857
882
894
861
781
796
752
717
667
648
652
645
615
685
783
777
718
730
741
729
722
680
689
688
666
650
628
625
621
618
611
606
601
598
594
596
571
573
558
566
599
632
664
658
620
623
612
623
634
629
623
604
597
605
631
628
641
668
650
663
660
692
649
671
668
681
650
659
665
619
611
609
622
630
634
626
638
648
677
675
667
685
720
701
737
725
753
777
748
742
728
736
780
771
692
692
706
753
764
758
673
651
612
633
806
852
888
916
918
916
893
864
820
835
847
860
887
855
871
875
858
805
772
843
875
877
743
764
804
858
848
884
746
697
679
680
731
747
760
729
725
693
642
640
641
655
695
730
755
762
805
832
897
949
927
947
949
930
918
892
873
858
845
842
861
892
881
831
850
775
762
701
672
693
737
787
804
782
788
833
863
871
797
759
796
834
917
907
901
910
892
839
883
844
830
800
757
685
650
642
690
787
925
904
856
857
805
738
717
710
704
704
705
709
704
707
705
729
695
658
688
763
811
788
778
761
735
732
668
657
669
726
796
850
866
854
858
797
744
754
771
832
851
866
854
813
770
736
724
688
675
679
742
842
864
861
829
817
835
803
755
711
706
679
710
701
663
680
789
806
777
799
803
828
776
713
694
705
705
727
749
742
743
786
821
819
817
750
740
738
742
754
742
714
677
666
649
637
616
701
823
888
828
850
880
893
855
765
770
777
777
730
727
760
793
827
786
786
836
854
816
781
789
804
803
778
834
912
923
874
779
763
764
816
826
815
897
955
922
793
710
723
698
662
633
626
639
657
693
682
670
676
665
646
630
628
623
651
643
641
626
615
608
600
603
623
664
704
705
668
682
688
731
792
750
773
819
897
878
863
775
733
717
756
793
841
804
834
777
815
762
753
708
693
707
773
880
896
893
771
715
661
633
609
591
601
713
903
905
883
897
872
871
827
772
737
727
691
692
721
736
796
790
789
820
810
708
663
663
723
789
815
836
822
775
714
731
756
807
831
735
732
761
775
725
736
732
737
735
711
686
658
665
691
729
695
705
701
681
690
659
634
619
618
645
683
722
755
713
673
657
651
631
621
629
684
794
856
854
820
791
775
730
705
719
746
773
779
723
703
743
753
777
763
702
708
753
774
783
773
710
720
729
753
763
688
710
659
643
656
644
643
667
698
729
724
730
714
745
689
646
630
640
659
695
698
687
675
675
739
792
748
781
817
891
854
764
679
673
676
683
813
817
836
863
845
740
717
690
661
655
660
711
771
814
743
722
702
762
779
772
771
735
676
686
683
702
647
635
628
636
664
694
706
730
716
677
672
686
737
780
774
707
742
764
719
680
681
706
706
729
749
765
740
743
741
715
698
685
671
709
754
801
810
770
804
809
797
729
682
687
708
767
724
752
748
761
792
825
843
826
809
769
748
744
699
651
639
648
658
604
589
638
691
810
844
834
852
819
799
744
691
650
641
656
698
746
773
800
823
821
772
727
715
712
722
752
771
799
799
819
821
797
765
722
690
709
748
785
807
819
813
772
734
670
676
661
635
620
624
612
634
681
810
884
891
914
896
850
830
786
785
829
803
797
743
719
736
814
827
843
799
775
755
752
753
706
715
757
826
839
807
756
740
734
750
709
741
729
752
735
754
781
786
740
732
737
729
710
721
739
782
793
756
756
710
729
727
752
777
774
738
737
722
726
731
713
655
642
610
632
709
753
782
737
662
651
643
690
799
841
847
867
856
858
769
731
718
738
695
702
734
754
715
772
836
871
827
796
758
753
750
729
712
727
752
748
815
805
741
738
724
724
749
777
812
806
743
752
721
701
665
640
614
598
584
577
566
560
570
585
627
710
784
808
846
814
769
733
722
722
674
680
648
646
635
642
670
720
813
839
855
777
795
777
774
732
702
701
715
700
687
678
639
624
640
688
732
711
685
641
626
662
688
762
848
812
730
721
712
732
755
743
715
764
755
811
755
809
827
829
836
753
746
718
727
699
679
682
732
771
770
760
767
779
737
728
745
753
766
721
687
699
730
736
688
633
598
595
634
719
730
761
802
739
725
678
659
657
696
731
730
730
738
729
725
731
704
684
653
647
671
703
715
747
729
706
726
705
646
611
624
622
652
676
707
698
691
728
729
691
661
646
638
646
652
652
651
637
641
646
658
658
678
685
667
676
675
686
729
771
738
734
685
678
677
716
749
774
764
714
687
684
721
758
783
802
776
804
820
783
753
702
681
694
736
730
788
802
776
719
712
715
817
741
737
713
650
629
631
677
749
827
846
853
835
824
803
730
737
680
655
667
704
809
852
856
867
869
848
830
797
743
682
664
670
713
823
845
882
816
749
676
649
655
705
757
768
762
712
705
731
749
762
752
750
770
733
695
676
670
686
713
703
708
748
750
750
707
688
688
706
706
706
677
691
637
615
602
604
618
608
582
590
625
665
672
647
634
639
665
663
661
676
692
710
718
696
698
688
712
720
749
714
676
615
616
598
622
669
660
625
582
582
572
568
565
559
553
564
566
582
588
604
600
628
660
675
719
686
688
754
825
874
858
739
706
718
722
759
725
797
894
898
878
861
843
765
699
742
883
846
787
801
726
687
663
709
732
712
696
715
692
709
676
626
619
656
663
674
691
741
791
798
845
854
795
729
672
717
843
853
903
922
794
802
796
780
748
692
634
609
601
592
590
591
595
601
600
587
588
611
646
652
692
688
685
649
627
643
660
687
726
679
663
703
785
877
871
854
783
702
696
711
735
700
813
813
805
759
729
760
798
818
771
713
713
708
750
752
729
704
753
802
839
826
755
777
804
796
805
763
713
706
690
660
633
688
743
707
707
759
780
770
760
698
697
740
761
753
724
723
736
758
747
774
794
834
848
879
854
756
715
728
764
745
683
709
779
830
844
783
807
870
882
866
803
784
809
794
766
711
711
787
785
814
758
752
822
932
934
925
872
832
797
793
776
752
750
840
914
917
850
777
789
837
907
895
834
844
864
892
876
778
713
718
767
853
908
849
774
714
669
744
797
733
680
672
693
725
751
799
798
760
748
693
688
692
693
677
667
704
787
813
806
774
732
712
684
688
661
627
602
574
550
563
600
614
613
609
586
586
577
576
574
588
584
594
585
600
609
667
726
731
746
757
740
690
678
636
599
590
609
619
654
714
758
764
771
751
741
734
766
743
716
706
704
721
699
668
660
675
720
725
725
687
662
663
666
673
665
626
609
596
611
616
633
638
618
617
623
653
674
695
669
655
644
681
723
697
693
673
659
674
702
683
661
638
645
686
760
798
769
806
763
733
726
791
852
840
794
813
829
831
845
826
763
804
841
818
799
760
760
718
729
752
726
726
724
760
745
673
640
647
670
683
788
760
692
711
879
896
871
875
809
765
776
803
824
759
788
766
859
806
880
943
928
794
817
821
870
802
716
704
775
894
894
838
814
816
777
744
758
824
863
876
746
695
726
754
831
771
706
718
808
923
929
854
792
815
815
769
735
795
792
736
817
791
784
766
699
667
621
646
752
792
835
793
839
900
922
887
878
832
786
716
683
720
777
779
777
740
768
836
803
740
734
783
829
815
822
779
664
613
591
588
654
701
736
696
653
637
596
559
550
542
543
538
532
519
511
521
515
512
504
512
515
521
523
557
599
655
688
692
671
624
602
622
652
694
675
637
585
574
599
619
581
562
567
599
624
649
620
578
571
601
619
606
596
604
631
653
678
694
664
617
592
597
618
691
715
720
700
688
706
742
765
753
692
669
672
701
729
737
715
733
790
813
816
769
741
737
734
743
693
686
733
780
844
783
791
826
817
795
772
838
862
850
791
779
787
799
793
832
832
844
794
782
837
885
858
755
762
802
842
853
790
839
831
866
797
783
785
754
711
720
675
641
773
894
823
829
867
844
806
754
739
752
802
756
705
653
664
707
774
817
771
772
787
820
807
762
745
761
717
686
677
638
612
643
620
582
561
559
563
602
666
708
723
719
713
696
699
679
673
645
645
648
655
636
644
646
670
688
699
725
788
832
795
754
772
806
839
758
721
722
766
789
818
808
761
765
838
902
884
835
730
726
713
704
685
658
708
726
728
676
675
719
684
661
785
804
754
813
813
788
710
679
698
728
765
787
731
750
787
785
763
701
717
761
797
795
715
644
615
623
644
726
733
720
734
732
754
711
672
658
643
640
668
658
714
790
815
786
741
744
794
771
692
684
725
747
688
642
644
665
701
736
746
779
787
768
710
702
670
626
590
580
582
582
586
583
596
658
759
775
804
793
735
683
626
579
552
525
529
573
849
816
809
778
774
775
777
787
780
801
791
762
731
684
667
672
702
728
750
709
713
745
806
828
831
837
844
815
780
756
761
746
758
747
774
739
673
648
661
699
665
861
932
924
905
868
867
738
678
717
823
822
839
817
763
757
821
850
848
850
814
794
740
714
691
714
772
793
692
639
631
686
705
698
715
721
736
692
665
667
656
647
670
704
687
701
675
668
619
613
590
584
569
541
536
560
593
606
593
572
595
646
656
689
668
647
624
605
593
557
561
553
578
594
604
622
643
652
666
605
604
593
623
643
642
643
648
677
659
718
672
644
639
620
625
632
649
650
666
679
696
684
689
687
677
610
591
600
649
662
664
654
676
721
731
700
674
671
678
722
741
731
693
652
631
671
697
714
720
755
792
724
670
639
599
627
639
719
798
820
830
801
697
685
670
711
724
731
738
759
759
753
690
649
617
635
658
694
741
776
703
692
688
730
737
653
707
737
745
699
643
657
743
783
813
711
748
716
737
766
783
798
797
773
681
660
697
764
808
826
811
762
733
702
723
732
700
760
756
796
839
854
787
755
711
729
765
782
802
842
837
786
710
707
765
828
843
839
831
716
692
729
754
789
811
746
751
809
814
815
782
675
658
655
713
763
818
819
749
762
786
801
696
713
748
782
809
806
801
792
703
672
673
719
757
714
765
783
777
751
741
747
748
738
752
736
685
654
688
675
687
748
762
794
788
734
701
700
745
690
733
681
704
738
798
800
796
795
772
763
727
707
654
645
627
680
813
827
847
842
789
753
716
727
683
739
771
801
835
845
717
686
661
707
750
771
759
746
730
680
644
633
659
640
651
659
699
709
732
709
671
654
673
646
665
655
690
710
732
731
729
720
696
658
613
638
657
714
771
802
809
806
737
656
635
638
696
742
691
690
655
762
820
857
750
701
725
767
826
812
803
792
790
796
834
827
747
705
646
694
729
774
830
845
828
809
762
701
694
720
757
688
686
683
690
763
820
855
877
854
830
824
802
706
705
721
778
813
828
754
801
826
829
832
765
658
617
613
664
817
865
874
786
725
680
646
647
675
683
672
787
891
904
873
864
847
834
847
833
848
866
878
899
904
892
892
874
867
854
844
847
858
892
901
894
898
909
900
874
879
867
874
857
813
795
808
766
722
881
873
825
849
856
856
856
846
833
831
822
775
677
671
685
748
781
826
777
730
741
761
768
732
730
694
651
660
718
741
755
735
705
688
694
737
790
798
767
795
840
840
844
758
722
736
763
797
816
792
760
737
706
647
654
658
688
675
633
626
647
657
665
676
718
720
654
658
652
665
676
646
690
690
694
710
700
699
702
617
607
604
619
653
625
655
666
662
687
673
637
624
599
630
634
649
649
658
668
624
602
613
644
667
676
705
663
637
613
635
669
665
729
749
753
804
820
832
808
742
710
662
651
623
688
891
892
929
952
938
916
911
905
872
874
836
835
856
896
933
913
906
920
920
890
879
892
914
899
877
896
936
951
942
900
838
723
669
640
632
631
615
632
715
820
851
849
806
765
744
760
813
859
913
933
916
867
817
813
831
758
707
704
846
886
861
885
886
873
800
771
825
923
927
884
912
927
897
826
812
803
806
773
727
746
794
861
848
791
783
747
769
733
735
732
655
656
656
680
679
678
644
607
592
582
568
564
566
560
559
560
586
599
665
694
670
647
646
646
643
630
630
622
604
591
583
566
546
529
518
512
500
497
486
498
497
497
517
542
652
662
627
608
599
628
669
647
636
639
638
689
697
753
777
706
669
668
631
599
601
594
616
631
694
714
683
676
647
630
615
605
701
857
867
854
819
783
740
709
695
746
839
886
897
858
850
867
898
876
840
776
776
751
719
748
800
844
808
812
801
785
752
710
711
743
766
774
729
686
671
670
781
859
911
799
710
717
754
771
764
703
676
673
667
716
672
676
681
682
659
596
439
685
623
647
604
574
578
571
577
582
584
584
588
605
620
637
657
692
719
760
767
768
737
745
739
720
698
699
731
792
821
812
829
839
847
847
850
873
841
721
698
680
707
675
884
987
940
952
925
905
871
854
848