762
767
789
851
826
806
757
757
769
788
771
771
768
762
766
726
722
733
754
773
718
680
642
621
644
644
666
698
713
718
709
682
669
663
655
639
639
635
638
646
659
664
666
673
679
687
688
689
679
651
644
647
655
681
727
729
706
722
714
729
700
683
674
668
667
658
671
703
740
773
789
761
780
769
763
742
729
737
737
747
736
717
745
747
776
767
736
754
763
777
766
760
764
789
779
740
746
735
734
720
738
738
766
761
769
779
795
777
737
742
724
738
733
745
750
790
811
758
761
763
771
744
757
798
825
824
789
759
758
764
748
759
781
785
805
766
760
780
752
728
702
685
651
685
669
664
659
649
650
650
648
646
644
638
635
629
626
623
618
614
631
648
687
715
750
766
741
730
724
713
704
697
680
657
653
651
669
692
700
730
722
752
782
768
772
747
729
714
717
728
741
804
870
839
865
848
825
792
795
741
723
711
732
766
734
725
739
728
706
668
677
651
646
635
633
627
622
621
619
613
603
600
601
605
614
599
600
601
610
625
665
666
668
697
723
926
579
750
726
715
696
688
724
736
727
730
719
729
714
717
701
679
663
654
647
639
654
688
679
674
684
709
742
751
739
715
720
726
727
741
757
736
728
732
748
768
789
837
813
785
799
804
790
746
746
769
792
758
752
731
740
735
726
712
694
706
738
780
801
821
826
836
806
770
738
716
712
741
828
839
820
771
748
743
726
699
701
721
709
734
731
730
731
708
725
767
825
869
872
834
800
816
810
752
754
765
819
827
819
839
827
842
823
770
741
747
777
790
797
822
798
786
753
724
724
737
766
804
797
813
794
773
777
740
751
744
768
775
795
798
809
799
761
772
753
772
739
752
768
797
812
800
774
764
750
745
721
709
718
704
699
716
724
712
686
678
692
707
722
736
696
693
692
704
709
700
695
690
704
729
746
757
736
706
682
673
672
678
692
688
686
692
703
785
901
896
890
913
905
859
799
760
737
724
731
770
881
878
841
873
878
892
820
812
813
797
790
777
802
866
914
884
890
877
857
838
841
826
783
786
765
743
729
730
731
752
805
854
846
825
797
728
699
657
649
633
641
660
697
733
743
763
752
698
679
685
706
711
737
767
781
794
830
810
793
785
749
727
727
751
790
788
779
731
711
681
666
665
677
701
750
833
849
840
829
769
731
718
727
764
792
778
756
752
743
738
719
707
699
675
657
670
689
729
771
807
799
780
729
718
741
759
819
854
875
870
836
814
800
749
726
747
757
786
775
796
840
884
841
796
797
805
748
706
683
668
664
684
735
756
757
773
730
735
745
747
751
754
771
777
796
788
790
785
793
802
799
759
769
791
816
777
775
808
806
805
771
732
739
772
813
817
775
801
822
814
779
738
725
694
704
723
768
790
790
764
738
722
717
711
719
710
714
703
693
665
655
638
636
646
660
638
665
663
699
710
704
676
673
660
664
634
639
599
617
606
641
711
788
823
850
897
894
840
750
693
637
639
616
620
648
633
670
662
694
710
722
726
728
706
664
650
629
607
643
655
715
744
769
798
778
766
729
706
650
643
635
643
656
682
712
741
749
729
672
666
675
689
706
703
670
699
711
729
744
726
677
677
663
692
661
663
664
683
657
652
647
631
639
647
680
693
672
696
760
843
865
854
848
846
823
822
768
785
791
805
800
813
733
697
675
661
654
644
646
652
700
800
861
838
854
859
861
859
862
842
810
831
832
813
769
770
820
854
869
890
905
905
893
863
810
737
708
712
769
806
822
776
753
773
771
786
757
752
762
771
812
841
813
744
731
722
725
726
725
725
719
747
762
724
693
724
759
820
805
810
821
772
731
709
744
877
983
970
926
922
904
884
853
818
776
758
776
792
824
776
743
724
725
716
697
703
770
818
794
765
749
772
802
840
819
882
917
918
890
869
850
808
800
808
846
880
868
895
908
879
878
867
846
838
804
810
827
839
812
757
773
798
842
859
819
815
815
803
763
760
764
796
781
813
867
896
866
865
847
876
851
847
806
781
742
707
698
700
729
778
787
787
764
774
767
767
751
747
766
781
790
801
825
827
813
832
855
850
832
792
805
819
820
777
770
807
817
822
802
773
768
769
733
716
733
783
891
900
866
831
808
776
737
719
724
741
754
744
724
705
688
696
721
724
743
769
791
798
749
749
730
736
710
704
705
717
729
781
773
740
707
684
658
639
624
634
670
712
690
677
688
703
709
704
676
680
667
646
629
619
615
627
642
658
643
671
666
688
702
692
702
701
690
646
639
630
639
656
660
656
654
656
666
667
660
647
658
654
653
654
676
677
686
688
680
633
632
606
597
605
636
688
720
757
784
788
778
769
751
721
710
660
652
631
619
644
646
706
788
806
830
799
719
694
679
682
662
655
649
659
691
710
741
763
751
741
687
692
700
716
739
723
734
750
764
777
785
782
774
722
695
678
700
678
725
742
808
851
848
833
819
770
693
663
639
649
674
780
844
882
906
898
881
857
814
775
705
662
675
700
758
825
841
859
878
854
834
802
730
688
659
668
665
691
723
795
782
798
837
846
844
835
811
773
702
688
706
746
797
798
844
861
872
858
846
830
811
745
691
670
693
754
835
855
843
812
809
830
840
813
797
771
720
706
742
789
786
742
722
712
787
886
871
853
824
800
757
703
682
636
647
646
699
783
850
858
873
828
811
784
758
754
785
806
805
767
739
793
795
746
761
766
769
798
795
764
714
688
715
754
794
798
806
794
790
776
711
688
705
732
768
780
819
814
821
831
802
781
749
698
670
676
666
678
680
734
786
787
794
749
682
666
645
635
674
722
769
781
778
771
708
697
710
751
780
764
782
791
806
819
795
789
805
783
727
684
657
693
746
802
872
856
792
791
783
785
799
801
798
778
748
732
766
799
817
822
840
785
729
675
669
676
658
729
810
819
851
840
771
747
735
784
805
788
811
786
783
766
780
707
687
714
749
837
863
864
868
828
813
795
776
762
725
723
757
750
760
772
754
763
753
761
746
744
706
688
678
711
731
707
715
722
759
758
719
717
720
735
713
696
734
749
768
778
783
779
729
720
707
726
752
783
783
727
721
720
753
763
747
748
767
800
811
823
777
697
672
665
659
627
652
697
796
847
859
881
856
820
784
741
740
755
783
794
834
817
808
823
824
848
872
880
854
863
863
854
835
829
824
835
843
803
766
741
786
822
815
804
755
749
736
760
827
891
884
882
837
786
740
721
729
715
713
701
714
756
801
807
804
807
767
793
811
798
814
759
730
721
751
767
765
780
752
736
739
726
704
737
785
812
823
814
801
832
878
871
904
897
907
908
870
861
874
903
911
933
928
906
854
806
802
832
830
825
767
771
808
905
961
905
821
840
857
854
783
736
738
721
722
740
714
707
703
716
712
694
698
694
698
697
688
676
666
652
639
631
620
617
615
623
631
638
642
664
706
740
775
781
736
682
648
648
687
660
642
630
620
610
609
614
627
639
660
679
701
730
789
833
849
813
780
738
704
674
660
690
744
795
808
771
732
725
723
756
761
779
750
717
721
750
763
751
806
763
755
754
764
776
754
788
808
832
850
745
739
734
753
750
748
750
776
766
810
844
857
872
838
865
863
769
758
771
831
909
875
803
751
730
719
742
767
814
809
778
790
801
791
822
754
733
707
679
659
655
700
778
793
773
771
784
793
783
749
748
763
786
815
777
771
791
819
795
765
786
822
873
848
824
820
814
843
819
824
839
864
835
790
787
827
855
834
802
817
851
857
817
816
795
806
755
729
730
765
808
807
791
817
840
831
825
823
837
865
841
845
860
863
855
837
816
845
840
841
856
852
812
778
787
783
778
770
784
760
735
725
707
688
684
681
676
671
658
661
682
682
684
688
697
705
740
744
780
800
834
817
822
818
837
808
795
802
821
807
836
862
883
843
838
836
866
820
841
843
871
830
848
869
879
830
830
846
865
830
835
861
881
882
798
782
768
753
723
716
730
723
699
686
687
721
759
762
768
777
803
767
735
746
778
854
874
839
841
865
842
808
802
827
813
830
894
899
875
880
903
927
910
853
828
840
850
802
827
855
888
843
846
842
839
794
807
817
829
808
822
810
818
800
811
818
832
823
827
836
832
820
850
877
812
811
818
860
819
846
854
870
853
828
836
824
816
851
874
896
845
854
865
888
867
830
751
702
670
655
695
688
702
712
730
721
697
680
659
645
630
618
616
621
623
646
704
756
814
816
825
813
789
730
696
681
669
669
669
707
747
772
781
819
833
854
859
862
816
765
700
682
668
658
330
317
644
639
627
626
644
633
624
615
605
599
591
582
573
568
569
572
573
567
567
562
567
566
577
604
636
654
656
653
655
665
665
684
679
671
663
650
636
622
613
609
609
613
621
633
644
672
690
754
813
872
786
732
695
676
650
636
622
622
607
597
589
587
594
603
599
601
611
622
633
651
696
730
746
777
715
685
666
672
751
863
867
918
913
906
891
875
875
830
772
714
744
820
979
966
983
957
935
916
838
751
705
702
759
890
963
933
878
802
715
680
679
703
765
757
791
798
762
696
685
656
634
640
659
736
775
823
841
848
813
752
715
694
704
716
751
778
770
731
715
730
771
809
773
720
725
739
767
780
726
717
706
691
670
673
741
784
758
730
762
783
775
739
742
748
755
744
716
711
706
725
761
742
760
767
784
804
774
772
775
801
814
826
861
863
836
796
794
832
845
812
817
869
889
881
842
847
842
858
819
842
864
907
856
839
861
899
894
855
826
762
736
719
700
685
676
707
766
843
854
795
733
710
702
690
684
673
678
758
819
844
865
875
867
826
828
862
889
921
938
908
898
905
931
917
914
930
917
852
821
813
814
931
929
925
946
957
926
867
846
823
804
829
863
917
901
895
884
881
880
897
892
912
933
938
932
914
933
927
928
909
868
854
826
815
858
842
787
747
744
736
749
771
780
794
802
768
721
694
674
645
647
665
680
705
722
709
686
679
664
666
659
668
671
676
660
659
648
641
635
621
615
606
613
629
649
660
669
685
682
711
754
794
857
879
891
818
768
720
688
697
743
804
859
884
885
877
879
873
872
881
917
903
884
849
842
852
891
936
895
830
778
748
736
704
728
792
775
759
787
829
870
866
831
803
835
869
877
881
845
866
876
843
801
740
733
763
885
944
962
940
940
912
878
831
800
800
821
852
850
823
837
868
788
751
727
724
707
690
687
691
718
749
771
776
786
786
798
821
782
788
783
800
799
793
777
767
722
710
688
674
699
755
794
799
766
755
749
782
814
739
726
723
771
828
858
907
929
925
918
872
819
774
778
791
769
826
778
747
719
716
781
935
932
812
748
704
689
682
692
721
747
784
817
885
876
865
762
713
697
716
757
832
897
886
876
873
914
861
794
779
792
789
741
703
693
674
662
639
662
710
788
827
755
739
761
752
771
723
691
683
683
675
673
675
674
672
677
687
695
699
706
691
705
708
738
758
730
736
805
800
782
770
771
779
777
708
688
662
674
729
872
851
844
827
806
757
726
705
688
672
658
622
622
606
602
620
642
686
745
691
710
713
760
781
720
723
702
718
672
687
685
711
729
670
691
700
705
717
717
662
673
662
668
682
695
693
651
666
663
646
676
680
697
711
722
715
718
701
653
651
660
673
718
747
761
759
730
729
739
729
724
732
730
759
755
690
685
637
641
661
736
855
853
873
889
856
795
766
758
797
822
868
880
901
852
859
864
843
840
849
808
770
744
813
858
881
888
887
788
726
706
774
875
879
909
943
946
943
931
914
895
890
885
824
771
713
708
788
855
879
910
920
926
905
921
936
852
804
777
804
918
908
918
874
882
896
896
894
826
736
709
712
739
822
890
917
898
882
796
745
754
778
784
737
705
661
691
696
715
704
672
653
639
631
629
635
637
657
685
729
757
746
713
709
670
673
695
740
774
813
837
778
755
772
792
830
842
829
817
806
791
789
818
823
851
847
812
780
777
797
828
824
795
731
721
713
745
773
812
815
785
747
722
723
715
698
687
688
713
733
740
715
691
690
706
741
805
804
831
827
798
797
809
752
735
729
741
784
833
826
813
792
763
763
770
744
718
719
719
701
692
674
688
753
833
895
861
811
747
722
704
720
770
895
937
921
897
857
855
796
763
754
741
742
769
789
755
725
700
690
693
711
732
721
718
688
690
700
702
688
678
675
697
740
785
801
812
807
788
797
798
762
728
720
732
803
893
896
841
777
721
716
721
797
864
898
895
923
915
914
908
888
870
880
935
913
916
902
898
920
934
923
882
833
846
890
918
951
889
911
938
939
905
870
879
900
909
891
901
928
928
924
916
888
878
878
875
890
884
900
945
915
868
869
886
895
887
890
930
930
929
912
913
882
848
861
875
886
893
902
890
870
833
846
862
867
843
872
884
909
875
867
855
870
871
884
902
890
867
853
895
881
851
855
794
753
712
685
681
661
666
712
759
771
748
726
703
692
701
747
771
839
840
854
805
792
835
890
934
897
888
895
884
833
854
878
927
889
909
925
920
857
852
905
936
984
921
919
925
925
856
832
800
787
770
775
804
845
871
830
825
823
824
819
820
803
748
744
766
831
876
854
810
736
702
663
661
654
641
634
627
632
654
748
800
760
764
773
773
774
771
774
780
819
846
859
861
849
816
760
710
692
722
758
763
778
804
835
850
788
727
691
674
667
694
734
720
705
685
677
661
642
623
610
600
593
593
608
629
634
631
640
655
697
745
795
768
722
690
695
692
671
664
690
715
738
773
777
794
842
873
873
854
837
817
877
952
989
1008
1022
958
902
767
726
717
704
726
761
895
835
781
772
787
815
854
845
879
897
915
897
896
867
841
858
888
959
943
936
880
880
864
778
705
661
648
647
681
681
763
878
905
962
938
874
865
828
803
790
787
767
766
681
678
678
697
741
771
778
805
787
766
741
683
675
681
698
745
782
750
748
738
766
717
754
750
742
741
738
778
811
741
790
784
800
825
826
838
837
753
709
708
755
722
780
805
842
816
765
748
768
796
795
765
753
769
867
848
871
787
755
732
732
786
814
828
786
822
852
855
860
849
838
817
780
760
722
759
813
857
894
867
881
905
896
861
851
846
824
807
798
760
692
684
661
679
822
896
929
954
965
972
951
943
925
922
875
906
931
943
938
931
913
920
921
890
884
892
908
902
868
803
767
717
708
795
861
884
814
813
875
915
872
779
777
788
892
929
934
931
928
938
903
922
866
788
726
739
816
960
970
956
956
949
908
847
756
716
687
657
680
679
698
729
703
672
662
647
644
651
674
689
707
723
717
714
729
750
762
792
841
874
886
895
904
914
904
903
846
794
716
691
743
877
963
1012
1028
992
946
906
838
731
689
694
780
925
952
969
959
898
860
873
844
804
769
778
824
939
861
1051
951
922
898
891
876
923
938
949
920
868
874
878
876
905
870
827
844
916
950
896
882
867
871
858
808
823
889
905
887
858
891
916
896
885
830
798
785
750
734
710
725
768
814
829
813
787
789
761
734
721
731
821
867
812
754
742
761
779
847
782
735
704
698
675
670
670
688
725
748
717
716
688
722
788
862
819
776
733
740
796
890
926
915
897
834
802
813
832
863
824
801
824
914
911
883
845
860
877
889
857
847
888
900
892
857
802
816
854
871
891
896
885
866
853
811
828
844
871
901
880
887
905
954
893
873
868
880
924
915
929
960
941
827
796
727
702
729
734
768
818
837
900
873
776
746
727
711
688
670
655
646
632
627
580
661
617
616
616
624
623
614
604
615
606
596
610
665
762
828
893
956
954
906
815
755
777
829
818
803
922
1030
964
904
843
824
862
876
868
827
862
865
893
841
861
808
789
752
734
758
858
987
927
812
773
771
835
930
929
934
929
932
971
836
762
730
753
805
889
931
905
817
778
796
831
851
895
880
868
845
812
767
776
770
741
746
871
916
940
922
879
842
822
899
893
813
785
788
820
858
895
913
945
945
929
898
890
882
875
856
879
895
892
897
911
919
862
785
738
709
680
686
691
720
729
728
689
696
656
656
576
689
619
612
638
652
701
774
805
840
836
829
805
796
798
795
735
689
669
646
666
881
897
959
964
920
804
717
675
652
664
677
688
692
737
779
818
862
854
838
782
724
710
750
854
914
931
926
949
931
933
872
768
741
776
850
983
854
1119
938
872
814
818
859
932
970
930
946
960
915
921
885
843
890
915
909
820
775
771
746
732
941
953
936
902
909
872
866
877
837
796
789
771
776
781
792
790
776
701
692
684
740
788
824
836
818
763
736
762
797
821
812
798
745
723
721
725
745
745
810
835
845
825
764
718
702
689
721
785
814
828
829
819
819
792
733
684
668
682
673
716
753
821
850
850
848
771
777
741
723
733
725
735
721
719
729
709
693
646
655
636
665
737
819
817
820
834
826
730
703
694
721
744
807
790
802
774
708
690
659
667
680
685
699
777
819
835
824
854
842
865
852
823
832
826
750
739
787
762
772
803
844
855
852
805
801
793
798
813
815
772
792
832
846
810
823
847
868
871
861
849
783
799
717
703
694
879
910
941
977
1000
966
945
938
933
935
941
951
910
959
1006
1034
1001
932
904
956
993
1003
1006
982
964
905
917
924
873
843
833
836
858
874
891
906
956
961
941
875
818
770
765
810
803
769
776
743
714
771
844
847
845
802
775
796
834
836
829
815
861
909
923
865
845
846
860
820
829
862
857
879
913
947
979
966
980
955
940
917
917
899
862
804
753
766
815
876
903
910
884
924
886
818
765
765
807
869
884
849
801
779
738
709
722
792
793
817
835
844
840
785
730
723
726
754
797
761
720
688
667
678
688
708
768
804
812
813
808
791
772
754
754
768
800
815
789
802
778
741
720
722
737
786
827
854
805
801
798
796
771
736
754
818
819
806
816
818
809
810
794
784
702
698
673
701
729
801
822
845
865
843
824
797
698
679
683
717
798
814
811
765
762
760
780
793
796
777
765
744
732
741
772
723
732
745
730
753
765
796
772
790
775
813
784
794
790
776
769
729
685
680
659
694
795
854
900
937
944
936
926
919
931
878
824
736
702
702
753
888
916
965
969
957
911
885
847
790
743
745
743
747
833
926
926
866
813
861
896
925
869
817
835
851
890
831
815
851
881
876
833
813
850
835
813
813
800
784
782
833
798
753
694
715
689
640
637
654
653
637
640
652
640
654
664
657
673
673
671
669
673
660
642
638
632
620
617
614
621
624
640
676
713
728
761
757
733
716
701
699
675
649
638
652
705
761
793
858
885
915
923
896
840
816
838
909
937
924
905
891
859
864
857
887
882
881
840
846
866
875
866
904
873
857
889
899
892
886
867
886
905
932
901
877
883
878
893
936
943
928
916
891
909
925
949
935
954
938
957
928
918
890
823
802
842
881
864
793
782
853
955
952
952
945
928
920
891
901
904
865
864
882
910
923
894
906
905
903
861
844
832
877
897
896
936
942
938
908
903
911
861
832
817
823
752
745
715
692
707
769
798
778
771
767
795
817
835
815
820
791
779
813
841
845
848
817
822
836
849
812
780
791
800
822
823
818
835
860
857
838
826
835
840
805
793
775
840
859
926
930
933
936
913
904
883
864
842
846
858
846
793
781
838
906
895
852
837
855
792
777
729
695
688
746
786
825
845
849
838
810
787
780
704
687
642
652
658
690
727
827
871
892
892
825
764
750
715
733
743
774
812
732
743
741
755
767
775
783
787
790
776
720
695
720
734
737
743
787
771
792
768
807
792
766
763
776
763
771
771
751
711
688
666
706
777
832
870
860
846
840
759
701
691
714
783
854
866
868
875
871
776
745
742
771
796
794
771
760
761
783
768
787
805
787
811
734
724
752
687
690
651
675
695
758
734
715
690
674
712
764
826
811
819
820
834
825
821
835
835
839
866
838
744
684
686
711
783
838
848
825
752
764
818
809
792
735
688
671
681
695
768
817
870
905
921
932
923
900
887
896
887
898
850
839
816
787
808
838
860
851
838
852
882
878
885
898
889
902
905
925
860
820
780
716
708
704
758
829
852
805
767
734
705
699
715
727
751
779
777
747
744
714
718
755
760
827
856
804
831
850
832
766
730
718
689
707
843
941
930
886
884
913
937
960
940
961
921
858
851
893
933
932
949
904
914
913
922
881
873
906
948
948
966
921
915
911
877
880
896
930
931
916
913
908
904
871
869
851
874
845
807
838
877
893
889
905
898
900
905
915
922
929
950
957
889
863
856
854
832
810
816
861
842
836
849
903
854
867
873
870
869
905
937
903
918
921
900
894
853
963
829
797
769
817
891
925
962
968
967
938
911
836
792
767
816
856
866
907
954
948
881
870
870
854
810
829
875
857
863
847
876
921
922
896
895
893
867
842
840
890
879
856
908
915
867
785
737
702
661
681
719
745
772
773
728
700
674
664
668
658
647
641
634
620
611
605
601
599
600
604
611
607
604
611
612
621
635
646
649
670
660
661
676
691
713
691
677
680
688
687
720
739
728
693
700
779
807
823
808
802
766
728
699
694
722
804
881
885
829
756
717
695
700
715
771
806
842
856
835
804
771
726
698
701
730
851
900
946
973
964
933
896
853
812
813
829
864
842
781
795
854
947
896
914
799
757
754
758
814
834
829
883
923
919
938
946
943
936
902
883
846
833
846
869
901
896
875
873
865
857
820
806
827
858
854
842
858
836
844
821
851
859
876
844
869
858
858
814
757
746
776
827
832
835
830
768
758
764
773
808
767
764
739
706
682
682
690
697
697
700
715
730
729
771
791
803
805
781
743
722
707
694
676
710
779
792
763
779
835
891
877
863
792
762
772
794
827
823
836
844
837
775
770
771
822
856
872
846
831
843
859
848
816
794
788
778
789
770
764
782
788
803
813
817
832
801
780
782
775
799
785
801
808
834
796
810
837
884
894
894
893
883
857
821
789
803
842
806
828
841
858
856
854
856
839
830
812
824
838
846
864
890
887
837
789
742
739
717
687
697
726
786
823
777
762
726
711
722
720
713
676
667
652
656
674
717
772
786
804
823
829
766
751
775
850
890
915
939
921
930
889
887
864
846
837
849
863
844
791
816
860
889
807
799
814
836
823
832
822
835
859
869
906
889
867
855
811
785
802
842
849
866
899
886
862
853
835
804
789
804
850
858
843
850
824
833
836
785
792
834
804
764
788
794
824
815
818
832
833
850
864
880
893
895
886
834
766
701
659
648
636
676
715
721
706
677
691
740
797
836
766
704
673
688
645
631
654
632
626
621
618
637
615
608
603
598
602
604
602
606
609
607
618
609
602
612
655
770
837
855
830
775
725
771
810
838
941
937
937
917
840
773
732
726
735
722
726
725
698
671
664
688
702
705
719
782
783
801
771
783