670
671
685
666
663
692
728
720
646
643
623
624
597
609
615
629
615
631
646
657
623
638
621
630
633
636
629
625
597
551
554
545
544
552
556
575
618
645
730
777
822
827
828
747
752
691
664
687
680
634
640
620
643
677
729
681
697
729
716
677
632
635
631
682
716
768
706
750
748
733
685
741
771
715
753
744
837
848
831
799
756
756
747
698
683
736
784
768
683
710
758
790
799
674
645
635
752
793
812
822
831
832
816
775
755
731
688
650
680
704
710
695
758
736
753
698
673
693
706
702
676
695
717
733
719
670
713
710
710
649
694
707
727
675
725
745
752
652
702
696
701
648
622
642
645
670
646
662
633
603
621
652
649
651
686
710
733
684
675
673
650
648
620
672
697
764
708
731
725
692
692
712
706
726
662
709
692
677
637
680
680
686
660
639
664
671
692
639
670
684
708
740
675
714
732
762
749
670
703
684
698
700
662
748
781
796
726
786
791
792
720
776
784
772
714
695
705
724
708
658
700
714
749
705
699
704
680
646
656
669
639
667
669
674
654
673
680
688
643
662
649
655
648
624
669
688
736
698
727
794
808
752
794
802
823
788
740
797
840
838
746
806
809
797
726
771
777
750
688
744
809
842
766
771
737
703
650
614
622
605
630
666
710
666
687
731
764
749
724
726
692
698
648
652
669
704
684
659
693
692
665
724
775
758
729
775
798
766
711
660
668
663
692
732
725
646
671
621
634
677
687
693
686
650
612
600
604
622
715
775
791
763
724
716
646
668
659
674
648
649
688
704
726
684
716
746
771
696
739
754
773
685
735
704
677
639
617
635
652
633
656
697
721
657
730
737
656
725
708
660
710
716
699
666
742
738
713
677
713
721
726
682
710
706
684
709
708
714
681
687
706
760
795
721
733
707
665
627
651
683
675
710
705
738
678
678
713
758
791
794
781
766
688
652
663
671
696
752
712
738
776
809
744
780
810
817
787
789
826
819
801
749
768
789
666
692
691
732
754
753
749
729
739
723
656
640
638
665
719
749
765
735
748
705
684
663
636
613
627
644
693
703
785
826
743
803
799
805
729
745
702
653
628
644
657
655
666
670
717
734
699
748
727
756
691
685
688
705
677
701
715
727
701
683
692
692
708
700
672
709
723
756
718
765
745
749
729
762
765
774
734
708
668
663
660
604
600
598
614
652
749
789
797
791
795
771
720
688
657
651
646
673
662
729
797
841
768
780
726
673
671
655
644
649
621
626
647
680
722
714
657
710
722
758
775
695
735
732
735
729
673
713
694
753
718
682
692
721
745
736
721
684
678
682
663
657
662
610
615
621
640
668
623
642
654
695
728
736
688
676
644
681
650
657
665
658
638
619
587
601
599
579
563
597
685
731
739
791
809
756
756
771
779
727
693
715
713
735
756
760
745
684
661
665
667
702
718
694
756
785
813
791
747
758
740
709
688
680
673
671
688
697
673
670
664
668
661
642
676
702
703
695
731
721
703
725
729
669
629
624
662
717
748
767
760
746
755
745
754
747
754
762
763
723
709
656
647
648
687
736
700
756
774
771
716
767
759
742
750
710
701
638
650
629
675
678
685
669
689
683
621
643
617
632
647
675
646
652
654
673
685
678
677
649
651
621
601
580
577
568
564
557
567
595
612
616
658
724
732
750
712
685
659
670
659
658
648
649
635
630
640
694
734
713
788
820
832
790
774
808
809
809
707
702
687
715
746
690
742
720
688
774
801
792
760
752
735
706
630
651
635
661
662
684
691
646
655
621
614
590
611
623
591
626
592
581
565
569
575
580
580
589
575
585
567
569
571
580
586
557
576
570
573
582
589
594
591
597
613
625
593
606
579
598
616
641
662
682
709
728
721
692
700
673
620
620
605
624
643
652
659
613
615
641
637
686
725
774
764
697
738
755
768
740
699
728
720
753
755
705
730
694
689
669
690
706
747
768
714
727
722
732
707
684
714
724
712
680
635
635
649
664
693
673
646
644
667
692
701
688
656
683
692
713
672
711
735
763
764
706
703
705
700
656
580
609
586
610
674
736
758
766
755
642
655
627
621
640
659
682
670
655
691
651
641
628
667
711
743
763
749
727
651
655
618
594
623
636
713
782
813
811
785
779
674
691
677
689
715
727
732
712
689
643
620
627
634
668
629
615
604
595
626
696
751
786
798
691
709
703
719
738
753
740
737
688
639
629
633
657
696
716
689
645
664
666
633
639
657
657
689
687
682
626
620
621
659
698
690
728
756
783
740
699
728
757
764
705
724
731
740
755
701
705
732
774
777
746
755
791
733
691
682
664
647
616
594
614
634
696
738
707
745
742
760
721
688
646
606
599
596
641
724
797
809
742
807
770
694
695
681
684
688
677
700
700
706
675
699
707
716
722
662
670
681
699
718
679
693
711
736
696
714
757
772
697
723
707
706
688
711
742
722
718
688
663
685
655
617
598
607
612
614
632
674
630
605
608
613
646
679
677
647
690
657
653
625
658
714
729
740
705
646
626
620
617
628
632
635
656
653
660
646
604
588
555
553
555
568
617
682
711
685
730
675
669
730
771
717
726
698
691
705
671
688
700
727
735
682
681
711
750
771
778
718
750
790
789
784
703
734
731
737
753
687
759
775
804
731
664
726
731
757
758
684
665
691
689
693
703
668
712
730
728
675
688
654
658
683
650
717
757
798
720
746
775
794
789
722
740
753
761
727
734
752
753
729
701
721
733
756
719
671
729
740
749
751
708
772
758
764
687
716
700
726
663
718
731
794
792
731
747
779
760
744
688
664
691
691
701
667
709
727
758
765
701
728
714
706
664
688
703
739
760
726
779
798
791
728
751
745
755
722
675
689
719
748
725
675
724
713
660
656
688
662
644
648
662
690
666
690
704
712
696
670
695
695
705
670
630
593
587
594
617
632
638
661
727
738
668
693
702
692
693
690
683
609
605
587
592
636
672
711
640
656
646
689
720
740
741
740
724
698
654
633
595
612
653
653
627
641
666
740
765
767
761
742
740
711
692
678
665
655
597
593
588
625
630
722
757
787
791
785
751
704
666
676
680
680
616
630
589
585
619
666
710
754
765
762
773
762
652
655
626
646
688
720
754
781
798
694
696
730
733
751
687
702
725
749
691
687
651
670
679
703
742
742
688
681
692
738
735
764
751
724
678
644
651
675
720
696
700
700
742
791
823
814
719
707
669
686
691
708
675
640
624
633
659
691
705
715
683
654
639
649
675
698
667
718
710
710
686
636
643
605
572
559
563
561
568
559
576
614
653
675
693
630
625
615
622
638
635
653
653
642
639
620
623
616
582
582
570
587
628
723
771
765
782
766
760
706
645
615
635
648
716
748
756
739
653
648
646
679
716
743
734
731
701
636
638
624
646
679
710
743
745
747
645
642
610
624
667
703
759
773
789
783
764
742
642
635
599
600
627
679
727
721
712
711
634
633
629
632
666
706
697
691
686
647
626
632
649
681
692
632
650
627
644
657
682
627
641
656
668
689
688
701
678
672
642
602
599
574
578
599
643
670
680
616
626
620
648
680
714
640
645
624
632
638
623
639
645
648
659
664
669
664
655
606
588
563
553
631
791
728
728
742
740
744
700
734
654
641
624
617
587
595
626
627
661
669
713
674
667
637
606
567
573
568
555
572
587
599
652
688
700
704
701
708
628
632
617
633
639
605
640
632
657
684
677
678
691
670
629
602
579
565
563
566
581
585
592
589
609
610
635
686
701
673
642
625
620
628
646
667
641
623
651
687
717
738
742
736
721
719
744
699
735
754
740
736
775
814
804
781
712
742
748
782
817
749
718
767
802
799
723
787
780
766
685
688
655
672
700
710
653
708
705
711
655
636
635
631
627
599
583
598
650
676
644
645
684
705
726
708
646
688
696
715
753
762
717
770
790
773
708
721
720
724
740
704
749
737
761
708
778
790
778
788
723
742
729
761
752
701
768
778
775
723
774
771
784
690
709
706
706
649
680
701
726
672
699
698
673
619
631
665
677
640
659
662
687
706
667
700
724
750
768
686
733
717
742
661
680
691
724
695
743
741
734
741
661
682
676
657
636
597
590
589
573
583
606
633
659
657
699
724
711
688
733
741
729
674
679
674
681
695
688
677
655
642
620
591
582
584
605
640
643
687
658
709
690
716
707
708
674
656
599
571
556
570
634
696
757
768
766
781
765
741
736
709
644
645
627
635
630
653
611
604
642
704
672
732
796
823
761
777
753
706
687
694
735
747
769
760
746
773
821
829
812
776
751
726
736
704
714
693
689
671
726
748
742
716
719
741
747
723
694
713
717
720
724
674
700
693
693
691
669
641
623
650
644
661
636
623
608
623
601
624
643
663
685
682
653
676
679
684
683
687
636
666
677
720
741
745
706
725
731
751
747
702
715
723
748
741
666
702
675
617
599
626
675
678
693
674
690
722
762
774
696
730
775
804
739
788
810
794
733
756
743
760
712
723
744
744
677
730
714
727
669
737
725
701
653
679
681
699
700
688
722
727
667
684
682
701
704
682
717
721
729
677
723
729
757
712
679
704
701
716
667
719
745
751
742
719
770
798
803
706
735
724
729
675
676
679
717
691
659
688
723
769
797
777
778
800
781
730
665
699
715
710
669
740
763
787
763
800
800
802
724
708
702
695
658
603
639
653
716
742
750
745
691
648
604
612
626
666
702
731
748
742
753
735
717
693
615
619
595
605
635
675
661
684
707
730
761
760
740
730
706
679
629
631
591
599
625
640
682
699
738
802
817
737
727
717
724
728
720
664
656
622
618
638
661
689
710
706
635
662
645
654
664
654
672
673
676
679
660
650
650
653
664
668
613
619
596
622
594
620
645
722
765
778
771
749
709
663
649
622
629
596
596
607
637
677
713
719
724
711
694
636
622
633
658
691
657
718
737
684
713
779
795
789
726
754
771
763
720
742
754
748
771
731
746
809
822
764
671
633
633
694
743
658
688
795
813
823
817
802
800
692
699
693
736
754
801
750
768
793
807
801
779
703
728
699
708
715
713
685
728
757
790
767
736
767
797
808
729
711
737
777
785
772
720
688
712
732
745
727
694
719
740
759
745
749
698
733
715
702
711
688
663
703
729
686
728
751
773
775
730
768
752
733
705
750
730
712
723
710
676
708
726
737
746
688
648
613
583
586
582
582
610
672
688
734
761
766
777
738
673
678
706
672
703
704
727
713
710
681
718
737
763
771
773
707
761
799
822
821
796
705
761
738
729
771
724
726
795
750
741
686
728
718
722
710
698
773
796
780
741
718
749
775
791
716
774
782
721
745
765
768
755
696
784
748
778
708
733
691
673
698
707
709
671
713
707
746
769
729
740
727
737
698
666
709
748
780
782
703
745
735
743
727
700
757
779
784
779
713
762
756
771
778
713
776
760
748
729
716
736
741
745
686
703
726
742
673
684
714
740
755
729
720
769
776
764
716
780
790
783
727
724
730
740
768
720
782
780
767
703
759
761
790
730
763
763
759
691
729
733
737
703
759
771
741
699
773
787
783
707
742
747
749
708
731
756
779
705
750
771
792
790
723
757
745
688
729
723
664
638
654
695
737
732
753
703
678
656
618
590
560
546
542
525
521
509
528
578
667
740
770
749
698
691
655
636
598
598
604
625
594
607
573
592
632
690
705
724
703
658
618
591
573
566
567
592
604
639
689
753
803
838
816
771
797
813
824
828
843
833
833
742
705
730
825
765
811
855
884
854
847
813
797
780
718
725
763
761
755
701
712
727
743
718
750
777
773
766
679
692
727
708
706
662
718
766
779
791
719
719
717
701
717
673
643
669
729
714
670
700
654
704
662
609
628
591
562
569
568
596
622
597
613
626
656
678
680
688
661
640
614
592
553
550
545
551
580
619
646
674
707
778
782
685
632
618
804
906
876
782
799
741
715
709
697
730
740
738
741
718
689
703
709
702
696
688
671
632
665
708
742
772
762
768
745
764
771
708
719
755
818
784
785
778
777
734
680
652
639
605
615
629
699
769
810
820
778
736
689
633
587
580
564
549
547
548
570
616
678
772
819
816
815
830
788
776
743
734
735
743
759
774
755
752
774
848
827
738
706
752
778
778
758
746
732
686
674
655
629
667
685
734
743
711
729
738
752
751
738
727
706
707
721
736
733
724
702
733
759
716
672
687
724
722
762
766
771
750
744
717
676
625
618
592
598
593
603
617
653
691
644
667
752
745
679
710
729
746
735
707
677
663
664
662
638
637
619
635
695
729
718
724
736
716
701
678
623
596
639
696
773
783
788
768
707
632
625
605
619
651
688
730
756
765
789
801
793
774
764
755
776
792
807
803
812
803
805
761
752
731
706
646
661
679
799
830
846
850
826
832
829
802
767
697
715
752
810
822
806
790
761
739
717
661
653
678
729
677
688
675
662
746
775
796
738
692
717
721
744
751
736
677
693
678
703
630
634
620
603
606
643
668
732
770
748
739
661
629
621
583
578
563
573
604
645
739
767
786
801
799
799
737
706
692
694
706
687
716
702
633
601
627
633
680
674
639
635
625
644
642
620
622
643
660
675
631
604
585
579
561
554
570
592
637
685
700
718
668
660
639
642
634
622
601
589
584
577
574
585
611
649
642
680
672
639
612
598
576
572
587
612
668
696
694
696
678
632
627
582
573
559
556
587
594
691
740
739
788
786
760
755
714
684
662
629
600
590
605
672
701
696
685
679
688
643
633
641
625
620
653
697
803
833
843
828
818
813
802
756
744
736
744
764
766
752
755
742
702
659
628
609
617
619
651
700
719
715
747
740
757
743
730
695
697
689
693
702
679
660
676
672
693
690
667
686
684
668
694
674
643
605
595
590
622
656
654
653
646
678
685
685
650
629
651
691
680
688
646
615
622
616
650
700
739
742
645
616
626
825
827
821
835
834
834
815
793
768
727
741
728
690
678
667
621
614
584
607
602
637
646
681
646
637
624
595
590
579
564
572
571
584
618
614
602
606
628
681
747
798
775
760
703
670
624
600
612
639
671
699
729
775
827
814
803
758
743
758
759
798
831
859
874
854
797
764
783
815
810
824
850
856
786
821
844
797
795
774
784
710
683
689
744
752
747
706
666
672
644
629
589
585
588
587
617
617
652
678
700
667
628
624
630
641
656
652
639
628
608
622
665
729
755
796
810
767
752
720
722
715
720
720
729
697
729
757
755
776
775
733
723
697
656
619
627
625
652
688
711
693
699
656
709
748
755
734
689
636
616
606
627
664
711
751
765
745
734
711
667
648
642
646
639
629
604
625
689
813
832
818
767
737
745
726
703
724
719
722
677
659
656
655
660
700
715
730
702
692
650
663
665
623
620
606
614
625
638
651
632
653
657
667
687
677
665
672
665
702
701
688
646
657
646
624
607
593
619
715
734
786
800
817
833
743
732
674
675
671
697
717
764
796
796
776
699
669
675
692
749
801
805
811
794
777
743
681
712
690
724
707
710
672
655
640
602
610
642
693
715
702
685
744
779
794
733
670
648
661
666
684
671
664
656
621
589
586
591
619
657
709
734
746
751
739
729
702
683
694
698
692
708
700
696
693
684
691
688
649
674
697
688
659
675
672
674
663
682
649
614
584
581
574
596
616
639
668
665
671
668
648
606
588
569
579
604
628
653
665
646
655
636
624
601
604
588
615
612
639
616
625
618
608
614
601
605
594
610
616
619
611
621
630
620
617
632
637
684
647
644
617
614
610
597
589
570
568
577
596
581
592
596
572
552
549
559
572
587
589
600
636
617
618
600
607
585
574
556
530
525
534
548
560
567
584
581
574
569
589
627
655
661
681
675
645
646
601
572
572
555
544
577
572
591
606
593
579
566
563
588
600
592
600
579
583
579
605
600
648
694
729
715
735
750
751
737
719
720
657
663
668
662
655
639
626
601
586
606
680
759
778
709
671
661
649
624
580
562
551
543
534
527
526
532
539
550
561
554
575
590
647
698
726
731
722
695
669
604
608
632
687
750
797
748
812
835
848
851
818
714
650
618
598
596
606
655
743
829
896
904
936
906
888
858
814
817
732
676
696
779
736
833
796
773
725
693
651
624
621
624
624
643
636
673
690
764
752
727
705
685
689
688
739
686
676
651
659
667
656
619
626
598
618
604
574
582
572
562
556
556
543
559
552
569
605
625
595
618
624
670
645
710
713
733
732
731
692
657
633
598
571
557
549
548
563
597
677
709
787
780
795
795
794
756
745
693
684
686
684
684
650
692
694
715
682
644
673
711
757
778
799
723
681
663
686
726
799
797
789
794
682
705
680
683
674
628
591
575
571
577
614
690
735
765
810
795
742
718
670
671
687
714
667
617
615
691
713
756
759
685
666
675
686
685
682
678
668
683
688
708
709
719
712
688
700
687
646
678
714
729
727
659
648
638
662
670
688
704
710
716
705
691
682
687
706
650
666
639
644
653
617
614
649
640
682
706
739
764
745
681
697
681
697
697
688
664
691
667
661
631
591
592
604
621
648
674
702
672
626
645
632
684
647
645
611
593
590
580
571
582
584
619
710
771
786
791
775
769
764
739
702
689
711
739
768
783
812
813
808
790
713
689
697
718
746
690
645
637
638
623
628
617
611
622
706
777
767
708
682
714
748
738
734
747
741
729
777
692
770
805
833
835
750
694
670
647
632
625
619
626
628
605
630
688
781
786
801
767
742
679
656
625
607
602
607
693
816
857
828
745
667
676
611
589
567
578
586
599
617
640
666
704
722
688
671
648
628
630
641
625
596
594
588
573
574
587
601
621
650
668
659
671
678
683
676
660
660
681
693
697
699
688
667
674
655
681
645
608
621
682
710
771
798
826
827
826
768
675
704
716
795
762
703
793
720
803
765
695
646
630
636
679
715
740
781
729
724
745
756
742
699
724
752
745
727
702
668
630
610
613
638
660
727
709
687
689
722
664
657
662
661
654
662
697
696
696
680
653
664
706
764
733
725
717
720
724
729
765
765
810
800
844
857
807
812
789
750
691
694
685
751
815
760
780
778
679
664
628
608
613
638
676
702
685
669
688
687
705
741
775
756
743
716
687
642
616
594
596
628
720
674
657
695
773
791
802
800
797
812
826
854
858
846
822
818
738
745
797
848
890
871
781
843
851
845
835
778
757
829
858
857
826
757
766
743
673
672
686
716
671
681
716
669
716
654
619
599
596
621
733
835
863
859
844
828
818
793
694
648
615
609
582
603
632
649
655
778
813
771
740
738
721
700
683
670
651
660
665
642
625
607
594
573
572
587
593
614
627
646
660
653
679
720
720
705
664
641
623
603
583
566
563
604
665
685
672
705
729
733
780
827
842
753
688
688
683
698
724
769
789
790
721
754
725
732
726
769
711
683
643
625
605
608
645
693
764
815
810
792
773
729
687
696
707
758
779
773
710
695
687
697
704
720
722
752
753
754
748
689
663
672
737
712
707
758
771
759
705
765
762
723
683
689
637
651
684
633
640
688
738
752
684
744
760
805
744
763
731
726
736
747
749
703
747
746
727
689
630
598
596
593
588
615
653
672
662
684
689
704
700
666
668
650
645
625
615
634
654
667
624
619
620
623
607
593
591
599
608
595
585
656
705
670
656
635
623
626
688
716
734
741
725
694
641
660
646
625
605
633
697
725
702
771
763
802
816
754
719
688
669
655
634
644
663
706
704
703
738
745
695
728
751
756
737
731
693
688
629
608
596
587
593
603
581
593
599
635
713
771
809
802
744
714
685
641
632
600
596
615
635
715
759
781
798
779
789
772
774
771
723
683
604
608
623
673
738
715
658
648
642
617
600
607
590
581
585
612
601
601
618
610
597
580
582
597
624
681
733
769
780
770
725
711
694
692
709
725
739
773
791
716
733
766
791
801
799
783
722
742
735
742
720
705
666
716
681
655
646
633
623
639
630
617
607
609
617
627
733
812
753
694
719
743
731
704
695
698
721
733
745
697
751
787
831
796
812
799
794
803
722
747
779
791
813
742
729
703
672
636
642
662
718
700
723
672
726
744
753
782
720
742
705
690
666
697
713
728
746
738
684
691
629
636
620
601
610
633
671
724
769
773
756
764
701
659
629
598
582
589
609
694
772
810
833
845
816
734
773
747
720
707
677
644
657
658
642
619
606
632
632
637
599
608
608
624
643
655
653
674
694
705
697
657
631
603
583
588
591
624
678
746
772
746
777
820
824
841
764
752
781
787
808
783
715
723
711
708
720
726
688
719
700
671
706
716
728
690
661
669
714
771
796
758
773
749
723
726
680
688
685
699
714
681
738
761
769
721
676
709
705
666
688
739
767
792
788
752
813
815
726
761
807
789
713
749
753
733
694
642
634
662
688
706
676
749
797
831
837
746
777
782
812
803
718
757
737
744
760
712
814
787
713
780
746
693
741
741
735
698
767
794
788
705
756
729
688
740
747
691
753
734
687
771
801
723
800
800
808
718
799
768
748
830
843
870
769
829
858
796
731
684
721
724
736
750
707
743
730
741
709
756
770
798
787
737
761
737
725
682
723
753
763
766
755
753
754
761
733
678
633
648
631
624
601
604
601
601
609
632
642
626
648
698
753
769
731
741
739
717
666
687
717
720
721
801
814
838
788
814
809
731
730
747
696
755
771
780
699
768
825
825
726
733
771
797
771
702
729
743
756
760
704
696
683
736
741
689
744
745
765
736
706
650
660
669
685
714
683
736
770
830
843
808
773
803
794
768
697
677
697
708
748
764
692
764
765
676
703
728
739
680
661
673
698
723
745
700
714
697
671
629
626
588
569
580
599
643
679
675
647
646
682
749
781
771
772
760
696
663
651
637
650
650
694
741
770
791
788
784
747
691
660
640
644
677
729
789
783
806
792
781
755
680
634
624
641
606
604
625
682
757
774
695
718
771
777
780
787
668
657
655
692
776
824
779
788
779
665
667
660
690
746
788
807
795
764
727
703
636
617
617
641
673
707
747
749
740
651
661
667
688
720
735
740
645
627
614
641
701
698
650
697
782
809
834
819
786
719
658
641
646
684
654
721
776
827
828
839
845
821
799
776
673
650
618
643
706
807
821
832
705
714
711
751
719
667
672
679
684
751
770
771
775
697
680
675
694
726
711
753
728
725
713
635
630
619
645
707
778
784
792
811
794
771
754
740
649
635
658
672
633
645
675
734
727
648
644
644
699
715
754
775
774
651
669
691
669
632
620
641
674
644
704
733
747
727
694
674
667
642
631
636
648
688
712
717
741
743
742
741
713
686
693
684
688
706
631
646
657
717
775
799
778
774
667
665
628
656
680
726
748
774
775
759
703
753
715
648
626
646
662
692
710
709
731
720
711
694
619
610
601
620
654
690
697
720
712
718
715
707
684
618
596
574
570
582
612
656
645
584
631
677
770
757
729
668
688
661
674
695
702
721
628
644
663
714
765
792
818
797
758
656
598
605
576
589
613
623
666
703
724
779
773
786
795
772
765
701
729
756
734
741
722
734
726
732
732
736
757
772
725
685
702
701
727
713
675
677
696
708
699
661
682
701
709
688
651
688
680
658
627
632
628
633
658
719
757
739
663
729
737
752
707
653
657
638
655
631
608
610
770
800
798
802
812
803
773
770
758
740
762
773
777
703
758
746
733
699
743
749
729
665
703
708
722
690
658
688
699
734
756
677
731
720
739
730
688
755
759
752
731
727
771
755
755
702
702
705
706
739
748
689
730
727
763
753
691
706
696
688
683
701
691
669
709
719
735
771
686
742
735
729
711
742
700
664
639
636
629
621
603
605
593
588
573
561
558
563
581
601
634
641
616
635
630
652
681
666
646
701
709
742
759
708
785
779
736
677
726
702
706
686
740
769
788
711
747
748
741
664
709
730
728
688
691
724
753
678
698
706
713
694
655
718
717
731
688
695
701
716
703
653
685
684
710
675
716
729
751
684
734
727
738
712
685
719
714
699
648
688
690
710
712
679
724
719
734
758
697
734
727
728
716
657
701
688
682
694
660
696
704
719
706
687
755
755
785
725
745
718
720
663
665
693
775
707
694
736
791
767
708
790
766
703
729
738
731
673
692
670
649
613
623
669
635
659
682
721
721
666
727
720
716
660
709
702
711
735
691
730
713
702
655
689
682
689
707
672
732
747
747
675
740
742
748
685
729
720
670
636
644
642
674
693
694
726
749
757
703
744
710
692
660
692
683
708
699
696
767
795
817
743
807
815
819
713
740
719
721
705
681
711
720
676
734
750
787
729
794
799
755
665
688
665
685
663
686
713
740
698
665
690
672
657
616
609
601
646
684
719
751
682
709
729
743
714
668
697
695
672
657
697
719
740
690
771
791
787
706
750
736
716
666
684
693
717
715
690
750
752
741
683
697
681
686
649
708
738
768
688
744
764
766
691
764
743
716
657
684
693
709
656
663
660
666
670
632
646
668
708
714
666
695
716
724
655
685
684
701
656
671
691
707
683
646
666
662
656
630
657
648
656
688
654
676
687
673
670
641
680
669
676
636
683
698
721
731
679
727
725
717
720
680
711
710
688
668
707
761
824
798
743
763
696
745
704
671
708
681
652
684
718
722
727
669
715
695
699
670
704
713
719
699
714
723
672
645
660
672
634
608
620
595
611
595
584
573
555
558
564
556
568
579
612
639
644
648
636
626
611
591
574
562
538
534
535
548
562
561
590
653
638
724
854
885
872
886
875
881
836
789
775
769
755
693
713
721
787
820
856
888
825
833
805
781
704
714
734
746
673
695
745
749
738
717
753
704
666
683
741
761
791
715
711
736
737
771
771
767
745
676
699
670
676
711
674
716
722
758
718
774
768
689
744
736
773
790
701
766
777
799
772
728
781
820
793
696
751
726
727
681
721
744
782
795
725
767
758
765
697
715
716
757
779
725
724
717
740
672
684
706
723
730
687
734
720
719
672
664
683
688
694
648
661
688
718
750
733
760
743
762
775
713
755
743
732
681
714
715
747
782
670
762
744
778
684
715
759
771
772
715
658
677
701
727
720
677
725
752
769
783
707
763
772
777
725
736
761
771
758
726
711
746
729
711
684
720
729
751
751
707
713
748
755
778
802
729
738
729
716
659
692
709
722
731
694
648
617
610
630
705
729
714
735
740
690
674
624
613
622
649
676
712
725
713
729
714
719
692
671
650
642
604
577
591
604
689
771
700
799
824
856
874
790
845
839
808
725
762
745
767
712
733
709
729
683
727
743
798
731
753
732
755
733
665
683
689
702
712
716
670
734
748
792
788
708
787
818
798
688
684
674
703
725
663
720
741
788
814
771
814
836
731
746
775
810
763
697
763
749
767
697
733
752
765
711
685
744
766
774
701
729
723
733
731
746
687
731
729
746
687
705
724
741
721
676
711
691
664
680
677
659
698
709
731
741
691
721
683
674
631
653
693
702
632
647
664
737
782
818
767
743
808
802
792
716
762
742
754
742
675
694
707
764
763
713
677
719
742
768
688
705
699
706
683
645
673
715
738
788
800
730
815
820
809
711
755
747
785
783
725
766
762
759
724
763
786
798
766
717
776
795
787
729
756
812
796
702
716
712
725
686
692
716
724
706
647
663
666
729
744
693
733
760
776
750
749
750
742
730
695
765
757
771
698
747
760
770
699
737
735
736
710
678
749
812
824
788
739
807
751
716
653
671
663
659
626
626
639
640
600
637
713
695
731
787
810
816
746
798
809
813
736
732
648
661
637
678
681
686
656
657
688
724
762
771
692
707
712
724
735
698
689
733
771
788
755
699
722
736
749
703
732
719
735
679
679
700
736
744
686
700
700
708
678
668
690
738
752
710
759
779
797
722
673
668
673
684
691
651
690
713
751
749
704
742
766
802
786
718
735
767
710
670
664
698
729
688
643
664
675
694
725
675
663
679
663
637
639
627
654
684
707
702
664
664
701
712
710
663
687
706
715
679
660
692
672
638
616
631
634
655
661
701
702
657
658
675
687
641
604
631
621
642
642
631
595
612
594
581
558
560
540
541
543
546
534
536
546
575
619
676
706
687
714
724
762
782
726
677
704
668
678
708
699
700
688
728
689
648
674
681
703
672
685
719
720
657
646
658
675
668
632
595
571
565
563
565
596
620
620
617
600
597
632
672
697
672
648
636
612
619
616
612
612
628
633
632
618
625
627
634
643
657
662
681
674
641
652
649
637
607
628
680
694
750
745
782
757
690
643
612
625
809
833
832
859
816
772
704
625
607
604
619
666
706
745
744
721
724
750
751
775
777
752
728
694
702
733
756
795
801
822
762
776
809
743
729
657
671
681
680
696
742
726
766
766
776
774
771
769
717
662
678
687
720
688
748
775
799
790
819
783
794
766
734
703
672
617
597
597
600
649
710
696
646
640
677
744
799
817
782
805
741
704
713
715
685
634
625
633
643
692
735
770
776
789
780
785
771
717
657
657
679
726
761
772
741
754
730
721
646
646
646
651
718
696
750
808
805
739
780
760
761
706
704
719
739
664
668
667
678
668
627
665
698
734
735
736
693
702
695
687
681
648
627
637
676
715
718
731
673
658
686
687
712
718
679
695
702
694
686
647
689
675
716
710
655
697
679
689
671
618
614
647
685