659
672
708
697
690
684
658
618
586
566
556
539
541
534
551
574
574
595
625
603
611
703
722
725
696
672
656
615
604
596
615
649
672
720
758
791
814
819
807
756
710
785
849
791
700
748
771
770
730
688
762
770
726
723
780
808
811
720
795
802
811
709
774
780
722
770
788
776
689
764
761
761
696
769
780
771
712
802
807
761
721
779
784
792
739
760
770
728
673
698
689
720
705
675
711
690
652
607
628
657
688
728
707
652
691
653
637
612
585
595
616
674
806
865
832
727
728
798
813
816
704
788
789
779
696
731
792
856
821
740
809
821
799
705
788
803
833
770
760
812
841
854
745
786
791
806
784
736
813
823
843
782
789
805
814
755
767
805
816
764
751
804
822
806
735
802
819
849
763
812
828
824
737
725
729
753
785
727
813
739
735
680
712
708
754
692
716
748
792
710
750
731
742
671
688
688
683
654
604
583
571
575
589
627
686
723
701
723
744
778
691
736
740
747
779
708
687
706
651
664
674
714
751
677
689
687
665
654
654
635
623
608
579
575
576
604
652
708
771
757
680
688
726
779
771
745
742
728
691
654
631
616
585
598
577
621
728
741
688
629
633
684
740
800
793
769
752
730
688
711
672
686
684
629
630
641
681
711
773
783
838
758
782
783
813
813
718
685
684
707
767
724
639
643
807
808
839
847
839
763
728
755
693
704
724
679
697
654
630
597
585
581
563
575
586
603
634
639
644
663
648
626
604
593
584
563
562
576
605
616
622
611
597
596
596
572
594
596
608
635
631
655
630
671
675
691
692
656
672
699
704
725
731
762
777
781
771
769
714
731
748
671
689
658
705
723
706
705
672
655
603
618
581
599
646
643
693
710
723
707
694
706
676
659
643
642
635
622
621
604
604
667
747
745
705
692
686
730
753
722
709
696
680
615
620
596
616
696
765
760
773
765
762
747
653
660
648
669
679
683
692
692
684
667
646
631
602
610
631
657
755
768
757
802
739
687
660
621
626
634
660
695
710
686
725
738
705
698
701
662
615
595
587
575
571
586
635
706
749
690
748
758
755
750
695
752
759
688
691
685
655
633
584
587
576
607
651
673
656
622
618
590
593
622
632
612
630
627
639
634
589
565
549
550
541
554
582
559
567
565
583
608
627
652
643
642
624
618
569
578
572
580
586
590
581
552
560
550
551
562
589
606
612
625
610
598
583
565
549
549
553
558
576
562
595
591
617
663
732
755
742
719
684
656
639
629
602
609
598
630
754
804
818
817
811
786
769
770
705
672
621
613
617
701
865
852
771
831
862
819
792
770
739
691
646
645
609
630
711
767
697
674
688
708
769
778
778
764
739
726
704
667
622
624
645
748
794
830
812
802
793
789
759
751
736
664
626
602
585
575
587
646
766
854
859
900
897
822
814
793
756
753
756
699
699
688
688
693
665
667
647
663
673
662
618
594
569
569
560
574
606
670
738
742
698
665
657
688
734
771
778
770
725
745
728
729
712
718
693
671
687
688
702
672
698
713
705
659
662
643
659
651
676
672
672
684
616
623
620
640
681
661
673
670
702
729
719
674
633
616
603
584
580
579
611
685
749
765
728
711
709
673
656
603
602
581
575
591
636
675
691
731
701
637
655
634
678
699
718
720
679
643
623
608
606
600
595
618
677
699
648
642
680
707
744
734
709
633
615
614
623
637
663
672
662
644
607
579
566
564
562
568
606
642
666
756
788
792
765
733
676
614
596
603
629
671
788
873
866
794
718
705
684
655
629
612
622
611
643
700
747
746
758
757
672
638
638
648
684
727
750
732
701
675
659
650
646
649
653
614
615
602
657
739
797
783
774
748
745
731
638
628
602
574
580
624
641
644
631
595
594
587
594
604
610
628
596
608
596
611
646
657
638
636
607
602
605
592
604
609
634
646
673
676
688
744
750
728
733
700
678
653
648
632
628
644
668
680
684
690
672
626
636
664
703
690
635
620
636
894
786
766
789
767
698
701
747
759
756
749
731
661
672
688
715
759
799
808
788
786
789
775
759
715
711
723
764
753
755
734
719
646
639
654
681
729
756
750
753
738
711
693
731
740
780
785
780
770
708
708
680
680
685
702
709
721
720
654
657
650
666
676
684
616
619
604
609
631
666
689
703
711
726
742
745
760
787
796
743
712
662
657
687
693
647
645
701
763
812
853
857
865
829
816
724
724
641
616
604
598
646
733
761
730
803
834
825
840
843
798
779
729
643
616
608
633
696
744
765
751
706
725
723
748
669
689
632
645
642
616
589
592
575
582
588
608
615
610
612
644
677
700
717
705
711
694
664
643
593
567
549
535
534
538
569
624
681
767
834
808
842
855
711
692
711
731
769
739
748
724
712
646
638
611
611
645
669
693
708
694
690
676
669
657
629
631
600
609
640
644
656
675
632
590
584
571
567
561
563
589
628
672
688
705
695
641
633
608
598
567
565
573
569
575
594
625
636
650
625
603
616
640
667
652
677
651
654
667
645
684
692
712
727
734
686
722
671
671
692
725
747
744
764
702
739
731
731
734
691
735
750
765
754
732
686
722
732
685
710
701
669
680
686
719
727
723
712
671
659
668
624
637
635
647
612
600
673
771
798
804
813
718
798
784
783
755
719
799
776
785
688
707
735
804
808
802
722
820
840
821
796
774
703
686
643
592
573
604
686
729
773
791
791
769
770
768
771
700
638
615
607
614
646
700
763
808
824
856
799
851
870
877
763
744
702
704
699
676
714
752
798
800
745
758
712
664
648
661
683
741
705
753
718
702
767
788
783
799
792
698
719
727
776
804
737
838
847
887
817
836
870
854
787
771
813
829
845
763
781
827
861
847
788
808
830
855
799
763
712
720
684
681
735
830
831
798
779
813
812
723
815
809
828
793
782
780
777
813
752
782
804
803
749
780
763
802
842
811
835
778
735
750
734
808
861
868
838
760
824
839
814
753
845
833
762
824
784
861
847
842
802
757
850
869
851
829
696
744
756
725
765
746
757
729
760
791
796
737
705
717
744
715
710
775
803
745
786
825
835
766
829
745
775
760
716
661
653
632
697
678
725
767
771
743
700
653
625
593
571
556
540
524
532
526
542
581
604
647
638
637
640
605
578
553
549
530
526
525
549
589
685
771
776
781
730
694
648
602
578
566
568
575
591
642
721
764
781
748
687
679
747
768
769
773
790
799
774
778
808
790
718
826
783
801
735
671
700
764
720
699
675
673
654
654
608
619
601
646
692
706
667
663
677
696
718
708
694
673
638
603
576
558
552
547
548
563
562
572
559
569
612
719
787
804
811
814
786
840
790
799
790
771
729
694
702
706
829
852
829
811
834
757
756
754
810
813
698
700
712
727
734
753
774
762
768
729
695
648
678
723
688
660
634
633
660
744
800
794
797
795
803
792
813
828
840
850
844
794
824
855
866
738
743
837
852
842
721
709
776
798
845
799
793
850
872
821
782
855
857
868
793
850
839
853
838
770
855
858
845
764
779
800
820
729
745
850
737
825
854
859
816
780
826
833
804
758
809
713
727
700
712
763
795
825
795
776
734
786
766
798
823
854
778
784
810
799
842
806
748
707
654
649
611
601
619
625
629
604
606
603
581
577
568
574
600
582
601
601
648
688
714
645
640
702
737
749
666
620
594
693
772
799
785
817
788
794
770
753
746
722
702
721
707
730
768
778
775
780
771
772
790
785
738
764
782
768
683
708
747
799
765
707
781
791
787
732
772
738
677
727
770
766
762
712
736
795
778
702
787
756
722
806
709
760
673
715
771
752
739
762
761
772
709
682
742
673
700
669
629
595
575
575
563
560
572
584
589
604
612
622
650
669
679
642
588
576
565
578
644
676
667
606
617
624
654
665
678
641
621
626
651
683
697
645
628
614
595
580
554
553
579
602
630
667
719
729
742
755
749
735
704
700
654
644
640
681
740
777
785
738
755
768
705
681
723
784
833
854
846
780
771
764
721
732
676
694
714
646
633
628
604
610
637
653
622
587
609
639
695
709
729
717
710
697
660
651
640
631
629
618
633
624
637
650
637
658
664
653
647
650
602
574
565
561
599
656
760
774
775
779
779
790
780
757
791
785
806
804
793
793
809
757
785
796
810
734
670
663
646
630
670
733
758
798
793
777
759
702
756
777
826
778
806
780
739
750
786
822
763
687
651
646
631
643
624
620
614
605
621
634
641
638
633
633
620
604
590
605
627
665
680
702
691
694
686
641
624
607
597
611
681
808
831
827
861
889
872
756
771
722
667
709
783
783
827
837
813
784
702
669
657
692
692
719
757
802
829
791
793
818
810
808
856
867
823
841
835
825
753
695
681
664
633
627
631
684
716
746
722
723
740
733
698
677
676
663
664
647
631
615
630
663
706
802
776
691
675
668
652
671
705
777
779
796
804
832
840
852
877
859
825
745
835
838
771
849
839
787
825
858
809
841
865
778
699
669
618
596
605
637
768
796
876
896
902
878
830
770
810
873
879
888
847
871
895
865
842
854
833
733
700
754
859
874
792
712
770
826
859
865
854
843
774
761
793
821
727
754
812
851
861
855
781
830
829
837
821
756
824
835
815
775
825
877
875
840
704
706
676
728
738
667
635
601
700
714
672
670
644
620
624
650
646
664
668
679
679
684
688
717
743
738
738
738
727
698
741
781
800
804
723
755
757
780
771
711
743
731
747
773
729
746
728
678
694
715
716
707
663
672
655
657
633
659
665
683
667
633
654
689
706
712
699
660
688
679
703
692
661
696
709
727
722
687
725
736
753
702
728
741
747
742
682
700
674
680
659
665
726
807
814
722
774
771
792
774
692
708
758
758
789
738
729
784
764
791
756
725
765
780
788
761
742
762
754
749
680
734
741
744
751
683
682
667
653
628
601
611
639
617
649
651
679
696
634
653
669
681
689
693
651
666
690
704
714
733
671
681
703
710
732
762
693
732
757
764
777
719
692
741
734
723
708
653
695
702
729
750
706
672
709
705
708
644
648
647
676
698
743
718
744
736
739
743
678
728
707
720
734
666
721
727
726
721
688
744
737
742
738
715
664
666
643
642
606
584
607
643
718
757
771
678
693
725
733
751
744
665
698
722
771
801
808
734
772
786
799
789
791
698
749
724
745
786
771
700
788
758
763
696
717
710
716
668
663
651
668
688
647
637
632
655
644
623
643
655
670
695
659
691
688
650
657
673
692
665
657
714
684
672
637
640
633
643
677
670
681
688
690
682
653
634
649
644
607
627
681
655
726
742
794
795
767
767
690
758
773
776
782
757
665
681
687
736
781
806
794
769
781
805
748
702
655
624
616
601
588
591
585
571
594
606
661
739
759
718
678
688
714
740
743
743
729
694
700
715
722
749
690
697
724
771
829
785
730
775
772
776
743
689
720
710
716
729
704
714
742
749
738
676
741
754
693
782
801
781
718
767
796
784
707
736
748
722
683
635
619
636
613
609
614
613
619
589
620
649
655
644
682
689
669
652
623
617
600
607
634
635
652
678
673
663
629
637
643
688
720
735
752
809
839
799
722
785
792
790
767
702
735
754
795
811
617
606
802
854
823
770
833
829
807
723
746
746
765
758
742
792
819
832
820
841
847
840
799
833
819
813
799
735
789
816
819
795
774
831
832
742
766
730
694
719
672
690
723
697
777
823
875
767
699
769
760
777
795
735
770
774
804
789
719
765
775
809
801
720
748
729
749
701
719
737
771
816
792
735
772
770
780
735
729
774
821
818
756
813
829
824
806
702
716
699
730
780
725
819
823
860
771
774
748
719
670
614
632
635
710
724
788
756
715
799
788
787
673
705
645
614
588
601
605
617
688
754
819
804
716
700
707
707
684
660
627
630
635
673
725
726
685
747
749
798
799
807
739
723
709
715
716
703
688
740
771
755
710
779
783
758
725
779
764
781
711
716
736
768
770
733
738
796
813
839
771
819
831
838
828
741
795
802
820
787
721
762
760
733
644
658
633
664
641
693
708
734
724
691
731
736
734
686
727
680
652
606
597
625
648
625
657
748
841
832
758
771
821
805
791
705
797
797
810
708
722
767
819
833
816
720
772
790
807
775
709
778
817
832
826
729
766
816
820
804
734
731
745
766
764
756
728
760
781
774
787
693
767
772
781
777
696
765
761
767
665
705
711
742
776
688
768
761
750
688
645
627
676
720
723
728
749
722
695
668
649
630
609
594
585
595
622
604
600
689
818
793
794
839
816
815
835
827
835
828
741
789
777
764
779
699
706
707
717
757
784
774
707
754
777
776
798
797
783
747
729
714
752
778
711
724
745
801
799
704
751
773
779
786
724
736
744
763
779
753
716
757
758
770
748
735
686
717
738
792
818
786
775
798
798
786
756
759
793
843
834
791
747
799
825
843
771
773
758
805
836
742
766
770
818
798
756
776
783
784
711
772
754
765
722
685
761
758
797
795
755
832
826
808
729
774
772
806
829
784
792
790
819
812
792
822
805
807
758
806
813
816
787
833
767
700
723
679
674
657
666
686
721
704
677
704
714
708
697
667
706
696
715
706
658
709
711
744
707
659
721
715
738
661
727
718
729
707
658
705
693
702
649
641
621
593
607
700
752
748
686
722
727
735
669
653
648
688
761
767
708
788
810
808
774
732
758
769
767
769
704
770
759
746
738
689
756
775
808
761
688
697
650
646
624
597
615
609
658
734
730
700
715
640
624
620
640
611
591
596
597
620
630
651
612
599
607
632
657
666
694
698
700
702
696
658
645
657
702
756
792
716
779
802
820
831
766
802
807
815
811
784
702
733
738
767
778
731
804
813
819
605
845
854
836
792
761
801
814
761
688
711
703
727
703
739
792
826
746
791
814
814
760
811
813
818
739
798
816
816
721
778
761
728
699
737
784
707
787
793
779
728
810
776
776
699
762
752
763
779
735
814
829
837
752
824
828
832
744
796
780
818
771
717
774
793
805
771
838
837
841
713
727
696
740
735
681
749
768
804
726
836
896
813
756
816
811
746
713
734
702
704
693
723
729
724
745
749
728
746
685
680
686
735
753
710
772
797
827
752
790
801
802
737
724
743
760
805
770
809
813
810
741
782
777
786
796
705
761
732
799
716
714
740
737
684
682
673
628
613
659
699
645
673
661
686
697
672
722
704
702
646
651
639
646
659
622
652
686
729
762
674
715
765
781
768
713
769
752
787
734
714
753
737
731
662
690
680
675
648
657
689
712
727
673
737
747
764
746
707
771
769
777
736
704
739
744
687
678
729
724
730
706
686
659
622
607
594
622
651
743
771
718
748
782
778
813
777
729
808
802
828
827
795
727
771
753
756
664
691
716
778
711
724
787
847
817
732
814
838
847
848
773
848
842
811
737
847
872
793
702
770
746
760
794
739
779
782
771
715
738
778
819
849
768
841
839
852
747
735
728
723
734
683
734
778
819
825
731
813
824
834
745
803
779
793
708
786
791
819
770
724
772
822
831
790
719
804
810
826
760
816
822
837
764
796
807
798
740
733
792
827
856
765
848
830
814
711
754
742
781
789
828
873
813
714
718
694
694
746
736
693
688
683
673
638
643
644
647
637
624
625
627
617
610
644
699
735
746
775
771
752
800
793
801
793
734
790
788
831
846
814
712
775
792
815
824
740
841
854
852
727
816
779
788
734
686
744
796
828
722
767
841
833
834
733
793
771
771
722
803
803
823
775
762
785
777
778
712
813
791
808
758
699
729
692
695
664
617
625
647
721
741
780
742
700
751
718
687
644
660
667
684
670
651
701
771
816
835
814
748
803
794
794
702
750
751
754
712
665
673
684
710
740
697
718
720
734
713
688
708
725
707
654
663
607
617
637
661
663
681
692
666
700
695
698
700
691
688
712
743
701
664
733
744
758
736
662
690
710
738
764
779
721
734
756
800
791
705
759
742
747
727
664
739
758
781
776
710
826
818
809
716
774
774
763
682
737
754
815
797
725
835
828
804
729
801
820
845
837
789
854
846
823
723
754
756
796
797
735
801
804
805
731
818
810
830
758
731
794
771
784
712
772
775
816
796
712
763
784
793
757
742
792
825
790
699
714
702
741
695
707
709
748
746
687
676
686
716
726
746
697
717
722
738
733
665
685
705
737
762
714
647
625
604
618
711
702
668
655
743
781
768
778
776
769
775
737
744
754
765
783
801
801
805
779
795
788
813
804
743
794
789
779
759
704
728
727
739
756
732
747
752
783
778
742
748
754
742
756
719
729
724
744
740
703
743
737
749
707
695
708
729
730
757
672
737
718
750
748
683
766
765
799
791
712
736
766
777
776
718
722
726
735
761
719
773
775
781
773
707
752
722
739
674
724
729
721
664
693
727
773
790
729
786
784
776
772
712
770
759
765
707
744
753
764
776
689
725
733
759
708
656
690
712
739
767
703
751
765
770
777
716
726
745
732
738
703
728
785
771
755
695
756
766
767
688
728
728
745
748
672
695
721
761
780
707
715
740
765
779
775
702
772
747
710
651
668
670
661
642
610
606
598
621
643
687
717
700
682
721
736
758
711
681
704
696
718
666
678
666
707
688
671
742
741
744
669
690
706
729
723
647
684
689
704
739
672
690
712
713
721
675
729
774
761
756
674
700
724
732
751
678
691
726
729
745
667
716
727
764
761
691
756
766
726
739
787
793
764
697
752
708
713
657
660
686
744
784
732
774
829
839
816
753
800
799
800
704
766
757
755
698
689
729
763
749
702
741
769
800
761
811
833
780
775
793
793
729
720
732
773
775
704
751
760
801
723
774
770
772
692
696
702
732
686
688
735
774
810
699
757
802
802
748
764
777
795
772
699
766
768
752
700
729
747
786
766
715
727
747
767
691
771
755
816
713
808
831
797
706
705
729
735
680
677
738
761
685
630
638
598
569
559
568
551
541
554
558
563
555
561
550
553
569
584
569
563
560
557
558
544
531
526
521
518
542
573
639
623
602
674
810
854
848
752
827
846
861
856
779
845
892
828
725
751
730
759
772
724
670
597
580
616
768
786
833
837
863
820
681
709
669
656
664
674
691
695
702
681
669
615
593
575
590
613
650
648
694
701
621
611
615
630
646
635
615
599
595
599
618
626
621
617
610
584
562
556
554
562
569
595
604
640
656
674
672
675
629
644
628
633
627
627
623
635
621
626
625
604
552
540
564
669
786
756
746
768
771
762
762
763
728
687
652
610
619
622
682
768
757
751
739
724
697
624
591
585
603
646
714
764
776
782
763
747
737
725
696
639
608
592
611
602
591
645
716
773
766
744
738
731
726
705
625
621
603
621
653
706
729
738
766
767
753
730
712
692
676
691
701
663
622
604
629
678
703
757
741
748
735
712
631
624
631
656
714
731
754
764
759
750
657
624
623
657
705
734
756
756
646
646
652
685
728
732
742
755
734
709
691
653
624
657
705
748
724
812
828
810
775
767
756
744
739
643
593
617
694
775
790
775
785
803
764
779
761
742
712
717
624
628
626
662
724
730
641
614
668
731
761
762
761
784
779
747
735
705
682
686
679
687
686
696
685
643
604
565
564
582
640
771
825
785
779
786
776
762
756
729
705
697
679
611
605
594
624
709
754
781
765
739
715
674
658
646
638
631
630
609
602
550
547
535
558
623
717
794
808
807
819
835
822
798
813
727
668
652
686
724
747
751
733
637
639
618
646
691
687
704
697
674
658
663
688
687
652
595
587
618
679
728
695
741
747
781
774
772
734
757
689
662
651
677
707
658
620
651
715
702
635
645
648
688
718
742
718
721
712
636
628
628
657
713
749
779
719
709
633
628
618
637
646
667
695
723
692
682
663
636
621
603
614
585
591
599
622
680
673
712
718
717
714
713
698
689
687
688
677
646
611
600
625
662
711
753
781
781
749
751
702
661
596
576
588
643
731
790
779
816
825
802
691
658
633
647
686
735
771
795
752
782
743
729
724
697
695
718
728
727
672
615
599
640
715
742
756
782
770
769
761
743
714
683
630
627
579
581
610
652
694
703
710
701
711
688
692
625
626
609
653
713
742
747
721
662
624
648
688
712
723
719
686
613
603
598
639
690
756
743
749
739
737
653
657
646
684
702
710
681
674
674
646
604
614
644
685
710
658
703
741
747
734
713
701
703
685
676
630
640
615
659
664
732
761
779
758
722
715
689
641
617
576
576
599
663
797
829
833
808
768
754
687
621
615
599
624
666
725
820
814
806
813
781
759
735
715
674
619
604
634
684
746
769
739
725
769
746
729
721
706
643
637
618
636
620
589
582
596
623
668
706
625
633
708
690
697
676
680
677
688
680
670
646
626
601
575
561
582
630
682
728
657
639
611
642
688
729
734
746
729
741
709
697
664
664
666
680
700
635
620
609
621
646
637
600
587
591
617
662
690
711
708
717
729
663
672
597
592
566
563
591
635
672
679
658
672
667
600
583
586
572
594
629
646
659
677
695
703
699
680
654
646
646
642
606
585
578
623
683
688
626
624
669
737
746
737
714
700
685
661
646
634
638
646
656
619
593
591
620
669
715
744
774
771
750
741
692
671
653
637
642
642
639
633
591
572
584
618
643
678
713
740
728
712
715
656
629
608
572
583
563
597
675
724
706
655
688
699
726
729
723
709
697
684
663
657
651
657
660
639
589
575
587
636
708
732
785
771
775
752
723
729
700
690
697
674
668
646
601
600
579
587
599
632
659
631
659
659
646
621
597
581
595
599
612
624
628
630
613
563
569
546
555
583
627
656
672
658
704
694
722
686
677
648
624
614
604
601
605
604
563
559
560
570
588
599
610
647
678
630
624
602
604
619
625
629
616
609
615
578
551
538
574
651
719
741
730
720
701
672
688
649
629
598
606
618
613
567
556
564
590
621
672
681
718
719
706
681
666
648
634
631
596
575
534
545
533
560
630
729
775
791
768
753
715
696
669
655
642
642
642
656
641
585
584
586
666
713
721
756
751
727
719
680
630
592
576
595
573
557
560
577
605
664
678
700
701
697
690
676
649
637
626
622
621
626
644
650
662
677
681
694
695
679
641
596
578
581
610
663
724
756
753
772
744
653
653
661
666
633
601
582
597
626
639
649
654
665
670
693
660
644
598
605
640
684
717
724
722
739
711
707
701
689
690
668
672
601
572
568
602
674
716
729
727
721
714
697
701
680
644
632
618
604
578
581
577
577
567
540
527
532
546
577
616
662
688
668
641
630
607
561
540
541
545
581
659
723
719
709
705
697
688
684
659
646
609
576
556
565
595
623
641
604
615
612
647
700
726
728
725
700
678
641
629
591
592
599
594
604
674
733
749
758
745
722
691
679
609
598
572
587
626
679
713
732
735
713
696
692
688
654
608
589
576
588
608
650
706
726
755
750
754
707
658
622
597
587
579
608
662
695
711
717
715
655
612
601
613
647
684
712
719
707
714
709
695
681
661
643
586
591
564
576
636
697
736
749
735
740
739
726
669
643
569
569
555
579
627
719
765
801
809
816
795
803
778
769
768
738
679
646
649
699
732
743
750
754
697
623
614
615
645
717
748
756
748
738
736
729
718
715
711
706
699
691
645
596
583
564
597
678
761
775
768
687
621
624
710
758
783
779
771
741
712
696
694
673
650
672
692
706
646
651
674
629
673
681
686
699
689
666
640
603
614
645
690
713
714
710
708
720
631
625
609
639
690
740
745
763
747
740
690
637
638
656
697
755
744
739
714
712
703
701
714
703
692
667
638
577
586
603
683
754
786
782
779
736
741
744
717
715
682
619
604
617
654
710
807
798
698
646
651
680
704
737
723
729
711
685
686
687
713
679
715
705
721
724
709
705
631
638
617
651
728
744
751
684
657
685
729
739
749
742
723
684
616
609
615
671
782
806
836
818
802
801
805
787
772
764
731
708
630
618
611
661
739
814
817
819
772
781
774
749
694
632
604
626
669
762
787
799
804
812
792
769
762
754
709
675
590
604
646
763
829
835
836
817
790
700
688
650
709
798
816
821
826
821
770
675
663
657
690
736
771
787
750
760
754
752
649
633
637
667
698
708
742
747
734
739
731
731
664
658
652
755
812
823
825
811
794
764
734
707
707
736
775
801
812
798
805
766
728
685
723
751
753
691
726
756
776
711
761
751
736
680
680
633
631
667
629
624
656
686
712
718
675
663
639
662
676
697
703
718
709
715
665
656
645
653
669
707
705
701
698
676
647
638
635
584
589
586
610
669
707
744
748
750
737
709
678
658
641
641
637
593
602
594
626
672
704
723
691
667
649
621
615
604
577
563
563
575
607
664
713
745
768
789
766
735
730
688
687
662
646
630
646
655
651
668
672
686
625
637
630
676
663
671
674
684
693
685
673
655
660
651
655
652
602
580
569
552
582
649
716
777
781
767
773
787
763
771
758
733
693
633
607
630
670
676
756
811
805
789
781
754
742
737
699
656
659
719
791
819
819
824
727
763
762
813
843
846
810
796
722
751
798
791
771
701
719
745
759
748
704
761
773
788
789
719
727
763
797
680
644
646
681
723
832
827
811
743
740
758
756
744
730
710
688
679
620
615
632
687
756
797
757
768
739
667
641
646
668
674
646
671
651
671
623
672
661
689
675
739
737
749
720
703
689
618
611
602
634
691
748
756
776
775
746
727
718
719
653
667
688
673
688
692
734
764
782
789
765
719
684
647
672
646
714
728
791
769
799
793
779
771
751
734
700
677
640
662
697
737
757
733
715
648
644
661
744
784
789
760
797
766
762
729
719
776
782
785
770
717
767
790
804
804
788
741
745
721
708
757
783
800
779
702
737
759
747
750
712
705
747
781
772
757
700
727
702
652
662
656
680
714
696
662
677
715
731
759
666
667
655
687
676
718
742
779
783
734
720
672
651
633
609
612
594
602
597
632
691
714
734
731
718
698
668
661
665
667
630
639
615
634
655
719
747
749
705
633
644
678
726
741
733
714
709
702
674
618
617
612
644
752
815
822
808
788
708
727
754
763
750
745
723
644
604
606
725
833
821
786
799
837
859
884
848
747
720
726
727
740
744
735
747
761
754
733
715
705
694
732
766
791
736
767
789
823
827
798
785
744
737
756
708
688
666
670
702
695
714
695
702
685
645
648
689
709
714
718
750
754
759
769
795
798
684
690
736
793
811
729
742
797
831
822
820
813
757
777
761
757
769
751
703
717
732
806
831
791
723
811
810
817
810
717
769
768
757
767
708
683
768
824
844
801
822
832
849
660
822
824
829
802
808
761
745
773
810
803
729
753
764
809
805
776
803
785
791
793
719
736
741
777
777
727
728
776
833
828
784
727
766
775
776
722
732
750
761
768
689
714
698
651
684
688
735
751
772
733
814
800
782
785
750
790
793
802
705
771
747
790
791
693
749
739
749
729
713
682
629
628
641
627
669
708
782
752
676
711
758
777
805
749
731
822
840
825
830
837
767
831
824
839
851
726
815
794
797
713
786
784
813
734
770
769
782
776
706
749
759
806
785
769
799
809
829
775
706
735
716
655
672
671
721
753
732
730
749
769
754
699
704
692
688
667
718
746
776
793
782
764
723
688
682
696
737
742
780
800
763
706
739
764
787
783
794
800
793
731
759
784
813
811
714
728
716
742
741
756
694
743
752
764
791
699
689
676
682
657
620
645
705
738
710
766
783
796
796
751
697
717
726
775
790
745
800
737
716
758
783
793
812
775
773
763
769
757
753
699
719
734
728
755
732
705
736
752
781
790
735
736
770
786
771
723
729
706
728
762
776
774
799
789
716
724
745
785
791
767
760
699
725
724
768
778
787
725
775
796
800
804
748
811
775
751
688
705
689
669
647
675
690
664
632
658
647
664
661
672
696
691
714
709
709
651
660
655
691
730
744
749
695
687
716
739
747
752
762
702
736
723
753
761
765
705
760
740
707
667
688
729
774
742
726
757
747
752
713
659
623
607
690
733
772
692
660
703
731
736
737
724
727
734
766
783
797
799
774
769
769
681
685
682
681
717
733
721
757
760
772
796
792
777
724
743
739
763
729
672
691
692
754
750
754
675
717
698
720
763
748
681
701
675
672
706
696
707
732
771
775
771
695
707
722
750
735
666
688
696
640
631
698
729
688
744
760
666
642
641
646
647
638
639
608
621
604
607
630
661
669
703
732
746
745
717
659
715
718
742
779
801
767
837
830
830
837
757
818
819
810
801
717
761
741
768
809
723
745
838
850
836
774
761
803
775
740
664
688
682
758
797
727
831
851
857
763
786
795
809
794
713
771
744
779
764
688
762
768
823
785
738
795
786
799
746
705
775
780
781
711
773
830
837
837
777
841
825
792
697
707
645
629
604
610
633
692
750
781
719
726
740
753
750
723
709
690
691
719
753
761
771
773
729
779
807
809
789
724
749
760
815
818
752
719
734
732
766
755
705
738
733
751
762
728
699
727
764
773
738
688
708
720
772
798
732
739
745
757
763
699
696
703
736
762
701
730
741
750
746
709
771
762
798
728
737
736
773
758
706
758
785
827
830
748
782
782
790
787
722
731
757
803
808
739
709
740
765
762
716
676
687
714
768
805
744
726
749
741
715
646
632
621
621
637
658
759
796
713
756
793
804
774
697
711
776
759
785
788
728
792
812
837
828
814
725
807
806
807
838
783
737
803
789
786
762
693
724
733
750
742
671
643
632
672
731
796
808
786
710
719
744
772
784
791
774
763
711
774
807
803
803
755
729
790
796
756
694
749
706
645
627
644
688
738
762
765
777
749
729
710
724
730
739
742
741
762
749
713
698
717
730
753
767
697
747
759
764
754
699
758
749
741
710
773
831
849
755
816
802
787
793
718
664
638
657
712
742
711
646
615
590
574
651
657
723
790
809
825
827
806
763
720
697
621
604
613
669
744
803
792
815
797
772
752
760
723
755
745
769
813
646
634
604
795
814
824
837
786
796
752
741
749
694
698
735
743
778
776
681
749
737
753
746
675
701
703
702
706
691
646
653
670
697
705
726
680
682
729
723
758
758
687
672
701
686
723
675
690
751
771
688
706
767
746
674
697
710
674
636
657
652
593
596
621
587
638
624
625
604
608
615
617
597
610
605
590
594
599
606
581
576
572
571
572
563
564
564
567
577
561
580
582
597
613
593
575
579
572
576
559
567
580
605
622
612
606
620
631
659
679
635
646
657
644
609
621
610
618
621
600
617
638
679
696
722
667
714
714
734
734
720
634
646
657
684
692
624
645
669
712
705
679
726
779
824
811
737
813
810
697
770
720
722
653
682
700
725
764
759
686
750
752
701
725
721
636
657
636
670
689
722
720
697
675
657
626
612
571
578
586
606
627
625
619
606
597
576
550
533
545
551
530
537
538
563
581
601
628
588
598
580
584
611
647
663
663
667
603
614
580
584
596
597
565
579
566
563
587
597
622
646
642
628
622
609
595
586
560
554
549
565
601
646
679
648
643
631
650
676
680
673
665
648
631
624
610
602
567
563
563
572
643
667
618
638
645
665
680
687
677
654
611
586
566
549
547
565
590
581
573
560
567
579
576
579
596
605
621
601
596
570
575
598
638
676
703
721
658
651
668
687
703
614
631
621
651
695
757
746
742
730
673
639
603
608
647
686
704
680
730
709
692
655
676
701
720
729
706
663
622
604
591
602
682
812
846
826
826
797
771
731
711
671
631
607
591
603
663
649
650
651
681
690
704
715
736
747
708
684
710
762
791
755
763
767
817
803
804
715
714
759
802
789
711
714
768
764
765
687
678
702
741
771
727
686
649
661
694
701
657
673
688
732
770
724
754
749
718
756
770
769
755
690
688
695
664
668
672
720
748
765
724
677
629
657
711
670
705
737
756
781
794
712
659
640
611
898
807
847
829
846
816
822
802
801
805
820
805
815
805
809
805
802
805
795
795
745
700
696
664
664
691
710
654
704
718
729
729
693
714
711
729
745
733
687
690
708
723
738
702
723
725
707
719
749
784
787
713
724
726
710
690
645
658
651
607
599
655
700
759
722
740
742
715
650
682
692
723
745
774
727
772
765
765
732
682
735
760
769
740
679
694
646
696
738
745
692
756
729
726
758
766
743
690
659
608
590
609
633
700
735
727
694
682
679
689
723
689
663
614
604
597
586
582
585
582
575
556
536
526
514
508
506
512
531
667
765
741
772
823
860
856
794
821
813
794
785
760
724
708
688
705
725
670
614
649
727
809
774
732
742
750
731
696
669
625
609
588
625
618
653
637
606
585
580
582
675
811
770
771
801
826