664
689
710
679
688
724
745
701
703
658
630
613
624
590
594
600
597
597
608
592
589
573
552
544
636
530
832
675
692
710
702
638
670
691
723
685
695
688
678
650
667
699
638
679
675
690
705
721
735
747
715
645
639
638
659
703
744
760
781
791
784
721
662
632
651
638
662
639
667
661
761
768
717
688
776
767
746
687
658
659
680
712
728
694
695
696
663
640
623
639
619
649
676
666
698
711
706
683
698
701
704
694
662
660
678
655
667
633
659
657
686
640
680
687
633
692
671
679
646
620
599
620
663
676
695
684
659
626
608
600
593
617
659
686
706
723
731
753
765
767
758
646
636
620
654
680
730
647
642
714
743
749
758
749
716
652
659
703
653
679
722
769
787
785
765
775
767
743
720
698
681
637
637
715
811
844
765
846
718
714
789
838
802
684
710
714
766
733
648
676
673
729
701
649
631
629
638
639
639
646
640
637
635
633
630
629
600
592
586
564
566
572
599
657
731
735
681
674
759
766
766
755
685
740
754
755
680
693
738
776
743
718
712
678
610
646
616
644
629
649
725
755
782
735
778
711
738
754
693
699
714
750
761
780
737
724
725
685
653
628
604
604
614
584
646
673
785
815
804
809
726
841
859
830
715
760
757
691
753
763
795
838
672
706
690
702
730
767
704
747
746
768
760
743
729
762
747
745
703
769
824
782
724
773
741
662
657
702
723
675
652
710
743
717
664
729
724
702
655
697
697
719
731
687
715
720
709
694
687
673
706
712
689
630
608
596
579
600
680
700
682
693
734
751
755
756
755
738
659
643
625
648
617
622
616
614
638
650
672
642
635
671
684
615
649
620
622
622
625
620
617
614
597
561
564
552
563
592
593
589
658
708
655
619
596
628
868
732
727
722
674
689
724
726
729
754
762
771
804
780
729
779
814
756
781
782
794
710
753
681
712
756
774
779
774
762
729
713
641
676
684
697
732
766
771
795
816
774
794
806
771
739
753
729
689
691
746
785
778
767
737
790
776
684
761
771
783
747
683
740
700
648
632
634
685
752
785
811
789
778
778
707
735
743
743
737
756
712
813
751
741
776
768
714
730
665
676
648
701
712
685
682
674
659
616
646
627
639
652
588
644
604
563
570
561
581
611
638
640
639
652
590
609
593
604
628
663
683
707
699
692
666
643
638
662
621
623
620
644
626
670
699
650
651
637
631
608
574
585
571
580
605
611
639
630
641
634
622
597
590
588
578
571
568
564
543
540
536
538
572
608
646
636
632
639
659
686
656
622
592
566
548
531
530
533
526
550
675
822
818
850
869
889
866
856
743
671
666
748
831
852
867
883
792
798
817
827
845
834
799
688
620
611
639
701
735
663
664
780
708
816
805
791
765
709
727
719
688
689
688
689
659
639
673
748
809
766
693
804
813
786
794
712
784
803
800
750
705
762
766
794
781
705
778
806
792
732
729
736
729
688
714
730
772
662
705
710
665
702
727
732
677
635
622
632
644
683
642
613
641
689
705
708
736
729
718
710
702
749
730
726
719
760
775
744
696
771
825
766
697
716
668
696
672
662
693
719
692
685
769
784
780
693
775
777
782
729
757
782
709
703
751
764
757
734
790
801
726
792
807
815
771
823
824
762
813
834
828
801
787
717
775
740
703
717
633
692
644
636
600
588
581
607
618
627
613
591
602
641
674
732
675
714
760
715
698
749
743
689
758
775
780
721
712
769
792
788
738
790
789
718
771
759
686
645
637
637
903
824
825
810
781
709
712
690
639
621
687
745
746
780
801
797
807
787
759
781
800
798
811
747
805
831
841
804
756
819
828
822
746
806
826
827
752
757
754
770
714
727
794
788
744
775
801
813
722
755
789
806
720
771
788
777
724
764
800
792
757
734
708
692
747
765
754
682
711
720
687
628
643
697
688
726
702
712
636
638
679
718
728
695
711
745
746
736
698
756
734
694
744
739
757
698
644
621
625
660
716
758
780
747
714
747
731
704
736
704
727
699
648
703
726
709
674
762
799
724
673
678
753
798
791
796
747
776
767
763
780
772
719
759
767
773
754
679
713
735
743
739
724
791
794
782
715
768
762
779
688
718
719
762
705
676
703
671
689
780
825
755
769
794
800
784
715
749
757
773
747
783
821
826
763
725
773
799
776
690
778
773
785
718
747
767
768
757
703
765
771
792
690
722
736
756
726
675
742
758
756
713
730
746
765
732
688
738
754
730
686
740
751
781
719
732
750
769
702
713
741
759
732
716
754
761
701
744
745
713
671
717
753
786
682
719
749
767
715
717
768
790
763
694
757
747
748
694
723
753
745
736
675
728
723
721
672
712
758
775
779
703
738
741
740
720
685
732
725
749
722
759
775
813
764
745
791
806
746
712
784
768
752
695
746
756
736
703
768
767
707
686
749
758
746
685
734
753
783
684
645
643
618
577
597
649
694
638
666
699
674
644
624
629
658
683
654
674
663
655
628
612
590
583
568
571
560
553
562
573
589
589
564
575
603
637
652
602
593
622
642
632
644
610
620
632
661
661
621
654
688
711
723
647
687
718
729
729
686
706
742
762
751
682
724
752
797
773
702
774
824
826
763
786
808
813
740
761
796
831
845
751
785
785
754
689
780
787
772
688
755
767
759
679
722
742
719
646
692
702
726
685
662
699
700
704
659
688
695
679
641
682
688
683
631
672
712
767
756
709
749
772
780
685
663
717
741
762
732
699
701
665
658
629
610
632
671
709
703
693
668
718
740
730
689
773
759
773
765
705
707
716
710
724
715
685
728
739
765
734
696
766
695
668
686
699
746
768
749
793
770
782
770
710
802
804
799
762
802
778
783
729
704
701
710
735
729
759
720
751
675
694
675
644
740
769
748
703
763
763
755
751
694
702
672
680
686
652
714
755
758
738
743
745
761
761
750
726
693
709
722
766
701
687
759
779
805
781
742
794
789
776
693
731
723
728
685
644
613
609
700
789
846
860
859
868
835
826
807
787
781
813
784
831
833
779
798
807
794
759
763
783
811
819
762
803
804
800
725
746
759
780
712
736
783
802
818
726
784
802
813
743
757
801
827
824
763
752
763
796
795
745
764
779
786
803
755
787
814
788
751
785
777
791
691
737
734
757
738
700
765
763
772
721
717
757
758
760
692
750
753
729
680
712
699
720
688
730
742
780
764
727
767
764
778
722
698
684
651
615
642
695
668
719
766
830
744
745
803
818
816
701
746
738
757
753
732
759
759
702
748
783
782
718
754
729
684
725
713
735
693
770
783
777
739
753
749
725
675
671
709
698
729
699
703
749
777
759
711
720
729
734
712
665
698
737
765
787
703
725
780
790
776
699
715
762
750
698
666
686
728
743
721
682
646
677
726
665
746
738
743
674
729
731
774
803
715
729
746
757
692
753
756
783
758
810
818
825
769
802
799
798
803
729
774
676
646
682
678
698
733
704
754
759
763
716
656
685
677
693
736
742
822
846
830
837
729
753
759
795
818
834
813
816
822
728
712
740
739
648
666
660
681
717
738
740
656
650
640
666
696
707
614
639
624
637
653
693
717
715
680
599
626
588
586
612
640
655
662
644
620
603
525
654
605
626
679
698
719
722
702
702
679
604
604
587
601
624
629
672
682
702
663
643
609
618
669
618
628
612
647
712
769
746
769
733
658
649
676
693
715
736
788
767
762
788
749
749
737
721
622
638
634
689
742
758
813
808
820
801
794
650
643
654
702
799
780
781
796
822
812
802
775
718
676
667
661
604
619
642
661
632
609
615
684
733
768
761
748
747
731
701
686
620
650
616
668
725
742
778
657
682
670
725
743
765
757
731
774
785
777
789
769
781
781
768
790
674
660
694
636
628
624
647
703
764
784
779
811
799
750
664
652
678
680
700
723
744
751
736
715
673
696
709
718
709
724
710
623
651
627
664
699
723
715
695
657
657
722
771
806
813
809
768
800
824
800
813
813
728
788
793
763
689
756
748
784
813
756
732
772
773
803
807
803
760
691
724
726
759
790
753
733
795
820
821
822
817
703
758
771
779
792
741
722
772
770
784
718
743
779
794
773
705
770
739
774
708
651
656
695
760
723
683
806
822
843
777
792
816
820
775
733
658
641
608
647
635
644
658
696
677
688
697
647
623
616
608
614
619
608
600
609
624
608
619
620
618
593
584
601
634
651
665
724
742
739
745
748
709
674
704
717
735
643
636
705
875
851
858
869
866
875
868
811
784
669
692
684
695
654
660
651
640
655
679
734
780
751
726
722
777
780
778
784
788
782
795
789
775
743
773
799
794
742
734
753
782
796
739
745
759
794
747
687
697
774
789
783
707
732
744
755
768
748
666
649
638
746
851
844
867
859
845
830
803
804
787
782
775
747
737
761
735
725
806
818
839
828
811
798
721
736
746
756
754
688
697
677
628
641
685
647
654
706
718
767
745
681
711
724
734
729
682
685
703
745
739
711
688
724
715
747
754
695
759
741
774
753
698
751
769
772
719
682
736
729
729
692
688
705
709
711
673
731
727
746
737
675
722
722
736
712
681
729
735
733
698
711
742
740
725
686
728
728
740
706
710
727
752
720
683
747
730
740
673
714
719
722
681
730
710
726
685
708
736
747
670
674
716
752
762
707
691
740
744
735
659
678
653
610
625
683
687
661
673
728
736
751
703
741
757
745
694
701
773
758
768
688
740
762
760
728
685
757
747
774
705
749
757
761
766
696
708
753
777
779
728
746
757
761
729
682
746
742
749
698
726
729
770
768
700
747
775
750
693
694
716
735
716
682
756
798
790
721
681
726
715
724
668
688
687
661
608
626
610
655
643
617
662
674
636
634
643
621
584
581
612
610
624
695
754
788
810
803
805
745
769
792
805
813
766
714
778
759
795
747
660
685
682
717
721
663
742
786
826
801
699
755
766
801
809
809
716
765
778
812
823
827
771
830
830
839
818
727
790
812
820
825
748
815
843
852
755
694
744
756
772
776
696
751
776
805
824
757
706
744
766
759
730
688
691
734
777
805
795
739
781
791
794
677
734
728
754
769
727
676
684
701
681
662
622
636
681
709
696
674
728
767
782
796
716
730
723
736
742
702
716
751
794
799
754
775
790
799
818
806
740
790
794
814
813
769
689
721
747
779
766
690
762
806
834
756
704
800
792
783
725
754
771
786
764
702
775
804
795
753
687
733
751
792
791
745
788
810
845
833
820
759
818
819
803
780
703
761
783
806
795
740
766
792
809
828
779
813
836
850
851
757
804
837
827
837
767
786
790
778
725
698
788
815
835
759
819
773
695
724
702
673
645
696
749
674
736
761
771
776
698
729
762
734
718
666
664
680
706
728
752
712
738
778
788
780
751
703
736
761
802
780
730
702
756
786
785
712
806
813
745
751
822
839
824
803
767
800
806
804
805
710
775
771
796
800
796
719
767
762
795
772
756
715
733
743
771
788
755
759
787
785
789
736
763
748
672
636
613
632
848
796
706
729
821
821
823
836
841
822
828
820
815
754
729
712
699
697
673
646
675
668
664
619
608
599
586
577
561
564
629
701
694
633
672
750
770
786
791
797
810
801
770
691
786
821
768
763
842
881
883
869
771
872
872
873
866
818
796
820
875
881
773
699
742
768
837
848
764
851
872
864
810
807
797
790
775
700
730
735
740
738
684
771
797
839
862
851
770
801
828
825
819
755
732
778
796
832
825
760
758
786
788
684
668
631
620
594
583
606
596
585
587
580
597
632
696
677
644
701
728
737
761
727
675
685
694
739
760
754
690
790
822
847
808
711
787
814
856
864
786
787
817
854
824
823
744
788
808
841
836
774
752
784
813
810
794
727
723
750
779
793
771
736
796
818
805
804
759
776
788
802
805
758
787
828
839
806
729
719
727
749
771
707
684
719
739
782
728
763
785
795
790
720
774
772
783
772
716
760
759
793
778
722
753
751
729
678
729
745
781
789
717
757
763
763
744
692
720
703
688
642
674
665
625
642
711
722
664
719
754
759
706
695
751
771
758
650
627
629
616
614
620
612
609
659
753
787
806
819
820
840
819
810
811
759
769
809
829
838
795
745
850
854
871
821
778
848
855
838
774
809
806
800
739
795
812
853
810
744
809
805
802
722
778
817
772
674
694
692
664
639
630
619
605
592
579
582
606
673
663
624
679
688
626
652
686
725
736
712
672
740
790
821
817
758
741
718
755
762
694
750
749
792
800
712
764
786
793
748
700
756
737
722
710
666
634
626
616
662
708
783
751
697
811
841
847
743
824
817
806
728
806
820
812
727
792
768
718
735
708
699
732
765
756
696
753
735
674
652
645
671
729
726
752
798
756
781
802
804
792
733
718
781
808
842
817
724
782
790
820
792
746
816
854
818
753
740
765
750
725
672
740
765
799
729
721
766
809
813
719
703
725
716
703
655
699
704
729
676
696
708
669
683
706
737
731
685
682
622
607
595
602
606
616
630
654
653
605
574
591
597
611
629
631
637
612
602
582
555
563
568
604
642
688
629
646
642
657
676
729
735
747
749
635
649
630
639
688
714
742
667
671
661
694
703
717
739
659
622
613
622
647
690
711
750
714
668
650
644
691
711
694
701
674
603
621
627
597
608
617
658
688
714
732
788
784
768
766
654
657
668
679
658
647
653
669
610
620
617
650
706
738
733
694
643
621
622
595
598
618
604
587
612
597
579
565
569
581
601
627
680
696
699
646
650
616
597
576
538
544
537
534
553
583
620
663
673
613
602
607
615
624
636
610
568
560
545
561
588
617
653
682
703
703
691
669
638
615
625
652
708
730
721
618
631
647
670
688
714
731
625
644
651
668
685
704
727
734
727
707
702
712
720
706
727
695
651
633
672
720
707
739
736
749
723
718
701
614
620
622
641
694
698
633
641
673
713
743
747
771
752
760
779
729
658
662
613
630
651
653
669
637
668
603
636
639
645
649
632
685
717
727
755
751
632
641
619
638
685
742
758
800
806
809
786
677
680
648
684
708
745
780
768
737
761
732
727
628
643
619
643
698
741
731
688
717
729
722
679
618
620
609
614
617
661
686
676
700
705
723
711
711
714
628
616
608
596
580
603
641
623
636
645
690
711
732
726
698
684
619
621
629
655
688
703
729
692
664
652
644
638
617
664
670
675
682
730
742
739
694
700
693
693
673
684
684
691
702
621
627
613
640
659
727
720
753
713
770
777
773
764
770
733
736
729
714
710
712
714
680
626
595
594
637
737
814
805
806
824
811
823
801
786
777
772
741
731
646
636
659
717
767
762
769
795
659
676
717
751
771
759
755
763
725
724
721
647
673
655
719
727
738
753
729
683
672
645
688
671
623
634
650
686
741
760
767
758
743
743
732
705
680
647
610
576
597
606
686
798
804
826
821
817
749
721
698
760
734
729
723
754
780
767
757
760
634
636
610
631
668
725
780
771
777
751
698
702
711
725
718
746
729
676
664
674
679
685
694
720
636
621
661
722
818
760
760
750
671
656
632
607
611
650
724
758
783
762
720
743
765
724
678
670
681
678
671
665
646
636
618
626
660
698
715
721
734
729
714
714
695
616
625
591
599
631
672
766
778
786
815
671
702
679
704
735
752
750
761
771
781
760
737
729
721
635
647
635
663
704
737
728
733
729
725
720
651
632
593
607
599
675
770
811
805
799
778
749
772
729
684
639
663
679
726
747
687
689
725
739
709
685
667
657
648
633
621
622
616
576
570
568
581
626
665
681
695
603
646
656
667
646
650
677
688
688
691
689
710
641
648
616
626
651
690
620
626
636
687
721
751
744
742
729
713
716
714
678
624
614
634
676
721
745
780
811
803
769
757
730
713
700
683
710
712
713
497
744
601
662
684
709
755
780
777
751
768
742
670
646
668
701
760
761
774
788
771
753
651
659
629
663
646
642
619
688
756
780
767
767
700
673
644
669
703
736
737
777
792
785
768
751
648
656
684
727
729
720
725
739
640
654
664
673
687
715
697
703
711
702
705
706
613
640
594
617
657
676
701
715
740
736
753
743
746
688
645
595
592
585
629
734
802
809
838
796
820
812
800
813
781
729
693
668
731
770
682
671
672
726
664
657
694
706
739
730
765
765
777
746
744
733
717
625
608
638
620
648
666
677
705
686
669
688
669
643
597
570
576
582
609
637
663
685
702
739
734
709
631
634
617
617
651
659
666
677
706
701
709
716
722
693
687
692
607
616
595
618
639
659
684
693
693
683
687
632
626
604
610
630
622
637
649
672
643
672
665
620
615
618
677
694
692
620
614
605
624
650
688
699
738
669
673
671
737
773
791
790
787
785
793
781
688
721
735
743
715
624
628
651
676
646
677
708
737
770
801
785
773
753
723
702
681
645
604
592
590
618
658
676
734
799
811
830
780
793
774
748
715
691
688
680
689
666
641
583
573
572
601
640
667
762
788
788
812
842
823
818
799
792
771
753
711
707
675
627
625
666
727
784
786
821
813
812
670
666
686
688
707
735
724
738
684
653
652
675
719
643
661
662
630
665
668
694
706
738
734
732
749
733
722
706
683
697
688
701
679
689
662
602
612
604
642
698
757
790
799
813
811
821
797
695
680
652
665
705
733
760
772
678
658
663
684
693
698
662
637
614
628
630
596
610
655
706
739
737
728
736
754
732
702
657
644
691
752
769
727
770
773
785
767
680
702
745
766
750
670
681
671
713
765
761
790
802
678
680
727
725
733
729
723
718
738
758
761
748
738
643
633
619
641
700
756
790
797
795
782
781
757
743
741
716
720
702
697
723
657
631
653
636
605
606
647
688
717
768
757
765
791
774
779
782
777
772
755
755
757
691
655
627
663
721
771
776
784
783
785
688
684
688
697
731
635
658
671
703
729
763
774
761
759
734
684
643
665
688
730
719
671
681
718
711
765
762
800
795
776
755
762
707
672
635
583
576
595
663
757
843
842
860
864
869
880
851
870
856
782
676
652
682
714
754
803
811
818
799
807
758
786
771
752
639
644
623
670
727
809
819
823
820
813
823
789
743
661
637
642
685
736
746
777
806
705
703
757
752
728
747
729
652
633
646
672
684
688
709
711
708
721
644
624
628
646
680
701
727
663
660
645
687
729
760
686
706
707
729
698
755
767
762
782
666
659
611
647
707
758
786
784
791
811
778
695
660
662
672
729
772
772
803
808
806
692
698
713
726
772
770
776
774
768
660
661
676
719
745
756
762
651
658
637
658
698
740
731
775
771
761
754
689
628
601
590
628
706
759
734
748
738
708
657
624
602
618
636
658
705
721
733
646
636
635
654
684
723
735
757
770
756
751
705
642
614
617
634
656
691
736
791
810
810
697
688
703
712
735
735
743
718
753
754
785
794
779
688
653
624
640
712
771
843
824
822
714
697
721
760
749
739
711
656
652
646
643
651
652
668
693
733
740
731
716
706
677
676
665
604
611
601
621
597
621
647
675
679
703
674
690
715
717
743
735
661
630
627
598
600
680
745
805
823
820
823
813
825
812
815
782
762
771
777
803
793
797
765
687
728
752
813
825
821
817
810
797
750
739
656
643
647
706
782
806
819
822
813
802
809
795
770
806
827
837
828
823
766
814
838
810
765
825
812
761
706
758
756
705
656
649
683
717
757
730
761
802
788
757
722
784
777
771
729
818
804
791
797
811
762
766
732
745
709
697
734
734
700
710
741
775
729
738
738
711
677
688
689
677
711
701
725
703
715
714
735
671
703
695
657
683
680
685
684
666
680
634
626
662
688
652
672
680
697
693
670
701
689
709
720
668
710
687
660
649
687
690
727
707
697
649
669
666
650
648
619
649
650
682
723
772
765
797
764
753
778
743
727
724
718
702
703
715
756
771
704
716
711
756
771
729
705
772
790
782
764
712
755
756
718
673
772
808
809
810
762
813
804
797
724
719
731
753
751
775
719
770
807
779
771
687
694
684
634
641
692
706
736
672
720
726
736
764
722
722
731
755
729
695
710
737
778
782
734
751
782
760
770
705
762
744
815
721
764
773
828
777
699
758
764
788
770
729
744
752
718
757
768
784
789
730
787
760
743
689
720
737
739
762
675
672
731
737
684
727
701
738
670
733
774
827
829
766
745
762
759
749
710
779
774
775
702
733
737
761
752
707
738
752
732
692
678
705
730
771
757
712
768
750
789
789
726
807
798
807
765
717
781
767
798
779
710
761
755
741
699
729
745
757
724
679
660
698
761
751
759
716
768
780
781
788
793
709
773
776
731
669
685
709
734
733
686
716
739
747
732
688
731
721
735
698
726
742
770
744
680
746
774
785
738
773
762
763
683
709
689
635
653
669
709
665
679
716
734
695
702
725
752
767
697
729
751
773
712
664
639
654
677
637
640
684
776
834
833
845
796
849
853
850
813
696
646
615
615
697
743
720
694
686
630
603
586
566
562
546
538
539
550
557
581
601
622
647
657
629
622
616
588
588
622
658
648
656
676
699
695
663
704
703
692
699
703
650
712
717
733
738
755
717
754
774
751
701
708
709
757
765
796
774
726
757
756
720
686
734
747
776
748
677
729
751
727
715
724
779
822
841
842
769
824
832
842
815
719
809
854
850
770
834
853
841
820
813
836
840
820
712
750
751
771
745
688
733
742
755
740
741
785
775
761
745
724
680
698
646
622
620
630
653
618
616
684
690
693
696
745
751
771
764
785
771
702
710
725
771
776
769
733
779
763
788
752
701
719
728
754
785
711
723
726
735
746
710
737
765
802
788
718
766
800
760
765
727
752
759
754
755
690
740
749
771
729
754
782
820
788
716
786
798
796
702
686
722
733
755
774
715
764
771
785
780
704
751
745
767
770
706
747
760
788
742
748
772
805
784
727
801
811
820
765
771
771
754
752
679
683
688
699
637
709
760
667
776
817
811
773
696
765
775
772
659
655
657
654
663
650
733
771
800
750
781
792
767
676
741
739
743
706
650
696
710
792
791
732
761
778
783
757
680
706
684
695
739
729
673
729
714
746
751
717
720
731
728
692
671
704
756
700
751
759
773
778
694
705
674
643
610
643
696
684
708
742
781
788
746
724
771
785
829
817
850
839
849
754
835
835
809
744
746
787
760
758
724
788
798
748
693
722
728
741
744
723
742
757
766
700
715
761
773
753
695
690
678
708
741
819
797
709
711
730
745
674
705
701
720
749
698
718
736
796
793
723
785
789
790
749
696
750
792
810
802
747
801
825
831
742
748
745
779
754
683
738
776
794
785
708
754
778
776
711
731
704
676
637
623
619
692
762
761
770
697
751
718
709
713
697
700
709
756
795
789
751
764
794
800
783
719
761
756
783
685
687
721
742
700
658
707
762
699
762
771
766
760
709
744
762
790
827
816
757
826
830
846
770
749
758
764
775
772
732
688
721
747
782
804
719
775
801
792
771
711
769
790
798
833
767
787
794
791
792
729
774
744
764
774
703
768
777
802
762
783
807
807
774
698
704
702
694
688
650
652
681
664
621
635
661
671
646
646
683
704
752
754
700
700
739
746
780
737
746
802
809
816
724
735
771
775
700
699
708
728
742
712
693
729
780
769
727
732
757
766
775
790
735
765
790
799
792
782
811
814
792
742
784
808
814
751
733
779
823
824
765
800
824
833
797
802
816
813
769
782
802
830
749
789
787
772
696
761
796
831
768
823
848
817
720
790
796
791
700
724
758
754
764
729
768
796
798
798
740
735
736
752
806
727
752
770
781
758
756
790
800
726
725
750
779
716
704
743
794
789
745
781
770
773
712
757
788
784
690
646
641
688
782
807
805
730
820
826
830
823
790
844
843
811
765
833
845
864
871
781
826
857
850
783
795
855
847
811
731
821
843
846
768
775
782
819
778
673
647
662
735
813
820
806
771
836
838
820
775
714
762
759
777
793
754
749
758
736
709
646
663
684
656
646
646
751
786
789
694
646
639
641
731
798
838
849
851
848
841
798
765
734
714
714
697
704
748
774
791
793
785
728
801
802
827
825
756
795
809
831
728
731
661
638
628
624
670
670
660
637
614
639
696
761
793
810
799
800
763
725
691
646
614
623
688
717
719
760
810
746
689
658
651
648
696
682
677
681
687
681
674