734
749
692
701
721
730
731
720
672
661
641
633
640
643
645
612
616
606
606
588
602
607
597
581
600
598
611
598
606
619
628
615
646
641
641
624
636
638
620
601
603
613
634
615
619
626
597
617
635
664
659
637
664
682
670
646
674
668
627
642
635
625
611
597
585
598
625
666
658
681
703
724
697
660
706
739
757
684
699
664
630
627
664
658
676
722
753
693
734
770
722
681
715
718
659
652
668
676
650
696
716
717
681
734
729
684
738
756
731
671
708
700
711
670
708
736
784
710
754
767
790
731
749
743
697
670
701
744
729
716
786
866
775
737
756
690
704
706
734
700
686
724
721
711
678
661
685
706
716
719
656
642
651
680
726
776
785
697
703
722
728
733
713
663
636
655
681
688
656
689
666
721
766
801
779
750
639
638
634
651
623
675
727
749
777
766
756
714
653
629
627
623
605
596
621
634
699
782
836
741
780
779
727
701
692
647
655
655
665
662
637
636
639
652
673
658
697
693
693
652
641
655
674
658
636
649
671
646
654
680
700
685
727
722
734
714
706
716
707
671
686
725
762
764
724
763
739
710
735
734
714
658
623
619
676
728
682
670
717
770
808
813
766
688
699
710
733
770
714
735
750
780
771
760
754
729
704
664
657
628
635
672
691
700
713
705
686
672
653
636
636
623
592
597
592
606
625
616
628
648
632
640
619
632
626
613
612
598
604
605
617
633
643
657
652
646
651
643
640
637
639
645
659
692
731
738
749
751
734
722
733
725
714
700
657
645
643
669
675
706
718
748
772
783
796
781
765
671
669
681
717
767
773
759
766
672
657
645
671
658
660
646
657
630
624
639
631
667
688
712
693
654
649
630
631
660
705
777
801
772
702
699
649
634
614
617
638
718
843
884
948
927
896
882
770
781
776
800
834
855
820
729
770
788
787
770
714
738
767
799
826
743
789
793
824
769
790
798
814
737
757
770
824
791
716
738
758
774
736
739
753
797
816
789
784
728
689
666
660
638
648
648
683
691
674
699
711
756
724
771
782
780
767
714
655
659
672
724
787
831
803
771
749
688
706
727
738
744
753
758
722
764
768
753
715
714
672
662
653
634
638
650
662
726
762
842
813
803
780
734
694
657
625
613
629
663
741
783
783
784
842
845
840
839
808
726
712
683
653
698
797
839
771
710
734
804
843
831
816
773
798
792
792
808
761
779
787
781
756
681
685
715
785
815
782
790
804
831
741
760
753
683
685
710
760
760
712
722
796
847
853
793
764
755
766
787
720
721
743
789
825
779
700
707
669
656
706
802
847
839
717
735
728
742
683
717
702
713
668
634
620
643
678
718
744
767
740
731
688
651
623
599
577
558
557
550
551
579
669
848
834
854
840
747
717
728
734
729
764
748
743
710
739
762
738
716
673
639
610
573
577
599
632
666
652
613
621
635
648
654
642
638
649
668
668
711
734
773
769
735
692
683
645
626
636
681
729
679
724
767
812
726
708
740
752
800
845
859
789
806
799
796
833
769
785
793
813
741
775
800
826
785
788
745
693
708
725
769
742
725
729
690
730
742
767
703
756
781
783
724
747
782
789
779
710
733
736
748
728
688
700
717
740
736
713
753
789
818
759
812
828
783
781
806
828
776
798
809
782
729
783
804
809
743
799
788
816
716
671
680
717
764
764
722
772
794
742
704
657
638
641
653
656
710
769
745
745
768
784
710
733
731
733
685
719
745
778
745
743
708
658
627
611
617
637
683
726
749
759
736
723
637
630
608
618
637
657
679
705
713
700
694
702
698
686
670
665
660
633
597
588
588
609
666
699
725
762
759
664
655
629
646
682
727
681
643
630
626
612
605
582
567
560
541
557
544
560
576
610
625
639
664
706
710
692
676
642
606
574
569
569
569
577
580
594
590
600
595
614
626
628
628
641
664
656
639
642
623
599
591
589
597
607
639
679
715
717
711
718
644
640
625
632
646
672
694
716
742
729
730
669
638
646
662
697
725
732
748
740
730
738
737
744
656
651
631
660
696
734
739
746
746
726
733
737
733
730
727
725
712
673
648
641
622
617
642
686
654
691
730
749
721
671
697
732
768
759
694
743
774
792
716
705
741
780
802
724
750
794
827
813
770
817
854
857
766
798
804
787
728
760
759
766
714
754
729
692
685
715
777
756
765
705
679
647
627
631
642
694
759
754
727
804
814
813
797
722
714
729
754
760
747
710
761
777
819
747
768
744
696
748
765
779
742
760
705
685
713
755
817
824
824
781
705
736
788
852
863
801
783
844
821
799
758
704
749
769
767
720
735
794
743
711
771
824
839
845
751
741
747
745
692
682
645
653
673
739
804
854
817
824
870
877
867
833
771
729
761
830
864
869
834
946
960
920
795
863
918
938
942
910
933
916
819
798
828
921
843
743
784
826
847
773
839
860
749
739
777
813
795
727
744
726
751
705
708
727
774
800
730
760
785
805
818
751
779
810
816
779
715
757
814
859
759
771
783
832
850
782
841
883
905
905
778
768
787
818
787
749
834
871
812
740
770
787
782
725
781
834
841
776
754
811
864
857
798
784
815
812
802
759
809
849
874
782
759
809
841
828
724
765
797
840
841
762
855
899
956
921
801
805
801
832
780
771
830
876
840
758
799
826
839
740
761
796
828
814
750
810
833
830
732
733
732
750
737
724
761
791
748
719
748
807
853
825
859
881
902
881
826
830
855
790
800
861
786
813
854
894
820
783
762
693
665
674
696
725
700
659
665
713
742
732
762
800
828
796
729
757
747
758
771
777
732
687
676
667
672
722
775
838
818
742
671
649
651
682
710
683
654
667
654
633
637
606
588
584
584
589
595
589
589
589
583
580
577
562
554
557
557
563
568
567
548
537
536
556
584
611
589
568
560
574
569
572
564
568
563
561
563
567
563
564
576
597
639
671
679
677
660
646
648
621
613
603
599
588
597
618
674
775
855
902
903
871
839
793
756
741
688
706
748
845
881
763
839
863
883
740
758
756
804
741
789
848
861
761
846
860
837
755
785
777
804
732
748
777
831
873
793
813
834
834
815
760
779
780
810
737
764
784
815
778
782
806
866
840
733
778
811
809
801
737
748
715
680
654
685
747
761
736
819
896
896
741
771
794
783
710
727
753
803
762
816
835
832
744
772
779
803
723
754
802
846
836
772
758
760
789
791
706
712
716
742
723
739
735
675
700
693
707
725
687
667
681
693
689
691
699
664
673
697
700
711
655
634
642
693
760
783
715
740
746
747
746
710
727
737
748
763
715
738
751
766
719
697
690
730
716
709
692
665
684
702
657
643
643
664
638
637
678
722
746
750
704
734
750
771
766
690
686
725
751
772
701
649
651
708
821
896
939
908
782
773
729
767
700
688
738
798
849
854
867
845
826
770
707
738
809
880
783
765
849
854
844
736
762
783
802
796
709
709
715
734
708
710
753
788
801
775
721
752
691
657
627
614
608
598
590
597
645
752
705
686
765
832
861
837
797
713
732
783
872
748
732
729
812
904
818
715
718
725
746
707
752
818
834
712
708
720
745
789
828
843
832
801
781
710
687
636
641
618
647
751
889
910
728
739
779
816
844
844
780
706
715
734
789
834
864
881
886
772
764
818
817
831
803
711
691
684
699
790
842
910
921
742
733
742
748
760
846
781
825
811
812
816
822
808
748
714
669
715
741
750
680
693
745
823
810
836
844
827
803
792
745
732
773
732
703
761
798
822
770
807
854
843
785
718
680
690
701
739
718
752
781
837
821
736
767
785
737
788
841
855
836
768
797
826
820
877
889
829
871
770
770
771
754
766
771
779
686
669
656
683
721
794
812
796
768
744
729
717
690
647
661
688
794
856
786
844
872
813
884
877
829
799
788
738
674
653
646
671
696
655
672
711
704
776
813
902
873
813
754
769
800
808
831
831
726
715
732
817
865
748
785
838
848
831
774
707
712
726
771
818
771
809
837
880
869
781
784
786
789
721
715
731
741
826
779
828
745
826
856
849
773
706
719
747
770
789
681
684
675
722
769
805
830
829
809
779
770
735
725
716
694
687
628
638
630
669
753
790
787
775
771
763
757
738
711
666
660
627
634
661
666
672
645
675
732
756
747
746
734
737
680
670
697
710
666
667
714
835
859
899
936
798
830
818
843
839
847
850
764
794
846
823
826
824
826
707
709
653
648
627
676
743
832
798
868
902
925
890
836
726
726
703
733
771
733
754
786
745
743
775
797
723
699
706
714
729
690
645
631
642
669
658
632
627
623
630
726
873
896
843
855
808
797
778
702
710
702
729
759
747
761
700
700
742
766
753
693
671
683
729
779
847
856
741
747
743
763
778
785
801
804
815
823
797
856
867
839
744
777
805
750
787
798
781
741
711
731
758
758
734
713
704
669
663
697
757
830
853
860
849
820
740
734
719
724
694
686
687
699
723
742
697
745
748
774
705
696
707
737
761
718
725
738
773
794
782
726
770
763
766
698
718
726
761
700
692
673
655
669
707
736
700
760
803
823
744
776
777
741
697
701
706
740
736
688
723
728
774
772
754
709
650
656
664
701
721
700
774
827
854
810
804
784
776
745
793
706
745
763
798
836
829
747
736
739
759
759
692
701
663
681
788
836
883
882
868
832
788
738
682
682
674
656
648
684
685
735
780
855
755
766
797
779
717
699
744
825
786
817
820
817
740
753
762
718
709
729
761
773
761
787
759
727
681
712
725
747
748
764
760
714
685
693
674
671
708
753
772
845
827
781
730
761
748
779
801
777
787
713
743
773
788
806
803
704
692
663
646
675
733
769
814
823
861
840
799
715
715
750
713
711
729
783
762
813
823
767
792
813
754
753
794
822
874
847
785
830
847
805
751
795
845
800
810
823
852
808
804
747
719
712
667
619
621
623
643
660
643
624
658
717
770
789
800
779
742
704
667
637
608
622
648
680
686
670
700
753
812
735
782
821
818
716
708
667
661
632
629
639
690
731
766
773
782
825
846
759
715
709
729
765
734
734
736
796
741
741
762
744
826
851
739
748
742
756
749
717
684
731
770
734
751
816
856
851
716
713
716
719
761
774
769
723
710
739
745
719
684
640
623
634
669
723
730
762
783
804
807
838
804
727
722
686
656
682
718
709
646
651
719
871
806
791
863
808
749
747
769
794
734
769
777
798
787
781
767
715
732
739
781
827
858
785
873
896
894
761
782
760
781
732
680
682
677
646
657
665
743
799
784
771
749
695
692
690
659
694
707
744
679
706
714
685
676
692
657
700
735
772
808
820
809
772
771
747
726
718
740
782
770
706
694
695
702
731
761
791
805
775
731
742
699
721
719
743
790
799
805
705
642
651
804
1002
926
940
934
822
812
793
772
748
704
705
713
717
696
738
767
774
776
775
787
788
773
780
713
704
711
722
725
725
726
728
709
702
664
688
672
696
688
659
655
688
705
731
800
815
800
751
745
786
787
775
771
756
711
708
671
706
761
793
804
787
758
736
674
680
700
745
734
726
771
690
688
695
697
660
626
661
704
718
745
763
736
736
745
778
805
753
743
754
716
769
784
833
840
819
798
808
791
750
698
720
761
785
788
781
717
758
766
727
718
736
753
687
693
683
675
641
616
652
679
717
700
688
653
638
627
612
589
596
595
602
625
619
606
615
605
600
601
607
604
607
630
679
729
766
788
683
691
712
745
769
793
790
765
746
728
667
675
680
720
714
684
735
737
691
769
776
699
728
678
708
690
747
726
691
691
675
663
641
619
633
661
663
655
669
754
865
879
880
876
827
820
779
786
788
794
785
776
782
815
817
797
817
830
792
807
804
785
776
729
674
659
651
686
767
879
906
879
880
792
837
828
794
777
720
741
756
793
791
718
737
773
809
762
770
810
825
853
744
757
779
778
703
658
629
665
719
768
737
696
687
670
655
669
721
874
938
813
763
723
737
682
670
705
737
673
726
805
855
850
773
766
799
843
859
821
904
888
862
840
772
714
733
815
764
734
678
698
716
787
856
817
850
844
866
832
788
811
788
802
829
771
809
823
872
839
845
845
744
782
759
779
745
771
804
801
714
673
696
726
749
760
704
704
729
765
751
698
659
662
651
670
682
746
743
732
728
704
659
670
662
645
638
629
622
646
669
701
741
738
711
695
685
721
804
826
835
788
784
831
840
725
709
770
816
813
819
806
760
746
727
706
681
675
621
635
628
628
667
696
679
664
740
772
786
762
745
744
665
657
667
687
711
743
675
688
709
656
689
673
624
629
613
631
649
665
682
706
659
663
659
660
632
616
590
594
618
604
623
599
610
610
583
583
592
590
606
620
623
601
608
591
590
584
565
578
574
586
601
624
643
687
694
669
672
639
623
635
689
737
754
738
702
668
674
667
710
786
849
882
873
855
829
841
763
799
826
875
857
738
675
676
729
851
887
883
811
832
771
766
734
752
769
826
833
776
818
841
797
798
739
776
813
844
816
752
808
875
859
786
806
787
767
727
725
789
821
850
758
829
861
820
768
784
786
766
754
684
674
673
651
648
714
730
786
792
728
760
707
683
667
667
648
649
626
637
672
757
825
831
855
779
813
749
758
761
733
704
746
781
713
731
727
752
756
688
688
683
707
738
768
775
779
764
735
731
725
730
706
788
891
891
832
782
801
820
816
764
733
726
711
738
687
701
701
730
674
665
696
719
763
819
783
707
713
728
781
807
716
771
867
914
823
758
769
794
819
766
744
767
789
777
707
763
812
844
867
807
824
856
895
776
756
790
821
828
770
795
817
856
793
763
817
839
798
742
786
804
789
732
779
789
787
731
738
773
844
792
784
804
770
765
697
708
729
780
793
729
739
709
673
704
743
677
707
753
719
781
827
839
780
769
784
772
756
714
771
814
794
729
748
799
838
734
787
814
753
827
806
821
872
854
836
819
803
772
777
749
734
724
708
676
664
631
658
722
747
721
698
732
770
832
791
812
846
830
806
731
762
813
833
748
705
734
727
719
685
683
684
675
690
709
755
706
714
715
779
827
837
839
832
740
674
656
674
727
796
800
813
808
803
765
721
702
698
697
694
708
659
660
702
742
771
733
681
721
734
732
732
696
674
661
635
644
684
740
753
721
726
730
743
760
743
699
693
701
729
754
792
821
787
722
754
749
710
694
713
725
697
669
692
726
755
709
747
782
830
813
724
758
786
819
830
731
742
718
735
685
688
712
747
795
748
766
798
794
762
775
800
794
721
749
801
861
811
817
791
768
794
806
722
729
719
679
660
724
773
738
831
774
762
761
697
686
660
679
699
674
657
624
626
634
643
631
635
656
668
670
678
656
671
663
653
636
650
648
643
619
603
621
729
826
864
851
818
729
679
673
656
689
761
809
818
861
857
824
778
760
742
747
734
657
660
664
698
767
817
827
792
744
728
701
688
647
677
715
735
768
778
776
745
728
670
677
637
642
682
744
765
679
695
619
643
661
720
762
757
771
751
745
727
729
710
669
641
656
684
731
767
794
828
809
812
775
725
669
648
669
650
682
739
796
830
784
709
723
719
730
677
651
628
603
637
706
738
824
859
861
845
853
874
854
846
866
815
782
769
703
755
782
822
790
735
764
788
771
739
759
774
741
676
693
658
625
631
649
667
715
740
792
801
752
796
801
794
713
723
795
831
859
884
786
862
832
826
731
773
771
779
742
761
810
849
832
749
784
799
766
732
782
799
845
799
822
860
881
786
816
804
822
764
764
771
786
766
766
827
862
809
750
821
840
817
765
823
789
718
771
818
823
762
818
850
745
757
753
778
724
751
754
784
717
715
722
709
671
673
685
684
646
658
701
679
732
778
793
697
726
733
728
680
691
710
746
720
705
757
797
746
729
771
776
687
664
669
676
679
643
644
653
674
646
663
665
663
631
618
624
645
669
671
637
655
674
686
701
660
688
709
711
705
710
711
657
661
679
693
664
697
725
669
638
641
642
708
778
813
742
705
688
700
699
725
747
751
769
771
747
730
639
618
613
627
668
724
753
677
693
712
741
750
718
746
718
715
695
681
676
654
641
606
624
658
673
693
699
649
639
654
669
692
684
629
636
628
630
644
642
673
680
681
679
616
612
609
619
643
670
702
694
688
670
633
584
585
583
605
688
739
657
682
692
744
801
801
809
786
676
685
688
712
754
751
688
667
649
668
669
692
650
676
697
697
698
681
647
665
686
720
749
781
777
792
771
759
677
685
688
718
737
690
661
675
689
713
714
715
715
691
673
632
603
593
593
625
687
696
747
777
814
817
811
813
810
781
722
695
693
690
728
673
665
642
691
728
770
810
831
790
805
771
694
657
638
651
693
692
716
772
791
802
802
765
711
652
651
635
640
649
672
706
728
734
742
735
750
689
645
636
646
640
646
703
764
688
692
707
742
764
752
761
757
772
776
713
692
709
775
801
730
739
808
857
834
802
699
694
729
781
748
701
695
641
634
622
622
604
601
614
640
675
689
694
689
666
629
593
596
623
677
706
678
685
739
794
803
832
813
803
788
745
730
666
658
676
671
653
686
688
742
763
775
709
702
696
730
736
737
661
646
640
655
661
649
595
598
605
613
623
600
594
602
610
620
627
618
602
599
599
620
650
671
696
633
633
609
638
659
628
635
636
663
676
692
700
656
647
667
650
677
690
689
682
668
650
616
630
646
630
639
611
619
643
688
705
645
688
688
703
687
697
684
662
645
602
590
571
582
600
634
655
677
673
660
675
688
629
630
619
631
642
659
677
685
627
634
620
637
673
628
605
655
730
788
767
764
756
765
758
737
717
701
690
706
656
670
686
695
704
655
704
700
702
703
699
674
688
667
692
694
657
634
662
674
714
712
715
717
696
719
706
696
650
643
628
620
586
596
626
657
695
705
728
746
725
723
658
654
621
628
651
687
708
721
708
727
717
738
736
770
737
723
698
655
651
674
713
736
753
683
696
710
692
685
703
703
685
685
679
699
703
649
656
657
682
719
719
738
754
662
654
651
641
615
605
605
612
638
655
683
700
695
704
725
716
683
662
681
717
707
685
706
773
770
710
714
690
646
657
710
713
688
715
720
716
681
693
726
764
766
709
759
765
779
744
718
750
772
739
726
727
734
697
660
674
707
734
749
717
738
732
756
714
727
758
772
699
731
704
714
717
704
647
660
696
663
700
771
807
733
776
781
729
729
714
673
717
730
758
749
716
769
783
791
794
729
762
751
743
743
745
761
720
743
717
737
723
772
778
769
710
754
746
718
720
744
754
700
719
715
754
728
729
736
736
707
729
722
676
716
742
737
703
753
783
750
688
697
668
693
697
722
733
705
748
759
746
743
684
657
669
704
751
760
780
767
746
734
715
705
702
696
715
753
729
750
804
817
724
729
719
724
697
714
759
813
832
763
802
810
836
777
784
794
737
717
707
682
686
723
779
818
828
764
794
801
775
719
740
733
752
749
700
727
759
773
784
729
737
745
752
748
688
707
701
706
690
659
652
674
699
723
680
721
722
741
751
765
732
716
698
710
712
678
638
606
648
836
866
888
844
801
760
731
714
699
690
682
677
670
650
645
662
657
659
662
669
675
684
669
620
604
569
568
563
582
622
646
674
662
646
664
665
692
699
704
696
691
673
655
631
615
599
598
572
563
560
571
599
662
706
729
725
712
733
718
665
676
678
672
668
680
689
723
682
684
704
708
666
633
618
616
650
705
761
790
821
817
809
772
730
742
753
760
763
741
749
718
753
777
779
753
807
790
733
702
719
765
787
771
725
773
776
779
721
733
745
775
716
730
710
696
656
674
713
742
713
744
738
731
681
685
689
715
703
689
741
810
800
732
769
766
748
696
704
696
699
688
660
690
693
721
737
708
710
728
761
776
729
786
806
798
751
687
714
726
779
814
765
820
851
811
721
740
734
690
679
676
710
762
790
765
795
789
715
673
666
664
668
648
686
719
749
729
688
707
689
656
656
643
652
663
699
771
771
745
770
813
813
759
796
825
798
725
736
740
729
820
850
758
825
836
792
738
729
760
765
744
766
736
725
683
655
653
678
701
722
680
715
750
798
822
797
752
728
689
675
665
644
626
603
587
595
614
636
654
673
679
676
677
667
657
669
670
681
672
652
659
699
778
836
756
819
853
736
723
756
767
702
702
655
668
695
719
681
733
801
837
771
723
753
772
808
738
770
792
804
718
735
749
747
684
687
698
732
734
722
781
780
801
739
764
762
727
727
771
808
855
746
801
812
779
740
773
768
736
695
699
708
728
739
714
751
776
717
720
737
781
802
720
768
783
796
806
729
748
759
786
732
811
836
829
768
833
837
824
771
813
818
801
726
771
830
862
788
801
866
879
771
810
782
716
634
612
604
644
719
786
745
774
792
732
672
671
688
684
715
729
740
725
712
718
737
741
687
686
686
701
681
705
739
793
797
726
761
760
734
747
758
717
743
761
727
721
666
634
659
706
752
729
769
777
761
775
750
745
741
732
682
672
689
722
771
723
780
791
792
735
763
770
773
765
742
741
744
720
708
736
726
741
759
787
750
779
742
708
687
661
646
653
680
716
766
780
770
758
696
735
752
757
722
729
761
767
776
768
724
673
673
700
735
768
730
769
782
776
744
770
762
743
709
701
674
660
622
618
626
620
616
667
739
725
756
777
793
799
792
749
724
748
778
816
735
773
782
693
721
749
746
778
834
812
827
855
836
806
719
716
761
737
751
734
729
741
687
687
692
686
704
728
742
767
755
722
763
774
786
777
724
749
745
768
789
787
765
794
804
771
714
742
841
899
851
837
829
805
742
813
904
853
764
843
883
806
734
727
692
654
667
669
740
753
788
733
824
896
845
729
733
739
726
683
723
762
813
770
795
813
799
749
728
759
787
797
776
751
763
794
809
761
807
837
849
729
742
749
797
766
743
814
857
809
747
776
793
743
755
781
788
750
737
766
788
800
727
734
728
717
662
630
622
631
681
736
759
760
797
813
806
754
732
729
759
768
702
710
721
757
794
737
796
776
770
803
736
712
752
797
824
746
792
822
807
748
707
679
684
742
790
835
835
832
749
697
695
710
721
710
730
730
769
747
698
698
662
659
691
716
754
738
722
736
654
634
615
628
616
592
592
594
604
618
629
633
634
630
648
652
661
663
660
676
665
664
653
646
655
676
692
726
692
713
772
764
708
712
714
702
723
750
729
769
790
813
739
758
764
795
761
739
768
791
802
702
646
646
853
937
961
934
860
828
811
789
783
769
761
799
783
775
765
735
687
710
716
739
751
719
718
720
751
720
719
719
748
758
755
776
721
736
764
786
698
716
707
697
699
692
701
742
766
742
730
713
662
636
619
623
639
682
728
774
786
786
788
772
716
680
643
604
604
622
678
738
759
699
778
854
882
777
817
831
847
759
762
770
720
712
678
729
759
780
713
776
756
712
687
703
700
712
701
691
706
714
716
694
666
684
702
718
696
741
686
677
638
614
619
604
623
660
703
742
776
762
751
716
691
711
769
804
813
826
777
724
761
781
816
750
752
756
792
798
803
742
803
822
810
721
750
741
728
690
656
646
680
712
746
715
740
736
744
711
682
725
753
752
729
687
727
726
734
677
692
692
711
670
674
680
716
757
783
723
741
752
752
697
724
742
754
719
773
763
718
719
696
670
681
729
790
708
738
773
784
784
693
701
716
738
762
761
783
706
734
745
729
703
745
784
784
792
731
706
731
726
736
735
703
688
734
688
729
759
775
792
710
713
714
740
737
691
734
763
805
797
728
782
798
829
784
710
738
739
739
725
766
826
857
764
797
810
772
712
747
768
818
795
737
756
744
741
717
745
769
779
808
758
711
732
765
787
765
777
830
848
770
815
831
804
725
775
785
756
726
722
738
785
821
754
794
817
833
783
742
796
809
760
706
757
782
812
780
762
804
797
720
738
762
791
798
743
806
821
804
727
769
798
822
744
802
830
817
726
697
720
779
834
819
743
796
832
861
831
724
751
770
813
802
718
749
765
805
808
744
788
793
828
785
733
774
813
830
768
748
813
858
839
752
746
731
711
674
696
729
814
847
768
789
815
805
731
758
767
792
716
737
735
754
722
676
688
697
721
689
674
707
741
740
708
668
688
706
690
698
669
643
641
645
671
685
663
698
704
692
666
692
665
668
622
613
608
606
619
660
692
661
680
658
631
639
655
643
677
677
653
671
673
700
707
658
670
665
678
672
688
694
679
696
671
674
696
656
639
618
601
595
607
622
646
672
677
689
679
632
647
611
616
624
650
646
625
644
640
651
646
627
623
627
620
635
640
607
599
594
600
640
674
710
722
732
733
695
667
641
647
695
761
778
813
691
638
661
856
847
817
772
766
748
731
711
708
699
661
669
678
751
696
764
803
830
849
828
688
678
675
618
630
629
605
601
601
625
683
744
801
797
768
721
694
681
650
665
660
691
750
786
805
797
778
696
698
714
748
727
717
713
713
709
703
669
673
669
647
638
663
689
672
652
680
711
722
746
738
734
738
725
682
669
645
666
701
738
729
697
661
656
681
675
662
699
760
770
715
708
754
769
733
781
781
778
739
739
752
775
767
706
729
758
797
700
724
759
807
818
739
741
760
730
692
705
699
727
704
729
765
751
711
700
722
743
736
723
707
730
718
761
749
754
746
690
651
678
706
730
740
746
760
771
750
712
682
657
665
681
681
646
655
663
704
730
744
755
752
685
671
627
633
665
700
778
773
775
780
753
680
657
661
679
680
701
715
732
710
757
739
721
674
630
622
657
714
801
788
743
765
811
805
789
722
687
692
693
694
681
676
661
683
723
767
788
737
786
806
807
832
763
764
742
725
734
735
712
655
634
674
809
892
875
850
835
820
762
748
764
712
676
697
733
785
827
863
876
858
801
724
762
769
702
721
695
681
691
739
799
827
851
829
829
802
811
814
835
832
804
857
772
801
851
841
754
792
809
735
748
740
782
796
827
839
820
806
767
732
729
719
661
657
674
679
713
738
751
711
657
660
635
614
617
623
637
653
664
676
668
693
684
667
681
695
720
721
725
742
744
742
735
688
678
675
665
729
771
807
813
735
747
736
735
691
681
689
713
770
779
702
692
724
681
665
654
656
680
672
687
665
661
682
712
739
732
729
697
724
728
759
734
708
684
637
615
604
626
638
659
687
674
709
740
753
776
694
656
639
626
625
617
596
598
603
628
672
691
730
698
716
726
731
723
730
715
691
651
630
636
638
669
727
784
823
857
813
770
795
821
807
739
764
784
801
783
720
781
813
808
766
738
763
767
731
692
716
755
794
834
774
759
762
780
776
741
772
787
782
718
706
729
765
741
687
710
732
761
711
713
750
762
728
724
735
765
693
690
721
724
758
741
725
745
766
785
765
705
720
752
757
741
685
694
723
751
772
736
772
789
823
779
706
732
763
772
721
730
696
720
675
699
739
793
812
749
786
800
786
724
748
755
763
761
750
801
795
793
740
772
801
766
781
783
787
760
714
733
697
660
666
660
677
719
750
747
699
732
760
746
698
729
772
781
729
795
815
841
793
725
763
801
827
784
807
824
841
796
747
782
837
873
741
721
752
787
717
690
724
792
843
891
915
895
804
799
782
772
733
771
765
738
674
646
659
677
682
675
657
644
665
731
856
895
912
885
834
825
752
728
700
690
754
765
752
834
887
835
807
854
853
852
857
821
782
814
854
852
796
736
756
785
819
746
788
822
860
742
736
749
778
808
759
800
836
914
854
733
741
728
754
735
789
888
969
907
921
934
866
764
818
803
764
706
729
729
703
668
705
781
832
851
872
771
781
782
807
816
784
746
838
890
863
772
820
820
814
764
791
825
876
762
782
865
860
764
740
758
813
773
727
727
688
654
660
729
761
705
743
764
762
711
692
684
663
649
624
617
596
582
580
587
614
643
682
692
707
711
709
717
711
698
695
691
688
699
698
650
639
614
587
577
590
596
609
645
739
782
823
720
766
828
835
822
830
784
816
707
731
795
862
882
828
760
827
844
863
746
810
862
864
772
746
759
831
885
805
778
800
823
826
734
742
759
707
756
731
719
748
792
837
845
738
697
696
729
755
787
782
767
764
754
689
648
666
676
698
717
730
754
748
734
724
736
700
655
646
623
648
709
781
803
820
815
788
770
750
728
728
686
655
649
703
778
825
739
731
771
726
684
668
642
647
650
677
659
636
630
621
628
648
695
717
688
652
621
646
770
766
741
717
696
681
710
733
731
764
755
781
782
770
779
787
821
836
775
710
738
803
858
834
772
819
860
862
789
729
739
741
754
764
764
736
772
835
842
822
781
842
875
877
814
740
766
768
761
786
710
744
749
794
733
786
810
830
774
811
804
793
744
722
716
771
777
773
729
753
763
736
708
735
716
670
627
627
616
628
629
638
631
627
604
597
563
565
569
566
564
575
578
588
609
635
655
619
630
602
599
618
628
663
698
671
733
757
761
780
714
689
700
685
663
673
659
641
657
738
812
857
861
910
897
832
828
769
803
823
793
775
692
650
638
663
743
746
743
714
683
699
782
815
891
904
879
762
725
762
810
919
835
839
863
836
737
689
658
605
628
633
654
660
674
690
673
702
681
692
659
688
723
706
764
794
834
762
791
783
765
718
700
654
652
651
632
646
668
668
676
684
692
699
648