682
700
658
684
696
685
662
644
641
611
604
590
590
582
595
585
601
611
630
653
666
620
589
590
568
549
544
532
544
549
589
643
672
631
659
691
702
640
645
650
615
622
649
620
664
654
679
705
684
673
618
633
620
616
610
593
592
588
548
557
578
643
632
664
663
670
667
603
609
606
581
560
563
552
597
609
581
553
565
557
568
574
589
579
571
572
567
539
542
537
546
545
546
551
596
593
623
634
691
671
661
686
701
671
684
663
603
604
585
568
624
620
631
650
657
596
575
563
563
543
533
526
527
546
575
643
683
692
701
685
681
716
703
737
751
749
734
745
734
640
675
614
627
578
577
606
624
660
752
775
793
698
728
729
670
628
621
604
594
622
673
693
663
640
623
605
620
623
638
663
635
666
679
692
685
660
630
650
643
639
636
610
642
648
654
641
588
613
588
602
640
633
581
575
610
638
638
612
665
677
712
690
646
676
686
719
689
666
650
670
665
664
645
663
630
630
615
618
615
581
586
614
599
611
641
653
657
663
647
680
687
685
680
642
678
700
711
679
631
663
592
593
579
591
583
597
586
581
588
591
600
590
578
595
574
578
585
591
597
592
631
643
605
611
654
694
712
715
710
689
680
647
628
606
585
552
539
539
556
633
719
742
656
661
686
688
682
682
672
684
651
613
588
593
584
579
590
597
559
548
534
527
526
522
541
591
626
601
611
656
677
688
684
688
713
713
735
735
718
729
728
724
724
662
706
711
662
628
668
692
731
735
666
707
721
714
718
688
734
689
676
713
733
723
661
724
718
711
662
711
654
623
631
642
669
675
644
697
702
696
676
627
608
594
575
549
560
549
580
636
634
636
626
607
602
598
561
543
534
523
527
543
589
666
692
612
635
696
740
762
745
718
712
714
671
640
691
699
666
620
645
705
747
710
652
714
713
722
678
624
659
694
704
716
702
665
632
661
684
699
708
669
654
688
693
710
697
653
727
699
726
685
671
726
714
715
662
679
693
694
676
630
667
672
676
647
660
706
708
706
659
643
687
688
700
703
668
725
729
722
669
707
705
738
662
654
695
710
723
690
744
734
726
665
711
699
680
646
651
682
680
690
632
657
663
650
668
657
666
700
711
715
671
665
649
604
585
568
559
581
632
669
670
612
592
608
591
596
595
565
573
561
567
577
591
621
636
639
626
617
613
602
595
561
555
560
589
653
702
741
728
709
711
712
707
649
615
602
601
613
667
702
729
751
738
737
693
627
631
643
632
654
675
621
619
604
625
644
663
664
640
588
578
566
646
650
663
648
624
652
624
614
604
600
602
606
622
619
626
586
586
556
571
556
557
546
564
596
643
586
603
601
620
639
667
674
672
661
655
649
657
648
643
568
572
550
547
563
585
618
638
650
646
664
669
666
663
643
647
628
580
572
568
590
647
677
705
702
694
602
624
610
619
632
642
590
615
624
632
643
675
660
639
614
630
631
624
632
637
651
631
652
658
676
664
599
605
604
617
633
687
696
636
616
600
613
687
712
712
701
703
686
671
672
655
666
663
657
644
616
601
632
619
598
664
732
658
711
727
722
701
662
716
727
703
635
654
664
671
645
633
691
721
665
747
752
744
690
679
729
724
721
681
729
724
689
651
636
627
640
667
682
671
716
748
772
766
702
728
712
708
700
671
704
705
741
675
709
728
738
761
711
737
729
739
709
644
696
712
748
726
655
710
696
701
667
667
688
693
682
627
621
621
610
572
558
602
666
648
728
731
754
666
687
711
717
700
642
682
663
676
663
656
699
698
717
752
677
705
734
727
703
650
691
682
711
726
663
689
720
737
710
689
718
724
695
651
694
688
690
682
635
651
661
688
703
678
729
718
746
687
689
702
722
734
656
700
685
686
675
679
695
703
657
666
702
709
732
663
688
690
685
648
642
689
688
674
624
646
648
670
675
674
631
622
642
653
678
634
674
724
762
761
709
731
732
704
663
708
685
717
673
698
712
729
698
645
694
688
698
693
657
735
750
756
733
691
729
710
702
656
720
727
732
676
742
728
671
661
666
626
593
639
688
650
706
703
697
646
648
656
681
693
638
659
688
699
710
659
703
718
743
760
687
728
733
734
726
669
677
713
738
746
744
684
737
733
724
664
700
681
670
676
639
688
684
709
659
667
686
703
681
627
650
645
664
644
656
697
701
652
633
669
684
682
681
650
730
709
684
629
628
637
637
672
643
655
701
713
710
668
715
732
714
676
657
680
680
679
648
711
701
721
666
683
706
717
709
650
696
678
686
688
646
684
660
662
633
654
687
715
704
655
710
710
717
650
648
679
651
591
607
648
616
603
624
645
659
666
648
625
661
672
676
644
644
689
683
703
686
734
758
759
744
670
666
691
686
715
680
685
728
714
716
736
714
648
676
632
624
604
581
579
593
648
696
707
652
680
696
714
699
692
625
637
651
646
647
620
631
673
714
755
673
696
707
710
686
635
683
694
716
713
693
694
717
704
667
613
599
594
613
635
585
615
691
719
723
685
686
726
722
720
674
722
723
711
671
656
719
736
731
683
676
719
733
731
732
699
715
744
761
751
676
722
737
736
720
645
658
694
731
754
720
681
729
739
740
755
693
731
730
740
696
649
704
705
730
734
683
748
733
717
676
708
731
670
706
697
707
657
689
705
728
726
688
679
720
729
723
666
703
728
741
751
692
702
729
739
704
646
630
620
580
610
687
722
731
778
762
784
778
786
799
749
770
753
751
686
742
771
771
705
732
771
814
773
707
750
778
751
678
712
744
769
785
723
729
789
783
792
719
756
766
786
794
772
732
794
784
789
782
686
678
721
736
722
685
788
815
824
817
749
808
776
752
694
711
747
765
698
745
775
778
746
737
781
790
785
699
745
772
779
729
664
712
770
784
814
754
761
776
771
748
704
743
747
741
681
668
704
729
747
679
666
706
705
714
682
675
761
760
747
706
712
747
749
709
657
710
728
758
710
665
725
724
736
709
679
733
743
754
697
688
754
758
749
668
664
676
689
709
665
682
724
755
759
684
675
712
741
719
670
641
675
694
719
708
682
741
750
730
666
705
747
771
769
688
749
764
766
749
669
697
718
712
722
686
666
711
724
697
682
751
752
735
661
707
727
728
715
670
687
721
729
708
670
655
690
702
725
693
664
722
712
705
654
670
708
704
681
646
685
699
714
661
640
673
703
714
663
649
690
702
686
637
677
686
717
689
639
659
677
703
721
668
686
703
701
631
615
611
586
554
572
649
693
630
665
706
718
728
671
657
691
700
706
668
729
758
772
719
668
726
742
748
720
662
718
754
765
745
698
738
711
649
605
582
573
679
815
813
827
821
802
798
747
715
660
644
628
586
566
574
585
598
606
627
619
598
608
609
630
630
604
590
596
603
646
680
701
697
650
676
701
699
688
685
676
636
674
681
695
708
728
658
658
704
701
703
722
686
665
702
704
707
655
701
707
729
721
673
683
643
634
625
592
592
593
560
557
576
620
630
606
632
686
709
680
649
619
622
628
666
703
658
629
654
680
689
709
688
643
665
699
711
721
699
646
663
687
697
702
679
643
707
737
755
717
661
662
687
704
709
646
612
623
613
635
621
656
662
701
708
730
715
664
701
724
724
736
681
665
707
681
675
670
688
674
652
644
683
704
742
705
668
671
679
692
663
647
675
705
725
699
655
692
672
693
704
658
726
721
739
696
663
696
698
735
679
692
700
719
752
705
660
710
711
712
704
657
709
701
739
742
660
684
716
724
721
671
655
667
680
702
703
663
677
715
733
722
688
637
670
684
704
701
664
701
736
758
770
771
693
697
725
729
721
669
692
711
721
687
685
772
762
739
663
680
701
686
673
661
693
690
698
618
651
619
580
572
598
590
582
619
672
686
708
678
632
683
702
724
722
660
702
732
736
697
642
677
682
700
680
631
674
726
748
732
680
719
738
743
707
655
710
737
736
685
667
752
760
774
724
679
726
720
688
652
624
648
657
697
652
612
635
661
695
716
657
648
675
723
759
750
688
747
760
773
740
691
743
773
791
773
683
727
769
771
739
701
766
785
788
707
715
768
769
766
692
728
745
770
706
663
705
664
641
597
583
579
609
641
684
694
633
658
664
639
683
678
626
670
661
651
625
646
683
726
755
702
685
710
727
728
703
678
727
732
724
656
631
600
613
666
757
762
767
767
765
750
687
659
669
656
669
723
730
703
694
683
626
605
621
637
662
674
673
629
655
697
715
649
649
677
700
706
691
627
646
646
645
679
708
684
663
716
736
724
727
708
660
646
665
689
728
757
694
675
754
781
775
715
706
748
716
647
688
672
705
676
631
676
688
687
631
667
728
743
713
636
665
648
644
636
619
637
668
681
637
626
654
692
717
686
646
710
733
687
704
718
737
729
670
649
680
677
647
612
614
640
660
684
683
644
692
691
705
667
659
609
593
584
580
623
625
599
627
678
631
590
597
619
607
598
597
584
615
631
653
668
684
633
621
649
662
668
622
679
648
690
636
630
667
699
685
679
662
639
645
590
596
576
557
549
535
519
522
536
569
589
565
575
595
621
643
606
612
639
654
632
605
619
635
646
620
606
642
676
668
662
620
620
643
646
646
607
618
665
690
692
642
704
692
688
658
672
729
726
654
620
623
662
674
663
618
667
706
724
685
638
659
624
625
649
663
700
695
702
697
610
620
612
634
654
667
665
689
678
692
687
670
703
709
709
674
602
602
600
630
627
646
590
583
566
588
623
649
657
588
576
572
587
604
605
651
628
652
648
647
645
637
633
602
606
563
563
566
579
560
566
583
642
674
714
713
710
717
707
688
676
660
648
638
636
574
600
554
556
563
600
646
729
746
753
738
755
735
671
625
598
585
604
666
682
689
647
601
601
558
559
558
558
566
589
637
691
741
740
739
722
703
678
671
672
638
614
593
622
677
739
759
743
741
747
736
717
702
677
670
686
681
692
646
597
609
658
729
697
698
743
747
740
660
691
717
736
755
698
718
761
697
717
666
608
597
620
652
703
698
667
641
693
732
726
714
709
721
729
752
692
716
716
696
679
732
732
734
697
727
737
725
716
653
710
680
706
708
659
699
698
651
727
720
744
700
715
713
664
663
643
654
663
622
656
668
703
687
646
687
659
719
724
633
656
668
698
697
696
639
654
641
639
636
635
635
644
643
644
643
641
614
583
568
581
625
600
605
685
703
741
748
759
718
650
696
650
685
722
753
672
692
726
736
760
752
710
669
627
628
649
676
678
635
656
709
729
723
771
787
753
748
679
734
723
729
736
682
716
715
725
667
731
709
736
757
712
678
725
726
665
753
729
741
681
648
696
691
715
683
641
659
688
700
740
686
667
714
726
664
712
702
695
682
637
685
668
670
667
624
627
635
640
637
674
653
652
710
688
697
645
657
647
634
591
588
597
575
566
577
626
685
724
709
676
650
690
686
700
680
725
702
700
695
640
647
665
700
716
746
723
690
730
774
696
760
761
725
765
771
779
742
715
706
630
631
599
608
629
648
665
688
683
679
656
590
585
575
589
625
679
685
709
709
694
698
718
712
708
635
635
648
688
749
792
748
738
747
713
743
690
658
631
607
615
651
655
630
663
654
614
589
618
642
682
714
728
719
698
646
629
607
630
702
743
727
733
698
713
670
675
677
681
706
663
722
744
797
812
815
790
809
799
804
785
704
694
639
631
644
688
725
763
748
724
754
734
673
719
754
759
736
670
724
733
736
744
709
759
681
669
645
661
675
736
767
757
742
739
721
712
702
623
617
642
684
720
730
739
741
646
650
655
677
668
688
623
643
612
635
672
679
695
693
625
641
635
668
710
701
710
617
628
608
633
675
667
635
633
613
645
660
660
637
569
562
565
575
578
566
555
542
529
530
533
532
558
606
640
686
689
701
696
629
646
683
703
706
683
703
696
710
680
678
677
688
691
737
714
665
686
688
629
619
688
813
765
706
651
689
724
732
701
661
641
595
592
592
631
662
715
746
764
736
727
724
652
670
657
682
699
690
696
716
746
763
781
750
727
696
675
687
698
702
711
707
675
708
709
726
700
656
670
688
683
729
722
719
717
702
646
630
633
647
679
677
734
732
694
647
653
678
659
610
610
660
716
711
733
729
752
747
727
688
719
719
646
651
643
700
737
765
701
763
759
768
760
686
659
627
655
696
726
741
733
731
709
685
671
657
659
597
611
593
628
691
722
734
727
719
717
723
705
703
655
620
603
623
681
704
757
749
769
792
807
809
770
796
744
762
739
744
718
671
696
679
661
661
714
752
765
698
753
735
711
699
732
726
722
676
722
715
685
688
721
666
614
617
602
640
668
698
727
714
693
681
681
653
626
616
591
588
607
647
625
605
646
711
740
668
721
774
784
701
775
780
757
688
645
646
703
655
722
727
745
736
688
714
757
759
740
721
668
706
691
634
652
674
664
675
674
651
637
671
677
683
645
654
693
706
700
675
654
678
693
687
637
623
644
701
700
670
743
747
755
724
693
717
685
660
602
594
627
655
624
618
655
713
741
747
739
727
721
692
712
628
636
640
666
761
752
783
765
755
703
715
728
730
759
710
768
758
774
758
716
678
730
737
699
642
678
698
731
722
716
709
693
666
643
634
638
604
580
589
629
724
794
830
814
729
702
718
751
742
747
745
742
743
716
687
683
649
620
581
577
586
674
626
666
714
769
791
786
747
724
715
694
673
654
672
695
621
642
693
746
710
729
769
681
687
721
743
737
718
709
694
653
646
629
593
602
636
690
704
719
742
716
671
656
693
737
754
739
661
660
729
755
655
687
735
787
790
780
778
748
722
712
697
693
709
689
729
726
640
661
630
655
724
726
729
703
630
628
616
625
667
711
706
704
664
688
685
719
718
692
701
720
727
687
673
648
726
764
743
705
761
784
773
750
684
748
714
714
688
646
621
601
621
663
751
688
789
785
752
729
646
669
674
691
727
701
704
709
726
710
646
646
700
732
788
758
747
754
770
775
763
725
735
742
728
666
614
634
672
728
759
728
655
666
737
788
789
680
664
699
743
724
787
775
753
768
760
747
732
692
757
721
699
699
673
627
637
588
630
682
741
733
750
682
673
624
665
705
715
729
749
739
783
776
803
788
719
732
772
788
805
762
747
780
790
824
752
729
767
790
801
757
741
751
771
729
743
770
761
700
676
682
681
716
742
758
762
747
700
650
610
592
572
547
573
692
756
772
744
704
704
727
714
707
685
646
607
587
589
617
641
636
685
713
733
714
708
716
669
661
674
691
699
734
716
658
690
660
675
686
637
656
694
705
729
732
646
661
668
709
729
749
747
633
666
636
658
703
750
719
719
725
723
724
700
709
677
687
659
656
587
608
599
685
701
752
733
729
702
684
665
651
641
634
621
621
623
630
636
643
593
591
590
626
656
659
655
672
606
607
613
627
646
677
700
686
632
625
623
653
673
682
687
680
663
670
661
666
645
597
590
572
592
657
722
730
687
634
680
723
733
744
730
767
796
785
743
787
779
760
750
671
686
709
688
646
651
691
729
753
728
718
680
688
730
749
784
727
683
708
664
604
603
597
642
615
609
640
688
708
763
690
732
749
723
690
649
675
660
663
664
637
650
688
681
714
656
703
690
697
716
654
698
715
696
662
688
706
694
654
635
642
641
638
621
637
630
631
608
579
562
557
547
528
536
541
560
590
615
636
656
675
673
654
617
604
616
657
627
600
606
620
658
752
770
759
771
769
769
756
738
737
718
663
644
609
592
620
687
758
781
787
772
771
773
757
638
660
636
654
646
672
653
717
729
771
772
748
732
722
665
637
600
621
667
708
739
780
791
787
754
759
685
648
689
728
638
646
611
679
738
757
743
753
721
762
751
719
701
703
680
623
598
608
640
685
728
741
729
726
632
619
600
614
685
650
688
728
729
731
716
710
683
681
647
633
639
582
574
596
684
762
774
765
662
695
739
762
772
726
706
702
687
691
677
661
603
612
593
608
631
612
617
639
651
658
643
664
673
625
626
582
593
624
654
686
637
606
583
603
623
613
567
581
615
640
657
656
653
665
657
655
637
596
620
646
691
720
722
694
697
668
633
634
656
712
762
703
738
734
697
671
727
724
719
734
688
674
648
699
707
725
704
657
714
720
720
679
729
654
637
673
714
752
760
765
798
787
729
661
632
622
667
750
697
771
737
764
766
670
686
734
750
752
756
741
745
718
691
639
670
698
727
749
746
671
692
707
669
647
655
657
639
599
601
663
718
709
687
670
675
676
699
694
663
694
698
670
645
682
673
708
659
640
666
672
674
704
681
699
678
642
651
670
660
638
651
634
646
695
670
649
729
768
780
803
789
777
722
778
797
783
773
723
761
735
730
667
683
661
618
604
634
666
723
729
720
677
716
730
727
707
635
628
639
666
694
717
712
689
637
628
631
600
575
603
644
665
612
665
699
715
735
746
700
695
705
724
662
686
686
678
635
630
659
698
740
703
688
667
716
734
723
733
647
654
685
700
697
694
683
678
640
644
639
621
621
626
591
569
579
637
717
716
691
636
644
655
633
610
651
683
697
723
729
742
688
645
677
698
726
732
739
658
637
651
696
733
750
730
675
706
729
695
718
640
622
628
664
710
691
633
650
668
717
736
766
744
751
737
649
653
653
669
660
671
680
666
646
641
612
631
652
673
689
692
623
618
636
638
650
660
669
663
596
606
617
632
649
674
607
614
619
650
651
690
688
683
692
661
602
595
579
544
549
581
630
676
752
749
761
634
631
659
693
747
759
734
722
692
697
684
687
684
680
672
696
620
627
674
745
755
759
748
755
726
739
703
676
622
641
633
737
710
771
719
729
730
703
697
667
654
648
656
688
654
718
623
604
589
586
661
721
787
813
804
779
759
696
763
775
771
770
685
746
738
754
735
700
756
755
777
680
689
709
727
763
779
754
678
740
759
782
723
720
757
763
763
721
683
652
621
655
737
733
768
694
682
749
757
742
744
707
750
739
758
743
728
677
724
738
756
712
692
642
657
651
688
668
702
635
657
641
640
655
664
646
625
641
669
673
722
710
717
669
718
690
696
694
666
622
588
596
622
673
662
718
705
716
719
656
683
676
667
668
629
587
585
595
591
615
663
679
712
728
701
629
644
651
665
688
701
646
632
594
586
611
626
650
679
662
652
592
624
615
665
685
688
670
687
717
718
737
737
689
628
616
634
628
753
790
776
665
670
665
634
622
588
585
593
618
680
672
648
655
672
647
596
573
562
568
586
611
658
724
761
731
654
657
714
688
722
752
773
774
729
718
695
688
654
668
685
710
686
666
637
595
585
613
657
707
675
684
672
699
725
708
691
666
703
722
733
705
716
765
751
743
768
706
774
779
755
684
727
708
683
679
724
772
772
687
694
727
728
709
716
654
691
671
718
735
754
733
675
722
720
754
768
685
730
699
731
722
692
640
646
663
730
779
681
660
697
712
748
759
742
745
717
724
698
684
658
646
640
640
602
609
583
612
663
696
726
714
728
725
648
647
649
674
608
639
619
609
584
566
575
556
562
565
582
599
611
587
560
555
563
573
595
605
576
581
591
635
683
714
721
728
714
699
725
686
628
633
694
755
759
752
737
776
811
803
816
792
730
769
765
774
771
769
756
731
759
649
686
692
756
784
742
762
699
636
642
609
633
652
686
683
693
679
673
672
672
688
675
642
689
677
654
615
627
663
695
736
712
674
637
656
645
672
689
670
615
628
630
721
746
763
787
787
734
726
677
642
660
688
646
671
681
734
791
794
803
787
774
777
769
748
762
763
745
725
677
736
713
729
749
689
705
740
739
738
677
630
601
622
729
781
796
683
704
704
742
693
753
736
718
700
712
688
698
671
706
709
698
676
611
608
626
703
729
704
650
650
712
734
722
737
742
717
744
770
747
721
692
687
678
652
663
657
663
628
605
605
640
656
737
773
780
757
764
771
724
716
706
675
656
652
599
627
721
713
753
728
731
652
636
654
665
679
742
743
752
706
664
720
739
758
757
755
740
730
730
726
728
690
674
726
705
690
688
736
754
751
684
733
654
642
618
599
604
652
632
617
605
619
664
721
746
752
742
779
765
752
773
771
737
656
636
652
735
747
768
716
732
752
784
764
713
748
772
759
739
724
679
699
686
731
761
788
727
761
786
772
781
713
733
758
729
703
642
646
629
678
758
772
787
801
802
787
771
752
729
708
686
645
662
688
751
767
753
700
710
739
737
751
708
651
627
677
628
625
681
755
782
786
782
737
694
751
744
748
742
693
753
768
789
708
765
656
702
738
714
736
741
750
710
668
628
648
620
654
715
706
724
685
749
765
771
762
730
716
748
720
699
696
708
709
720
688
629
636
622
674
706
752
795
758
745
746
769
724
707
626
645
607
671
745
723
641
679
699
713
732
702
679
663
656
670
657
622
606
589
583
569
575
604
653
694
742
763
651
729
699
715
679
686
678
651
662
660
646
634
604
622
673
734
752
754
655
665
672
625
628
680
654
595
600
630
722
772
779
763
772
753
724
675
644
662
686
723
727
733
732
708
649
661
653
665
648
687
619
593
575
561
598
800
776
742
705
648
638
635
655
682
707
685
706
701
708
708
711
704
716
713
697
708
687
674
733
756
772
761
724
635
617
626
594
619
708
651
663
661
676
672
657
676
670
665
649
637
610
598
616
626
624
626
632
605
617
591
586
622
631
649
668
645
661
650
669
668
657
658
674
627
624
642
668
719
698
662
641
632
670
711
731
740
732
746
737
700
724
717
680
646
659
690
681
683
691
749
758
753
752
751
707
629
642
631
633
639
601
645
720
747
735
763
760
752
690
741
770
741
716
706
763
712
725
734
741
736
659
678
698
722
760
681
698
735
715
708
712
703
695
671
710
693
634
661
655
610
669
661
690
693
698
682
687
649
647
628
631
584
590
597
643
659
646
631
609
652
678
691
702
708
713
655
690
696
704
686
702
714
709
699
653
684
693
691
671
672
723
715
714
677
686
714
725
722
697
680
716
689
695
655
669
663
654
678
660
691
646
626
602
572
570
595
652
645
584
590
650
683
693
670
683
769
786
778
739
760
775
697
683
707
716
714
724
745
730
723
665
636
675
664
707
696
675
688
630
639
677
724
723
726
712
734
758
765
773
777
670
665
687
677
725
720
667
676
736
668
715
713
733
702
721
783
788
804
783
757
689
760
748
749
753
685
708
720
727
749
719
672
736
744
754
781
694
729
742
744
767
736
737
710
671
637
640
661
715
760
714
805
808
806
707
714
771
756
732
687
729
705
708
716
666
740
770
788
743
673
707
718
749
777
710
710
766
736
706
685
723
713
709
657
686
697
711
718
686
637
608
600
688
788
795
819
825
835
837
784
763
751
730
697
685
690
709
728
736
759
785
794
770
725
727
749
758
744
683
675
740
761
774
768
703
782
780
791
783
723
670
698
730
789
775
668
719
725
755
693
695
639
627
593
603
668
707
715
713
646
667
704
732
763
740
725
785
781
707
660
624
630
651
715
735
713
735
769
780
755
759
676
714
678
680
666
634
650
685
708
736
716
654
676
703
749
776
748
702
647
645
655
681
687
707
669
653
689
722
748
754
693
701
743
740
727
676
711
711
719
737
705
715
761
754
743
705
688
713
736
734
719
652
653
692
720
738
662
719
738
778
775
714
784
781
758
730
676
695
718
703
688
665
725
733
757
671
692
720
725
729
679
728
727
692
682
686
693
645
627
618
612
585
607
621
654
681
700
667
630
592
577
582
565
563
593
622
611
618
619
604
586
569
575
602
657
664
628
621
686
715
732
726
739
746
771
798
771
773
753
686
652
702
737
786
783
711
781
786
761
714
701
724
732
731
719
695
677
631
649
689
691
722
653
658
643
615
587
589
578
569
621
659
698
745
781
773
760
745
693
772
777
768
757
774
807
773
702
681
716
736
790
796
727
748
804
790
782
713
716
761
774
734
677
659
682
715
783
752
690
761
784
777
725
746
805
784
783
758
774
738
684
689
701
737
771
722
749
795
794
783
726
760
789
797
817
756
690
674
719
717
729
686
697
737
789
759
671
736
683
654
680
699
641
688
714
741
739
724
704
688
658
634
587
590
595
608
643
606
595
565
569
569
613
630
646
644
642
618
636
624
623
613
575
567
603
645
665
620
672
688
704
712
694
642
663
670
700
688
650
713
733
739
739
683
705
689
691
696
681
631
618
629
727
730
746
742
747
737
737
688
631
604
589
614
641
681
705
667
636
673
699
711
677
669
625
650
649
668
688
646
670
656
642
588
585
582
582
589
604
609
642
628
594
585
595
614
645
610
608
621
651
658
667
674
668
660
646
635
612
584
581
577
573
540
554
551
586
645
688
704
715
718
709
687
685
681
683
655
641
648
617
607
596
640
732
749
751
738
726
639
640
636
657
676
711
707
708
717
717
691
602
628
614
646
702
724
769
752
699
652
636
684
676
706
726
738
733
740
719
712
691
676
665
592
609
594
604
676
691
716
723
751
771
748
742
726
633
627
623
635
716
757
748
770
746
700
642
646
707
762
748
765
766
776
738
706
660
621
626
666
711
737
677
758
753
718
704
646
644
622
592
587
584
618
693
734
751
744
725
713
736
741
737
749
754
725
697
649
683
719
744
729
675
733
758
670
654
633
656
683
701
716
727
718
706
722
697
696
709
693
656
696
672
632
589
605
622
671
624
693
733
750
756
736
721
690
690
704
709
666
664
700
702
695
640
700
710
731
709
679
641
692
696
702
721
710
670
718
721
712
654
636
663
711
730
740
675
739
729
731
728
656
716
713
717
725
727
659
734
723
738
728
674
750
713
706
654
656
690
691
737
686
646
672
654
655
604
663
677
722
716
703
741
757
771
733
671
730
709
713
697
639
641
635
621
587
608
658
701
713
722
665
735
737
657
705
681
661
637
641
640
696
732
721
659
735
745
770
672
646
693
709
723
680
638
684
682
660
645
620
663
674
703
708
657
703
685
696
665
646
682
696
708
671
683
729
730
710
650
700
695
701
707
654
711
724
730
679
715
719
728
681
738
702
698
676
629
646
646
663
667
652
637
644
632
599
603
615
627
620
604
608
632
608
592
562
566
599
587
597
651
658
686
720
718
687
640
614
625
627
664
719
720
672
760
755
760
729
645
648
677
686
689
675
648
625
646
639
632
604
592
598
636
715
707
720
747
738
738
719
733
742
724
722
725
674
720
679
709
673
717
731
732
681
713
716
708
710
659
674
689
626
650
671
658
632
623
654
661
677
667
623
650
654
695
708
699
654
614
606
591
614
635
666
655
674
733
730
750
729
689
738
730
717
651
685
663
676
619
634
661
627
583
583
621
659
676
622
646
661
674
632
605
616
628
641
663
617
613
646
648
645
672
690
689
700
712
667
668
678
658
614
582
561
534
534
513
509
516
518
549
597
675
779
804
759
703
699
656
675
693
700
689
700
701
717
721
716
720
707
711
656
707
704
729
736
644
628
646
707
752
786
778
755
688
735
746
748
748
740
750
683
719
737
755
751
685
766
743
775
771
719
786
776
752
746
737
674
722
748
751
735
758
734
648
673
688
687
739
658
623
621
602
609
568
544
552
557
579
587
602
593
569
557
555
562
575
621
662
680
690
654
610
613
607
575
556
589
744
747
785
805
801
797
781
761
678
687
667
670
660
691
701
724
705
768
787
785
781
774
772
755
689
740
755
783
787
736
731
763
741
758
706
750
764
785
782
699
731
745
744
778
711
677
734
763
780
695
684
743
747