539
578
638
703
705
730
749
752
746
712
655
600
562
534
530
562
585
602
634
654
646
664
645
592
618
600
620
620
595
553
555
561
559
598
635
624
675
671
633
626
664
709
734
691
660
703
704
726
647
669
711
741
679
621
610
693
792
802
790
770
765
766
776
743
743
758
738
742
682
752
782
799
772
689
704
721
749
658
673
701
696
700
668
646
702
723
770
701
700
733
742
713
658
724
729
758
713
688
747
742
700
645
676
675
677
627
641
692
729
739
692
755
771
780
712
759
764
736
650
673
661
673
656
640
639
645
617
572
560
552
571
596
623
660
618
640
593
592
573
588
582
611
593
588
615
634
634
603
642
643
615
589
579
604
602
617
654
635
656
665
675
642
630
672
670
679
633
642
683
681
667
736
637
654
649
673
655
624
662
641
654
601
622
622
631
628
595
631
615
614
591
606
619
625
611
571
565
598
619
687
692
630
691
689
693
642
646
685
687
702
678
607
629
598
607
631
629
640
688
709
686
662
746
748
708
664
713
688
645
646
686
728
748
670
677
720
729
695
670
696
680
690
648
645
668
681
650
730
734
722
641
705
709
683
627
653
654
675
684
632
650
674
698
654
610
621
633
642
652
633
614
639
667
673
688
670
620
662
617
624
615
604
641
698
731
732
668
702
698
710
715
665
710
711
713
662
620
639
634
662
706
680
682
744
729
688
708
765
772
778
717
769
779
782
740
670
706
710
705
657
697
725
761
736
671
714
705
715
651
644
656
660
678
635
655
699
706
650
656
652
596
598
641
626
628
681
700
683
624
648
637
656
688
636
657
663
710
676
700
729
761
767
709
769
764
733
647
678
653
658
629
600
622
628
673
693
657
637
666
656
658
638
613
647
635
655
640
614
643
657
693
700
641
642
680
672
688
649
633
662
641
658
627
616
646
641
651
625
602
588
593
612
648
672
679
659
634
636
628
635
636
620
651
638
610
587
574
577
564
533
551
599
653
622
630
667
679
684
630
642
668
671
687
650
658
700
685
626
635
659
658
691
636
600
583
563
626
708
720
695
692
700
694
696
678
690
697
700
714
712
646
644
631
642
678
688
629
702
716
743
690
682
729
753
676
651
690
672
668
645
616
636
643
646
655
618
638
623
623
637
593
608
598
600
606
583
592
584
569
547
546
548
569
580
603
618
598
588
595
588
607
638
604
610
616
646
615
654
688
705
715
691
705
706
693
690
646
658
644
669
642
678
693
703
676
641
651
638
636
596
603
607
623
678
650
662
690
675
638
637
615
616
617
596
579
584
603
632
658
667
704
698
664
609
652
637
608
683
733
765
762
731
729
756
730
670
632
645
663
685
674
682
645
608
640
656
666
690
653
650
658
659
658
651
624
659
665
681
663
651
666
650
646
618
631
631
626
622
614
620
621
607
583
595
592
594
578
580
603
584
550
577
633
607
635
685
697
685
625
666
631
646
654
634
608
648
636
648
622
608
632
640
673
646
638
642
667
630
617
664
668
689
665
637
682
685
688
644
684
695
701
663
682
718
699
641
666
688
701
661
682
724
761
725
682
661
613
646
608
584
579
579
545
562
649
741
717
752
743
733
747
763
762
673
694
694
705
719
680
688
727
758
776
716
729
753
703
649
601
636
632
690
751
695
708
721
753
767
780
697
675
711
694
706
703
677
688
740
763
762
720
779
773
751
705
756
753
726
678
733
753
761
711
694
746
733
702
668
697
706
712
651
715
730
680
667
701
712
704
648
688
689
696
648
656
687
707
720
655
701
710
734
695
745
741
762
711
737
728
710
655
709
709
736
687
729
732
741
668
687
681
630
688
690
676
666
694
692
668
679
719
738
687
683
706
719
700
662
711
713
703
654
646
667
672
664
601
606
659
628
646
689
714
722
668
712
699
714
640
651
696
698
632
694
676
632
677
683
674
655
686
683
635
616
652
673
729
707
670
680
677
676
642
672
669
691
648
640
681
680
698
664
621
635
637
647
649
629
684
686
703
694
639
676
681
670
635
641
646
656
668
589
576
565
567
696
686
675
691
695
689
666
666
667
653
647
672
664
641
691
731
775
781
769
803
774
753
751
715
722
712
715
705
632
655
642
664
651
658
709
692
659
652
671
668
683
628
655
664
666
675
635
633
652
658
680
678
636
668
668
693
707
679
681
726
725
681
660
698
716
646
615
632
632
653
650
646
634
613
627
612
611
558
560
611
669
726
703
716
736
745
673
708
658
620
618
628
648
659
659
614
636
652
669
683
659
690
694
712
700
681
617
652
653
667
711
665
661
695
719
708
670
706
702
692
662
645
678
680
654
621
662
669
699
685
656
691
704
717
696
652
686
680
680
622
626
642
646
587
586
608
670
713
697
644
686
676
626
637
679
669
660
606
619
633
662
657
647
693
718
733
686
729
712
697
642
663
660
656
658
632
651
661
683
654
653
688
695
689
624
656
675
698
688
645
673
685
700
666
651
696
701
706
651
695
703
701
646
669
691
667
635
687
704
732
716
656
697
684
628
641
651
682
666
634
684
699
705
657
650
700
697
644
646
638
627
597
599
608
624
636
624
591
571
547
574
621
693
717
731
729
721
656
653
659
662
663
656
636
609
609
596
580
599
586
556
562
589
617
605
634
648
677
687
645
616
678
684
704
685
619
652
670
674
661
624
694
688
698
659
638
660
658
650
625
608
651
666
686
641
644
680
667
618
656
684
711
687
637
692
703
725
683
659
664
647
607
611
651
642
604
671
703
713
659
724
742
750
721
668
704
670
668
641
676
683
718
706
631
645
647
662
647
623
623
657
619
634
645
650
649
653
653
645
616
608
594
576
536
530
521
531
587
680
758
752
763
769
753
729
733
735
726
699
665
656
628
603
567
571
598
635
674
700
717
727
629
609
604
610
639
664
687
687
680
674
670
663
653
637
621
577
552
538
538
563
628
704
755
765
776
786
758
761
751
734
717
692
682
623
632
656
709
672
637
690
709
636
667
730
707
651
730
743
760
723
653
699
700
734
742
688
678
721
733
731
664
673
691
695
663
668
726
743
749
698
738
720
699
655
666
695
723
742
690
737
746
745
721
670
715
712
718
667
687
715
740
766
727
693
724
725
718
654
689
689
701
657
665
717
730
748
729
779
747
707
647
645
632
629
645
607
604
623
639
664
625
600
627
618
627
657
671
713
709
639
659
677
679
665
629
688
685
693
688
658
691
701
712
682
644
690
668
658
634
680
693
736
687
670
705
706
691
636
680
691
682
632
645
668
707
728
665
651
700
697
699
704
659
687
679
650
622
632
636
642
627
624
641
669
696
694
681
679
684
681
645
618
645
642
667
684
647
679
689
700
658
621
651
646
657
653
630
677
667
684
647
623
649
655
675
667
640
675
675
691
672
631
654
659
687
692
641
671
658
656
642
705
724
742
748
663
720
710
699
639
619
644
643
668
702
695
646
698
683
664
619
625
640
662
690
659
660
688
687
650
643
665
664
679
640
665
662
639
607
619
642
665
689
648
635
681
690
671
632
641
638
644
650
618
609
626
661
694
718
705
641
655
672
688
687
641
620
645
649
657
647
648
691
703
722
697
683
714
711
707
662
708
693
664
644
653
676
693
683
643
641
652
663
655
612
612
629
653
665
691
710
646
639
658
660
629
618
637
623
581
587
615
662
687
639
702
711
699
680
650
700
697
698
645
655
670
682
688
631
667
678
690
684
638
681
678
679
681
631
667
686
724
710
664
689
669
673
659
632
645
648
642
626
684
704
729
664
670
703
703
702
649
632
658
654
679
654
627
662
676
701
699
645
684
695
683
662
637
662
643
638
659
663
658
629
606
624
634
602
572
600
608
626
653
674
681
655
713
720
718
724
653
677
677
694
692
646
688
704
729
729
680
707
696
706
688
651
676
655
653
665
731
710
664
639
692
703
713
704
657
703
687
699
670
658
673
665
663
632
634
669
680
697
662
646
702
704
710
654
649
665
671
651
622
619
632
651
687
701
651
681
689
668
628
626
643
660
687
644
669
680
695
708
667
650
677
685
698
708
660
628
660
672
663
678
620
604
603
623
689
748
768
748
757
758
740
724
705
665
672
646
637
603
571
581
601
639
677
720
726
694
686
698
702
693
662
611
617
616
630
678
642
683
696
719
723
651
678
690
697
693
643
682
668
674
632
631
658
668
677
676
654
636
664
675
681
686
630
620
640
654
669
644
651
680
687
637
655
663
688
674
636
676
687
711
699
661
709
691
645
665
687
702
704
644
653
660
672
680
649
689
694
692
663
652
683
680
672
627
666
667
653
644
627
667
709
701
639
681
692
700
654
676
675
678
652
635
666
683
688
646
644
672
674
671
622
629
622
612
560
564
596
597
609
642
663
628
621
656
669
677
619
639
663
674
691
635
659
667
683
659
631
666
679
710
710
661
723
716
709
673
709
710
724
726
666
708
716
716
669
651
634
637
639
620
648
658
652
609
613
614
621
625
604
647
659
660
618
646
650
643
610
581
576
587
613
630
610
615
613
637
641
623
676
698
711
671
648
694
671
658
618
624
621
647
668
628
688
686
698
660
679
710
705
635
629
659
636
641
605
584
546
550
575
604
617
600
634
668
686
643
675
682
693
642
636
660
665
695
672
681
742
761
759
745
791
776
738
683
728
718
711
680
730
731
689
634
662
685
688
658
666
705
709
728
681
707
711
689
635
632
660
686
719
673
688
769
792
770
712
756
733
667
665
618
606
601
624
651
678
687
684
681
667
647
627
616
606
595
554
551
534
538
559
593
621
653
682
692
693
694
685
681
662
636
632
608
583
531
528
525
545
617
709
771
769
764
767
752
727
729
719
706
678
663
646
650
580
586
566
599
656
710
752
637
631
620
633
675
722
746
718
729
726
713
700
680
590
613
578
580
609
647
675
711
715
705
703
709
673
625
594
600
604
587
579
612
693
751
769
762
746
735
736
720
639
607
583
586
629
696
737
770
765
755
745
723
641
613
622
641
667
716
716
719
702
640
625
633
669
710
746
752
723
720
704
686
617
591
602
606
641
661
701
714
714
712
695
683
688
684
664
600
581
587
623
697
754
763
750
738
729
736
716
627
602
584
578
606
660
728
786
801
791
767
784
728
679
646
621
668
745
744
679
746
762
772
704
695
733
760
770
699
710
742
760
775
713
660
686
720
745
751
701
724
746
759
779
734
739
757
758
728
705
734
758
761
705
713
710
730
746
695
701
727
771
770
741
690
740
735
754
707
718
734
756
747
702
701
674
674
636
660
663
702
654
678
647
604
592
624
663
650
669
677
693
651
626
644
650
677
707
667
701
731
769
770
688
716
708
738
695
665
690
691
684
645
654
675
696
706
678
659
682
694
697
637
629
648
677
715
743
677
717
688
655
600
586
610
597
588
621
658
710
679
660
718
732
737
745
713
770
766
762
753
697
742
742
731
680
752
763
754
676
720
729
736
695
639
667
652
664
670
665
695
699
716
664
739
725
742
700
656
695
703
716
647
702
712
723
735
698
687
703
711
729
735
660
627
614
622
656
682
705
732
731
735
731
706
695
677
659
660
652
678
689
728
749
749
730
721
717
710
707
632
639
647
673
690
730
765
700
696
688
699
711
721
694
648
657
650
659
655
625
612
625
660
709
734
738
669
691
667
666
678
642
668
639
666
634
653
668
714
700
649
688
711
717
705
686
630
638
621
623
617
581
570
572
603
624
679
704
714
704
654
693
688
684
660
630
670
668
691
712
727
647
656
656
647
652
622
662
672
716
733
658
676
711
716
703
636
655
670
682
706
667
644
691
696
715
714
652
679
700
699
699
656
679
696
720
723
670
692
699
700
687
657
700
714
715
651
701
688
701
698
647
695
675
667
622
641
658
687
688
640
672
682
717
739
698
651
695
711
716
709
651
678
674
646
608
628
629
651
649
612
630
586
555
561
611
646
623
651
675
715
734
739
663
650
658
674
706
662
626
642
657
700
706
649
695
709
737
735
655
720
715
715
718
660
683
683
662
657
615
648
667
702
727
667
703
739
752
747
671
744
730
742
686
690
709
693
620
631
631
638
669
650
711
724
745
703
675
731
724
729
690
684
697
687
635
623
644
653
678
695
644
680
673
663
620
631
652
656
631
610
640
652
606
613
626
652
621
620
625
638
646
640
633
620
604
592
582
577
570
548
533
530
561
611
665
690
701
695
637
626
612
622
643
654
660
663
673
661
646
632
623
631
635
640
646
683
675
631
604
616
589
605
674
689
633
710
733
740
664
689
649
635
691
703
715
671
721
743
752
745
672
640
654
696
714
729
727
664
692
685
684
682
636
644
688
711
744
720
760
761
728
689
676
652
608
590
602
616
622
660
637
660
732
772
783
699
748
768
752
699
703
744
743
667
709
735
731
670
729
739
765
688
669
700
700
700
658
661
692
721
725
682
708
745
762
743
660
654
689
684
688
652
714
708
701
649
676
678
693
678
653
703
700
695
646
678
695
727
651
673
676
674
651
624
674
693
706
638
671
661
667
655
626
645
626
629
602
592
598
594
564
563
587
570
574
588
611
645
663
617
639
659
670
683
622
624
644
664
711
753
678
732
757
772
749
678
741
758
765
758
697
686
717
735
758
749
683
754
771
774
751
685
719
707
642
671
691
732
758
708
693
726
729
733
679
680
714
722
739
685
698
712
738
693
646
678
698
707
722
671
700
694
697
632
638
650
653
657
637
691
714
748
756
691
677
693
626
614
641
649
672
661
706
705
663
643
687
652
616
682
712
705
641
681
680
710
714
694
633
662
693
703
717
674
635
642
666
698
733
703
631
656
655
669
682
665
671
667
656
622
624
652
669
699
706
619
588
575
599
709
696
680
684
678
642
596
591
603
622
625
655
669
655
632
613
600
588
569
585
625
685
708
650
626
634
640
652
667
660
662
657
633
582
592
560
561
579
608
672
693
698
694
688
649
637
575
587
545
536
555
588
640
661
681
682
685
666
623
585
586
596
609
626
619
627
565
565
561
581
619
646
595
604
612
590
609
614
625
627
615
602
595
588
574
572
554
552
528
531
549
576
605
641
662
645
614
606
613
620
602
635
647
664
671
679
671
627
614
565
560
595
621
670
587
584
596
616
649
677
686
688
674
647
658
580
583
567
572
572
612
634
679
715
699
704
697
687
656
581
587
566
575
604
657
712
709
718
703
706
610
619
593
606
626
646
669
670
663
663
662
652
647
641
635
584
592
563
575
589
572
585
598
625
657
685
683
688
656
664
646
659
639
620
582
566
563
593
623
609
620
639
653
618
615
615
623
629
631
648
656
649
645
649
631
631
553
573
546
555
563
592
633
665
672
673
692
682
613
600
586
581
584
590
614
635
650
644
651
644
642
566
574
552
562
592
596
586
608
689
753
774
750
746
650
643
600
593
610
657
717
752
777
709
630
640
634
652
683
704
723
732
735
714
707
677
646
600
580
594
625
616
595
583
610
658
652
613
606
620
638
658
693
707
681
621
610
607
612
632
629
694
693
701
688
688
670
591
584
560
571
608
654
662
705
711
714
709
635
629
613
623
636
640
646
615
600
579
605
590
619
633
664
676
696
697
695
655
633
602
595
604
613
625
632
633
635
653
664
684
644
595
594
603
629
642
661
670
680
670
681
590
611
606
625
642
662
690
688
696
620
633
606
579
603
610
655
677
688
688
680
674
676
676
658
588
577
573
601
643
694
730
744
762
727
704
639
602
582
591
620
669
703
712
724
717
706
692
626
615
587
579
564
574
586
632
686
708
712
704
688
674
666
652
606
595
572
600
589
632
643
683
724
736
730
714
688
597
600
563
574
601
627
642
622
617
595
589
603
624
657
662
677
659
642
639
619
611
563
555
563
589
620
653
621
620
641
670
676
682
679
667
650
644
629
620
572
562
549
570
604
663
706
711
723
709
639
597
586
611
660
699
713
719
712
702
688
670
645
632
634
580
581
573
589
643
673
692
694
689
671
650
624
581
568
593
626
618
648
724
778
781
737
723
752
743
698
704
716
716
694
700
718
737
716
662
688
705
719
733
663
672
668
675
665
712
700
666
662
693
687
647
670
660
658
630
661
655
665
661
625
642
644
678
681
643
688
665
614
646
681
648
693
686
678
633
677
679
680
648
642
672
692
703
712
666
693
697
711
713
670
651
702
691
701
641
671
686
693
708
656
693
698
719
733
749
700
684
718
722
712
688
700
663
637
681
700
710
686
653
676
691
712
683
653
686
687
698
685
657
706
698
715
679
720
715
715
688
688
701
686
617
622
600
561
591
666
725
709
750
763
747
667
666
683
695
670
640
678
656
668
649
686
701
642
661
666
668
657
613
646
656
656
660
648
689
710
698
660
693
665
668
639
634
642
654
668
639
651
665
686
713
687
703
688
677
646
616
618
636
676
663
682
713
748
748
669
679
684
671
640
650
668
672
690
678
688
713
731
732
671
698
690
687
628
604
603
594
562
549
585
598
586
619
636
666
666
633
669
680
674
622
634
646
645
620
631
647
634
639
670
693
705
654
656
680
649
614
617
639
628
598
602
609
612
589
605
615
593
602
599
601
605
604
595
586
573
563
551
540
533
515
509
509
531
574
603
629
615
582
568
551
546
533
521
532
550
569
577
569
569
564
557
550
551
554
564
577
603
611
616
611
608
605
590
566
543
542
538
540
563
568
569
543
542
539
535
521
523
518
513
521
541
591
646
692
703
711
724
713
686
652
610
605
607
620
633
630
676
689
735
751
675
691
673
624
611
622
604
636
662
691
699
710
697
693
649
626
639
659
683
701
659
626
634
635
632
645
627
658
645
647
666
625
642
632
625
602
628
605
631
663
635
646
672
690
698
719
704
640
642
640
611
570
577
605
611
617
618
621
615
581
594
600
613
643
642
691
701
706
706
650
702
707
714
695
661
614
641
655
673
665
682
675
643
619
639
665
718
737
733
707
713
749
756
712
660
689
693
709
694
646
666
646
629
627
635
632
688
715
682
629
649
668
663
664
650
669
671
628
663
659
681
682
677
681
695
654
696
708
714
702
645
674
671
658
629
646
662
677
672
645
635
653
707
726
748
743
690
739
723
729
716
669
669
696
717
718
716
662
707
692
717
720
676
696
684
672
660
685
712
719
661
621
628
610
588
562
586
631
653
625
647
652
684
698
663
639
646
639
638
593
588
578
597
619
650
640
658
640
628
611
653
674
704
637
661
653
652
607
629
618
621
605
619
605
617
607
582
611
614
646
643
611
653
642
651
640
605
636
617
601
609
639
648
698
657
689
699
687
692
673
627
646
649
664
677
701
665
661
702
701
718
696
627
599
564
558
564
581
624
680
686
693
716
702
671
646
621
582
572
604
644
643
601
580
572
646
694
724
743
741
735
722
719
694
681
667
676
674
667
662
624
598
616
643
675
677
654
688
701
705
673
640
659
680
703
725
731
718
696
737
747
737
719
662
707
700
706
671
697
695
711
716
664
681
688
690
655
644
661
660
678
688
622
624
632
650
665
685
631
647
658
672
688
674
653
679
663
657
643
592
571
586
601
634
686
731
727
680
739
705
673
648
700
710
728
714
678
722
725
742
761
719
716
741
717
695
640
665
658
669
695
666
701
709
725
735
688
672
683
663
682
637
650
662
680
702
667
679
687
679
647
651
668
689
700
662
714
729
729
679
696
700
709
698
645
687
663
661
623
648
659
673
668
638
673
663
656
622
635
653
658
678
636
648
656
666
674
640
655
666
676
683
646
656
672
680
683
626
654
667
680
721
676
685
705
703
668
688
689
708
714
665
700
676
670
654
677
676
679
646
666
653
621
621
622
633
592
579
629
671
669
668
695
728
727
678
699
707
716
700
639
682
684
699
688
667
718
725
735
694
700
714
719
726
678
710
708
736
719
668
699
695
693
661
631
596
581
597
639
692
724
756
740
682
709
704
712
722
711
645
660
646
660
686
678
678
721
744
695
665
714
697
657
674
692
716
669
683
693
689
667
677
689
695
637
645
647
652
621
643
632
657
641
604
582
584
587
550
577
624
677
705
709
648
680
678
678
633
587
577
551
539
549
560
564
585
605
630
646
622
649
665
655
615
633
637
628
600
594
595
609
622
609
600
619
630
633
599
603
605
619
620
617
639
661
665
656
605
610
605
609
619
614
634
637
644
634
612
642
643
653
675
639
644
641
633
627
599
624
614
629
587
594
622
651
683
644
672
685
720
708
674
737
737
747
732
697
737
734
733
670
705
688
683
695
704
633
611
631
638
655
668
628
599
585
551
546
595
662
709
739
688
695
711
702
688
643
631
654
682
709
686
687
715
729
752
671
710
712
699
648
654
687
713
711
631
650
633
646
625
593
607
626
640
648
608
630
642
645
666
624
660
692
715
692
655
701
700
703
696
638
665
634
652
611
589
588
586
563
577
678
729
668
722
754
753
707
650
703
698
681
632
639
661
679
680
638
647
667
665
636
612
622
609
620
592
596
606
613
615
588
565
567
563
582
592
562
567
563
571
588
583
575
571
593
598
594
608
612
593
575
566
564
565
568
578
576
574
568
564
528
511
512
517
532
555
580
601
607
613
615
614
608
577
584
567
563
567
566
538
529
523
533
570
601
635
665
658
664
646
588
558
541
539
542
520
512
503
504
517
536
587
626
648
662
666
678
656
583
579
547
548
563
587
609
641
664
669
658
640
631
614
604
597
580
561
542
556
586
622
687
698
711
706
688
682
674
620
579
568
561
590
606
641
687
706
711
710
610
593
590
597
617
646
674
701
695
701
685
668
663
648
572
566
558
582
627
650
643
639
642
641
628
650
633
637
632
639
630
625
573
564
555
568
592
622
643
583
578
580
586
604
643
653
655
649
643
636
629
564
570
548
553
580
624
669
693
703
689
664
664
644
613
574
580
592
618
639
650
580
573
542
538
573
616
688
710
718
704
709
696
682
675
666
662
662
670
673
680
696
673
619
593
608
629
655
675
693
703
683
670
675
656
613
600
570
590
644
729
748
746
736
715
706
682
589
590
563
565
593
637
669
693
701
686
682
687
674
674
673
657
597
579
582
609
635
652
674
678
588
593
584
583
594
612
641
652
653
654
641
620
617
570
572
564
582
613
669
691
1269
563
550
556
575
629
688
740
760
772
754
762
754
707
647
605
625
651
705
731
731
688
660
661
668
692
721
705
695
671
598
595
578
589
629
674
707
718
716
694
683
651
650
606
567
553
549
565
615
672
726
706
771
755
727
705
700
679
657
646
636
632
634
635
646
664
675
612
589
569
584
613
664
702
729
754
775
757
741
721
689
665
654
658
658
651
664
622
601
578
601
643
698
716
694
652
643
644
656
654
622
630
637
666
695
727
724
712
682
626
611
601
617
654
698
705
629
631
641
659
693
722
717
697
675
652
591
577
574
592
616
657
693
709
700
703
693
682
589
589
565
567
596
640
680
702
688
707
615
611
593
603
605
660
660
678
673
660
646
594
605
642
620
618
668
720
701
637
672
683
707
706
647
673
676
695
698
662
669
684
706
725
704
668
682
683
653
605
609
641
652
621
622
657
702
732
747
699
678
689
707
720
660
629
635
654
682
710
733
688
638
647
664
675
646
671
667
643
668
640
634
630
604
567
563
576
599
600
592
627
651
669
664
626
627
631
643
638
648
623
627
639
663
697
713
684
647
687
678
678
688
640
691
688
710
716
666
694
720
744
754
751
732
660
698
688
704
707
641
667
665
683
635
628
656
659
675
662
624
657
653
668
668
681
642
698
703
732
727
652
646
659
681
715
719
675
740
724
724
646
621
610
602
619
656
679
688
697
712
689
685
683
671
666
665
626
649
642
671
698
670
677
680
689
692
649
678
671
678
686
700
687
640
695
692
701
715
738
671
726
708
717
706
644
688
672
681
702
669
687
703
711
710
670
654
688
683
680
634
683
670
691
646
682
663
643
656
657
614
633
593
601
581
580
571
544
555
588
616
621
600
622
636
651
678
680
632
615
638
649
674
690
694
653
646
683
703
702
708
658
693
689
700
665
661
655
662
639
662
678
701
693
626
655
643
640
653
624
626
649
666
681
641
630
646
646
648
619
634
661
670
688
643
654
675
688
687
641
665
649
654
670
623
678
685
705
675
652
684
673
671
640
599
573
563
565
572
576
576
590
554
536
546
544
541
554
587
631
660
667
624
626
645
674
707
726
691
720
712
715
706
695
647
661
648
652
678
670
641
698
706
718
653
684
672
678
705
635
661
639
643
645
614
628
665
696
721
703
679
719
722
709
687
624
639
630
651
687
686
646
637
657
678
704
707
661
654
683
696
727
716
688
741
744
747
694
706
729
736
750
712
729
723
729
699
656
707
713
724
671
674
687
702
734
679
679
692
688
674
630
639
626
647
659
624
649
663
691
711
687
695
714
737
707
661
698
700
695
654
707
710
740
692
726
696
665
625
629
594
563
565
592
582
583
586
604
624
647
633
623
630
635
653
620
600
615
650
688
712
705
684
713
717
725
712
674
684
685
706
721
706
659
677
661
675
680
639
664
688
710
673
709
715
708
689
647
663
652
683
689
657
660
692
710
730
688
623
620
624
645
665
688
674
638
672
673
699
717
714
650
673
674
684
681
688
666
641
677
671
694
714
688
668
696
703
714
711
660
700
683
698
700
653
697
699
716
687
656
668
667
678
668
662
692
707
710
645
607
584
586
607
639
592
605
673
713
726
742
736
717
702
695
672
658
645
636
658
690
736
752
766
697
688
697
714
716
704
648
658
663
682
699
681
690
710
693
687
665
632
648
645
664
695
678
637
684
690
689
672
643
695
673
686
719
669
710
701
709
708
648
684
664
676
677
635
660
643
654
658
625
643
641
657
679
641
652
667
678
694
642
664
630
616
597
597
614
653
658
643
626
661
667
679
695
633
637
638
649
651
615
651
664
671
670
618
652
641
654
646
618
646
641
659
657
617
647
632
663
688
632
645
647
654
659
624
611
630
646
689
669
639
680
680
673
630
644
639
639
627
604
627
628
654
673
636
661
675
688
645
624
652
647
664
652
627
654
666
665
661
625
647
635
652
648
614
628
636
646
643
615
633
641
649
657
644
619
585
579
564
576
594
625
661
618
636
656
696
715
646
697
693
686
663
618
647
657
659
618
636
659
674
693
627
656
649
651
662
610
609
613
618
640
634
606
630
633
653
673
612
640
632
645
656
622
633
638
648
620
614
643
649
663
661
612
647
648
649
612
615
619
605
611
616
591
564
557
543
562
569
542
559
599
633
657
672
632
634
649
668
699
708
681
656
680
688
699
688
630
662
672
677
689
654
691
705
725
740
728
659
703
694
692
714
713
677
713
691
701
671
664
701
715
738
703
696
662
669
638
617
630
645
666
660
620
649
647
656
664
621
639
631
647
657
642
618
639
661
665
677
688
668
655
655
652
652
633
619
640
639
657
645
614
637
635
661
658
638
601
613
606
609
614
590
620
641
662
682
656
673
692
690
636
684
666
678
691
676
651
680
676
682
655
619
642
646
655
678
683
621
613
624
641
675
685
630
666
671
689
705
706
649
672
678
683
683
682
658
626
656
662
679
700
662
687
689
712
708
680
649
688
690
704
717
650
667
665
669
673
641
684
696
724
695
650
694
686
691
648
631
653
650
674
627
644
668
688
714
683
705
722
730
682
683
699
715
716
703
655
643
663
692
729
753
715
735
740
737
717
646
652
620
587
572
554
566
592
646
688
670
656
665
663
662
643
626
630
639
646
647
666
706
717
719
667
681
689
714
692
640
658
670
675
698
665
654
690
688
651
615
641
655
672
677
629
600
583
591
647
691
713
721
724
719
722
709
697
667
659
655
612
635
655
693
729
737
653
675
668
653
612
591
620
671
672
698
729
750
768
731
660
699
688
696
707
631
634
666
692
747
743
694
750
749
731
664
675
678
669
687
649
636
664
678
689
658
663
689
703
717
664
708
694
695
663
639
692
712
736
732
663
713
713
717
658
644
669
656
646
615
625
642
666
696
658
646
688
696
702
648
646
641
621
604
576
565
580
615
677
624
586
617
604
589
606
639
672
693
669
631
683
684
698
689
649
688
695
708
701
647
699
712
728
729
671
671
684
696
709
718
677
720
725
745
750
691
740
739
741
745
715
715
719
724
663
626
646
633
645
621
602
632
660
691
735
724
647
693
707
701
635
639
674
698
724
663
688
707
721
709
654
658
670
659
632
676
684
706
719
652
683
675
679
682
666
731
751
723
685
739
735
722
686
750
755
696
650
679
651
653
628
648
646
651
632
583
582
574
600
635
671
687
647
620
649
653
660
683
642
667
688
692
697
642
672
691
659
632
627
651
679
690
656
636
668
670
678
648
626
663
654
661
648
619
645
655
662
630
623
630
637
619
605
627
643
666
636
645
667
676
653
616
640
636
625
600
583
592
598
628
648
678
674
679
681
664
649
576
576
550
548
563
614
660
725
723
728
732
722
666
615
591
584
598
630
682
706
704
703
711
719
690
672
644
613
594
606
646
625
615
625
643
683
721
735
734
720
707
682
615
605
577
587
617
668
705
729
740
730
635
624
619
635
664
714
728
737
724
625
612
594
598
621
682
740
726
719
703
691
677
657
600
583
563
553
573
613
662
729
756
767
736
651
669
658
673
676
688
680
670
654
659
596
577
562
567
594
632
671
612
608
622
658
666
678
685
699
698
688
687
671
663
659
584
593
575
592
608
596
566
591
620
625
666
716
756
732
735
735
746
724
656
643
614
616
607
603
614
646
705
734
737
727
718
626
648
635
644
676
695
688
714
660
666
672
677
713
667
636
672
719
757
768
740
700
681
634
593
579
574
562
584
595
625
657
701
710
709
670
603
594
579
588
609
635
675
669
634
647
675
690
711
701
677
598
591
571
571
591
623
688
709
700
732
738
734
676
637
651
651
607
602
631
608
609
642
676
658
627
645
678
700
662
650
690
679
656
619
656
634
604
608
637
657
671
642
651
656
673
684
655
641
622
623
623
604
603
617
642
656
633
606
622
627
616
575
584
588
589
611
637
659
625
593
619
629
660
696
651
673
703
706
685
639
661
662
623
625
632
655
686
704
729
674
643
659
658
670
671
676
635
628
619
585
604
656
686
699
649
681
675
681
693
660
665
677
686
693
654
630
681
689
712
719
678
699
732
738
721
677
665
691
709
735
677
661
677
688
692
647
631
646
646
659
672
637
670
690
705
722
661
662
668
672
677
659
625
667
675
703
695
646
697
693
717
691
633
661
657
661
683
642
652
676
688
711
664
707
708
705
682
662
693
702
718
668
708
701
686
645
672
655
653
653
624
649
663
700
690
626
646
608
620
591
589
603
644
703
720
678
680
677
669
668
657
625
648
657
682
680
646
613
607
614
643
658
680
648
639
646
650
658
662
646
639
645
665
677
690
711
672
681
674
672
671
639
654
650
668
663
622
638
637
651
664
616
616
634
644
645
631
613
640
640
660
652
654
645
634
617
662
673
687
658
622
607
589
599
645
675
690
723
729
726
716
691
671
652
644
646
685
712
720
696
675
650
624
654
638
645
610
631
624
637
619
581
576
593
618
636
636
595
616
618
642
656
679
678
637
667
658
669
651
664
687
722
750
756
703
718
691
685
669
636
623
644
677
699
726
670
726
741
755
697
664
690
669
663
658
625
608
637
634
646
637
612
640
639
642
615
602
624
643
678
708
691
641
679
662
669
669
631
654
651
659
675
630
667
689
694
670
661
688
675
651
664
678
660
662
643
662
668
674
673
632
625
636
654
661
636
672
699
712
664
613
610
591
617
621
647
625
616
611
620
630
620
668
690
685
616
627
639
639
656
681
643
608
628
637
657
617
645
644
641
620
659
654
649
608
636
650
656
633
632
652
642
629
606
634
638
676
686
644
681
670
669
616
610
633
645
661
655
623
649
659
643
625
592
602
626
673
704
721
648
688
701
699
702
660
708
713
679
649
639
638
671
630
644
626
622
603
564
546
540
548
564
597
620
637
622
603
567
540
543
538
545
556
573
583
574
555
533
529
515
509
505
569
627
659
660
684
734
723
741
710
747
737
716
699
660
620
604
584
569
581
624
683
735
712
672
640
631
623
618
595
610
599
583
572
556
545
567
610
652
692
691
688
665
631
623
597
563
562
584
621
662
700
709