637
625
627
630
631
654
662
671
642
632
587
579
563
567
567
574
580
572
597
605
626
615
617
613
599
569
548
554
551
531
529
537
548
580
582
594
616
641
642
622
645
661
657
621
639
646
656
631
662
688
654
631
658
669
646
641
662
661
629
666
663
689
637
665
688
637
618
644
617
624
654
689
626
632
625
626
635
645
645
642
603
578
568
563
578
596
633
652
653
622
597
590
610
627
582
586
597
618
621
606
598
629
652
628
614
639
657
660
669
672
636
600
566
565
565
569
566
573
566
562
564
560
550
541
550
567
552
545
539
553
590
659
716
762
692
697
729
727
719
710
678
628
632
622
656
688
691
691
696
670
620
592
586
579
602
625
631
637
622
641
628
589
567
573
572
574
585
593
623
638
649
636
620
601
591
588
592
609
595
590
601
622
688
714
688
737
770
749
734
735
731
685
708
703
716
677
646
637
631
614
642
657
702
720
687
717
729
745
718
688
670
655
654
676
690
650
678
674
679
651
693
686
678
647
671
678
687
657
675
693
728
715
683
719
652
680
677
656
650
632
664
703
707
685
660
600
596
584
585
609
639
674
688
673
594
605
584
610
654
699
705
709
701
660
607
594
591
604
628
628
644
671
665
641
637
626
619
616
614
626
622
575
578
571
558
567
624
651
681
753
764
736
761
703
712
685
657
609
599
621
704
768
723
775
798
776
734
771
767
710
701
734
771
714
737
644
648
668
715
711
697
665
641
676
679
709
715
688
722
720
741
691
721
687
695
662
681
680
635
574
582
569
548
543
545
547
563
574
591
623
658
661
707
736
736
704
736
652
606
602
577
549
554
567
614
677
676
688
693
695
677
677
648
630
593
562
553
560
572
571
568
616
695
691
694
698
727
692
665
648
645
642
594
607
574
592
579
589
608
628
645
606
579
575
574
584
584
594
581
543
563
560
577
608
627
641
649
635
629
616
606
616
613
575
559
564
582
646
715
757
783
745
714
665
611
581
577
599
644
700
640
619
669
662
636
667
694
716
712
703
674
646
581
565
546
553
573
563
601
620
631
629
646
658
655
649
641
633
623
613
609
563
547
550
571
607
681
706
729
717
674
639
603
564
559
556
548
567
583
605
610
600
624
631
634
622
637
646
660
655
655
625
620
631
658
645
615
621
618
613
609
636
662
679
677
644
621
645
653
689
720
657
672
643
598
587
588
610
591
585
563
559
553
577
609
667
668
626
663
649
661
668
670
615
623
605
582
593
631
674
688
688
647
604
604
591
587
583
588
604
621
647
658
659
655
635
618
570
582
576
581
596
598
586
603
590
602
585
586
582
559
543
537
544
559
589
621
692
729
703
711
701
666
644
590
579
574
590
619
661
673
675
662
596
585
584
581
595
598
588
588
570
559
552
553
563
573
593
589
581
562
580
678
719
765
720
700
684
700
643
607
598
619
654
699
721
714
643
643
608
649
653
685
708
700
695
661
612
609
608
616
673
673
679
681
652
656
654
638
595
595
605
627
643
603
607
593
605
614
598
592
564
560
550
558
572
579
588
600
609
605
600
597
596
555
558
549
588
655
677
650
615
608
588
557
567
579
588
632
636
615
601
610
618
588
579
587
602
614
616
619
620
617
603
598
612
640
616
672
678
683
662
599
610
599
612
628
645
651
653
619
634
636
641
651
630
678
674
646
678
642
690
677
676
679
646
615
619
631
688
721
725
716
747
742
757
760
752
736
686
721
702
703
701
666
714
723
669
693
702
709
681
658
689
704
718
680
712
709
670
702
694
714
688
695
676
666
672
619
609
602
624
670
662
623
614
604
570
581
619
628
633
633
646
649
616
654
676
714
710
675
692
695
665
696
713
681
672
686
694
673
636
651
661
682
643
701
708
700
671
693
719
669
683
673
698
667
674
669
679
635
670
633
622
586
567
563
567
553
537
518
521
518
520
537
584
633
643
678
706
717
686
700
682
682
673
660
646
625
626
627
642
653
650
624
645
648
677
690
680
657
690
696
658
674
659
674
663
646
674
676
651
609
617
582
603
620
645
664
685
704
721
700
647
669
654
648
620
646
665
709
666
689
716
711
644
626
616
655
648
631
621
610
634
652
660
651
630
611
596
587
548
561
548
569
616
655
669
638
628
644
647
675
695
686
677
655
667
669
693
717
717
673
690
704
742
756
768
701
724
721
729
696
688
709
730
708
740
681
681
641
625
627
568
578
582
604
613
595
601
602
627
646
667
650
686
684
685
630
615
616
627
631
650
640
633
610
580
566
553
536
524
515
519
521
544
589
591
629
706
759
767
770
757
707
705
686
698
703
690
675
713
741
748
778
768
761
702
720
682
680
675
649
650
666
715
782
795
731
672
648
648
661
687
686
711
741
757
722
729
716
727
720
664
701
682
651
601
601
604
615
655
640
706
720
721
706
680
632
638
646
668
676
659
711
731
727
674
733
733
744
705
701
724
681
652
659
665
669
678
622
606
600
609
608
603
598
598
594
567
553
545
529
530
538
572
653
720
725
711
771
781
775
698
723
721
734
736
676
697
707
729
770
776
733
787
757
781
774
697
731
712
715
725
693
752
781
807
703
720
719
737
706
670
688
710
725
686
680
682
711
725
700
695
703
713
668
684
702
720
688
687
707
740
740
696
639
601
600
652
634
621
703
749
775
771
771
752
736
677
692
641
636
632
601
636
585
581
566
550
546
534
525
521
506
499
506
498
494
489
497
494
504
523
538
548
560
568
566
566
563
563
563
559
530
531
521
522
532
525
553
592
628
657
630
613
637
630
610
635
634
624
641
632
602
568
583
592
613
628
631
601
570
570
560
567
560
567
566
572
597
597
595
586
582
571
547
542
537
549
554
536
565
620
664
687
722
741
702
744
744
689
697
647
622
598
626
665
718
711
767
789
786
773
780
774
733
680
704
699
725
686
739
764
750
702
711
723
665
681
694
710
677
690
688
690
649
636
649
661
655
628
658
670
680
673
627
645
649
664
672
642
658
671
692
703
664
659
662
681
689
646
673
677
678
646
653
661
692
690
746
769
786
784
709
721
718
714
695
658
692
726
756
705
704
736
749
749
698
698
702
718
672
673
702
718
682
658
681
705
712
696
663
702
725
695
655
659
687
721
705
661
700
715
735
681
716
707
715
688
661
670
681
632
610
616
618
661
701
732
686
680
707
722
717
666
682
681
722
756
698
709
738
759
693
688
718
742
713
666
688
701
726
694
716
707
723
686
735
750
773
727
736
700
683
668
673
684
687
639
672
666
684
660
676
682
685
645
609
619
631
650
647
684
693
704
674
661
686
682
681
654
637
654
684
688
665
712
742
739
682
724
727
733
695
657
674
685
702
723
708
661
692
699
719
708
667
696
711
717
671
666
671
674
701
700
742
755
769
746
687
700
688
652
628
618
615
581
601
648
635
677
740
747
741
703
758
758
742
687
673
684
693
703
660
676
693
730
741
688
703
714
703
661
692
697
716
723
692
699
697
722
705
701
707
675
706
696
692
629
632
600
591
569
556
561
591
663
728
718
782
799
803
773
696
708
689
690
692
714
680
693
718
761
712
754
760
767
770
699
734
737
729
693
679
683
692
676
688
717
746
750
694
735
720
729
679
670
686
699
708
674
731
760
801
754
706
740
742
744
696
712
714
734
735
698
748
736
739
685
727
729
743
689
730
749
771
724
724
722
723
681
702
711
719
685
727
735
739
701
695
694
704
683
667
706
729
765
733
713
729
731
722
676
649
664
681
708
717
664
702
696
714
702
657
685
683
697
689
667
705
717
735
707
721
736
753
741
684
717
715
702
659
708
736
770
720
732
742
757
740
688
715
728
737
701
677
701
732
745
736
692
718
720
729
694
657
679
702
711
674
713
720
726
690
693
700
714
657
666
677
695
693
684
704
714
675
677
669
664
663
629
595
590
594
585
580
582
563
561
592
636
629
642
663
701
672
624
643
641
651
643
637
676
701
700
691
718
714
697
689
683
652
627
578
567
572
593
652
658
651
718
771
798
726
731
747
754
738
661
642
651
682
733
751
706
735
769
796
799
735
759
761
761
755
692
703
693
695
683
653
714
729
662
685
702
703
682
699
715
689
702
735
732
723
662
677
645
651
638
669
678
699
705
666
688
689
648
655
665
680
669
650
676
645
641
646
639
609
640
660
682
688
727
733
742
697
716
701
705
729
733
701
744
746
702
734
699
683
695
707
705
663
683
674
689
658
620
592
604
806
794
804
813
799
782
782
753
757
735
744
753
755
763
782
759
749
720
721
711
712
715
671
687
664
624
610
646
700
705
711
740
752
744
663
655
661
674
676
646
684
720
755
732
682
712
713
711
688
710
714
725
736
656
646
655
656
686
721
667
619
604
607
609
626
649
660
667
655
656
637
614
589
572
565
547
552
559
568
581
584
588
595
592
598
593
588
569
583
588
598
585
586
608
626
646
625
604
616
623
593
575
595
603
614
626
644
644
623
603
618
600
586
598
618
643
636
615
661
667
688
652
649
661
678
651
658
655
680
670
643
676
687
700
656
681
687
707
712
693
648
652
662
688
671
652
691
684
695
684
649
674
683
693
699
665
692
705
734
733
680
669
682
697
711
665
662
686
723
738
690
707
737
738
752
703
721
729
743
697
736
732
692
737
732
700
647
662
665
657
638
658
680
698
657
686
694
715
678
668
692
703
713
667
711
708
718
673
706
713
721
667
661
681
694
660
661
686
704
694
655
694
714
735
696
672
687
690
688
649
677
681
696
692
685
729
741
689
720
723
725
696
702
719
724
703
664
697
702
712
716
666
704
708
716
666
692
721
750
714
688
718
734
730
662
673
670
681
665
649
697
725
752
696
747
747
727
674
707
702
750
721
664
679
675
698
676
713
756
801
755
753
764
758
686
712
704
686
664
691
707
737
686
714
725
695
705
716
717
665
654
677
686
694
666
695
697
681
645
667
656
674
660
646
665
669
694
652
653
667
686
685
648
663
665
683
706
670
666
667
639
610
608
580
570
593
638
644
617
641
643
640
611
607
614
637
659
645
630
659
679
686
645
649
657
676
695
651
684
711
744
747
687
725
732
712
667
701
699
728
675
688
708
744
746
705
710
704
706
686
654
697
709
732
693
716
750
752
729
668
693
685
681
654
680
718
770
780
715
753
756
761
704
729
728
726
668
689
681
672
686
714
743
743
686
721
743
738
694
682
703
709
675
645
665
672
689
688
694
671
657
616
640
658
694
725
689
729
729
732
669
678
681
691
705
664
685
698
712
718
674
695
684
705
678
655
686
688
704
676
652
682
691
722
733
702
702
712
720
741
700
717
726
735
740
709
734
725
728
685
708
722
700
651
653
678
718
730
682
729
738
746
741
691
717
701
637
603
604
598
580
563
587
640
637
628
658
675
681
642
653
673
687
700
667
688
705
732
730
703
745
769
765
702
697
720
714
655
632
646
659
694
662
641
665
668
692
695
677
659
676
701
703
672
694
702
713
702
675
690
688
709
681
676
698
695
673
638
635
618
583
592
594
609
618
608
610
618
619
629
608
595
597
607
631
636
620
637
656
661
688
653
658
682
695
683
648
622
587
589
596
587
597
636
685
713
678
700
734
780
762
688
682
709
743
755
696
712
726
738
679
681
721
770
783
704
675
709
736
741
688
720
734
753
708
714
762
780
780
718
734
743
768
775
742
768
783
745
689
682
676
677
678
646
666
711
761
797
730
766
772
770
736
714
720
744
756
691
696
703
712
706
688
728
705
729
696
698
714
737
718
673
690
727
716
715
707
717
745
699
676
718
714
712
669
682
689
734
721
687
729
741
727
683
718
739
743
674
666
653
671
675
661
706
758
786
728
739
770
786
698
707
715
733
682
678
699
711
720
674
658
696
704
723
689
696
720
731
711
660
663
651
651
630
652
701
761
782
713
754
760
777
703
682
698
710
740
717
730
756
770
717
680
707
710
713
670
633
606
668
755
847
836
854
850
827
807
792
796
744
696
686
683
709
753
760
709
714
724
735
730
676
714
754
741
729
685
669
684
700
729
725
687
729
710
712
735
677
695
708
666
692
708
742
729
680
720
740
726
668
728
735
767
763
700
738
739
741
699
672
693
684
644
608
632
657
708
748
790
780
715
749
741
726
684
644
657
674
699
722
693
708
726
764
772
694
714
727
737
734
685
716
690
686
653
681
723
775
796
737
795
794
762
680
687
672
692
703
666
724
735
755
718
706
712
717
727
678
705
704
736
732
730
774
786
765
697
734
761
754
689
731
771
719
666
665
664
688
715
691
720
733
688
646
642
616
606
626
664
707
689
712
731
748
757
698
724
710
702
661
672
671
703
707
677
722
736
737
712
735
749
754
688
712
700
727
733
678
709
693
747
767
734
747
732
739
738
693
726
723
688
664
691
708
735
688
727
728
756
760
711
718
766
799
805
809
749
784
765
732
685
678
659
624
617
679
754
742
688
718
728
716
720
679
637
639
651
697
738
733
766
807
809
825
767
728
667
667
638
636
627
613
594
612
662
734
775
768
707
753
755
750
750
745
686
691
707
732
745
762
729
731
767
788
740
690
711
716
765
727
674
644
697
757
771
778
719
731
746
724
678
647
680
679
707
741
756
743
680
695
712
701
687
663
656
693
686
655
695
692
683
692
703
719
719
669
629
592
566
565
565
580
598
610
630
648
651
616
590
615
939
713
651
614
590
563
538
517
508
502
506
512
515
516
509
523
540
594
613
624
624
616
601
596
596
612
598
566
557
545
535
529
520
508
510
502
496
496
491
488
483
480
482
487
494
505
519
524
531
535
540
536
541
560
588
601
599
581
558
537
516
508
504
507
515
536
571
589
778
863
849
836
756
668
620
581
551
543
546
556
561
551
557
548
568
574
568
574
557
543
535
541
548
568
625
706
768
784
774
717
688
660
625
610
635
692
759
763
706
667
647
634
654
650
636
607
599
600
575
568
579
602
632
651
673
676
659
657
630
604
584
575
579
586
605
624
636
626
607
599
574
556
556
552
565
589
619
632
601
612
606
616
623
621
620
635
648
642
640
633
600
571
574
596
656
689
715
725
732
677
661
640
653
624
654
644
674
689
688
638
626
647
671
726
781
768
762
734
688
724
704
676
627
579
569
553
537
532
537
563
611
627
585
643
735
758
751
778
755
737
715
701
699
700
725
744
741
744
726
712
678
622
600
643
743
803
819
811
812
780
771
725
717
701
691
700
690
697
672
715
725
724
735
674
724
726
743
719
692
659
692
693
712
712
684
687
688
689
643
625
638
653
678
687
655
662
649
657
659
661
645
675
693
692
700
685
655
684
688
704
697
667
696
683
673
647
674
667
702
686
682
680
661
650
612
582
568
550
542
537
555
690
770
773
772
771
809
831
804
809
788
769
700
708
680
735
778
796
781
733
774
771
754
694
660
665
650
653
646
641
691
738
761
773
770
674
651
655
666
717
726
688
725
767
754
732
706
754
764
775
714
689
725
749
758
721
722
723
721
655
658
687
685
655
636
637
640
659
649
614
637
641
659
646
640
682
711
717
687
670
680
688
655
677
703
721
706
668
701
713
727
690
705
710
704
677
688
702
724
662
645
691
734
746
684
704
711
726
701
646
626
591
574
599
658
690
682
743
766
790
758
701
717
694
692
655
680
713
756
725
687
729
744
739
699
679
675
667
678
650
611
584
579
789
804
784
769
778
776
746
720
735
738
756
745
739
718
686
670
669
671
666
643
648
636
646
664
644
653