850
845
815
781
783
784
754
771
696
684
661
631
628
653
666
691
714
702
690
581
568
577
690
697
741
755
758
757
761
759
739
703
691
709
746
779
724
789
836
841
829
750
760
712
752
813
850
788
846
826
751
672
655
649
729
810
893
906
815
845
871
888
873
788
837
832
811
768
730
810
865
890
783
811
800
782
756
706
671
696
729
736
738
777
784
815
835
832
751
827
813
781
706
740
742
755
753
705
778
799
828
826
764
816
842
831
818
734
811
805
780
767
821
798
777
793
817
789
759
681
667
621
634
689
734
768
798
733
738
690
696
691
636
616
619
637
654
674
688
683
636
623
633
663
668
706
712
685
659
646
625
611
575
576
577
561
608
775
863
852
811
760
734
750
746
736
690
720
727
740
771
771
771
783
813
831
702
713
752
752
769
738
714
705
686
619
607
608
663
751
792
818
818
809
794
770
681
627
615
613
660
692
681
655
695
798
797
773
762
646
650
627
640
649
673
658
601
594
597
599
625
686
715
762
758
683
680
646
665
678
717
714
721
678
671
661
694
728
745
737
724
708
688
660
611
610
593
584
567
583
580
595
630
692
669
676
671
730
746
751
744
723
706
674
609
593
571
593
630
674
703
741
721
676
730
760
757
738
695
619
621
609
645
711
748
740
739
659
663
622
652
713
700
715
703
706
703
687
672
607
585
586
574
613
650
679
677
688
691
670
654
633
630
636
639
629
569
568
560
567
607
649
691
725
749
775
765
686
648
628
637
655
687
708
651
663
653
704
685
662
684
657
659
653
631
574
575
573
590
609
630
646
633
648
687
677
685
623
641
643
694
743
773
737
752
754
703
651
637
648
610
647
728
815
808
819
819
789
758
671
674
638
680
727
700
711
727
777
783
785
796
793
664
673
655
679
637
691
678
744
782
793
755
771
733
711
701
688
683
694
657
613
597
563
593
629
719
803
788
803
809
785
684
699
642
660
699
714
729
715
746
745
756
771
707
673
727
745
692
746
761
792
814
806
805
729
763
756
762
795
782
791
818
826
793
711
743
746
768
789
781
726
786
779
798
801
696
645
640
658
717
789
807
810
666
684
687
715
746
751
729
713
698
687
681
673
675
674
692
633
638
653
710
717
673
650
674
673
699
717
717
716
689
670
601
617
581
586
625
643
676
698
712
645
653
672
682
697
719
679
646
595
587
593
601
588
584
651
691
776
797
800
785
769
735
698
656
611
628
608
646
679
749
786
785
776
766
780
739
710
688
702
692
666
658
615
623
689
723
657
653
683
714
729
723
725
710
688
680
628
632
612
666
739
790
797
819
794
773
719
684
703
714
729
740
731
682
643
625
655
706
768
792
782
787
761
739
720
700
639
646
662
706
750
764
760
752
762
732
760
690
665
684
715
737
753
755
747
701
729
751
766
770
765
759
718
737
699
696
731
744
768
769
713
763
750
737
718
648
646
698
734
742
718
723
745
731
726
659
651
684
736
784
793
735
780
783
797
784
761
774
777
747
718
697
725
733
744
689
715
737
770
771
769
715
743
717
737
729
705
651
656
670
720
769
774
680
719
739
762
772
751
755
787
777
735
724
730
743
690
722
740
768
758
701
699
706
741
743
708
784
800
817
718
718
729
669
714
711
736
734
634
647
635
625
620
611
628
620
622
638
637
635
649
654
660
611
587
590
596
639
699
762
757
741
751
729
715
696
679
612
624
615
640
688
721
692
648
636
634
640
617
635
604
612
689
716
749
751
721
730
685
666
658
647
634
621
604
630
629
652
698
684
714
698
653
642
633
583
561
567
572
626
679
740
748
755
775
780
722
686
631
625
634
603
643
648
641
648
669
656
624
599
587
583
580
558
573
587
647
680
710
692
753
779
758
722
657
692
755
770
787
692
723
743
779
791
744
774
811
810
804
740
745
788
791
749
804
800
808
738
794
813
815
776
726
689
733
762
772
768
697
683
646
669
710
727
747
756
747
749
722
644
624
641
661
710
737
655
692
699
713
716
692
619
620
585
576
597
602
592
571
580
604
626
635
646
651
664
654
646
630
627
626
599
603
578
607
671
721
730
730
659
645
597
594
611
638
659
666
667
673
649
644
638
640
652
653
622
605
624
657
675
690
700
699
682
667
654
644
634
628
609
582
580
562
586
644
699
729
732
753
809
833
826
804
781
760
675
697
699
715
717
760
789
804
813
794
729
672
694
738
745
740
736
740
746
742
734
654
646
661
699
756
775
776
721
696
722
740
769
759
758
735
701
646
650
682
725
760
736
774
757
697
742
771
784
783
741
726
674
659
632
601
624
677
715
755
806
809
751
663
695
718
756
780
780
772
781
751
740
746
759
741
704
660
698
690
686
623
621
634
648
667
660
661
634
621
613
615
617
613
601
635
642
702
739
769
718
693
655
626
637
657
670
663
674
615
623
589
611
676
768
766
768
754
720
704
676
650
705
742
738
688
693
688
763
795
811
795
757
732
693
632
602
585
589
621
691
732
736
776
785
778
775
736
716
693
643
638
595
615
670
739
731
680
670
741
782
788
797
769
734
708
680
653
658
664
635
638
622
613
691
723
816
828
818
803
781
744
702
658
601
585
593
657
747
799
843
893
900
896
897
894
901
793
775
737
772
765
693
738
775
873
883
809
770
725
751
774
729
703
674
609
598
607
648
698
727
753
748
737
643
652
608
655
762
796
822
852
836
824
826
790
769
668
671
642
652
682
731
738
756
753
764
769
743
694
713
696
666
690
821
723
678
733
808
814
778
699
721
781
816
790
766
716
673
685
690
701
717
724
649
665
634
610
654
657
754
790
819
799
799
767
738
718
693
622
629
633
598
614
685
809
816
826
820
821
818
792
790
750
730
708
698
672
605
582
574
594
599
585
578
577
577
609
608
597
713
797
807
837
846
833
848
847
849
836
748
725
634
601
582
573
588
649
786
867
900
923
897
891
879
888
895
886
889
849
856
847
832
747
813
867
882
877
771
749
813
820
845
854
822
743
783
773
788
731
756
801
830
812
802
760
805
791
820
789
742
787
800
839
771
781
802
820
793
701
710
735
858
849
847
833
830
789
729
758
746
767
740
794
806
809
799
753
724
749
755
774
799
751
780
784
803
776
747
771
786
782
707
754
758
782
770
722
753
725
686
667
655
657
665
688
728
728
700
646
626
632
648
693
705
729
738
676
684
631
642
701
778
816
822
762
798
793
829
820
755
788
745
744
696
715
749
793
837
803
790
826
842
827
807
725
743
743
754
773
751
827
833
786
728
766
779
801
738
731
759
794
836
820
807
822
813
796
738
767
746
746
741
674
717
729
775
720
649
615
646
787
753
799
820
819
829
821
814
830
779
766
745
737
756
761
774
800
813
806
801
786
799
785
791
777
772
701
721
759
783
776
777
755
742
797
778
772
792
787
748
709
722
727
724
673
633
630
614
600
583
612
637
664
687
722
752
749
745
761
762
771
792
648
647
868
769
765
777
779
724
737
768
773
745
717
773
775
800
808
799
759
773
778
784
782
734
768
780
808
797
776
792
805
788
737
752
744
752
763
719
770
807
771
789
749
768
767
760
766
762
724
766
758
743
760
740
763
754
715
777
771
763
705
735
723
714
691
709
725
729
745
687
703
700
727
728
688
743
767
737
748
771
786
770
734
764
763
763
728
765
773
825
813
768
786
761
708
664
636
636
649
648
633
613
610
644
633
623
589
579
592
608
641
664
668
637
638
643
653
664
633
652
663
700
660
665
719
774
784
684
759
781
766
808
748
832
860
846
723
747
766
793
813
744
777
789
800
730
788
827
839
773
819
821
826
763
819
827
832
783
763
799
813
818
726
775
789
811
798
780
831
810
716
745
779
789
769
702
746
746
768
736
740
766
786
810
769
735
753
764
770
737
689
666
614
615
610
629
630
642
622
632
611
614
605
617
603
600
587
594
601
623
641
689
730
759
778
773
734
742
745
763
739
723
678
674
638
603
625
709
782
813
813
719
828
840
827
836
835
765
855
828
841
844
747
832
819
835
812
730
803
819
833
820
748
823
820
834
789
840
849
854
852
709
743
732
793
799
715
793
786
721
777
786
804
810
736
825
852
852
808
791
808
789
721
726
699
688
638
606
594
667
870
878
904
938
967
966
973
969
852
832
821
826
815
791
787
774
732
692
725
745
729
718
788
829
813
788
725
748
752
760
757
717
746
749
766
766
722
710
730
746
774
757
700
705
678
635
648
686
704
729
812
837
829
797
795
788
768
701
754
730
757
758
745
803
771
689
664
672
698
673
698
741
673
706
729
743
769
778
755
717
678
634
606
569
577
561
570
608
668
697
702
693
645
599
603
577
578
600
590
591
604
603
611
613
619
569
573
567
579
598
627
607
586
590
626
659
702
720
718
718
718
629
631
607
623
664
708
702
729
655
662
640
667
695
732
760
746
743
729
721
701
677
613
619
610
689
808
827
777
808
737
698
662
686
636
598
596
583
592
624
639
633
604
591
574
569
586
633
684
727
758
771
767
766
774
763
761
722
719
698
637
646
660
727
707
726
793
834
841
828
801
794
767
717
714
738
729
724
637
636
645
701
769
796
678
702
707
760
785
806
797
777
767
746
737
650
633
651
687
763
801
826
817
808
784
762
739
722
678
659
634
688
774
822
814
794
696
684
647
637
662
717
729
754
767
730
709
673
671
635
638
604
611
663
733
709
742
749
739
731
692
648
620
619
612
599
623
656
687
693
682
687
685
688
694
685
625
628
648
744
835
835
828
745
719
710
759
746
763
743
720
708
719
699
630
626
638
688
704
744
761
737
706
685
635
619
606
577
586
622
713
770
793
815
785
759
639
647
619
642
669
694
704
642
665
677
760
712
652
688
703
699
679
626
633
653
671
671
619
619
610
637
692
719
729
698
695
680
627
620
598
607
628
643
651
671
694
691
630
610
626
667
712
681
660
623
605
594
578
574
569
574
564
561
566
591
667
688
720
737
721
711
684
647
628
620
595
590
584
581
574
574
606
679
774
779
806
779
762
696
672
720
772
761
738
758
714
653
646
632
669
695
775
814
841
856
790
753
679
661
653
666
691
732
686
678
702
770
794
802
792
799
779
750
715
667
665
704
747
793
791
816
806
786
768
743
751
762
689
728
745
717
754
765
812
819
839
812
778
833
830
808
802
780
706
729
759
843
884
884
873
854
774
689
689
646
685
699
756
807
819
810
768
728
770
771
774
768
729
683
676
639
621
633
692
715
752
765
711
688
697
668
632
631
648
670
674
654
647
673
688
660
646
630
638
646
632
665
697
764
777
787
785
769
764
734
744
712
646
650
615
659
693
719
727
727
712
715
705
696
683
654
628
598
632
720
786
820
815
761
718
689
665
610
615
603
615
633
633
602
602
596
602
610
596
609
609
607
602
594
596
604
620
636
638
631
621
645
667
688
715
675
684
711
727
747
735
746
757
741
735
679
695
729
708
630
634
612
585
586
592
603
654
638
612
665
692
675
689
701
721
721
707
706
725
729
780
830
827
837
865
875
880
890
893
922
907
870
859
885
830
757
825
874
883
864
855
844
802
704
728
714
741
667
696
752
772
810
819
830
741
657
630
639
922
858
895
881
903
909
903
885
890
824
795
796
788
789
815
819
818
813
790
762
739
812
850
841
867
852
845
839
822
812
809
728
789
826
849
829
838
839
799
725
711
726
735
753
818
818
811
749
740
730
733
704
689
637
631
652
698
738
773
780
804
790
785
765
788
759
751
702
708
711
760
794
783
776
731
791
780
799
783
735
784
788
811
822
809
730
772
777
802
778
724
723
763
779
777
746
734
770
800
816
749
724
769
773
777
711
697
730
743
764
716
728
750
773
737
690
651
625
632
645
690
761
787
728
703
751
775
798
789
729
737
710
710
665
642
654
662
670
700
707
676
699
718
740
750
760
706
720
734
758
746
701
718
741
766
742
703
745
757
777
799
735
768
797
787
776
707
721
738
755
762
705
723
747
773
771
729
696
698
695
709
746
749
737
701
741
748
749
756
663
684
697
700
673
679
687
754
796
707
743
749
784
776
711
786
792
800
772
768
811
810
824
760
739
799
832
837
835
767
778
789
774
733
710
768
807
824
771
736
778
784
724
731
732
751
761
704
744
756
794
755
720
779
802
824
775
741
778
814
803
741
703
724
738
762
736
724
762
755
724
712
764
804
820
812
775
806
820
821
826
748
784
769
758
793
834
821
820
744
775
746
750
694
684
643
645
714
770
742
721
696
735
768
745
738
784
796
772
770
768
715
701
688
681
649
629
640
670
725
765
700
726
769
758
721
696
660
644
656
683
669
694
737
764
793
768
723
730
736
718
654
621
603
655
797
806
830
838
871
890
839
786
713
670
634
651
637
657
688
670
689
660
635
644
629
632
630
624
604
609
601
578
568
595
620
630
671
729
786
774
787
716
765
780
758
764
706
676
717
739
775
777
724
706
750
769
786
759
710
738
762
792
751
718
769
778
783
775
709
745
753
735
669
673
706
710
669
694
729
779
778
714
771
759
769
714
692
762
823
854
837
771
842
846
841
830
761
750
774
793
809
767
773
792
772
768
715
752
750
766
768
770
812
827
851
757
746
735
766
766
730
848
890
824
743
838
775
723
787
788
764
794
848
794
776
800
823
757
809
839
839
771
793
792
792
721
809
824
852
833
805
851
844
833
744
794
813
818
798
719
774
800
801
759
702
734
729
749
699
712
781
853
754
702
713
674
624
643
672
644
697
748
762
780
761
841
861
868
779
834
844
847
734
759
756
752
686
722
752
808
847
806
878
891
898
803
854
891
868
806
732
762
761
803
785
746
828
839
834
763
836
836
851
837
750
796
839
865
790
838
865
876
812
863
845
833
781
832
854
809
758
832
840
793
726
776
789
780
750
811
859
865
805
837
877
872
781
821
838
844
745
798
805
806
719
724
781
826
797
809
834
762
705
724
744
772
737
754
781
773
693
782
843
763
843
853
857
847
811
855
874
864
834
769
834
854
867
820
852
883
844
744
771
807
839
766
732
821
846
805
718
744
772
788
715
729
739
757
809
766
796
841
847
846
812
819
810
814
794
726
793
809
789
708
697
705
741
788
759
874
892
783
792
786
788
792
765
831
844
859
787
843
874
873
727
694
722
756
837
863
829
891
911
921
811
871
898
877
833
836
872
880
879
819
849
867
860
821
786
839
866
754
778
821
798
716
749
761
687
734
777
768
814
846
795
785
827
839
789
831
833
749
758
729
709
711
688
707
700
691
688
684
652
615
628
615
636
647
626
595
601
606
642
654
681
637
633
657
687
692
603
613
611
617
597
587
590
607
643
695
763
813
836
852
844
795
806
780
744
696
676
702
719
764
809
785
810
826
795
717
665
688
709
737
755
704
686
680
668
689
701
786
822
852
859
872
784
745
730
753
757
748
729
729
715
669
691
711
778
838
820
761
709
708
682
669
671
719
771
766
707
648
664
640
630
635
753
839
892
864
725
712
716
735
730
720
720
708
657
592
593
594
608
615
613
617
634
644
624
611
621
669
764
806
849
860
834
840
809
715
724
729
700
613
620
623
655
654
676
638
579
578
563
556
554
554
573
601
637
675
739
748
754
729
787
768
700
688
675
727
735
707
653
607
597
593
598
653
758
882
929
924
898
769
685
636
585
575
569
596
677
707
676
684
715
725
719
707
670
645
621
596
586
563
554
550
543
536
536
535
547
573
608
659
764
803
824
794
815
741
668
645
633
629
639
641
617
633
718
895
910
891
879
865
841
728
646
628
733
771
800
701
783
892
896
861
886
893
858
884
871
791
798
817
822
812
804
804
803
800
735
784
788
814
822
838
825
819
794
752
772
763
765
772
786
800
724
777
797
809
747
692
672
698
715
717
661
688
689
649
639
644
626
668
678
696
716
704
674
661
642
651
661
694
733
733
668
724
738
748
742
729
668
641
650
664
697
732
746
747
707
726
711
712
680
669
669
627
608
625
634
708
728
721
694
704
686
667
614
615
598
606
634
660
668
629
625
627
597
589
611
638
637
616
641
692
751
813
807
726
793
788
821
801
708
744
770
736
792
769
699
754
783
808
768
763
798
820
817
800
733
775
774
837
813
714
731
735
773
826
772
784
809
843
846
754
778
784
796
739
724
780
799
804
827
761
797
784
723
717
687
681
672
661
657
645
603
614
674
720
753
667
715
732
780
763
777
709
787
839
833
768
689
726
727
750
784
728
802
855
896
835
833
862
896
876
765
854
820
811
793
795
827
847
869
852
793
795
806
830
817
744
782
790
813
767
742
788
809
791
742
768
770
758
734
764
738
750
701
721
716
775
701
771
803
849
760
772
805
848
755
776
798
791
709
747
770
786
751
748
818
867
849
786
854
878
777
771
813
852
871
862
774
848
863
882
826
737
787
813
844
771
753
800
813
843
760
800
850
849
760
787
811
816
764
822
815
852
818
805
813
829
729
751
777
814
831
756
831
891
882
792
807
811
739
776
799
843
805
740
765
781
774
737
786
807
771
738
768
781
796
775
723
754
762
795
772
713
721
700
631
625
711
786
700
787
838
882
872
802
873
921
914
930
835
854
876
867
825
837
885
872
795
843
827
814
806
846
880
859
777
853
866
854
822
778
807
814
769
770
804
798
821
767
812
821
858
835
737
772
784
794
806
741
790
791
837
760
806
823
839
793
774
786
779
774
699
706
674
717
788
768
826
886
893
834
762
810
813
823
835
737
760
780
803
812
718
718
730
773
795
729
774
801
796
802
773
729
787
806
799
741
716
762
765
780
785
733
727
746
781
811
770
758
810
826
865
819
856
834
816
730
764
771
798
808
741
815
816
759
740
778
801
784
740
799
817
828
762
763
747
735
731
709
787
761
712
750
824
825
810
742
811
799
821
744
796
831
872
804
822
803
776
693
654
672
696
686
762
846
890
820
873
894
896
755
780
803
809
750
728
760
794
846
784
813
828
823
743
766
761
775
735
742
785
814
829
758
769
763
755
793
732
750
754
778
725
724
743
743
731
699
727
755
778
788
754
842
874
903
795
863
836
835
809
774
810
800
814
749
779
767
762
708
741
757
832
842
777
833
854
818
788
850
862
831
796
811
816
814
775
753
821
807
814
793
754
775
786
796
718
686
657
672
744
795
822
720
821
846
881
862
796
879
879
884
825
804
810
832
850
890
828
856
849
846
836
823
761
806
814
822
761
767
790
806
807
777
754
793
811
822
812
740
753
758
742
785
738
776
779
797
840
773
811
835
806
735
797
778
810
761
777
760
717
757
800
813
821
762
807
827
827
751
811
829
849
777
824
772
750
669
652
608
761
758
762
685
667
675
679
665
659
662
648
676
704
703
711
735
723
724
747
729
738
749
760
766
699
750
766
774
770
740
725
749
772
762
775
744
800
800
809
773
739
764
763
783
752
687
710
677
673
664
688
760
786
791
710
771
784
772
727
712
731
749
772
771
719
769
740
754
721
695
723
756
802
732
743
774
802
800
740
771
772
777
723
746
765
802
776
729
742
758
696
714
738
746
726
670
679
627
632
634
650
663
653
678
686
699
645
646
659
685
731
725
731
819
851
829
766
800
796
803
771
709
724
737
739
709
685
720
742
782
719
768
746
734
728
756
802
776
692
719
753
768
743
688
705
698
703
648
618
631
670
726
748
691
760
758
782
700
664
656
663
663
658
641
604
605
646
604
605
629
677
714
731
730
660
715
713
676
686
678
624
654
657
696
748
761
690
737
744
772
773
761
704
757
783
795
787
678
717
723
797
807
769
770
785
808
813
688
686
690
711
717
673
787
813
854
707
716
710
644
633
614
626
650
662
581
595
593
586
586
591
577
594
613
643
651
644
646
628
615
606
609
612
619
629
650
642
641
648
647
591
597
575
565
564
548
553
597
662
703
731
734
729
703
673
660
660
638
587
579
588
617
674
730
744
759
759
732
709
706
674
658
649
641
585
590
565
570
603
666
706
710
716
719
719
716
709
654
641
627
648
641
630
645
678
713
736
738
733
733
712
695
714
683
619
603
630
686
759
792
803
816
805
794
774
656
656
681
679
693
719
746
755
749
643
631
616
589
607
655
670
634
638
640
652
656
629
623
605
637
606
627
661
712
760
767
763
759
764
740
726
719
705
687
690
640
634
677
782
692
692
729
750
804
804
830
829
807
815
793
779
750
720
623
599
589
620
577
648
779
866
883
868
858
809
824
754
687
721
748
763
746
646
646
629
642
689
723
731
706
688
665
645
616
605
617
645
691
718
688
678
694
758
792
712
706
730
776
811
821
793
677
669
687
735
790
774
780
772
748
744
656
645
675
718
774
786
825
665
627
621
806
850
846
826
813
881
887
849
839
808
774
740
709
719
723
678
639
682
755
661
668
676
729
782
783
748
757
754
737
735
683
656
648
691
739
761
785
779
765
729
667
647
659
679
704
722
737
667
633
668
702
731
729
762
758
728
677
650
666
677
705
733
677
673
678
699
721
731
734
726
717
704
681
663
673
709
739
737
718
673
685
629
633
599
625
646
734
773
814
818
809
803
787
750
731
649
627
602
644
659
715
783
800
713
678
644
663
684
715
772
794
817
826
783
665
663
679
718
777
773
807
786
789
769
749
649
629
638
680
730
775
796
804
801
760
711
708
670
640
664
653
654
650
663
642
697
729
745
767
745
760
771
740
763
764
771
764
719
770
740
736
768
762
702
703
685
633
618
604
599
588
577
578
582
606
631
615
621
618
595
587
574
570
572
577
576
569
563
587
603
570
557
551
562
564
615
683
752
762
774
759
755
648
670
646
665
700
744
789
803
764
750
728
673
629
644
692
742
787
798
778
758
702
659
630
654
651
640
627
605
634
688
749
766
791
797
771
736
639
641
645
708
772
767
811
812
788
772
763
724
687
652
661
687
682
631
630
622
729
833
746
738
763
777
790
758
690
725
706
729
750
780
786
763
695
697
690
724
748
725
759
729
659
638
667
751
771
693
765
836
813
834
831
783
788
791
789
744
736
770
776
802
812
814
824
827
764
806
807
710
787
884
925
927
916
837
920
934
915
886
877
801
813
843
862
857
860
744
773
802
794
804
788
749
804
798
808
728
777
792
841
817
787
712
761
738
746
774
764
715
759
785
795
808
769
753
778
795
797
801
771
771
763
786
777
753
741
743
726
672
644
632
655
725
769
760
791
783
802
770
716
667
672
690
640
633
704
764
782
800
802
803
781
681
701
712
783
847
778
758
864
881
862
784
797
823
834
821
771
758
774
798
827
792
796
825
859
885
834
749
790
813
816
785
737
771
796
795
839
852
801
832
831
828
823
757
799
801
797
764
820
821
852
838
793
814
822
829
775
807
778
734
745
773
845
851
787
816
803
844
831
754
796
801
826
799
759
818
813
714
734
750
786
831
798
741
796
791
827
835
752
771
794
801
834
783
830
829
842
816
742
779
785
827
856
782
806
826
834
831
746
783
805
813
803
738
769
786
802
786
758
815
838
821
754
774
772
812
832
805
798
813
853
840
772
790
794
813
777
758
799
823
822
794
789
807
816
796
730
782
793
823
754
759
795
786
771
719
744
750
768
779
755
841
872
887
888
868
752
768
735
723
736
691
741
757
796
812
768
852
853
841
773
813
794
764
701
721
729
750
751
682
741
706
641
716
789
706
774
810
815
825
810
710
765
788
830
803
725
759
728
721
653
615
616
649
739
799
844
832
813
800
795
771
744
706
685
687
710
744
791
782
775
787
816
842
845
824
741
765
771
784
802
723
762
769
756
739
681
645
658
696
770
783
756
783
779
688
645
622
591
571
580
603
652
688
717
721
724
712
698
705
681
666
650
616
633
689
738
755
719
690
730
744
735
636
649
633
677
721
703
658
637
642
653
652
673
693
714
729
759
762
777
786
788
806
839
843
845
820
845
751
791
842
856
829
789
859
798
802
784
815
823
794
777
782
837
842
784
770
793
833
841
812
729
785
772
832
826
744
796
788
804
825
786
770
806
817
804
798
765
788
779
813
815
831
787
797
751
744
795
823
836
814
777
831
819
827
819
762
766
790
820
811
762
819
828
815
776
739
776
780
788
797
752
788
803
808
802
746
808
795
801
764
713
739
754
794
826
777
811
825
825
771
790
782
793
816
787
794
835
828
827
787
825
834
795
775
730
778
796
810
732
745
729
664
704
794
813
709
748
769
794
804
719
771
786
807
807
722
777
771
783
767
695
773
786
817
711
786
789
813
721
749
758
805
802
757
801
805
828
771
767
773
813
797
812
773
818
819
802
762
777
795
795
786
737
771
785
815
762
779
795
823
784
792
826
854
830
751
779
782
831
798
773
819
834
827
754
797
789
800
760
802
818
840
788
819
844
804
738
784
783
741
800
813
816
769
783
819
816
797
729
787
785
806
730
800
824
806
732
772
774
791
765
826
811
816
836
738
780
782
785
724
759
752
782
759
786
824
833
805
813
843
855
827
746
786
796
790
724
786
819
830
758
766
775
748
663
638
611
583
580
579
592
626
644
624
604
626
607
576
567
556
559
570
587
591
604
608
619
621
610
576
551
539
537
536
547
562
585
601
598
604
595
609
631
655
663
623
609
587
583
584
598
579
543
548
552
566
563
584
602
629
637
648
655
617
604
604
612
634
646
661
669
652
597
595
595
621
686
714
746
722
713
729
670
654
600
611
629
631
662
663
677
644
604
610
596
610
659
704
710
706
678
657
614
608
612
616
593
605
601
648
688
713
743
745
732
703
715
700
645
645
670
652
626
658
718
765
787
798
785
789
768
692
662
635
666
725
767
766
655
660
663
711
745
738
681
677
697
722
727
680
640
603
610
633
613
649
648
651
660
668
685
698
705
637
641
591
607
630
658
688
724
725
722
695
713
692
695
620
598
588
552
567
629
708
659
688
778
802
736
715
766
750
670
690
729
772
699
713
734
796
797
713
691
740
763
771
693
748
787
782
716
730
755
767
670
743
732
704
663
628
659
644
649
684
703
734
715
664
703
724
741
756
705
716
724
738
722
722
688
753
771
709
648
656
663
683
709
694
664
655
691
697
678
725
732
764
771
748
696
746
739
755
768
714
743
734
722
731
656
684
710
755
727
699
748
691
619
635
643
664
685
720
749
695
747
739
750
780
816
815
722
778
784
770
774
718
796
807
766
747
682
741
736
743
726
685
705
716
719
707
644
654
681
722
685
695
692
671
620
628
662
651
686
687
707
743
745
682
713
730
774
745
733
802
810
759
659
685
707
760
789
785
765
744
676
706
729
756
799
732
811
802
771
769
680
703
694
722
711
704
730
744
766
778
703
724
697
637
650
657
640
602
602
626
647
657
671
658
645
625
612
607
605
606
599
582
609
671
756
769
760
789
761
743
735
679
629
668
703
742
749
761
731
651
665
695
733
705
731
782
821
817
813
771
807
797
774
785
771
758
774
788
791
750
709
758
763
795
760
708
760
745
770
732
693
747
748
783
798
786
771
811
819
814
769
779
790
796
778
719
779
795
835
821
723
812
830
795
747
770
769
771
748
718
767
776
783
760
810
821
781
718
749
750
756
706
759
782
796
729
740
767
778
775
739
793
774
757
728
789
766
756
769
748
661
644
645
611
621
716
780
725
791
795
799
715
711
728
735
756
780
727
738
766
771
741
720
729
700
652
700
740
760
745
695
739
722
695
743
755
774
770
718
731
740
769
778
733
742
761
788
795
748
656
618
617
897
817
815
820
808
820
837
834
793
771
750
739
716
718
695
728
732
737
704
699
704
700
700
688
713
733
726
740
701
707
702
703
666
713
705
702
675
622
625
621
659
719
719
733
729
657
647
621
638
678
748
778
742
746
732
725
711
701
686
651
664
661
646
658
697
699
723
748
756
739
676
658
643
608
628
649
664
671
669
651
646
631
639
664
681
671
617
615
608
632
670
726
743
729
729
704
693
672
661
652
674
635
640
656
659
652
647
650
674
702
697
693
644
663
687
719
706
716
744
751
754
731
682
682
659
643
631
636
658
651
684
675
661
647
677
709
731
729
724
682
686
726
750
692
687
669
673
667
688
726
672
670
650
671
634
659
677
750
800
804
811
748
762
766
769
778
771
761
745
668
708
695
714
746
748
774
708
738
735
729
712
677
698
711
734
685
709
731
753
754
692
748
772
776
770
770
781
732
754
773
778
779
714
761
775
774
769
716
767
775
762
760
704
704
689
674
647
656
626
652
647
617
621
722
764
752
756
703
731
747
745
754
716
722
725
754
754
748
772
778
777
791
743
671
711
695
721
724
707
759
780
767
724
729
738
754
732
683
735
751
723
687
677
681
730
738
690
734
768
811
803
733
802
791
753
674
698
725
773
735
810
808
789
796
729
727
743
747
770
783
723
723
774
844
839
841
792
825
799
808
780
731
776
781
708
679
667
630
614
606
643
715
746
738
708
679
623
604
607
612
603
610
653
716
724
712
726
675
692
688
706
728
673
731
756
789
795
737
768
744
773
773
727
770
771
801
802
752
783
767
777
762
672
636
677
731
798
813
814
809
750
747
749
726
736
739
701
671
717
728
758
771
733
727
795
814
792
752
712
640
611
640
761
715
769
698
692
772
827
834
804
810
834
852
836
628
604
797
804
788
818
833
753
785
796
806
807
733
750
770
799
787
738
727
729
737
743
751
736
785
808
739
779
747
736
729
704
752
750
740
734
696
738
711
729
696
723
730
724
672
677
659
686
668
707
715
730
749
670
707
715
698
688
621
599
589
578
568
575
578
583
625
684
727
711
688
630
629
646
662
682
691
671
658
704
781
771
813
748
772
840
872
877
854
778
826
822
796
767
793
804
825
839
746
783
787
785
739
688
706
673
678
714
682
764
807
828
785
673
688
688
696
692
647
677
668
701
684
665
709
772
794
701
730
735
721
654
676
657
671
636
666
646
648
658
635
667
662
617
621
615
649
684
692
694
718
718
705
644
672
660
651
648
645
625
592
582
602
645
645
617
657
665
684
676
662
697
714
686
630
671
673
676
694
661
633
646
671
668
650
635
674
698
746
760
707
675
716
744
735
712
638
668
685
733
713
642
636
621
637
684
682
668
644
628
615
614
647
669
693
643
640
685
720
726
731
754
762
757
760
662
708
760
814
811
749
677
708
709
702
655
701
713
771
794
749
760
784
771
771
766
694
717
723
746
784
719
731
729
757
764
690
729
732
770
791
782
722
775
759
761
763
729
729
769
809
805
744
750
778
809
813
788
714
742
738
733
667
720
739
771
751
707
770
779
776
698
712
688
728
716
672
737
747
682
757
795
796
807
790
731
753
751
797
779
739
805
819
818
753
784
753
754
738
685
716
703
711
690
691
726
760
748
710
766
767
787
702
693
714
731
739
727
682
732
761
741
653
668
649
607
600
580
563
559
586
591
590
598
670
759
771
725
683
633
618
627
653
665
665
648
707
773
823
834
817
737
813
842
815
800
732
748
727
735
760
737
756
758
713
706
682
686
708
702
706
642
694
676
663
627
681
688
733
731
679
760
755
775
780
764
656
677
672
741
780
790
780
745
801
834
833
796
781
749
770
776
782
772
705
742
751
776
719
765
787
799
789
729
775
746
712
690
667
673
658
621
636
633
658
667
638
647
639
641
624
610
595
609
594
600
570
556
595
616
672
744
749
680
728
721
679
645
665
702
734
752
701
717
694
684
616
615
604
571
564
556
542
535
537
541
597
686
750
777
797
790
792
706
760
745
720
724
655
695
781
796
793
693
718
728
744
741
655
685
676
690
667
661
704
713
708
656
746
754
760
699
706
715
720
728
679
723
736
767
812
705
771
762
766
696
684
705
732
736
688
747
745
780
705
774
750
730
679
670
710
727
758
698
702
715
715
729
671
741
758
783
714
771
771
786
761
695
727
693
688
647
692
715
752
689
711
716
744
739
679
721
707
718
673
731
684
638
666
663
684
655
701
698
719
676
693
696
718
741
687
714
694
672
641
602
611
640
638
683
703
735
703
673
719
722
700
670
691
719
734
658
717
692
721
679
682
696
739
736
687
768
748
763
697
720
728
722
688
690
721
739
683
711
720
713
677
721
727
757
733
797
832
847
869
817
783
815
786
782
727
723
745
771
785
763
663
653
660
700
733
691
648
615
641
788
703
666
686
679
649
646
665
669
646
646
622
602
615
618
691
780
774
769
782
815
801
709
722
759
813
851
812
709
744
727
666
608
592
604
682
745
792
813
829
843
811
807
794
787
743
735
740
765
774
751
712
762
798
807
815
821
736
772
765
796
736
780
777
769
747
729
772
776
816
819
781
730
774
771
809
795
739
789
802
832
787
732
787
806
845
817
742
739
752
785
796
739
718
788
809
825
822
753
770
796
790
786
736
772
789
802
741
786
815
821
775
744
793
813
813
748
773
779
750
721
777
813
810
809
744
776
795
808
806
765
790
783
799
847
765
793
808
829
823
745
778
838
833
800
745
784
752
716
770
789
804
759
770
782
772
699
711
731
723
635
604