573
572
570
574
567
560
556
560
559
563
563
568
590
575
576
579
598
599
597
602
609
604
599
637
614
623
627
617
606
606
617
627
616
617
617
628
612
619
609
620
622
611
609
617
629
614
613
612
619
602
599
595
598
603
604
606
604
597
588
598
609
616
610
647
642
656
640
632
621
603
591
592
590
589
596
603
610
633
638
642
659
644
637
634
648
675
657
666
670
675
664
658
637
638
638
669
672
632
660
694
704
688
661
644
627
629
649
731
711
727
729
712
686
678
697
729
749
738
712
703
714
704
720
731
802
764
729
699
660
680
688
678
656
651
661
679
747
763
729
766
758
722
735
741
749
717
739
736
748
745
744
729
730
685
685
662
698
697
672
675
667
687
673
647
639
636
627
629
649
664
656
669
671
663
659
676
724
786
754
737
781
776
798
777
780
790
778
744
738
751
768
747
747
751
728
697
673
662
665
689
738
806
785
771
787
775
788
795
752
755
751
751
738
761
767
758
729
711
715
716
726
734
718
714
711
693
704
726
693
683
695
698
691
678
683
701
691
701
708
728
738
713
706
703
710
704
716
684
657
658
664
671
675
654
638
628
630
631
626
617
615
620
616
608
608
613
620
634
634
645
649
691
691
695
687
686
671
664
654
642
631
639
670
749
732
743
753
774
785
775
771
735
724
709
705
686
724
722
739
740
749
733
728
691
678
674
674
672
674
687
686
682
687
679
656
649
647
650
656
652
648
639
637
656
668
665
646
667
656
667
684
721
728
730
732
735
706
711
694
705
705
732
722
715
709
699
678
662
659
670
689
688
689
666
678
655
645
672
676
693
695
690
696
684
668
666
664
653
634
632
615
606
607
619
644
635
662
690
687
679
692
701
701
693
691
691
678
682
693
703
683
688
694
690
682
678
676
662
663
665
657
649
649
646
643
642
639
618
618
612
617
615
603
602
596
593
592
594
599
597
589
589
585
587
594
604
616
627
629
628
630
639
631
631
633
629
620
609
606
613
619
612
622
632
662
666
661
660
660
676
680
664
664
664
672
656
657
662
688
705
698
690
672
687
695
688
663
646
632
628
623
630
624
624
637
649
677
674
652
651
662
661
663
658
655
653
647
648
646
628
647
659
662
690
721
745
764
738
759
757
742
715
713
707
745
748
769
738
736
750
727
750
759
758
742
763
771
771
749
766
765
748
733
749
752
763
739
745
749
744
728
723
732
745
743
719
732
741
759
753
732
743
739
746
708
725
700
698
694
686
694
725
754
728
752
783
775
753
771
772
741
736
734
727
720
687
689
705
720
752
701
700
721
721
701
695
691
675
658
667
671
669
680
704
688
683
693
701
741
709
683
690
701
710
695
698
714
743
733
722
730
720
694
666
646
648
632
636
641
632
627
630
629
633
631
625
626
635
651
677
662
687
705
742
705
719
743
742
751
712
708
713
734
715
698
694
735
736
727
733
750
757
747
729
749
756
746
727
723
737
744
737
731
755
777
761
781
783
783
763
759
777
787
761
769
772
759
739
758
758
741
721
708
694
707
747
749
747
701
757
751
741
764
768
757
737
758
753
738
720
748
753
751
736
757
757
732
743
757
774
751
754
759
746
733
752
759
762
746
759
761
756
736
745
744
755
733
729
733
734
732
711
729
742
741
728
739
739
732
715
729
733
727
719
724
738
726
710
715
722
702
693
704
703
691
680
688
698
719
689
693
694
664
679
690
682
699
734
741
717
722
731
750
730
729
752
762
752
734
744
753
766
743
740
754
755
732
737
750
749
728
729
750
758
751
749
777
784
757
743
756
757
737
737
749
764
765
741
738
742
757
734
731
739
730
711
703
706
702
685
679
675
675
665
664
669
671
656
653
649
636
621
620
629
625
639
649
631
637
644
647
647
639
640
629
629
632
639
633
629
634
648
658
648
648
665
668
680
677
671
673
653
634
625
610
606
607
613
638
640
637
617
619
625
634
627
632
640
645
630
627
629
630
642
658
662
664
653
663
675
688
673
664
683
705
719
684
707
717
733
711
710
722
740
730
700
726
741
742
712
704
728
717
724
700
721
752
788
760
767
785
786
766
783
788
788
751
764
753
742
726
729
729
739
729
744
756
767
751
748
767
776
744
736
736
729
712
708
707
698
674
655
660
660
670
703
727
722
721
752
775
775
763
769
765
761
737
756
764
772
748
769
781
787
768
744
752
770
767
740
749
754
747
745
729
740
745
748
724
729
746
755
739
734
748
753
746
722
767
764
736
713
730
763
773
754
735
768
775
781
749
724
734
752
752
715
720
748
771
738
730
755
748
738
710
728
738
743
707
723
741
756
750
724
748
741
730
704
720
743
751
711
719
737
765
718
711
730
724
739
708
719
764
777
740
718
728
733
738
723
710
736
735
741
713
730
743
738
700
713
716
730
717
722
756
755
742
726
732
723
730
704
724
757
746
726
749
760
757
729
722
737
734
706
711
737
728
696
672
679
675
661
673
678
681
682
710
732
729
703
708
730
734
728
729
724
720
694
684
700
729
736
723
735
750
775
760
742
754
750
743
718
716
718
719
699
693
693
696
708
694
694
705
716
714
708
722
733
725
711
710
727
726
716
708
704
680
690
702
706
693
681
685
697
703
680
679
678
689
688
676
683
683
688
677
688
688
684
684
679
670
665
661
661
646
634
621
631
633
647
667
666
677
700
713
722
736
721
724
733
731
727
738
736
739
751
753
749
745
773
797
779
766
783
780
744
741
730
722
687
678
667
669
694
729
759
764
752
729
704
678
659
646
646
624
624
627
646
658
660
649
649
641
631
611
606
595
599
606
618
610
619
615
622
625
630
624
625
619
613
594
600
592
594
578
581
580
595
620
625
634
652
653
647
625
606
598
602
594
585
586
585
579
586
577
582
585
585
583
583
580
582
577
569
569
561
552
559
549
546
548
539
542
544
547
546
549
548
539
537
536
536
535
533
532
532
526
527
527
527
527
527
533
534
537
536
537
545
548
551
547
542
543
543
545
535
539
546
552
559
554
561
571
578
579
579
583
579
577
573
570
563
558
563
567
571
568
580
578
575
578
581
579
573
565
562
568
577
587
587
586
579
594
609
620
633
632
617
622
628
628
622
613
608
608
612
618
629
638
636
652
648
619
611
609
600
633
653
662
676
685
659
659
677
697
674
667
664
662
675
671
685
702
672
682
672
666
681
687
692
676
682
701
702
684
702
736
715
704
725
741
717
702
735
750
745
727
751
765
739
731
758
776
722
735
771
768
723
754
762
771
730
741
776
805
750
736
765
786
765
740
772
799
757
736
778
779
779
735
771
785
758
741
749
768
769
766
795
787
781
760
782
784
760
776
789
791
764
779
799
795
766
778
783
784
750
769
768
761
742
766
773
760
743
764
770
760
743
750
749
737
730
744
748
753
757
766
767
744
735
755
758
761
747
781
793
783
763
786
775
749
752
764
778
745
753
763
766
744
760
770
784
751
754
753
729
703
696
685
697
716
762
770
750
779
781
776
753
768
787
782
772
791
810
774
783
808
805
781
804
796
773
767
774
785
770
753
775
776
775
753
776
770
772
756
770
780
774
755
780
792
803
783
771
787
789
780
755
768
770
768
753
762
773
782
754
757
763
767
750
745
756
771
767
755
762
766
769
749
738
754
766
755
746
752
737
720
690
704
694
700
724
750
744
729
755
749
745
752
724
730
749
772
742
739
760
802
790
768
771
791
788
764
748
773
780
768
764
773
773
749
732
754
767
779
747
767
779
802
805
782
789
794
788
758
756
771
778
757
770
778
779
757
761
773
782
762
772
787
787
767
765
770
772
752
736
741
740
751
750
737
749
757
770
753
737
749
745
748
728
727
732
741
742
747
779
773
752
761
767
751
734
744
755
732
727
759
731
734
716
702
689
680
668
703
729
714
740
756
757
745
761
771
750
731
742
745
739
740
771
791
823
785
793
808
783
756
760
735
723
708
710
695
699
727
740
773
750
741
752
758
739
721
727
742
759
744
728
747
758
753
724
729
733
741
732
702
690
662
669
683
659
686
661
676
662
653
646
645
639
635
629
625
613
599
591
592
582
580
578
578
591
588
605
634
657
686
715
685
692
653
654
638
610
623
617
626
617
622
631
633
630
631
627
624
608
600
593
584
579
576
580
590
618
638
629
647
670
661
613
640
652
647
632
636
651
634
639
633
622
637
664
659
642
637
649
660
645
623
610
614
646
689
677
684
696
718
707
687
691
687
679
660
660
674
694
688
683
700
706
688
660
669
680
687
670
668
670
662
646
633
634
636
639
653
687
682
666
676
682
676
656
653
665
678
680
654
653
661
695
700
674
678
699
700
681
688
700
695
680
663
674
679
679
660
646
651
673
691
676
668
671
690
699
670
651
646
646
631
617
626
624
616
619
631
649
647
628
625
641
649
653
633
632
644
666
669
648
641
649
678
681
660
642
659
678
676
668
645
654
674
702
671
663
670
680
684
663
648
651
667
683
661
651
659
679
700
660
659
667
686
691
667
660
681
692
668
660
665
663
640
675
751
707
702
712
733
720
684
699
697
716
696
690
715
763
729
710
754
761
739
701
693
713
707
679
665
669
690
713
700
683
708
724
709
688
677
684
694
672
662
675
698
686
665
663
682
696
670
660
661
647
642
629
625
624
625
652
653
648
669
687
677
654
649
646
627
629
646
633
625
641
653
664
650
642
639
665
687
697
661
646
647
670
698
727
684
679
681
692
700
675
669
680
703
697
679
663
662
648
642
627
623
627
665
693
702
713
698
688
673
646
628
620
625
618
613
624
638
647
650
642
653
670
695
687
679
712
742
711
696
697
713
737
712
698
719
729
737
689
710
707
720
717
683
695
725
721
691
692
713
713
710
679
688
698
724
690
678
675
694
705
679
676
685
698
706
671
671
687
726
703
697
696
721
723
682
670
668
675
682
658
660
665
690
724
677
677
690
704
711
674
676
682
682
670
659
666
674
674
664
653
659
682
678
663
664
688
688
682
667
662
669
669
650
647
646
657
668
659
647
654
655
668
662
646
643
655
664
669
648
648
658
671
671
660
650
659
680
684
661
656
660
668
662
649
646
659
673
687
668
657
667
681
680
656
642
645
647
658
645
641
648
662
688
661
658
660
677
690
669
658
651
652
664
653
643
652
669
694
673
672
688
700
698
671
662
666
680
684
675
681
708
745
713
701
711
723
724
696
694
705
719
707
688
681
690
700
728
707
685
694
698
719
704
690
684
704
729
708
688
685
682
688
677
656
650
662
653
646
652
670
699
707
690
681
714
739
743
722
709
727
740
747
719
688
699
728
743
706
699
704
720
751
709
695
702
720
740
688
688
694
723
737
699
691
705
706
712
682
676
690
705
701
684
684
705
718
696
675
684
689
719
694
687
696
721
725
688
686
700
716
724
689
679
689
697
702
677
669
677
690
690
680
680
688
697
676
670
671
684
684
668
659
667
671
688
662
656
660
668
679
660
656
660
676
683
676
667
672
680
684
676
662
683
676
674
660
656
645
644
658
679
676
665
661
673
692
714
680
675
693
716
746
699
703
712
746
755
737
720
736
742
742
698
689
703
746
759
735
731
729
746
752
742
715
716
732
762
739
711
697
718
743
739
701
705
724
739
739
720
703
697
719
726
692
680
703
736
731
690
685
693
694
701
674
674
662
661
642
645
662
663
648
660
688
697
687
675
688
743
766
745
712
729
751
763
735
713
727
770
783
764
744
764
769
779
761
736
754
772
785
750
740
768
772
770
737
725
728
742
740
729
724
732
750
753
723
715
724
750
752
705
712
735
767
763
715
706
720
740
744
710
710
720
752
760
722
721
729
756
756
714
719
750
738
713
688
678
670
656
644
676
675
670
684
702
731
701
691
711
717
720
694
675
670
698
713
783
758
708
710
725
722
713
688
669
659
658
671
726
772
747
748
690
697
730
747
719
693
700
700
718
702
696
708
706
720
691
690
699
711
723
692
685
688
683
681
670
653
643
652
654
651
666
698
710
700
700
730
750
756
729
719
717
719
718
691
685
691
719
706
704
682
658
655
669
654
661
665
666
663
663
678
709
717
683
711
734
763
710
762
725
734
728
698
698
699
700
676
655
654
665
660
663
689
726
704
695
703
720
719
705
695
703
721
728
698
693
705
712
720
697
687
703
709
714
680
698
707
712
701
690
706
710
716
696
688
702
712
705
688
673
676
678
684
664
653
650
658
662
675
656
642
639
648
658
647
646
660
685
697
678
673
694
716
732
696
696
719
727
737
713
707
721
750
752
703
693
724
737
751
706
705
725
745
722
699
692
713
737
731
712
725
735
740
719
715
724
728
725
693
687
708
735
720
698
685
701
731
705
688
690
712
723
679
678
681
685
685
664
666
684
694
688
673
676
668
664
650
647
657
679
662
658
662
680
671
658
658
654
638
636
646
638
640
645
658
657
647
651
662
680
697
681
684
706
719
708
681
685
687
711
689
688
709
728
708
670
668
665
661
656
637
633
633
625
632
638
654
650
646
666
699
711
698
700
715
724
703
690
689
702
697
683
686
694
688
656
657
672
685
686
674
686
702
709
693
682
705
708
712
688
679
698
701
697
680
694
712
724
719
697
695
681
665
648
642
640
639
652
678
702
688
710
744
753
726
740
762
776
759
738
766
774
772
762
726
763
761
776
758
740
755
757
744
724
756
756
750
710
712
749
766
750
740
758
771
778
745
729
737
729
725
701
717
728
737
706
719
730
771
735
715
704
699
687
662
651
658
656
676
701
733
705
702
694
714
765
776
743
733
733
746
729
716
693
669
667
669
663
663
654
662
686
704
741
732
726
777
793
767
766
785
782
770
784
773
753
777
782
792
756
780
801
814
781
778
800
791
776
751
767
768
769
744
770
775
778
753
752
756
761
748
743
762
759
749
724
738
746
768
764
741
771
774
782
762
751
763
766
755
743
754
764
769
750
741
761
764
765
740
749
753
757
744
741
760
772
772
746
760
769
765
756
783
788
767
765
773
767
750
729
744
787
796
784
770
794
812
808
775
768
763
751
719
687
676
731
736
760
696
771
763
746
753
725
700
683
679
705
690
704
727
760
782
757
771
786
797
800
786
823
832
817
784
803
812
809
784
799
809
828
776
775
788
772
767
782
801
801
799
773
790
779
789
771
747
751
753
787
757
725
731
703
680
672
704
708
730
756
789
726
763
746
766
711
739
780
786
779
773
797
815
797
762
749
747
795
813
801
729
726
709
696
682
673
687
707
711
697
710
707
717
698
688
694
697
696
687
694
705
706
673
705
700
681
689
695
703
696
689
726
758
771
756
746
771
791
778
758
777
791
802
766
767
780
792
765
750
778
783
791
766
754
771
786
790
771
774
777
787
765
749
761
777
781
749
756
760
757
735
729
744
754
758
733
749
769
785
747
733
744
745
743
726
729
733
736
721
706
726
737
744
732
742
758
779
767
758
780
784
780
749
747
757
755
737
729
745
755
768
747
741
751
781
785
752
752
766
773
778
737
744
760
778
764
731
738
763
774
754
736
757
766
765
735
765
774
779
735
741
756
756
735
725
747
760
773
721
745
759
760
762
759
715
716
706
700
676
662
663
671
669
670
670
667
660
664
667
672
669
660
645
634
625
617
624
628
633
638
651
646
666
670
665
661
673
693
735
729
699
707
730
788
799
763
761
752
734
694
736
752
736
756
768
803
770
781
790
781
772
758
751
754
756
741
762
799
833
809
821
825
847
803
814
834
822
804
772
779
792
808
792
782
808
808
794
766
758
762
785
799
768
760
742
734
729
748
785
798
799
810
783
752
749
731
725
716
728
742
777
812
799
820
820
809
775
777
772
759
764
740
718
737
729
736
762
778
792
752
778
776
778
755
761
764
749
723
722
739
736
754
785
814
777
810
823
814
788
797
808
789
767
797
827
841
806
798
816
816
815
785
818
833
846
836
796
817
827
842
808
808
821
825
810
787
806
801
800
772
801
811
824
793
785
805
800
781
762
769
763
745
719
710
709
740
754
739
759
772
796
776
788
791
786
764
759
754
746
729
711
704
683
684
688
700
687
680
696
729
718
696
700
715
721
712
695
710
726
742
723
707
714
731
727
717
721
722
718
734
749
771
747
748
760
756
728
721
727
726
711
701
738
753
784
770
743
742
749
758
739
745
756
766
752
738
749
754
750
738
760
766
777
745
746
766
776
744
721
724
724
752
732
750
760
777
756
738
733
732
731
715
726
744
768
763
747
765
762
751
730
729
737
749
740
735
761
777
773
748
763
759
757
738
726
729
742
736
724
725
706
691
689
688
743
729
762
754
727
705
714
720
704
704
720
739
756
753
757
774
788
799
781
771
794
801
806
783
817
805
806
777
780
780
785
755
751
767
785
766
764
786
800
803
762
771
782
773
749
761
769
776
764
761
770
776
760
743
763
769
764
758
748
751
756
759
745
756
770
793
761
755
773
783
768
745
770
774
775
746
767
779
782
751
760
768
777
759
753
767
761
763
745
770
799
804
775
788
798
788
765
744
762
764
770
765
788
786
778
763
746
737
748
757
756
722
743
757
759
750
759
771
786
756
753
769
764
758
740
761
775
780
767
767
786
789
769
761
771
778
753
739
745
747
748
735
745
750
766
757
774
785
794
774
758
763
759
738
740
716
701
726
704
718
739
765
737
738
754
768
799
765
763
791
801
778
750
769
781
793
772
770
785
775
758
745
756
773
782
764
791
805
811
782
796
803
790
769
777
779
777
751
773
784
790
758
767
771
767
757
772
781
788
768
771
788
788
763
770
772
771
748
768
784
795
789
772
786
787
762
743
754
764
771
757
781
795
782
767
784
793
791
777
762
747
726
730
731
722
731
749
765
740
733
767
785
796
774
812
834
831
787
813
823
819
778
776
787
789
768
788
798
780
766
782
795
794
772
798
816
821
792
792
797
800
774
769
792
797
785
768
782
789
776
754
767
771
777
765
759
766
770
761
750
774
802
821
793
795
809
803
783
776
791
794
788
774
785
801
817
787
794
806
807
807
782
786
785
793
771
773
801
787
782
799
803
787
770
777
776
769
750
763
780
794
765
768
789
797
787
766
774
785
792
763
754
763
770
751
746
762
776
776
767
756
761
761
758
738
719
729
741
749
730
738
757
761
757
726
729
703
698
723
721
715
745
762
780
759
750
786
797
809
789
776
804
803
806
775
771
774
785
772
758
782
793
797
764
735
719
744
756
769
747
747
767
768
754
737
743
747
761
739
739
758
771
757
746
763
770
788
780
761
755
740
734
738
731
712
736
754
771
759
767
776
797
790
779
797
801
790
786
754
754
759
765
772
756
784
784
761
724
708
688
669
668
714
709
745
778
755
741
776
779
766
752
770
777
775
745
729
705
685
701
767
829
853
867
825
815
835
829
780
741
715
711
707
703
699
686
671
673
687
697
705
698
694
659
675
687
723
720
727
698
710
735
696
693
702
715
730
717
715
726
730
719
713
723
735
748
756
751
743
724
724
724
719
709
721
725
716
722
721
725
735
736
734
716
686
680
685
708
723
727
730
735
729
704
689
685
674
674
720
765
749
755
793
793
796
801
820
776
753
760
758
759
730
747
767
771
746
755
772
788
761
759
755
741
711
714
726
752
738
731
769
779
810
779
797
806
798
761
767
753
772
771
796
791
782
762
731
721
714
696
681
698
733
717
731
765
811
782
751
783
791
793
783
776
784
729
725
717
728
732
747
791
791
779
762
788
795
795
762
746
754
756
781
763
777
809
795
776
763
770
763
723
688
688
689
684
707
744
747
715
707
705
717
749
765
743
720
698
690
681
695
760
765
734
709
688
692
715
730
707
729
769
774
780
772
767
824
818
777
770
797
818
777
794
755
733
760
769
771
755
795
806
825
803
803
761
733
723
708
709
718
735
725
714
726
719
719
711
692
677
663
676
708
716
711
726
732
719
708
692
700
700
712
723
738
727
739
755
781
764
752
770
783
794
766
769
785
788
769
767
784
787
781
778
798
816
797
771
776
774
760
747
757
765
764
758
781
788
761
759
767
757
740
746
757
763
740
745
755
773
757
751
754
740
710
692
698
688
699
728
736
726
728
766
790
794
768
785
804
813
779
777
807
813
795
800
825
824
813
776
780
787
777
771
803
805
811
790
812
811
804
763
776
777
799
779
761
776
788
803
774
803
820
811
784
762
760
748
722
700
704
712
729
714
718
746
779
767
781
791
786
757
769
754
724
713
729
733
743
733
716
729
732
737
720
704
685
688
687
701
728
720
698
719
727
716
696
680
675
659
646
632
622
616
613
617
610
608
604
599
593
588
582
578
576
575
568
570
578
586
601
611
634
641
643
652
651
717
763
777
715
733
695
669
663
642
627
614
618
614
619
617
620
614
611
610
601
598
601
603
603
612
620
641
654
690
699
732
752
808
731
800
800
805
804
788
822
819
811
772
781
790
769
786
807
796
765
795
783
772
754
789
800
778
785
817
851
834
784
793
784
748
738
727
688
695
705
746
795
785
789
758
776
776
773
761
760
778
776
756
742
743
747
739
711
746
736
732
719
741
749
761
754
746
765
747
725
702
707
705
708
691
684
700
713
697
685
711
721
720
706
710
724
726
715
697
711
702
692
663
649
631
621
621
631
667
696
719
717
739
744
733
713
710
726
717
702
721
740
764
740
745
767
772
781
748
727
728
729
737
732
712
713
732
758
774
771
752
775
771
774
741
743
742
729
718
697
705
732
794
816
782
810
827
795
769
747
751
743
720
701
694
691
703
712
785
780
781
804
780
738
743
773
744
777
741
713
715
705
690
691
712
741
782
787
786
778
769
768
762
753
760
790
817
831
806
849
847
842
825
790
770
781
812
814
790
819
834
833
802
825
835
827
796
813
805
806
787
779
807
815
819
801
813
829
842
811
823
817
820
773
754
765
765
779
773
794
826
823
789
765
783
744
731
756
732
762
755
735
711
729
777
772
766
784
801
816
796
817
827
814
787
810
817
805
790
811
810
837
792
799
802
807
776
797
811
798
787
795
801
800
803
791
817
806
792
785
813
813
804
780
798
799
778
742
750
744
749
746
763
792
819
767
748
722
688
667
648
666
693
690
687
710
737
708
702
722
735
711
686
675
674
670
652
639
654
660
667
686
699
684
684
733
733
735
723
723
716
698
696
700
709
702
677
666
672
683
672
667
653
648
644
650
664
687
685
677
660
645
646
655
662
666
690
709
709
703
694
690
697
703
701
693
708
716
707
676
684
699
701
734
763
778
766
763
776
778
757
761
763
751
728
726
741
762
767
776
796
793
778
766
774
764
734
704
715
728
719
719
732
730
706
702
708
716
702
700
701
702
713
695
692
704
697
697
676
683
681
673
658
640
644
637
643
648
655
656
649
662
664
670
652
650
656
653
646
635
638
645
645
654
650
643
650
658
665
654
652
659
662
659
659
662
672
670
665
669
692
705
684
682
706
703
703
693
699
694
693
680
691
704
717
689
693
689
690
676
677
695
705
691
689
708
722
691
682
693
682
671
704
700
714
730
731
727
775
780
758
764
785
797
780
763
789
786
778
762
772
784
783
757
741
760
773
775
730
715
746
750
778
745
745
775
784
785
741
737
725
729
718
701
705
696
693
694
720
725
715
721
723
720
714
701
710
725
716
725
710
731
738
747
728
733
757
765
741
758
764
766
752
763
766
754
729
715
722
745
735
703
682
689
699
695
690
695
690
695
769
802
828
809
808
814
803
773
792
798
814
827
805
823
827
840
823
795
813
819
813
805
765
746
745
727
686
698
751
732
767
784
795
780
804
810
802
787
777
791
817
798
787
803
810
789
765
769
777
808
794
785
787
815
794
818
823
824
797
796
803
807
778
810
777
796
776
771
769
765
762
725
718
719
700
685
754
755
746
777
795
788
763
743
745
738
731
702
772
763
770
780
781
792
785
803
782
792
782
781
786
771
741
718
696
665
664
652
656
682
701
678
789
780
807
812
806
760
769
764
771
751
753
765
778
756
769
775
800
771
769
779
797
787
767
796
810
794
769
759
773
796
814
800
813
834
830
814
823
821
787
792
796
809
792
809
822
802
786
803
813
796
805
816
782
772
795
812
795
791
824
829
807
779
805
826
828
775
743
741
765
784
786
783
762
783
792
798
791
763
784
781
758
782
797
772
747
753
762
781
768
777
788
809
796
765
785
775
772
763
771
768
746
751
761
772
754
748
757
751
730
717
724
744
748
700
680
680
689
721
766
742
721
750
761
770
747
766
774
786
774
789
794
821
789
797
829
827
820
791
813
819
828
777
748
759
781
846
828
842
848
840
802
823
822
816
788
808
819
804
796
807
813
814
773
760
758
744
692
681
671
657
653
646
653
653
655
663
675
698
688
670
661
651
647
650
650
652
649
636
652
674
673
679
698
732
764
756
767
784
816
822
813
776
785
784
799
780
817
834
848
834
866
861
832
812
827
833
801
807
825
839
813
806
819
818
813
787
804
802
800
784
803
808
809
775
795
804
784
763
773
779
776
766
786
799
804
779
798
802
775
758
777
781
784
765
765
780
805
765
775
796
798
767
756
764
763
743
751
730
697
683
713
705
720
753
733
710
692
694
715
719
705
700
720
737
747
737
737
734
748
729
727
731
727
719
723
744
771
744
740
763
771
760
730
730
732
739
729
722
742
747
763
749
728
737
740
757
757
750
721
723
731
739
753
732
736
750
757
754
729
720
713
733
737
708
725
711
747
732
723
693
667
667
664
665
648
677
708
717
706
747
745
761
747
743
763
776
785
771
773
793
819
799
773
775
775
799
782
787
814
830
797
805
810
795
767
799
784
773
775
793
813
785
771
782
788
777
776
793
789
796
771
792
785
756
775
771
779
744
724
766
784
771
745
709
696
730
759
751
781
755
764
752
748
744
718
685
665
679
684
671
661
655
656
654
700
741
794
813
829
825
816
775
757
740
752
764
768
791
777
764
777
791
787
755
740
763
803
769
742
758
779
783
785
733
772
763
735
770
780
781
778
777
782
751
740
750
725
687
671
658
652
625
658
660
656
678
701
694
687
715
728
715
713
717
722
694
699
707
723
724
708
731
735
747
746
728
708
688
681
679
668
650
650
659
664
677
665
654
671
674
659
646
640
648
653
650
635
631
634
640
640
646
636
635
634
637
640
626
621
623
632
640
628
619
614
620
616
616
605
599
596
595
587
585
583
582
579
584
588
589
579
573
572
582
589
583
583
585
585
595
604
629
657
690
748
785
729
725
730
723
706
693
704
716
729
726
716
729
730
739
732
729
743
743
732
733
738
764
756
736
737
724
708
707
699
672
667
686
699
732
759
733
748
751
750
727
739
754
751
743
734
739
742
715
715
725
744
755
714
715
716
726
712
737
752
751
728
725
735
733
728
755
774
765
752
776
770
740
752
755
751
737
758
767
752
740
752
758
763
752
764
779
784
762
775
774
759
766
767
767
746
757
750
724
688
677
668
669
697
719
724
759
761
771
750
780
789
779
760
771
800
811
821
807
764
763
767
775
767
748
772
799
787
760
772
779
770
749
752
745
745
729
743
736
744
725
677
696
768
777
789
771
778
796
783
783
801
813
764
772
791
811
778
770
803
813
778
812
822
831
806
780
811
809
776
749
749
742
749
746
747
794
833
814
833
835
818
762
753
743
734
717
730
749
774
773
774
777
779
743
747
734
710
678
664
683
717
746
720
751
773
769
771
727
745
763
757
773
791
815
821
803
815
818
796
771
782
807
802
783
809
812
801
764
768
760
757
741
754
769
788
768
784
811
820
787
765
767
773
748
740
756
777
760
741
749
743
730
725
745
761
765
748
760
776
778
744
750
755
760
759
781
811
811
779
779
788
782
769
784
792
783
774
782
787
793
762
785
792
792
767
759
761
761
759
728
745
756
771
762
766
712
676
654
645
635
626
615
605
593
585
578
577
582
594
592
597
598
594
595
589
583
574
575
572
576
594
624
684
741
689
721
730
769
829
766
788
817
836
809
753
784
797
782
748
773
752
747
756
761
743
742
737
744
712
691
699
703
709
707
708
706
704
701
695
697
688
685
684
674
663
659
635
650
646
677
688
647
660
683
701
712
723
723
696
689
685
681
646
669
688
703
726
739
729
753
764
754
734
758
775
770
759
768
769
773
762
778
765
753
727
728
740
729
719
719
703
696
687
701
734
713
696
702
688
713
699
679
674
675
668
652
652
653
644
643
646
659
688
756
768
773
743
753
708
689
695
703
691
673
688
709
747
738
712
682
682
688
686
704
707
704
702
696
685
669
679
676
669
686
698
688
704
704
735
734
744
721
697
668
657
655
655
660
666
562
753
664
712
686
676
662
682
676
673
665
661
654
650
636
623
618
604
608
607
605
608
608
618
633
634
614
618
623
627
656
688
675
695
708
751
726
729
729
715
701
727
747
750
718
744
751
746
732
775
750
747
779
791
788
747
778
790
765
728
742
761
737
749
759
811
776
773
746
705
705
706
691
716
741
752
729
773
766