646
645
640
631
618
647
653
655
650
664
667
659
646
645
626
619
611
634
624
618
618
638
635
617
610
611
621
636
642
626
628
633
633
619
615
647
654
640
644
690
693
696
690
677
686
743
704
723
980
770
798
813
840
774
786
810
814
772
812
828
772
786
793
797
755
776
788
782
760
792
791
761
773
793
838
786
775
780
786
774
761
710
731
701
679
793
851
854
802
807
813
785
758
776
773
749
774
771
765
808
821
821
796
748
748
746
737
702
738
750
704
715
780
805
757
781
819
769
774
784
845
843
795
768
765
810
761
793
932
813
789
814
830
837
745
754
754
784
728
715
693
697
777
796
769
741
729
723
710
694
688
652
643
651
670
698
765
686
692
704
762
889
739
778
715
703
673
693
764
793
757
750
700
684
680
679
677
722
772
794
763
758
733
724
711
674
665
668
685
716
745
806
896
714
735
740
749
716
701
718
917
784
970
785
860
790
765
729
717
709
702
705
715
712
694
681
743
941
739
865
805
771
768
772
729
739
815
748
767
864
789
755
754
909
722
778
798
1147
893
863
880
925
890
945
954
914
857
896
909
897
839
873
905
942
849
887
901
930
858
884
913
959
873
918
933
876
895
925
890
852
896
920
881
842
856
880
819
790
813
827
861
813
840
853
861
825
863
882
845
843
870
883
822
853
853
884
829
815
841
878
852
843
859
885
822
844
845
849
816
845
879
931
883
834
870
881
867
802
820
838
922
879
823
851
863
840
804
831
837
835
796
834
839
893
844
828
852
878
827
833
864
883
833
840
852
824
792
814
839
898
850
890
899
891
846
863
866
827
813
842
848
824
865
873
858
837
865
857
803
799
818
863
917
833
847
858
875
862
807
821
833
854
842
820
857
887
895
826
813
801
789
843
924
994
988
964
924
892
822
831
818
828
855
825
853
860
864
826
841
847
871
876
828
851
841
868
847
811
840
861
850
813
841
847
829
820
839
854
818
828
841
864
834
814
842
871
899
860
842
857
849
808
815
827
848
837
807
837
832
808
806
811
832
795
827
848
853
814
841
840
812
824
821
799
776
797
804
812
790
820
853
876
830
867
870
854
839
856
854
803
827
826
848
807
834
849
846
810
836
844
880
815
854
854
893
833
851
869
882
834
819
849
862
835
843
870
880
829
818
830
841
813
831
847
879
832
859
867
863
818
850
874
858
848
887
900
845
851
871
888
830
856
867
847
820
841
849
908
868
900
904
922
834
824
835
873
902
836
869
878
886
823
854
870
871
842
860
878
880
852
904
954
962
857
893
901
871
813
797
783
740
750
902
805
813
752
752
785
772
736
738
737
750
750
778
772
738
736
744
815
945
789
983
925
885
870
878
881
854
819
837
848
828
806
834
859
836
836
856
862
816
836
835
838
802
818
831
852
817
837
864
884
841
874
882
837
826
855
841
813
849
866
820
854
861
831
817
833
842
815
818
849
872
829
842
867
886
876
816
831
836
847
804
822
851
895
905
828
840
850
865
836
847
851
863
823
819
841
870
853
831
854
874
828
862
856
853
811
847
858
859
830
881
908
873
840
850
850
814
845
857
859
828
870
878
874
851
883
893
830
861
862
844
822
847
869
832
853
858
853
821
848
848
815
835
854
877
829
854
876
877
825
854
859
817
842
873
859
819
851
862
815
799
815
825
786
804
825
838
810
857
860
836
825
854
821
855
825
800
783
771
784
799
836
815
777
835
904
800
881
874
848
822
863
883
838
885
886
892
833
865
876
845
836
852
865
827
861
903
893
869
885
935
876
829
842
847
855
840
870
847
797
816
809
777
766
778
736
737
766
885
806
803
819
895
861
813
855
882
882
847
933
970
894
888
897
868
847
880
899
900
851
883
899
867
849
898
916
871
907
907
864
851
879
899
845
875
896
909
844
887
894
904
850
888
903
866
841
879
877
853
903
917
879
833
853
861
866
819
857
887
899
854
876
898
921
857
852
887
914
864
838
885
913
903
854
896
896
864
828
837
872
912
885
836
871
883
859
833
851
873
883
837
881
893
896
846
907
914
865
879
898
902
852
854
879
915
897
859
895
894
847
852
879
902
859
945
947
883
917
928
867
868
879
927
946
912
841
876
872
889
859
911
945
898
903
917
882
833
887
894
895
854
872
886
847
838
860
887
826
850
849
806
814
841
873
817
847
859
835
804
836
847
810
816
832
832
793
777
771
796
846
931
949
938
871
841
860
856
854
828
815
827
831
841
814
873
884
861
831
854
863
826
807
849
873
874
818
848
842
825
801
839
859
845
844
776
790
759
708
701
736
705
705
704
734
762
753
747
727
711
703
705
716
693
696
693
711
713
710
699
713
757
815
810
781
775
743
720
716
742
702
692
687
709
843
729
764
819
924
785
824
838
882
814
788
818
923
947
876
787
772
799
936
1034
966
932
844
852
861
878
852
835
847
826
838
788
787
783
816
800
795
826
877
848
840
844
838
792
824
828
865
859
813
846
822
785
776
794
776
770
784
759
796
836
886
890
832
864
900
951
906
845
872
877
855
808
844
888
912
853
881
909
861
814
838
867
879
830
864
897
847
821
864
906
894
846
892
910
895
862
864
883
829
797
792
841
880
908
839
858
912
884
865
893
925
901
836
843
862
885
845
873
908
956
900
936
942
919
869
899
911
936
840
870
910
874
855
910
940
921
883
897
926
867
844
857
869
809
817
841
887
857
858
875
871
837
853
887
897
853
908
923
904
867
914
916
915
872
916
936
897
842
858
884
869
830
874
882
848
871
860
873
832
865
919
896
832
858
868
848
797
815
852
887
839
873
887
866
806
840
863
858
812
835
818
783
778
778
787
824
833
783
723
707
702
713
728
724
715
731
860
814
839
854
835
784
777
813
852
854
758
776
810
905
803
756
735
741
745
744
761
811
778
867
898
875
787
760
785
964
937
960
902
948
962
926
878
932
1005
1007
896
991
1044
1002
891
937
982
1003
903
888
942
994
967
897
966
1001
976
921
966
975
921
911
973
1045
950
932
1008
1041
968
930
962
969
881
901
922
945
867
919
957
944
876
920
938
897
849
889
910
865
831
862
886
934
882
899
924
906
855
887
879
834
885
887
854
861
906
913
845
874
864
822
818
823
825
784
825
839
832
842
858
852
801
824
813
784
794
805
828
814
841
868
813
806
813
805
778
804
812
816
780
802
778
767
783
787
771
761
788
804
776
787
790
797
762
766
771
778
800
791
771
783
758
771
743
777
800
824
837
760
757
773
781
746
758
742
745
792
810
827
808
807
797
738
718
717
761
872
820
809
851
857
848
839
871
884
863
847
890
900
856
880
872
870
819
854
881
863
829
849
869
830
856
894
865
842
875
883
841
840
880
869
827
858
872
820
846
878
882
852
893
901
830
860
871
837
858
853
811
840
854
871
830
812
800
758
750
722
704
725
762
784
743
747
778
771
802
814
909
878
832
893
901
891
835
815
825
892
873
895
939
929
882
947
989
912
869
896
921
900
877
908
951
943
882
930
999
966
882
862
867
873
857
876
807
825
800
772
801
796
803
864
895
852
912
928
882
859
905
950
860
911
920
909
877
871
914
964
925
908
926
963
859
870
849
902
854
853
872
881
829
868
850
894
896
854
899
896
898
850
861
869
942
902
930
1045
1020
933
999
932
936
947
887
954
928
870
931
1003
1007
921
949
942
880
874
837
818
911
907
908
971
979
893
914
864
871
888
883
871
922
944
917
863
880
864
838
882
917
857
868
810
816
796
789
757
752
825
857
872
856
910
923
894
916
955
866
875
883
854
810
838
860
815
854
858
862
854
781
776
769
756
765
792
788
829
854
896
829
866
866
879
836
860
862
868
868
834
837
863
893
878
836
859
871
819
814
835
842
816
790
806
832
820
813
848
854
814
830
846
837
797
833
830
833
784
812
792
775
776
768
763
778
801
793
813
838
886
848
855
793
772
760
742
750
790
802
819
810
827
823
815
794
785
779
778
778
763
759
787
792
804
882
890
903
817
842
844
886
897
902
895
868
863
859
806
791
832
841
815
800
845
896
959
867
850
961
908
978
997
967
883
891
925
938
896
944
980
974
950
972
921
920
912
931
975
993
870
880
872
865
895
900
882
873
954
1006
952
904
912
955
944
892
877
824
824
807
781
826
854
867
896
929
962
900
933
934
927
907
917
896
828
833
831
853
867
817
780
820
780
854
862
872
980
913
850
876
901
927
928
882
929
954
952
910
930
948
954
888
915
937
899
857
904
961
893
855
902
986
938
894
943
964
977
909
944
992
929
898
928
918
881
892
908
873
875
871
883
901
874
874
854
845
878
918
868
912
920
862
839
830
851
844
873
869
862
862
843
834
813
798
783
765
722
714
707
730
716
748
845
777
920
913
911
909
923
896
832
830
820
822
826
847
873
925
964
879
843
803
810
841
881
875
882
896
884
866
861
850
837
834
842
839
846
792
837
858
889
895
811
780
776
825
849
953
948
920
879
852
824
812
814
857
917
879
887
906
906
867
843
895
968
968
897
879
865
817
787
741
714
680
681
687
686
675
673
697
742
782
758
736
737
754
743
715
730
750
712
741
771
762
754
775
778
750
774
762
772
745
774
817
842
843
852
866
849
809
768
765
761
773
796
792
795
790
789
753
744
729
727
759
780
777
813
810
833
842
836
823
815
793
771
756
740
762
774
836
854
806
787
804
779
803
815
784
785
781
772
758
737
692
677
670
653
652
655
647
642
638
640
626
618
623
620
623
642
662
667
655
664
702
711
688
675
675
688
688
664
663
688
712
677
662
656
643
636
650
669
677
692
702
702
691
662
659
661
675
664
685
728
728
735
756
744
764
778
797
791
774
800
828
804
825
843
816
784
774
751
765
742
753
761
764
752
761
759
737
737
751
776
782
782
781
775
758
729
737
751
782
809
816
771
770
788
813
796
798
775
775
769
767
774
774
772
780
776
749
769
797
833
804
809
825
793
762
752
774
797
819
797
763
798
783
801
828
848
842
821
840
848
838
803
843
876
895
835
853
854
838
801
811
807
808
791
817
839
845
797
824
836
829
808
828
841
806
780
799
815
836
816
819
834
814
777
774
787
803
791
800
828
851
824
784
788
788
774
748
753
747
750
730
746
741
754
729
712
757
760
750
710
726
710
685
665
661
668
660
662
674
697
688
686
691
726
732
688
714
755
758
747
753
785
813
745
694
676
669
674
679
674
679
663
665
681
696
687
695
716
728
722
728
767
772
764
791
821
844
809
811
817
813
793
797
804
808
781
783
801
804
772
787
798
799
769
775
786
778
771
796
800
800
788
805
825
812
802
807
793
764
762
771
761
742
756
764
775
751
770
778
772
745
745
741
729
717
728
734
732
719
729
728
707
706
696
666
646
636
635
630
632
636
621
622
617
618
626
624
627
631
630
631
641
658
648
654
653
645
622
625
624
651
702
809
711
753
712
749
805
754
801
838
812
833
813
806
780
762
768
773
768
742
729
718
701
691
667
680
653
659
665
652
646
644
640
634
637
638
634
630
655
661
669
677
779
824
738
732
858
856
801
770
796
798
810
792
816
823
804
787
806
826
805
804
834
831
806
812
827
819
789
810
805
808
782
801
806
775
761
760
759
753
730
705
713
719
745
725
731
759
773
771
819
831
785
768
780
819
805
772
799
842
816
795
827
825
797
796
809
800
760
779
824
828
785
816
818
812
774
790
776
776
744
735
766
834
746
747
771
784
781
745
735
740
766
801
780
758
773
797
751
751
747
748
726
716
710
724
749
849
796
793
771
740
725
727
739
760
730
737
744
750
732
753
841
800
798
828
833
825
792
810
815
794
801
820
828
791
808
783
768
751
767
778
764
739
771
794
809
743
778
780
781
738
792
822
775
758
764
776
730
732
742
719
696
686
688
685
704
734
762
731
757
790
757
741
762
779
738
789
801
805
769
805
814
753
748
763
806
745
757
756
770
745
762
768
762
738
746
769
744
725
733
752
767
729
757
747
749
736
737
740
725
738
730
760
713
720
723
736
707
718
718
710
692
698
708
700
693
702
719
726
694
702
702
703
689
699
703
718
700
704
706
716
701
706
721
718
703
719
726
718
696
699
694
679
666
658
646
651
661
680
679
673
689
708
702
693
699
688
669
663
665
688
680
701
706
729
701
701
736
734
745
763
755
753
739
733
737
750
757
727
733
731
754
776
766
771
776
736
736
744
763
769
780
789
790
789
782
762
752
748
754
773
787
802
794
792
735
756
745
739
766
766
796
811
830
825
815
771
794
774
774
788
818
821
841
837
826
782
804
804
777
795
792
787
776
785
789
769
782
772
780
777
777
749
761
751
775
751
748
735
730
717
724
727
717
729
742
736
734
729
722
691
706
701
727
716
723
698
687
680
668
653
642
632
619
619
610
604
596
592
580
579
576
564
563
559
554
553
548
552
557
561
550
561
571
588
597
609
603
600
608
622
624
627
640
648
656
651
645
643
662
655
651
654
662
646
636
637
645
647
663
691
717
698
715
738
701
703
698
704
664
652
660
677
679
669
680
666
665
650
634
625
616
606
607
617
638
718
720
732
696
721
719
702
684
710
740
706
682
700
692
675
656
651
646
646
693
729
691
724
746
741
736
761
791
803
777
809
809
765
765
747
724
720
731
738
718
725
733
709
674
684
662
681
666
655
660
663
636
654
653
666
660
697
743
710
695
722
783
736
810
898
771
814
829
848
852
825
865
907
843
883
912
862
819
857
893
894
839
788
794
813
872
972
865
896
890
917
857
836
848
861
957
1020
933
945
834
844
850
821
777
809
792
836
820
834
875
839
900
863
901
896
847
879
829
857
839
885
854
927
837
853
910
847
912
883
813
849
871
918
828
868
960
893
996
1001
888
951
960
898
967
980
897
944
924
993
950
943
961
920
918
813
779
809
858
1127
938
854
867
926
910
899
963
983
923
987
984
921
992
926
950
944
868
925
952
899
965
937
898
930
851
887
866
849
892
867
866
890
808
825
823
872
913
916
915
903
884
881
802
807
797
843
932
961
967
937
934
919
889
839
815
831
902
906
838
828
827
882
951
908
907
883
821
802
809
825
862
807
818
869
891
892
873
813
842
804
851
857
896
918
908
998
978
1045
1041
886
865
885
878
894
945
1109
1111
915
913
898
912
962
1106
1047
1047
1065
1001
902
922
960
981
911
884
833
795
842
886
938
873
831
906
915
896
874
869
833
845
821
785
768
752
782
808
790
871
929
938
910
942
954
904
954
1026
975
927
962
916
919
940
1013
1001
969
865
859
815
783
748
728
698
707
711
773
772
929
924
943
938
890
818
803
778
765
745
723
886
952
964
990
1035
1015
992
979
921
854
824
816
916
880
965
1017
1067
990
891
927
922
999
979
985
1020
998
918
977
976
913
972
979
898
923
895
829
868
949
933
944
974
926
901
931
889
851
876
867
836
849
891
922
928
915
903
857
803
817
833
830
873
922
1033
902
979
972
966
872
867
865
899
890
874
882
945
906
903
920
928
895
959
910
909
882
860
817
797
781
760
713
708
779
848
857
864
830
813
855
820
849
872
942
987
918
1012
966
983
1019
925
965
977
1017
1042
890
882
832
814
800
797
879
920
936
995
932
992
1002
1005
950
930
891
864
792
793
774
850
990
969
977
938
975
884
969
999
921
936
871
844
886
888
854
898
873
901
908
868
916
908
864
902
843
880
863
874
861
909
890
888
941
915
924
917
881
813
825
781
739
716
715
794
954
813
806
914
858
929
918
880
947
915
960
1021
971
865
840
870
884
884
843
910
969
865
917
943
855
899
959
940
902
953
908
860
887
937
928
913
974
940
925
976
936
932
982
971
928
937
958
907
935
951
913
952
918
879
854
880
931
855
827
839
905
911
868
882
881
839
876
886
876
813
788
810
827
801
840
866
803
846
835
866
887
798
813
826
868
907
901
894
881
864
829
793
784
810
890
932
974
1003
944
949
893
891
849
802
821
806
836
844
855
852
837
820
806
796
789
802
804
760
767
785
942
963
936
848
814
884
900
940
938
939
897
896
913
900
871
895
946
940
967
911
963
1011
1002
936
941
861
888
908
931
855
837
856
880
969
906
892
933
960
922
937
941
938
858
877
910
973
841
869
905
925
935
967
944
936
922
902
854
854
874
938
896
908
906
856
875
876
873
816
782
747
743
815
897
852
863
901
838
907
901
859
824
835
817
826
853
981
885
924
947
894
897
907
857
900
890
861
896
930
924
916
964
897
911
947
954
885
897
917
836
868
855
852
912
920
873
896
916
847
842
856
841
784
740
710
711
715
717
691
694
683
688
710
691
669
676
719
813
768
729
748
779
900
819
862
892
901
871
914
943
925
830
773
787
824
1030
1032
958
870
886
914
952
958
936
941
931
935
887
892
925
954
881
864
896
957
950
895
823
797
757
717
724
817
1002
956
889
835
871
856
883
875
835
865
853
874
864
826
889
907
898
942
962
977
989
927
942
942
973
953
954
936
831
843
859
819
808
893
884
936
969
917
960
939
895
900
889
869
915
1014
993
939
952
905
849
870
915
868
918
911
928
946
908
960
908
911
864
914
887
909
860
903
904
867
840
879
907
975
944
954
933
865
821
794
821
805
767
784
830
874
898
926
870
854
867
858
833
853
885
835
790
791
767
738
698
702
728
763
761
737
773
791
780
789
817
761
755
812
919
908
884
969
1033
932
983
971
900
933
887
827
847
863
867
954
939
858
834
840
847
911
906
870
920
943
889
921
926
910
855
871
880
855
876
813
818
896
813
833
854
853
833
884
923
824
890
902
935
925
988
1021
941
967
1021
1003
983
980
958
969
1065
1009
981
991
1032
942
973
1052
1012
912
945
1000
913
843
892
891
837
821
886
845
905
928
942
940
1002
979
941
977
976
912
964
966
899
909
1000
1022
910
1009
981
911
944
988
963
934
938
941
876
879
900
938
944
962
1007
984
928
929
983
900
871
940
1017
979
892
922
928
879
883
932
956
887
927
888
932
969
993
901
913
896
878
845
861
912
955
946
977
1012
1034
987
1070
972
906
951
1037
1068
1042
1069
1040
970
943
976
992
933
1006
1016
962
940
964
1014
916
850
823
800
837
880
901
959
1038
902
883
907
911
852
914
955
901
878
903
920
879
912
954
892
898
950
995
920
966
1032
977
955
886
921
962
938
933
966
950
896
929
944
953
930
998
1069
976
970
1000
978
921
961
972
990
962
1033
1048
937
948
990
888
901
911
859
891
970
983
948
969
979
882
912
938
919
928
938
875
915
954
936
892
936
947
918
934
873
858
905
963
940
893
891
922
862
822
819
848
891
931
908
866
866
878
841
830
947
1019
926
972
993
950
1009
1007
935
1037
1026
1034
1021
997
958
878
834
857
898
865
945
955
974
986
1004
945
948
914
878
921
912
898
944
953
885
847
855
832
828
888
1066
958
916
864
840
876
851
847
871
912
918
896
930
967
953
894
910
945
933
887
930
983
948
888
861
898
934
900
907
940
921
968
960
936
979
978
911
930
930
915
887
916
938
993
938
980
939
892
922
915
879
894
948
921
925
934
905
872
888
911
930
891
940
958
941
868
827
789
758
745
769
756
815
818
779
833
805
795
840
906
823
899
912
884
881
939
966
893
970
997
911
944
945
883
926
949
901
906
937
896
873
905
914
868
904
907
881
891
892
851
879
883
853
836
847
835
788
813
828
805
794
812
805
770
807
800
782
758
768
780
745
748
765
777
740
758
754
747
775
770
757
813
829
787
817
786
808
794
767
771
772
797
832
869
878
821
849
829
792
812
794
777
791
805
805
829
871
844
811
843
864
814
832
856
843
817
824
801
804
805
816
872
857
830
882
863
824
879
893
858
938
994
917
920
941
916
962
1010
914
958
1033
979
917
896
844
873
885
888
979
946
910
932
870
896
851
849
860
848
835
870
858
868
882
860
910
889
891
927
913
897
942
900
889
865
859
866
917
932
873
914
959
878
963
946
862
916
889
834
879
859
840
884
845
870
870
818
784
775
779
786
771
794
833
845
804
863
835
808
829
830
810
815
800
780
762
760
788
832
853
788
851
799
789
799
797
759
798
830
846
854
904
949
885
933
918
832
846
835
810
862
925
879
915
934
864
880
915
905
867
928
915
864
890
909
882
826
859
860
865
846
883
912
866
855
885
863
841
870
873
852
865
885
878
833
864
887
846
855
876
859
839
883
901
843
881
916
876
925
945
874
920
926
861
896
921
859
854
869
862
832
881
917
869
877
895
851
885
899
894
905
906
832
871
836
834
833
813
867
842
834
815
778
775
760
766
784
790
788
780
760
762
763
753
747
740
729
716
686
661
671
710
695
697
722
768
741
747
815
822
804
798
782
783
781
773
761
755
726
732
744
718
744
753
772
789
735
746
749
778
785
799
796
781
753
734
721
741
767
783
723
746
773
797
803
800
801
775
778
761
730
741
751
809
774
784
807
787
808
815
820
819
821
815
812
835
816
782
791
821
812
770
805
840
888
864
808
771
799
824
903
935
921
971
1006
919
848
824
857
873
885
905
927
965
952
929
960
982
998
1032
945
998
1028
999
942
985
943
928
996
1026
953
965
986
887
899
924
906
867
918
956
936
875
908
930
880
876
858
814
798
787
740
759
853
919
986
1021
992
976
1000
1041
1057
1001
1013
917
961
898
890
939
884
938
984
896
873
904
883
838
876
928
860
843
875
842
835
864
825
835
860
822
849
868
822
832
852
819
829
855
806
816
849
806
803
831
821
851
792
755
752
771
816
889
880
882
787
820
797
789
790
814
791
765
740
735
813
929
940
918
859
832
836
811
824
841
850
865
857
825
825
786
810
791
863
911
910
932
929
902
881
879
876
876
876
877
878
870
868
855
848