702
804
752
738
742
731
730
725
733
747
742
738
718
697
701
695
674
674
675
681
689
667
677
677
682
662
664
699
690
721
750
713
715
720
778
763
738
688
676
686
688
710
737
744
851
809
788
783
801
799
772
770
772
787
792
794
770
793
808
844
830
810
785
831
843
870
861
880
827
866
875
875
884
812
838
853
872
871
783
804
809
813
783
825
850
844
896
908
846
869
869
893
835
865
861
855
833
869
894
867
880
798
823
785
749
747
729
708
722
725
767
766
790
751
766
763
764
745
762
765
736
748
732
727
727
747
731
725
741
771
792
838
843
845
826
804
754
757
768
858
839
903
933
919
897
920
828
837
837
808
832
811
795
828
829
798
769
768
785
792
846
818
874
869
833
860
827
787
813
834
816
852
810
839
831
848
824
823
819
769
769
757
728
735
746
764
780
762
779
759
800
774
790
808
815
830
857
873
849
793
810
821
834
802
785
801
849
826
787
789
806
820
852
825
808
781
767
737
711
685
674
688
747
813
798
798
794
820
837
817
792
745
758
743
757
769
753
781
781
768
747
737
758
758
766
790
802
779
841
877
907
830
847
881
891
826
853
851
808
779
805
874
878
844
900
926
906
866
920
935
894
942
962
932
858
896
922
895
861
921
859
849
870
908
862
896
920
914
878
942
938
880
888
899
900
906
918
851
870
852
866
845
862
884
892
876
821
848
840
826
825
860
866
836
879
871
854
829
858
826
838
838
802
822
793
779
758
803
803
769
789
784
779
770
809
836
843
791
786
788
790
797
817
827
828
827
810
803
774
790
795
772
756
786
779
824
852
855
851
894
880
882
866
859
805
813
823
877
925
871
866
902
898
845
889
861
837
855
854
877
869
834
855
842
809
825
824
819
875
857
862
836
833
799
809
778
778
791
823
846
836
830
821
813
789
776
759
760
749
779
814
787
795
795
796
786
789
804
793
856
887
898
902
914
941
895
843
843
862
834
807
834
846
847
819
829
840
804
791
771
787
768
794
790
771
760
799
779
828
855
865
822
871
871
854
852
896
854
835
802
805
819
843
858
820
795
833
839
873
892
874
903
925
882
889
919
914
894
917
921
895
886
915
942
911
890
946
975
972
973
896
893
914
902
904
829
861
851
814
798
783
790
775
804
813
805
800
782
775
779
775
749
781
805
804
791
813
826
850
882
858
909
921
933
857
896
925
939
880
921
966
960
874
857
826
842
898
996
908
907
870
850
804
798
799
825
909
945
987
905
947
915
946
957
971
939
911
938
955
948
950
922
919
858
867
883
862
840
876
876
885
881
910
927
920
847
879
851
815
827
859
821
872
897
917
872
842
889
919
906
928
854
877
906
847
887
893
868
896
842
877
922
931
910
856
874
836
801
816
826
861
875
848
844
874
892
903
906
915
854
883
881
849
813
775
805
780
762
729
749
764
809
842
850
896
877
861
838
839
813
778
794
800
833
832
833
866
830
808
788
798
827
876
874
901
895
895
912
923
890
860
852
867
867
851
812
876
831
834
818
790
773
789
789
774
763
771
777
782
810
803
810
807
783
772
760
751
729
732
709
697
691
704
722
756
749
753
745
731
747
754
755
727
739
733
757
759
771
771
776
761
759
714
733
737
741
738
716
720
722
717
730
749
755
767
803
833
804
836
857
830
851
876
868
818
857
882
853
825
862
880
859
824
882
918
850
869
907
874
895
914
928
882
904
902
895
851
904
938
887
889
864
846
869
881
864
866
894
912
921
877
898
935
876
909
924
939
923
901
858
869
873
904
862
840
840
840
821
798
793
806
822
842
850
877
923
946
909
952
868
837
898
863
873
851
889
923
915
873
918
939
908
905
940
937
867
917
947
888
887
927
910
852
917
893
861
900
893
895
900
880
865
897
919
893
843
842
836
849
861
879
889
926
937
935
889
892
890
912
880
852
893
929
863
877
896
902
866
859
902
917
893
856
907
907
846
878
916
893
854
897
910
884
858
894
911
881
859
896
904
838
843
857
881
889
872
838
876
889
881
830
858
863
849
822
863
865
859
814
850
857
822
818
841
833
809
839
856
835
822
851
863
820
837
853
832
803
831
848
847
813
865
873
842
840
860
873
838
834
855
840
807
824
838
862
866
813
787
812
817
818
886
896
902
841
875
887
899
865
924
877
918
932
926
855
896
921
921
866
911
911
854
897
900
862
852
876
860
815
846
840
813
834
870
855
835
871
854
825
845
865
812
817
836
827
803
850
862
827
817
832
812
851
888
881
896
858
801
794
752
748
733
712
714
878
894
834
896
909
900
872
923
933
856
910
921
879
879
916
889
874
929
960
892
939
943
892
899
938
927
893
952
956
896
945
957
915
926
957
943
897
925
913
868
900
903
899
824
796
841
909
978
992
941
899
946
947
914
875
903
930
913
862
894
903
929
875
928
919
902
841
858
871
875
828
869
893
877
840
884
883
891
823
849
862
853
829
871
843
806
792
836
813
856
882
906
854
903
903
874
877
889
913
862
862
897
896
846
899
904
887
866
916
922
874
914
946
932
870
918
934
908
885
908
922
934
879
895
901
902
853
861
858
853
816
835
860
875
842
868
891
854
833
849
852
833
803
830
846
841
834
884
888
911
887
949
954
925
950
881
914
917
886
927
889
927
918
869
881
896
879
846
889
896
849
888
921
856
895
866
881
826
797
802
788
784
760
759
764
788
805
786
770
777
780
787
763
757
746
716
733
703
697
669
671
657
649
639
617
615
604
594
592
589
583
581
572
570
562
559
572
556
565
570
607
626
612
656
684
694
684
652
644
655
641
622
626
635
664
658
657
660
683
705
702
744
752
737
709
683
676
691
722
756
714
741
827
817
808
800
841
876
892
809
832
848
842
813
853
883
831
835
864
890
830
857
877
883
809
823
789
768
808
810
814
832
919
935
842
859
886
906
841
885
896
867
830
890
932
871
849
910
946
878
871
925
929
879
822
859
905
953
842
895
936
915
869
890
895
855
844
848
810
794
813
806
892
939
890
830
876
890
846
882
918
896
866
900
940
890
860
887
900
851
851
888
900
825
795
771
814
852
886
904
924
903
844
862
837
808
797
801
804
786
820
818
826
799
790
746
834
823
784
825
846
831
838
854
866
817
846
839
826
796
763
754
729
767
779
797
740
752
792
848
812
788
789
797
801
787
795
752
736
750
739
705
729
780
820
759
825
832
816
775
817
852
837
801
850
876
881
815
840
847
813
788
813
813
789
766
773
770
776
797
804
780
811
815
800
796
802
792
764
757
791
815
809
849
890
929
877
919
979
960
888
923
940
850
850
876
884
830
879
917
893
815
859
846
785
797
787
777
741
724
754
797
746
729
721
724
763
752
742
752
761
757
729
722
708
700
728
775
815
852
885
924
899
865
928
937
970
985
936
923
866
853
857
870
814
889
854
903
938
900
908
905
893
928
885
882
939
936
963
892
895
896
898
848
822
844
880
863
902
873
887
880
884
908
896
896
835
869
876
895
892
877
813
854
861
858
816
854
874
911
834
871
813
799
832
800
842
887
918
898
934
895
838
868
860
873
910
891
876
936
867
899
912
877
863
890
876
872
925
900
928
894
888
905
854
864
882
863
855
818
796
767
755
771
769
773
791
791
811
787
809
809
816
813
829
841
845
784
762
768
801
854
879
863
886
887
854
802
821
808
852
859
885
907
867
897
928
909
923
877
879
889
922
936
884
936
932
890
902
893
878
840
842
821
810
796
822
856
872
830
825
839
842
875
893
896
894
882
824
856
850
826
843
852
908
926
908
867
873
842
827
848
868
846
889
906
871
853
881
855
832
863
877
837
880
887
884
847
840
861
846
834
863
881
864
872
832
801
793
792
821
877
863
802
841
853
863
846
834
844
862
863
863
821
816
824
785
807
818
850
838
833
813
837
866
843
846
813
847
833
838
845
845
804
784
807
817
819
838
814
771
783
808
800
873
885
818
845
818
804
818
814
861
875
871
854
824
863
889
871
830
858
823
853
853
914
890
833
875
846
866
863
876
887
867
861
855
845
837
834
813
779
794
813
849
863
819
836
849
825
824
817
813
777
771
777
791
810
844
812
786
820
823
809
828
841
835
854
849
813
839
818
787
786
780
764
797
820
784
840
869
805
831
840
838
812
859
877
832
823
840
827
816
850
842
829
830
847
845
802
819
828
803
795
807
822
788
801
820
818
820
816
813
802
765
746
760
752
779
806
821
836
817
775
787
800
777
789
820
828
806
845
856
857
852
847
857
844
845
823
781
791
811
790
849
877
863
846
863
873
833
842
866
851
838
867
861
850
870
845
826
858
859
842
807
833
854
881
889
895
838
798
792
799
786
819
863
873
877
899
919
863
889
895
847
885
909
893
861
896
896
876
898
897
925
898
870
885
890
856
833
856
852
833
856
856
856
880
878
839
822
847
863
828
849
856
850
865
892
885
916
890
850
835
855
847
848
854
874
834
860
866
858
858
810
791
777
750
756
783
803
826
838
850
826
787
786
789
809
827
800
774
795
778
739
776
790
838
843
840
888
866
866
877
851
861
848
822
871
869
882
829
850
867
862
838
850
892
850
875
899
909
857
896
896
845
882
869
824
862
864
837
869
896
850
841
880
847
867
862
815
828
810
806
821
793
772
754
771
801
823
790
822
835
791
797
769
780
773
811
832
862
843
804
826
851
876
817
845
860
870
893
913
881
880
901
873
865
888
883
866
913
907
878
901
914
866
884
893
843
821
828
834
839
887
921
914
931
899
855
835
819
826
830
849
873
881
865
809
780
776
794
789
832
877
883
896
850
826
847
862
868
857
869
841
812
839
854
850
808
794
854
898
937
954
951
932
923
896
876
873
866
890
866
866
853
839
802
798
784
769
779
746
730
785
811
820
829
824
847
857
854
815
826
824
836
864
890
886
887
867
834
826
791
811
838
877
874
858
812
793
830
804
835
832
844
896
844
882
876
871
879
865
836
842
830
857
887
895
896
827
821
867
840
823
851
843
845
834
831
825
814
800
779
768
775
781
817
864
877
893
914
876
856
862
861
833
846
809
813
823
823
817
815
806
804
797
792
799
804
773
809
830
858
833
852
853
849
813
784
779
789
813
845
811
779
794
778
800
828
817
837
845
831
799
781
809
841
839
861
871
866
862
855
850
799
796
811
839
846
852
863
883
888
882
820
797
777
812
823
809
861
861
841
865
858
874
874
872
882
820
799
822
834
855
854
873
864
826
872
868
860
820
826
790
774
784
798
844
889
814
813
835
834
857
886
852
872
908
890
865
846
793
754
748
721
698
696
687
684
684
689
685
680
688
687
682
674
679
676
679
681
692
678
680
683
695
712
720
793
793
837
854
874
828
869
873
866
809
800
825
800
838
881
904
873
923
923
925
838
874
906
896
846
872
897
896
911
894
893
877
862
876
878
841
872
917
941
874
882
906
898
864
904
925
862
887
898
921
872
861
817
788
818
825
808
852
909
889
859
908
930
865
879
891
881
843
862
887
852
890
888
901
850
809
784
771
779
829
880
895
899
873
864
826
845
824
817
812
835
850
842
880
891
908
892
896
889
842
850
866
867
824
805
779
804
851
854
858
890
897
867
859
848
797
779
764
787
805
774
835
829
804
878
858
817
844
836
829
844
840
793
830
817
788
800
773
776
755
769
778
765
737
777
765
746
733
757
767
757
794
826
820
805
841
802
818
811
852
838
829
857
852
815
841
854
849
833
811
814
803
813
856
896
906
839
864
863
824
850
829
807
832
843
832
817
829
807
828
817
846
856
818
820
824
809
771
760
780
803
792
801
843
858
846
857
859
814
865
873
825
877
894
877
874
909
881
846
889
869
845
892
938
898
854
880
856
825
845
884
838
866
880
857
864
884
857
823
862
870
847
882
884
854
876
868
835
860
853
819
857
870
853
830
851
856
815
837
855
820
826
873
859
843
868
876
837
859
880
887
841
840
858
825
844
869
864
832
854
882
840
843
864
877
824
852
863
818
819
821
797
793
809
801
817
837
793
779
782
777
755
791
779
767
723
750
743
753
761
760
736
774
786
813
791
775
822
830
794
821
846
837
804
842
855
815
855
880
852
860
870
845
872
880
828
845
859
848
810
829
842
779
793
808
828
817
794
858
866
828
852
863
849
838
830
820
808
833
855
838
813
851
867
825
811
822
841
821
801
815
811
779
793
803
787
784
813
793
772
752
744
734
756
778
778
748
779
787
731
730
730
690
700
726
762
782
783
771
775
770
757
747
750
737
730
729
725
717
691
688
670
684
713
715
722
708
697
698
748
760
767
789
784
780
772
765
788
795
806
831
821
823
809
791
808
804
847
818
800
771
830
822
895
912
869
908
932
878
863
894
876
922
891
887
916
880
902
933
883
859
925
906
896
883
899
862
855
828
869
913
910
902
967
973
997
1001
948
892
935
941
951
914
916
932
880
882
916
979
941
909
942
943
866
904
927
881
914
957
897
895
923
863
886
893
841
872
900
876
858
896
885
852
902
890
858
848
871
912
864
895
923
885
878
917
894
846
885
912
910
870
899
906
869
902
905
879
880
910
928
920
863
893
914
917
872
915
935
885
884
893
910
864
856
883
853
816
854
871
842
827
862
886
848
845
857
865
834
859
856
827
855
828
838
870
870
847
898
901
902
870
897
933
896
869
914
915
854
856
872
839
813
789
769
793
823
790
848
891
840
825
893
888
855
817
852
875
895
860
860
904
934
878
906
921
964
952
924
961
995
962
913
935
914
869
895
899
818
791
802
824
847
802
794
841
852
843
828
851
891
900
846
891
884
830
867
896
826
841
865
890
850
850
861
852
867
901
852
807
807
840
788
844
855
806
798
846
877
848
828
864
882
861
817
852
867
827
824
854
897
875
834
854
882
836
826
854
887
857
813
811
824
867
814
832
856
885
895
831
851
853
819
800
828
855
887
872
822
851
855
854
822
857
899
849
865
874
882
827
862
842
827
805
819
806
770
771
758
729
715
733
743
790
827
833
802
853
870
840
803
882
898
854
841
884
903
878
854
885
904
855
868
912
912
886
932
959
947
873
892
919
926
851
874
822
903
877
886
890
821
867
871
869
821
876
813
857
836
833
774
837
839
840
837
781
806
799
799
761
793
776
753
751
768
759
739
729
759
762
743
773
790
791
756
742
761
810
850
871
860
789
850
855
854
791
790
813
828
826
785
833
867
855
823
822
841
832
808
784
807
829
838
797
820
845
855
819
834
841
827
810
830
842
778
780
808
834
782
783
779
791
748
759
781
813
810
760
791
808
799
773
815
829
810
770
746
753
767
805
844
855
854
798
835
821
800
788
838
839
859
796
848
843
844
803
829
855
879
813
830
825
796
774
776
838
785
871
882
879
811
877
898
854
840
877
888
863
831
856
878
878
834
864
876
836
852
880
889
802
788
781
757
722
718
778
752
794
830
840
767
753
752
761
766
734
731
773
787
781
771
802
787
753
731
796
765
759
792
815
831
775
797
804
816
821
780
837
854
860
807
838
834
801
787
825
845
824
794
836
847
849
794
834
842
856
790
799
859
864
816
793
789
782
751
739
778
817
813
766
811
818
810
819
861
892
855
857
878
871
853
799
821
824
830
816
798
849
876
871
816
840
863
873
809
850
877
897
901
840
838
839
818
784
811
823
830
777
789
795
852
872
810
795
820
816
812
794
798
789
795
756
738
751
728
750
774
774
754
791
809
827
790
764
791
799
776
767
798
822
816
795
841
838
814
787
813
849
795
787
806
818
796
764
739
734
766
800
780
764
795
780
762
786
813
815
772
782
797
790
777
784
795
800
748
782
786
800
788
797
825
844
844
778
779
778
793
764
796
808
824
784
802
835
828
758
780
768
766
743
736
771
760
736
740
758
766
737
755
771
780
735
703
704
700
693
683
689
702
704
697
706
724
736
697
674
682
672
642
657
647
654
669
689
655
662
662
677
680
674
653
641
650
642
653
663
673
663
674
692
720
704
712
737
754
739
712
721
730
748
737
748
765
792
761
777
800
801
752
746
767
796
847
799
763
771
791
805
795
778
812
824
815
776
756
749
758
779
760
766
806
808
763
778
789
785
759
770
797
804
782
763
768
758
746
733
749
783
790
764
737
747
754
752
721
721
743
754
744
721
744
768
764
747
765
778
759
734
739
730
740
737
773
779
745
764
777
768
791
816
821
779
754
771
732
726
727
736
747
750
808
811
830
806
812
829
835
795
811
834
838
789
820
843
872
842
799
831
859
856
808
769
762
745
780
813
819
802
771
753
750
738
734
750
751
755
737
745
729
724
753
728
708
721
718
712
706
707
753
744
759
765
725
718
707
688
688
675
674
655
702
766
800
815
752
784
834
855
835
778
804
850
872
864
815
827
854
853
817
770
781
809
846
779
820
837
781
794
794
746
746
800
807
781
762
762
768
784
806
768
815
793
776
767
793
777
745
747
723
707
722
695
734
776
761
780
813
825
790
758
768
776
777
734
706
715
703
716
735
709
744
737
738
729
728
719
708
699
683
679
672
677
660
665
680
654
673
693
693
706
703
707
720
718
728
729
724
724
711
693
700
741
794
770
775
790
790
831
854
854
798
777
749
738
722
718
722
727
693
703
707
684
698
719
746
771
718
720
763
770
777
744
735
772
801
794
766
800
833
851
805
808
824
786
768
738
766
798
868
876
813
794
825
868
901
883
827
839
849
891
896
865
885
880
830
837
812
775
760
729
710
719
745
740
744
715
829
790
757
779
752
750
775
787
805
800
778
795
772
783
813
814
775
790
759
727
721
749
743
763
777
752
782
765
777
726
733
715
687
709
739
717
748
753
738
747
728
736
751
741
717
714
710
734
769
789
788
748
781
807
801
741
723
746
752
750
734
716
701
737
765
743
745
755
766
763
749
758
771
804
777
767
795
810
820
789
794
817
832
792
771
789
810
818
771
793
813
813
781
797
832
813
783
769
766
770
761
736
750
772
785
779
758
775
787
810
771
779
813
845
807
779
780
781
787
768
744
744
741
735
761
773
772
756
735
778
880
794
783
811
829
839
830
790
804
807
824
841
845
815
798
795
821
807
781
803
838
887
887
813
850
853
821
810
822
830
838
836
823
856
839
813
792
785
793
807
771
774
775
794
756
741
767
777
768
729
710
703
699
680
675
656
647
646
660
692
708
696
696
711
721
717
704
709
729
760
783
763
784
777
765
752
740
760
772
735
741
771
763
738
712
728
721
738
771
828
763
755
775
797
822
781
764
778
812
833
792
789
809
822
824
803
822
852
874
818
804
831
835
861
852
794
809
856
891
897
843
804
832
828
790
771
771
820
871
872
863
868
911
895
879
828
796
826
890
904
909
844
847
852
805
775
755
777
801
794
813
833
862
850
808
808
824
780
775
803
841
813
774
792
799
817
781
785
794
831
791
782
802
814
845
800
777
797
804
784
757
752
765
787
793
767
763
764
761
735
767
788
783
764
806
821
775
779
796
802
771
784
813
850
797
779
794
781
767
763
779
791
793
757
774
790
812
769
795
777
752
740
761
755
827
852
870
787
804
832
837
812
788
826
854
823
792
831
824
832
778
779
781
794
784
822
814
816
777
773
771
776
771
804
826
832
794
784
787
746
729
729
733
752
740
738
724
711
735
772
767
808
823
872
792
763
781
798
827
759
755
781
874
882
821
794
791
828
855
850
816
829
822
798
777
794
801
816
818
854
858
857
801
828
833
824
794
826
853
869
820
845
850
813
785
781
803
821
778
782
802
791
770
749
775
792
783
758
803
800
799
754
743
730
703
721
750
809
809
797
824
821
824
788
813
844
796
774
794
802
795
763
751
776
782
746
776
792
788
750
770
771
745
723
743
742
770
829
757
756
770
778
765
733
761
776
774
738
753
779
771
770
793
812
804
754
765
801
817
853
805
791
801
813
825
782
775
792
825
820
767
773
801
824
790
768
801
805
790
764
777
756
739
773
750
796
822
828
777
782
805
827
839
792
789
825
887
865
839
806
817
835
819
803
802
776
749
775
766
788
810
854
837
789
793
799
798
763
771
783
756
744
740
768
802
808
826
813
752
761
768
771
745
761
777
801
777
747
733
727
761
797
780
751
766
784
764
745
751
766
793
820
795
776
803
831
832
848
835
795
776
750
736
709
704
681
675
675
674
700
764
721
726
714
785
815
827
814
770
759
776
801
846
837
772
774
781
784
810
809
765
751
754
769
775
754
741
747
745
734
729
768
744
754
777
785
785
752
753
761
767
768
744
761
788
802
813
790
799
779
741
733
737
740
732
728
777
752
800
848
862
804
830
806
833
833
781
734
730
714
742
774
885
839
860
872
814
809
790
776
745
730
739
746
743
731
736
744
780
775
768
787
805
816
773
792
802
827
822
820
786
805
818
856
845
852
813
827
858
888
865
835
874
860
873
861
809
804
808
784
768
793
811
829
822
778
793
802
781
754
742
758
743
760
800
806
766
807
828
823
793
782
771
817
843
761
804
824
858
798
778
795
812
838
799
852
854
854
836
795
826
842
837
782
776
791
796
794
771
780
757
730
745
746
729
759
811
771
760
779
860
865
802
788
808
807
806
773
782
809
859
856
798
830
807
800
773
757
766
741
768
764
798
750
760
763
740
730
742
749
720
721
715
725
744
728
723
721
722
712
712
711
708
698
683
655
650
647
662
683
680
696
690
701
715
704
661
666
673
694
695
705
710
716
714
710
716
685
680
696
711
726
708
678
684
694
700
709
723
726
740
711
710
721
719
708
700
710
714
727
721
726
732
746
752
745
738
732
716
684
708
716
709
710
710
721
724
737
748
756
750
745
706
702
704
724
736
703
714
727
743
723
705
696
701
688
677
716
722
689
720
720
715
701
705
721
727
727
713
716
719
715
712
712
737
747
745
753
755
763
757
751
700
692
664
670
695
719
740
742
760
770
726
707
701
720
719
684
695
704
708
700
722
743
752
748
724
721
724
734
741
726
710
710
726
726
713
693
705
695
684
686
688
697
713
719
718
722
713
696
670
694
691
720
725
728
712
708
741
756
773
778
778
762
729
732
745
757
747
747
750
765
753
756
752
735
742
749
710
747
720
727
731
753
771
789
788
770
754
719
715
718
716
693
673
676
681
688
697
686
651
663
680
641
652
650
684
690
686
693
683
696
692
693
686
651
658
663
657
656
669
688
690
686
682
678
658
660
648
655
662
665
681
683
689
688
695
673
665
678
678
702
692
661
666
659
652
640
647
664
672
676
674
646
646
626
621
620
608
612
611
617
627
631
639
630
619
613
614
610
607
607
633
675
682
689
661
660
653
646
648
646
649
654
656
657
654
616
616
614
631
658
684
652
661
704
717
718
715
694
702
683
657
635
641
651
690
714
689
685
682
664
668
667
673
655
673
664
675
676
680
685
686
666
659
666
667
650
636
626
612
595
592
586
587
581
589
604
636
643
645
636
631
630
624
615
616
609
607
613
636
693
766
734
744
745
742
740
722
713
726
736
743
753
735
744
759
739
725
709
692
706
688
686
682
683
711
748
769
770
774
750
743
758
764
759
743
724
689
693
688
681
689
699
704
723
733
738
730
699
700
712
726
723
681
679
659
658
630
657
668
692
702
686
681
669
671
641
648
653
670
677
668
679
670
650
647
657
646
662
672
678
673
674
662
664
686
718
733
729
703
663
671
689
734
757
759
744
768
760
758
732
709
689
679
666
657
660
687
674
661
659
678
690
723
738
706
724
726
742
737
721
740
757
725
738
754
752
734
757
775
777
746
734
752
764
771
750
731
742
748
731
707
717
716
730
734
741
747
733
706
705
703
699
679
697
701
668
665
665
684
674
655
653
657
656
666
670
663
668
664
660
650
642
635
639
647
658
669
682
686
652
653
627
644
646
661
687
693
699
688
659
650
640
619
614
629
625
636
634
646
627
635
631
635
640
646
644
643
634
635
639
628
618
621
628
643
649
646
663
653
658
650
651
644
651
647
647
636
653
669
688
684
687
690
654
662
674
672
652
651
678
698
729
718
691
657
660
680
735
714
716
718
729
723
741
768
763
766
739
735
740
725
735
728
717
710
716
737
743
749
722
697
709
715
714
689
661
646
665
662
665
672
671
649
642
637
646
656
654
659
672
674
679
679
676
680
645
649
657
660
668
685
686
682
660
655
659
641
659
656
660
646
649
655
666
678
659
679
672
687
691
708
665
676
679
686
656
676
702
715
728
714
730
740
749
743
710
706
705
716
726
716
691
698
705
708
675
661
664
658
654
697
807
775
798
779
730
760
773
785
805
851
794
845
879
967
819
771
836
836
864
807
912
925
938
1021
873
819
863
855
951
1022
873
1086
943
894
850
885
875
924
923
851
883
925
902
870
896
914
867
845
882
904
874
862
869
938
913
858
887
864
842
809
848
863
885
862
882
862
812
831
786
768
786
821
866
883
907
901
894
867
818
823
854
919
990
923
881
897
872
817
838
880
887
914
885
858
888
897
819
798
781
752
780
815
855
842
840
869
892
909
847
864
886
921
976
923
869
896
946
892
914
905
822
825
854
796
841
891
916
930
821
851
858
842
807
850
868
881
825
806
829
821
796
810
793
779
751
777
803
816
771
800
804
829
808
777
755
807
871
873
829
812
833
841
806
768
798
799
828
833
804
812
800
781
771
801
836
813
805
780
755
760
785
771
803
795
810
874
893
873
882
816
839
834
853
835
830
804
813
827
843
868
835
823
824
787
803
784
756
732
708
686
665
649
679
692
709
748
761
779
745
747
756
784
803
785
775
742
745
747
784
737
726
711
724
709
716
713
741
748
758
764
745
777
810
809
807
750
753
767
814
843
784
811
837
848
835
798
803
830
832
798
809
820
811
809
832
873
869
849
900
902
892
854
843
840
836
797
818
878
873
842
845
856
807
773
785
842
795
778
769
756
745
748
827
933
928
961
844
863
830
816
835
880
892
851
882
928
938
904
856
838
834
863
848
881
886
877
806
823
836
856
877
845
849
801
781
761
769
771
737
791
807
897
762
783
790
836
797
758
729
767
892
872
864
788
796
813
835
864
813
802
809
822
844
729
780
809
843
827
794
825
855
858
817
813
828
836
816
809
808
791
761
770
792
797
830
864
896
850
835
790
795
809
776
783
800
834
857
802
811
832
820
782
797
844
861
840
793
801
795
782
752
729
727
733
709
742
794
804
775
821
806
789
761
744
775
764
796
842
890
843
846
872
833
788
792
797
783
752
750
753
761
793
817
812
803
785
782
773
741
742
747
765
785
800
771
764
782
800
828
862
871
888
801
793
813
832
856
884
877
866
831
808
814
870
923
978
980
891
860
972
961
957
925
887
874
875
868
866
890
903
845
791
773
789
785
792
761
745
716
695
694
700
675
689
674
666
666
674
688
674
679
709
752
821
798
756
723
746
762
817
864
963
1075
1016
978
941
913
885
869
901
873
818
806
840
822
843
866
882
923
938
970
881
884
881
896
957
922
906
938
985
994
948
903
885
848
801
798
811
848
842
808
805
786
785
792
864
792
765
812
798
824
856
817
812
811
805
771
750
790
790
785
806
820
849
768
765
738
733
723
718
814
807
831
939
966
954
837
851
916
887
941
982
953
944
922
906
903
878
907
940
930
866
898
831
813
858
847
799
788
785
778
759
724
711
724
742
723
739
770
821
846
811
986
893
874
809
798
749
735
709
695
682
680
671
670
663
663
658
648
652
665
686
677
695
710
710
719
713
717
736
754
752
734
739
718
716
714