746
705
712
727
720
723
713
709
713
707
697
690
689
683
677
674
664
630
609
609
655
720
809
781
702
680
710
777
745
785
727
708
694
681
710
718
688
685
673
646
668
648
643
654
669
641
648
644
650
692
684
664
653
650
676
701
696
736
747
717
760
843
782
739
797
798
771
784
801
801
780
740
775
739
740
777
783
748
822
810
800
795
834
815
765
811
769
755
796
788
750
746
777
781
780
863
854
815
839
785
765
817
796
866
876
829
883
871
804
869
852
856
886
908
841
898
886
828
828
846
826
812
868
805
779
808
819
887
879
891
820
794
822
806
780
854
872
849
925
946
903
931
926
847
833
817
745
726
703
694
676
688
677
672
688
696
713
731
696
688
685
673
675
652
677
678
710
686
643
654
675
698
668
688
688
673
657
667
643
635
640
639
670
675
650
637
642
629
640
623
626
632
633
626
627
626
628
620
611
612
625
642
642
624
629
638
650
631
622
616
611
600
596
595
601
614
612
624
665
662
714
725
740
730
737
736
705
674
644
648
643
624
637
648
651
695
714
748
728
731
760
771
757
765
738
741
767
790
762
777
753
751
704
722
686
674
701
700
728
715
743
752
730
757
765
750
758
732
707
716
736
729
696
698
679
673
700
738
759
806
789
775
766
774
763
756
737
718
751
718
754
754
767
721
771
781
745
761
798
822
786
856
885
847
809
838
838
776
838
814
770
784
793
813
827
858
839
765
802
774
750
758
776
738
731
771
719
752
732
730
725
701
700
687
678
668
647
641
630
648
699
694
710
702
659
672
685
703
692
710
681
655
681
713
729
744
691
730
735
765
742
736
723
748
746
755
744
696
713
732
831
744
797
760
720
714
736
759
767
778
768
774
800
820
806
832
844
796
809
825
827
770
816
800
838
836
813
759
784
777
746
709
805
758
781
794
818
779
824
789
802
818
827
811
845
853
790
818
801
754
798
850
821
836
855
825
866
854
795
839
831
781
816
814
758
754
769
743
763
775
778
773
749
740
697
723
703
713
697
768
829
891
906
886
841
855
857
791
830
805
809
770
823
817
803
842
838
861
897
911
885
793
823
791
788
754
801
802
819
815
830
793
807
772
810
787
790
764
742
720
675
667
651
675
711
731
661
652
668
672
707
772
706
703
699
770
874
807
761
793
758
729
709
687
727
733
746
793
774
831
847
803
830
840
779
803
787
811
828
822
768
699
691
675
728
816
833
826
802
823
827
848
834
814
843
862
829
845
853
880
896
871
802
838
854
871
872
884
788
808
802
765
780
751
714
749
746
771
799
829
798
846
861
880
790
829
813
771
820
832
807
806
856
853
811
883
869
861
854
830
777
769
773
789
776
826
855
812
831
761
742
774
735
788
759
821
780
820
798
754
772
766
764
747
813
790
846
846
815
836
856
868
799
845
842
814
795
759
795
795
799
799
826
832
772
815
816
805
803
801
757
745
731
712
710
688
662
646
672
661
697
695
700
700
688
672
654
642
647
676
740
778
791
824
856
866
906
918
934
872
898
843
836
794
759
767
746
754
771
756
736
726
731
695
691
682
685
702
696
702
691
694
688
684
671
661
634
648
634
661
679
694
702
688
691
688
669
665
655
641
679
706
702
730
734
743
780
792
791
778
758
744
744
748
748
761
791
776
747
757
794
788
856
851
829
863
821
865
832
828
821
843
855
870
813
845
825
864
838
828
885
907
848
886
849
855
913
889
904
929
879
884
914
873
890
817
833
825
827
858
864
841
794
777
753
778
771
803
790
828
839
796
820
837
802
814
857
811
837
850
861
851
819
809
782
765
718
734
732
736
700
747
756
771
771
793
737
771
771
779
738
755
797
789
809
810
818
831
840
855
868
831
894
895
862
889
836
878
873
805
878
850
873
859
866
848
805
827
813
807
844
847
824
884
837
838
828
803
807
834
809
851
849
817
848
850
834
817
845
824
815
806
784
796
816
813
823
854
825
807
815
816
772
788
773
779
777
804
810
795
767
758
723
745
706
679
729
803
805
814
782
779
769
783
777
770
805
863
881
854
880
884
876
848
862
875
833
867
859
880
860
854
868
828
851
822
792
861
830
796
802
766
760
755
793
791
792
779
815
767
786
796
805
794
826
802
843
809
864
833
839
820
798
806
790
781
800
777
770
735
751
720
695
714
712
698
691
712
734
770
779
792
746
742
753
766
770
782
797
797
864
836
798
807
798
773
780
760
768
757
760
729
702
688
681
686
703
726
761
777
771
806
811
798
776
727
720
734
749
794
843
807
817
837
798
810
821
814
802
782
772
759
747
735
704
718
702
739
754
780
766
833
882
880
889
866
843
823
806
789
782
777
738
795
832
970
861
882
868
848
843
821
829
861
814
774
805
826
828
835
814
862
865
872
870
819
895
896
880
896
833
874
884
854
882
893
872
877
909
835
835
828
784
744
739
719
683
692
707
758
682
671
661
649
659
663
704
904
855
845
858
806
767
747
759
748
767
755
759
756
754
749
766
776
753
786
792
802
865
857
819
819
857
854
837
884
902
847
865
850
790
762
734
718
771
881
883
813
775
820
790
798
813
797
775
771
778
794
790
775
799
811
801
784
822
810
771
751
741
743
769
758
782
831
810
792
804
783
780
774
743
762
761
731
733
729
704
716
695
711
708
693
704
700
694
679
670
657
646
633
625
616
620
600
609
600
635
684
692
724
720
682
700
705
729
751
741
736
685
703
685
689
685
689
681
684
675
671
671
668
663
643
641
641
621
623
627
658
711
645
692
734
731
738
740
729
718
694
653
659
657
674
667
701
689
718
773
752
771
786
779
772
749
761
742
760
782
783
798
801
789
799
797
761
775
802
835
796
791
859
869
816
872
896
873
902
925
948
931
904
920
861
888
910
891
944
946
905
981
950
931
842
805
776
789
795
775
789
808
771
780
774
785
776
765
800
804
771
794
840
899
829
897
893
899
823
862
866
843
814
845
805
781
814
812
827
850
870
870
834
876
889
903
879
922
879
874
930
960
890
895
897
858
822
894
831
867
892
868
823
871
876
904
891
937
906
876
937
894
906
936
933
865
926
910
874
862
890
902
852
938
916
864
930
895
889
939
899
878
911
918
888
876
920
885
849
879
805
783
809
790
854
866
824
881
890
888
820
899
924
930
864
919
946
944
890
955
938
896
903
911
915
859
902
936
936
894
947
958
917
858
904
913
896
915
920
925
873
821
852
882
911
879
915
924
853
917
922
883
913
904
847
878
870
826
843
851
848
804
880
868
825
839
873
834
878
904
918
886
900
884
925
873
895
896
831
830
854
885
944
887
885
889
923
904
859
883
892
821
884
884
836
860
873
881
829
871
842
784
766
755
771
846
889
844
798
858
869
855
836
852
852
852
839
842
833
827
780
756
720
685
658
675
692
710
699
723
772
830
799
808
849
866
870
863
856
859
852
827
777
760
786
812
915
926
925
892
887
881
874
871
836
853
843
837
897
901
856
896
874
807
842
840
828
783
815
805
783
773
804
808
854
873
811
843
856
883
832
866
884
831
848
886
891
844
939
929
879
929
930
857
871
877
891
834
893
863
874
858
829
876
881
907
849
868
878
852
834
854
856
824
848
850
858
828
853
864
851
804
835
825
826
809
821
801
779
758
759
780
796
836
839
819
876
886
866
836
869
909
896
842
868
896
922
867
852
825
791
781
783
809
818
875
907
919
910
901
897
850
853
876
861
823
879
886
849
904
895
865
871
858
818
810
799
848
832
829
788
786
821
801
841
854
862
823
859
871
825
865
880
880
857
895
896
853
894
897
882
870
856
810
820
834
830
774
801
795
842
860
871
826
857
854
863
838
864
883
870
858
886
912
864
879
896
862
883
922
931
924
848
890
896
922
897
868
856
878
889
854
892
885
909
868
887
896
888
840
891
903
877
845
881
884
842
854
856
853
813
845
856
849
799
794
800
776
763
791
774
790
807
829
798
804
809
813
784
790
806
835
809
830
849
864
822
868
877
859
824
859
851
830
816
828
842
812
854
893
894
833
845
813
791
816
805
793
806
785
777
782
761
764
775
791
765
799
786
763
783
777
772
745
759
749
744
721
722
719
729
758
802
781
782
787
756
770
747
737
748
737
723
725
732
772
788
792
765
786
797
807
769
802
805
776
797
809
791
813
811
789
848
815
803
808
833
818
813
795
780
752
723
721
698
715
773
760
725
853
867
885
837
887
893
890
864
859
853
801
833
842
867
872
864
876
833
833
875
869
806
808
821
800
826
796
820
798
819
857
865
860
875
885
834
870
861
854
848
875
896
875
894
890
865
856
845
875
851
846
834
796
833
857
849
886
898
842
893
876
818
874
881
828
821
829
815
787
769
771
753
793
804
762
798
767
732
769
800
753
786
816
870
832
890
858
829
849
854
851
814
834
817
785
805
813
835
813
870
896
871
884
908
886
859
908
926
871
877
910
930
919
948
939
875
831
872
876
871
939
942
905
925
935
896
896
898
875
861
879
892
864
932
910
857
892
886
844
885
896
874
891
896
860
854
869
887
832
887
933
969
899
929
924
851
878
854
813
845
857
867
880
897
863
886
907
908
860
897
857
837
835
794
758
766
799
789
806
860
839
812
858
885
851
856
870
839
814
822
792
769
786
758
750
737
706
733
742
758
772
782
745
714
695
675
708
742
752
763
735
735
744
736
729
736
729
729
738
765
748
779
799
792
780
795
805
796
775
795
799
798
784
811
812
819
854
872
845
887
848
813
780
824
839
813
858
892
848
892
921
867
875
912
910
848
914
937
852
844
841
877
785
817
828
833
777
748
727
667
691
675
663
663
651
653
662
662
656
655
656
651
647
655
648
670
687
689
717
704
772
792
878
785
836
872
923
868
896
818
853
828
822
781
846
821
916
849
808
823
820
836
816
794
824
793
772
747
759
761
741
780
780
814
830
820
855
876
841
811
829
843
826
833
856
836
779
808
802
807
784
826
836
815
785
812
813
793
757
751
730
750
820
812
809
842
850
846
806
841
853
853
818
846
836
788
875
887
866
843
892
868
852
883
887
837
876
890
829
818
821
851
781
800
766
759
813
795
844
843
821
822
856
857
817
855
862
875
790
847
865
875
812
833
828
790
771
801
779
795
813
839
837
809
838
837
843
807
857
909
902
832
856
850
853
865
923
883
829
859
871
890
832
845
836
832
777
796
797
869
822
852
861
824
839
852
832
772
789
767
769
765
727
775
837
782
811
836
861
829
851
799
771
768
773
759
809
887
888
828
879
885
848
787
828
831
836
815
840
836
776
761
758
775
870
938
986
971
931
867
814
771
737
744
753
750
873
857
898
851
881
867
878
858
819
847
854
823
799
767
797
824
803
846
879
911
930
867
867
855
825
796
816
857
884
873
911
916
894
847
891
891
857
826
868
882
891
801
841
782
744
744
732
779
811
815
790
831
852
828
801
831
849
861
812
809
866
882
920
896
896
883
856
805
777
781
795
784
824
791
760
711
711
710
748
794
821
781
828
829
840
790
792
799
806
808
796
835
846
814
833
849
873
842
809
818
827
840
791
815
837
807
775
772
805
789
797
800
812
793
773
794
806
808
802
838
858
807
815
822
808
779
790
804
812
755
783
770
771
746
774
771
749
750
775
764
784
802
804
772
803
827
804
774
806
823
849
810
837
844
837
789
821
835
846
804
833
837
850
800
828
819
820
790
811
813
804
824
812
802
782
810
820
820
811
828
843
838
826
836
831
796
817
816
792
772
792
813
792
783
793
793
764
762
742
723
723
732
727
705
722
735
707
715
679
666
673
667
689
703
690
719
770
722
742
768
803
774
807
821
806
770
801
803
808
781
813
818
832
843
791
817
829
865
782
826
799
806
779
828
867
810
817
812
788
786
813
838
821
805
830
792
779
771
760
736
714
688
684
701
715
734
702
767
819
822
802
850
877
867
819
871
887
813
801
814
803
813
896
890
925
903
878
860
883
867
783
740
752
708
707
711
757
723
790
760
732
709
744
791
819
793
814
879
928
947
904
984
1000
955
977
999
957
892
935
941
923
891
943
953
893
935
925
928
891
931
949
912
913
942
948
849
923
914
921
838
878
889
853
781
815
768
749
798
890
878
930
915
828
891
894
854
846
917
893
869
901
926
882
948
967
885
906
871
859
853
904
945
876
913
912
854
853
888
871
855
898
856
819
831
842
814
822
885
915
856
895
919
908
857
925
942
961
877
927
970
947
893
877
871
856
816
837
857
995
871
920
917
832
878
807
793
811
795
830
855
817
857
858
814
834
876
869
829
860
860
858
815
815
793
771
752
766
782
764
821
852
907
923
883
961
991
985
915
901
939
893
854
921
859
852
821
860
973
887
809
875
867
837
775
766
755
770
823
846
854
796
765
787
778
775
760
794
825
872
878
929
897
842
875
856
884
835
882
896
823
795
785
781
781
788
813
823
816
865
905
912
915
896
879
847
798
803
843
869
890
911
870
868
870
841
858
887
891
961
897
934
873
850
851
826
835
917
891
829
814
827
824
827
810
817
819
838
847
855
813
823
789
773
805
797
812
805
771
791
793
788
817
877
896
873
885
910
879
851
898
935
952
913
848
905
855
886
886
910
872
854
818
786
777
758
759
802
892
869
872
911
907
893
873
862
842
825
799
748
706
719
688
673
748
724
696
705
756
830
883
913
911
906
863
874
871
861
885
931
894
899
910
873
874
840
874
913
896
920
908
865
868
861
792
807
761
766
834
857
852
844
828
787
781
763
759
757
753
710
721
801
814
830
866
937
920
870
890
877
840
887
908
839
866
834
794
815
813
819
864
852
812
859
885
860
821
883
910
863
830
877
904
839
832
885
896
861
917
934
878
901
904
885
885
899
933
859
883
899
886
838
865
875
848
825
846
840
804
829
808
781
760
784
783
824
830
803
809
843
840
809
876
896
849
815
823
819
843
839
877
899
861
893
876
870
858
861
867
823
850
874
883
874
836
875
871
844
839
833
834
819
842
822
778
821
842
840
874
830
807
810
851
880
869
912
922
895
873
920
959
918
933
949
973
905
976
1011
974
949
998
1031
992
933
968
967
901
899
932
941
882
932
977
954
885
909
927
876
921
945
968
915
861
900
919
908
876
921
898
865
868
918
929
914
852
875
861
838
807
813
804
772
743
728
771
800
837
806
769
782
820
795
808
810
814
814
805
797
848
867
866
806
779
800
813
818
819
844
929
961
899
920
942
907
864
898
904
857
842
876
886
879
869
854
843
828
848
866
832
896
941
931
922
842
857
853
825
805
826
845
810
827
821
841
800
803
790
767
791
774
806
836
850
807
839
860
866
815
839
882
904
862
869
892
872
822
878
898
884
846
877
855
832
874
860
808
841
854
833
865
882
909
863
901
895
849
821
852
870
846
820
876
886
901
875
942
938
891
853
876
866
881
907
867
887
896
854
847
868
889
944
979
994
907
919
911
877
901
856
813
772
744
772
765
843
916
884
884
938
961
984
884
929
936
862
883
916
884
844
890
898
854
896
903
865
850
918
961
916
881
919
898
892
923
925
882
922
926
851
852
864
835
813
894
896
909
979
951
883
934
922
896
915
911
853
893
910
923
860
912
890
857
835
880
909
884
844
905
909
863
915
899
867
881
904
936
938
878
909
887
850
893
897
894
835
873
889
827
864
867
835
803
819
782
764
751
776
771
822
852
830
830
839
841
828
894
915
877
919
919
856
906
941
912
866
905
917
901
877
955
951
898
940
955
870
896
906
887
908
926
885
862
892
876
839
868
884
852
890
902
920
892
928
887
859
883
900
864
896
920
877
835
861
836
809
845
821
787
842
844
837
906
881
813
818
821
856
838
879
911
959
844
860
878
854
797
783
759
748
766
738
789
819
799
804
846
845
885
842
872
885
893
829
783
775
788
935
958
965
965
997
957
896
878
883
883
880
832
811
788
757
800
831
820
863
904
931
854
868
896
902
854
867
842
836
794
846
873
839
829
873
904
867
908
911
856
861
898
918
908
890
937
981
937
847
894
889
896
908
872
946
985
964
886
909
943
908
903
967
947
904
940
941
870
926
956
918
885
938
944
899
954
985
897
907
917
916
884
972
968
940
921
929
949
867
899
872
860
838
869
858
827
846
848
837
806
831
847
840
842
856
814
788
791
760
767
816
887
922
871
945
954
891
860
907
928
862
891
902
871
896
927
905
924
926
860
911
911
850
905
942
962
909
921
967
987
979
939
880
926
949
978
897
973
941
876
916
932
929
845
921
935
928
926
979
952
895
916
915
857
890
886
899
873
936
877
828
800
867
866
833
873
900
890
854
897
900
872
912
902
847
862
851
809
864
908
892
862
917
929
887
828
862
858
836
799
813
825
804
823
864
874
881
839
849
833
839
789
803
836
861
837
882
883
827
796
841
797
818
837
827
787
835
878
846
858
902
865
829
875
882
838
817
861
920
877
886
925
925
855
897
906
861
896
907
875
922
864
872
873
825
778
778
839
815
860
811
780
769
762
757
745
754
736
741
728
712
702
751
783
752
809
820
861
825
848
872
855
816
847
837
831
777
787
789
789
818
853
856
869
874
859
813
845
838
839
805
838
831
825
823
861
874
833
840
821
810
782
765
739
723
712
708
723
754
732
780
776
808
796
807
815
840
854
816
831
840
827
795
839
844
820
787
804
803
773
750
780
777
825
868
876
831
854
886
856
821
870
881
834
868
859
840
826
868
839
844
878
895
819
831
807
807
818
849
826
813
825
851
817
808
840
842
807
808
828
817
783
784
787
786
762
777
770
743
745
750
758
740
737
735
722
706
714
723
733
784
815
819
797
837
844
841
816
852
870
848
813
868
886
872
853
883
907
850
881
919
900
838
891
910
921
854
924
899
870
916
896
864
833
857
876
847
834
847
834
796
816
854
865
825
873
902
837
844
885
863
851
853
865
821
817
867
848
809
810
814
808
785
766
746
789
800
777
823
847
823
799
814
834
806
793
821
812
782
833
844
845
807
850
837
824
807
850
833
795
801
794
834
816
862
873
854
891
913
902
887
923
875
833
889
851
810
798
830
812
793
798
838
815
782
786
821
785
821
827
842
812
862
884
874
916
895
876
904
908
864
846
908
903
840
839
896
925
904
1004
997
895
875
895
901
839
911
939
853
931
958
896
913
921
848
830
863
878
836
886
870
846
865
898
880
851
888
859
839
854
886
841
840
859
825
817
852
872
822
856
872
867
834
862
837
795
804
838
851
833
830
861
865
824
792
784
777
769
742
815
839
849
864
889
851
874
883
875
795
835
831
828
771
814
817
827
803
832
841
847
798
818
827
854
828
882
875
882
907
952
909
868
903
890
854
847
871
891
870
881
918
887
844
866
872
839
865
847
824
780
749
748
770
777
739
737
717
718
699
767
761
780
774
786
790
822
819
814
790
784
796
824
847
854
829
863
892
859
771
766
752
774
761
750
733
716
714
717
703
679
682
694
678
692
715
728
744
748
762
790
807
816
797
797
761
733
750
776
766
809
824
823
785
806
807
812
792
834
867
857
831
848
846
832
842
849
833
805
784
807
830
833
878
844
791
796
792
772
801
794
769
753
731
701
702
672
675
715
708
720
728
743
719
693
688
680
683
688
687
696
703
707
705
681
683
689
696
702
688
666
653
646
648
636
653
669
677
686
684
681
686
657
652
644
632
629
635
633
626
609
603
602
602
600
590
591
591
598
598
603
584
588
595
619
630
630
626
615
615
624
645
670
688
671
664
646
639
632
630
621
618
605
603
643
678
646
658
670
724
702
704
695
683
688
709
702
705
702
701
665
671
650
665
682
741
739
720
722
735
758
749
743
732
717
689
708
676
644
631
619
614
601
598
604
601
615
610
608
620
644
666
648
673
684
716
696
715
653
653
634
623
612
594
593
586
602
621
625
624
639
629
627
614
609
633
646
647
647
630
623
643
678
657
688
666
670
642
637
629
662
686
714
687
700
684
659
652
638
629
620
609
625
639
643
618
595
611
629
668
664
625
613
638
640
661
683
684
657
664
691
711
707
707
697
680
665
665
662
652
655
663
677
699
672
641
642
658
690
719
751
732
744
727
714
704
661
660
648
651
683
745
716
761
751
738
730
720
716
689
684
660
659
662
670
686
710
721
716
676
679
687
682
659
670
697
699
677
698
676
693
678
670
656
658
691
685
687
720
739
762
729
729
719
738
747
709
732
705
727
726
728
735
725
728
714
694
697
678
686
716
750
742
771
732
702
697
684
696
716
747
739
711
685
700
706
750
738
742
719
743
717
731
728
737
729
747
749
757
762
752
720
708
735
763
771
804
808
743
706
712
727
771
731
724
715
721
722
724
719
727
714
722
720
726
718
696
692
687
706
720
691
695
705
717
722
677
673
674
688
718
727
742
762
757
758
767
766
770
758
754
795
801
807
748
756
784
784
791
783
787
799
739
728
725
711
770
752
786
787
768
771
772
737
748
754
780
807
804
730
722
723
735
758
776
773
785
766
754
742
725
729
703
692
716
746
760
768
757
729
771
797
740
749
754
758
729
707
709
719
750
815
802
812
836
837
829
793
804
824
818
820
813
796
810
806
798
792
784
749
735
706
710
712
716
771
771
753
720
711
693
718
751
772
791
766
766
734
714
702
690
721
741
716
704
686
706
702
730
750
767
734
711
700
701
707
720
730
734
755
697
700
692
674
705
735
725
725
712
716
727
724
730
725
694
702
718
739
749
747
765
760
711
712
713
741
772
771
771
712
703
692
696
713
720
740
769
739
743
698
696
700
730
749
779
782
773
755
743
731
690
692
706
730
752
769
769
759
724
718
718
759
783
771
723
764
780
794
779
740
757
750
761
761
777
764
748
775
781
814
786
808
800
790
774
776
801
746
758
788
802
769
746
801
802
838
843
842
820
810
778
737
713
692
688
742
817
865
861
813
753
746
757
757
771
781
793
788
783
779
782
771
749
738
728
736
701
690
671
661
668
666
698
734
774
760
790
781
762
745
741
713
703
676
688
705
721
724
728
730
727
693
685
669
680
690
701
710
720
719
690
694
699
711
709
677
672
663
660
667
685
671
635
684
691
729
708
668
660
694
766
697
723
718
717
680
681
704
726
760
749
768
756
747
730
718
718
716
710
710
669
657
630
624
642
661
697
715
732
700
658
676
686
698
694
686
682
667
658
658
644
640
614
620
617
620
633
629
637
625
621
634
637
636
619
617
633
654
671
685
705
694
685
667
645
636
649
664
687
683
686
677
675
672
643
646
648
647
614
618
627
637
619
620
638
660
687
697
708
703
706
686
689
678
676
655
656
665
740
844
796
813
829
789
764
785
799
808
806
742
701
786
774
821
834
802
854
813
806
816
800
812
789
840
817
775
804
816
780
826
837
795
824
809
778
746
776
806
780
817
829
781
828
833
780
779
789
813
792
822
787
769
734
707
724
719
784
816
793
768
826
851
813
829
851
835
813
797
757
726
772
770
820
856
842
813
846
835
800
826
847
856
793
856
896
877
817
844
840
809
851
854
840
839
816
854
831
808
817
778
740
788
776
862
834
794
817
847
809
797
839
838
770
786
854
829
873
891
868
876
879
813
819
777
735
741
735
768
801
853
837
820
854
819
764
750
783
777
758
723
719
729
806
929
918
902
805
769
809
768
784
759
775
795
855
839
879
857
831
807
842
812
830
854
892
860
877
862
806
834
845
816
885
867
846
852
854
833
821
849
869
826
874
832
830
856
858
804
776
735
708
706
732
726
738
778
774
737
715
750
735
725
813
908
950
882
938
953
866
902
914
925
893
888
790
754
694
661
639
618
621
609
611
619
612
627
636
648
645
657
669
709
714
726
697
705
754
784
746
756
783
979
913
911
896
847
794
720
760
742
723
746
694
706
872
811
825
852
866
843
826
877
901
893
852
865
870
880
862
847
809
850
868
919
859
846
840
812
769
729
734
771
803
874
856
851
859
856
775
813
817
772
756
753
768
791
843
813
752
774
734
720
751
773
777
778
789
751
739
738
734
703
728
729
764
772
780
745
722
733
732
712
680
710
771
800
763
727
732
719
739
751
755
745
725
720
706
692
686
680
689
688
670
652
649
649
661
669
696
702
714
706
696
681
672
665
658
648
651
649
625
642
650
654
646
644
696
715
727
710
702
715
694
645
646
633
636
624
608
635
666
682
674
681
668
664
649
653
618
623
630
662
681
694
688
647
641
644
664
675
703
698
710
712
690
645
644
643
656
661
686
685
671
663
666
688
690
686
664
663
678
688
683
681
673
674
662
634
635
630
655
685
687
712
719
722
725
697
670
659
678
719
719
720
699
698
700
713
731
742
726
719
695
691
688
659
673
728
780
707
699
696
692
787
777
732
680
728
808
758
770
787
786
785
791
784
750
741
719
693
726
738
790
826
831
869
854
824
873
903
822
868
908
883
930
938
920
901
924
896
832
873
883
886
854
888
870
835
879
877
814
875
843
797
827
838
797
830
818
765
774
760
755
734
734
781
820
824
839
758
761
771
816
820
824
854
887
860
855
847
791
749
762
816
896
889
835
879
867
808
818
844
865
878
866
858
851
818
809
786
793
781
786
770
773
770
778
746
733
686
737
750
810
817
821
764
771
780
758
756
748
752
779
783
772
762
761
766
767
776
735
722
759
802
823
825
830
818
798
754
753
780
810
832
854
793
787
794
817
814
808
840
835
790
759
825
873
853
906
931
860
896
886
789
780
775
846
894
907
906
858
850
863
857
844
816
823
797
806
806
804
788
777
785
769
796
882
818
847
870
871
902
899
870
850
801
800
762
799
918
898
943
913
896
955
979
861
861
857
834
798
785
772
793
797
808
840
854
817
834
842
862
837
824
758
749
955
896
850
899
937
914
855
892
934
892
859
909
939
959
865
848
926
969
984
890
898
904
868
848
873
882
817
834
867
865
865
858
791
769
813
790
817
841
838
832
860
889
842
810
840
858
798
819
828
776
741
734
747
780
834
829
849
907
902
836
813
790
817
899
852
809
801
834
824
881
932
899
844
888
907
957
929
869
885
910
870
863
913
909
847
938
993
963
884
906
879
808
804
839
815
837
843
836
800
780
766
802
793
773
758
801
871
854
814
814
815
815
807
782
808
844
885
858
893
915
923
896
857
803
772
827
850
834
856
886
881
859
907
910
898
846
866
878
901
857
870
890
911
901
879
928
928
927
856
872
874
914
872
876
891
896
844
829
862
907
931
835
861
901
888
872
840
883
870
839
850
881
877
830
836
859
837
793
807
774
764
815
781
823
842
871
820
864
875
887
830
891
897
859
830
813
830
854
908
837
808
816
836
855
867
865
848
871
856
828
853
857
872
918
863
898
898
908
865
874
898
904
854
843
886
906
844
851
845
795
752
771
766
815
844
812
781
825
844
850
813
875
882
860
859
870
896
890
875
910
903
839
883
891
917
851
870
913
896
837
897
898
836
861
880
886
842
904
901
841
811
848
849
866
817
856
874
864
795
789
817
817
810
795
766
725
730
745
793
833
803
780
837
889
850
853
870
885
841
902
907
899
838
856
854
837
861
927
917
914
949
903
860
882
848
798
833
851
840
808
791
777
776
777
746
723
729
784
855
831
845
842
845
847
880
870
817
843
835
794
769
786
764
777
792
830
816
803
838
861
814
782
763
738
729
749
876
882
844
786
734
773
782
737
774
805
829
851
780
830
817
887
879
837
879
848
820
788
735
826
828
790
877
882
896
865
824
875
892
897
842
888
907
918
854
823
866
862
880
820
872
887
852
862
889
883
832
869
837
788
765
789
805
842
822
859
895
903
859
898
893
884
838
880
901
891
839
912
911
872
890
887
858
836
847
938
947
977
1009
887
882
883
889
871
825
807
831
865
854
833
811
841
865
867
837
878
891
867
826
877
877
914
882
849
871
890
824
887
897
859
866
857
887
823
836
866
878
848
811
825
783
761
759
738
748
810
834
804
880
884
879
825
860
869
809
807
848
863
888
820
879
836
863
889
915
893
854
870
862
813
848
842
829
786
772
761
707
687
686
688
682
687
698
729
692
690
687
684
700
701
716
699
705
716
729
729
752
849
899
908
869
917
924
941
894
950
954
875
937
870
881
816
788
767
840
784
855
870
892
808
829
823
835
787
842
868
946
893
883
894
887
850
880
877
822
871
873
893
845
949
938
887
878
913
917
861
908
924
893
904
903
865
873
864
883
853
842
869
887
838
853
903
940
878
872
890
890
854
855
875
893
851
908
909
874
889
898
914
862
854
875
907
890
856
888
887
862
850
824
797
791
799
792
767
781
774
795
816
815
799
811
753
786
800
757
788
801
778
809
832
770
777
759
757
754
728
693
683
679
665
654
655
664
660
674
691
723
716
748
717
688
769
902
845
987
919
908
938
946
876
962
950
855
961
952
885
932
905
892
888
846
899
931
861
909
846
897
871
821
871
862
907
817
766
749
774
785
768
838
740
730
745
772
797
832
836
781
756
777
787
775
787
763
757
767
785
809
811
1591
788
797
804
833
876
908
973
962
900
954
956
988
913
925
915
943
862
924
919
898
907
918
950
865
880
910
940
843
894
898
859
878
856
801
781
838
812
813
862
881
875
885
905
846
859
861
874
822
894
898
859
857
909
953
926
838
889
873
873
859
881
887
864
876
883
856
816
852
838
857
855
907
886
828
778
818
788
805
813
826
831
802
848
857
894
810
870
873
879
843
879
907
911
891
919
938
893
880
882
862
812
862
882
873
862
890
895
872
837
874
892
865
820
861
845
832
836
852
895
822
832
854