523
527
521
514
509
504
500
502
509
502
501
501
494
490
495
490
491
491
489
489
497
500
498
495
497
504
503
500
502
491
510
508
518
524
535
530
525
531
535
554
556
556
551
540
545
548
549
553
550
540
554
548
546
542
542
552
544
542
543
542
543
553
565
574
566
565
587
591
581
571
572
583
621
617
608
591
586
577
569
586
583
578
577
588
632
685
640
678
708
681
677
697
724
669
656
663
658
639
655
678
721
669
684
690
800
683
712
730
706
672
687
726
672
690
698
840
712
709
697
801
685
687
696
923
751
733
695
674
675
634
667
647
641
655
736
701
688
683
811
757
693
692
780
727
690
692
788
737
693
696
733
891
734
694
665
736
704
672
662
724
716
696
672
661
780
720
706
702
793
760
684
664
655
710
687
703
766
858
777
757
763
820
806
718
717
742
744
692
701
710
725
697
709
845
773
747
754
770
744
732
740
782
726
722
779
746
728
736
792
734
693
672
694
729
790
739
717
731
714
686
659
644
640
687
721
691
706
757
831
743
788
805
912
763
749
716
729
711
680
689
750
900
795
763
750
730
686
669
647
653
635
634
643
644
657
695
732
707
715
730
746
704
705
725
739
695
694
710
762
703
708
710
751
704
698
682
692
666
659
656
654
661
711
693
672
666
673
697
666
676
673
769
728
688
696
704
735
680
684
684
725
695
675
677
696
695
663
668
680
690
667
675
661
688
657
649
646
674
688
668
661
673
723
703
674
671
670
708
684
666
668
676
700
671
667
658
671
681
656
646
652
661
742
762
770
729
694
686
695
773
778
749
707
699
717
758
710
728
764
770
713
722
723
767
698
705
725
765
720
717
711
719
695
686
676
695
701
670
669
668
680
680
654
661
659
669
657
639
634
627
633
637
661
659
647
662
672
707
679
683
704
726
715
687
690
705
734
708
698
718
749
824
714
714
702
727
719
684
696
705
720
778
786
744
710
680
666
663
693
728
804
844
773
736
713
697
675
646
629
612
602
610
610
607
616
630
657
645
647
645
647
631
627
644
666
667
647
642
653
659
648
650
643
634
629
621
616
607
601
594
590
591
581
593
584
621
687
696
695
678
650
650
633
646
658
652
658
673
696
709
695
696
677
660
637
626
623
622
625
631
621
650
692
699
709
704
712
697
688
685
656
660
649
669
699
673
679
703
743
775
751
740
738
721
727
692
679
688
733
784
774
751
768
771
741
739
754
837
762
762
774
733
714
710
852
849
748
712
729
726
750
766
774
731
746
785
888
762
797
813
824
770
845
860
863
852
901
896
828
810
847
847
804
862
857
833
802
852
856
824
805
831
818
770
807
793
800
754
798
783
779
743
784
776
811
764
809
801
794
801
750
787
767
729
730
751
741
756
735
782
789
814
772
795
792
787
745
782
764
734
755
762
786
807
781
799
811
781
750
746
739
715
804
809
804
806
768
720
706
710
729
692
690
700
708
711
685
718
736
761
734
717
765
782
831
744
757
766
781
721
737
747
774
773
718
732
737
739
705
722
733
791
732
727
752
761
706
709
708
741
719
688
690
712
716
685
682
680
703
689
670
663
673
682
687
657
653
659
669
675
655
655
677
664
649
638
636
636
628
618
620
608
607
613
617
618
616
619
618
617
617
612
606
605
605
604
594
601
604
615
626
613
599
607
615
637
647
651
636
635
624
619
619
622
622
633
647
707
719
692
698
701
694
672
689
681
688
657
674
688
705
698
681
708
712
735
716
704
719
737
726
699
708
707
698
674
687
696
716
691
694
723
720
697
714
715
729
727
702
715
712
702
697
721
696
710
725
733
736
725
700
685
702
703
699
671
684
687
742
710
700
725
725
698
702
718
736
692
699
701
719
680
684
692
701
688
693
673
663
656
658
657
651
641
628
618
614
606
609
622
729
697
720
690
684
680
679
673
706
687
672
671
668
654
658
665
690
648
652
645
649
659
748
755
801
806
807
779
760
721
700
668
665
682
685
698
719
702
724
720
719
734
708
700
725
747
755
724
756
773
750
731
730
744
751
706
745
732
714
721
727
709
694
693
696
709
685
695
713
697
683
688
694
695
682
681
664
654
660
663
660
670
698
678
675
697
743
738
741
758
743
747
768
779
751
759
759
739
706
719
729
730
687
704
713
706
710
687
702
674
682
676
663
648
672
666
674
685
722
670
681
693
730
690
693
704
724
682
690
703
735
720
690
715
739
726
695
716
725
740
729
707
727
740
713
699
724
746
727
757
765
756
729
754
771
720
710
719
745
703
706
726
761
721
744
735
746
712
735
731
689
691
688
683
705
741
706
695
702
703
683
687
712
712
709
695
666
663
672
663
643
647
663
692
706
717
696
693
710
709
680
693
732
743
740
726
714
688
697
732
767
715
741
729
682
697
720
748
719
722
725
742
728
690
702
727
756
724
738
763
794
764
772
761
749
726
700
670
659
620
622
610
604
599
604
605
598
595
596
594
597
597
601
619
616
619
615
603
604
603
602
603
596
590
589
606
618
645
695
687
652
693
734
739
685
758
754
710
682
745
750
685
744
763
743
736
714
695
696
739
766
726
775
826
824
771
803
797
750
764
763
748
738
722
686
688
657
659
678
667
670
673
714
767
823
809
816
757
726
698
692
798
849
852
852
809
812
788
766
750
737
726
710
706
721
734
760
786
776
786
793
805
784
786
790
786
815
846
815
841
841
807
836
834
833
822
775
787
791
799
807
776
794
772
750
729
736
756
809
834
855
773
762
723
718
729
741
752
748
724
738
739
730
723
721
721
720
712
691
721
688
675
665
656
658
662
679
656
710
709
696
674
698
688
726
730
748
728
715
711
707
682
680
673
678
683
730
734
729
719
725
713
691
662
645
650
647
655
665
694
688
666
740
744
740
763
743
714
695
685
659
665
668
704
757
735
711
710
727
720
740
762
775
778
747
763
762
765
742
753
755
728
729
724
715
698
694
666
664
649
644
649
657
643
652
661
670
689
723
737
699
699
706
719
704
705
726
776
746
752
755
762
732
749
754
796
750
735
736
760
759
715
733
762
759
725
746
729
713
686
672
665
667
695
685
688
675
662
665
665
642
647
651
659
657
670
714
764
742
726
761
769
770
727
743
739
723
706
763
729
723
694
809
796
813
778
796
795
789
762
802
819
838
793
839
842
816
772
789
779
769
760
771
803
784
777
799
819
780
807
805
779
771
786
780
747
761
747
760
786
782
767
777
779
773
772
750
763
771
748
757
764
771
753
783
789
773
763
775
774
761
742
753
737
715
696
704
703
729
759
755
719
751
795
791
742
756
772
770
734
743
779
752
754
763
826
771
758
753
721
710
711
699
685
726
730
769
781
879
797
848
802
737
754
771
789
784
826
876
829
813
864
812
736
758
759
845
778
819
819
786
798
798
786
736
740
736
713
722
728
751
726
717
733
766
749
745
767
736
729
704
716
689
666
667
653
655
659
657
651
648
641
633
625
618
616
615
619
635
651
652
657
658
681
670
806
762
767
784
775
817
805
778
803
797
792
830
803
773
809
833
817
789
829
794
784
808
801
768
803
798
765
780
780
767
749
771
785
782
789
808
786
770
785
793
773
751
771
778
771
771
788
811
789
790
812
818
771
794
780
776
759
770
791
765
786
796
791
762
792
802
807
803
827
825
807
788
773
758
762
777
760
764
794
825
797
832
852
827
827
817
794
769
791
778
785
781
779
777
749
755
731
710
735
779
832
787
748
763
783
750
747
752
737
756
752
728
741
736
740
717
721
715
701
706
716
769
791
798
793
772
744
763
807
787
743
780
789
769
771
824
788
847
827
778
791
752
700
712
713
717
710
706
711
690
684
688
698
683
689
706
749
722
692
668
661
650
639
637
640
644
682
739
723
724
680
698
757
751
756
739
741
734
760
775
771
785
747
745
717
714
701
692
673
672
684
708
746
754
774
759
706
694
696
710
712
715
707
659
651
656
654
662
684
689
689
666
658
650
659
679
668
697
727
743
764
766
749
743
723
713
687
670
683
652
645
643
637
643
658
688
736
724
729
715
701
676
667
656
662
659
662
663
653
667
690
759
732
766
733
715
737
704
727
730
696
710
702
740
725
720
734
744
742
716
707
699
689
681
676
667
645
636
625
627
624
631
645
690
686
695
704
671
691
701
710
731
748
759
745
750
754
738
756
754
755
752
777
812
834
810
769
746
699
725
695
727
809
773
792
815
818
850
806
852
901
898
854
870
843
868
859
792
751
765
794
844
806
841
870
870
841
866
901
827
793
795
774
765
758
797
823
802
828
823
800
817
817
771
774
778
791
755
753
764
766
737
739
755
770
765
745
771
773
743
777
796
807
791
786
764
757
726
701
649
656
649
684
786
735
745
764
725
699
696
747
757
811
763
862
854
794
796
797
756
718
691
683
690
806
896
865
764
789
854
762
832
842
821
776
798
807
788
764
799
818
807
780
831
846
868
795
843
866
815
843
871
805
798
805
831
781
808
770
835
803
790
812
870
807
821
878
852
877
895
876
825
854
864
846
834
844
832
799
813
798
765
787
768
812
838
852
837
811
780
760
722
696
697
739
728
807
729
755
707
702
686
703
735
762
723
706
753
780
721
751
782
770
745
774
788
747
746
777
836
787
722
750
731
759
779
758
758
762
769
730
768
854
887
798
790
750
718
787
773
775
806
874
788
812
797
771
750
801
767
756
766
862
865
777
819
809
803
775
766
759
721
707
703
699
718
729
692
715
734
773
777
763
739
777
802
806
771
798
804
782
750
755
743
739
749
750
754
748
786
849
827
850
812
774
757
741
742
693
677
663
643
646
628
613
608
604
604
606
607
615
607
604
604
613
618
633
626
638
643
663
657
649
661
672
669
662
653
672
666
672
711
789
828
779
805
842
870
815
807
852
866
861
897
903
821
848
880
873
823
866
888
852
859
890
888
830
862
861
810
803
836
862
862
847
894
900
831
865
893
872
817
834
823
795
750
742
758
774
788
769
808
850
820
820
847
869
847
799
824
832
847
840
805
819
803
778
759
756
799
804
828
841
847
818
814
820
832
841
818
797
780
794
778
800
831
889
912
872
869
879
854
831
861
856
851
826
864
880
860
883
834
805
805
817
863
858
795
812
810
784
765
779
777
756
782
762
744
730
753
735
764
782
782
766
799
819
812
875
896
872
786
756
757
750
734
735
832
808
782
778
813
793
791
762
797
861
829
831
831
858
823
789
805
810
782
754
741
743
733
772
816
780
762
788
798
806
767
793
804
803
787
778
791
788
770
745
739
726
746
725
734
739
719
729
732
705
676
668
701
758
774
787
764
810
833
840
805
839
852
889
852
846
875
910
895
873
908
930
858
899
887
883
836
873
885
890
839
837
885
854
838
865
851
804
818
811
803
806
811
809
786
808
813
854
795
833
823
807
801
768
776
792
801
780
820
825
808
780
797
781
759
760
771
756
786
781
794
772
794
796
778
776
785
770
758
764
758
742
751
753
738
739
758
765
750
757
761
741
748
737
767
771
771
755
771
770
764
725
723
718
717
700
720
761
808
784
797
767
722
749
747
767
767
746
760
757
747
767
783
798
779
776
796
780
767
780
771
781
788
752
744
755
758
725
712
695
720
752
776
740
769
813
786
792
781
739
754
752
750
719
719
688
664
654
655
640
651
669
687
691
712
748
764
775
747
776
813
832
758
795
791
787
777
780
762
747
764
796
809
753
766
767
758
765
779
753
792
772
736
713
735
708
739
751
771
740
773
812
799
814
774
794
771
735
712
716
722
695
766
766
784
800
807
784
805
822
844
822
866
901
854
805
773
808
827
816
824
857
827
817
809
785
751
748
760
820
904
836
919
967
916
879
890
885
836
854
861
915
888
848
854
870
902
900
897
943
944
938
906
883
916
910
874
881
915
929
877
871
814
804
803
821
749
759
757
739
759
765
748
718
709
757
743
730
709
719
747
795
793
779
779
778
803
791
771
785
786
785
761
753
718
742
775
759
766
781
769
755
773
784
779
758
775
778
783
754
775
804
805
786
817
822
827
804
773
782
787
783
752
747
770
803
832
845
834
813
777
777
792
797
777
775
761
774
839
819
874
873
834
851
860
812
793
790
837
884
926
936
921
909
893
875
866
850
800
822
816
810
821
833
823
787
795
818
835
843
825
823
814
775
760
745
742
748
767
771
789
792
789
789
778
773
808
844
844
834
829
813
840
851
835
817
778
768
764
764
773
793
792
783
758
746
760
758
771
823
887
925
897
854
867
874
820
853
865
908
882
908
938
907
838
835
831
856
883
861
905
920
948
901
901
883
825
841
850
895
828
884
895
868
822
857
863
847
810
851
870
913
889
895
826
831
836
823
811
822
823
803
802
806
788
751
746
716
692
697
690
674
680
679
679
657
641
636
634
651
702
796
761
730
693
707
769
772
766
763
784
816
789
798
772
740
760
754
782
800
759
751
781
812
782
766
756
731
705
688
689
687
698
709
699
704
696
681
664
652
650
650
657
692
751
796
791
793
913
903
877
915
935
897
849
892
877
849
846
867
902
857
901
907
932
853
858
897
955
885
932
959
905
860
876
875
892
852
799
827
843
911
938
926
885
841
854
849
843
812
801
819
835
865
879
852
894
894
888
844
830
835
839
868
853
863
869
880
878
840
848
867
876
830
860
853
836
804
833
822
812
783
773
786
804
842
840
793
799
821
869
861
846
884
904
872
857
875
868
828
859
840
884
884
821
824
858
848
832
839
864
847
814
836
852
837
842
896
935
872
893
902
835
846
829
812
776
801
813
839
803
821
841
822
783
803
796
784
757
730
738
748
721
735
746
732
763
803
824
775
806
843
835
805
841
840
844
803
832
845
843
815
842
849
828
807
837
849
835
805
819
827
829
800
827
837
843
811
820
828
824
803
821
827
808
829
839
837
792
804
790
766
761
764
767
784
809
772
784
814
829
791
805
810
806
757
732
752
792
774
766
789
782
745
760
749
755
734
736
755
779
730
711
702
703
711
772
790
779
738
735
763
760
737
756
753
753
744
737
718
729
748
754
744
765
772
802
816
797
810
814
822
810
804
825
830
790
807
805
827
792
828
833
828
787
809
795
783
757
746
759
775
826
864
829
868
877
867
848
878
860
821
839
866
880
825
863
877
875
830
860
879
848
822
856
873
856
827
856
867
884
843
876
878
859
833
853
855
847
838
878
893
853
868
865
870
825
830
838
854
848
811
825
801
812
835
843
811
835
843
834
808
825
818
778
791
785
777
781
806
822
836
811
828
850
855
827
804
820
810
776
790
749
717
786
745
771
788
808
778
808
823
804
746
783
806
782
796
836
858
804
823
845
810
800
839
856
802
770
782
820
796
788
841
877
883
834
823
834
834
769
778
794
866
807
904
879
870
840
882
883
870
839
862
858
822
847
854
807
844
855
823
846
840
834
794
810
828
821
777
795
798
800
769
802
804
787
758
763
752
721
698
694
682
672
674
688
777
869
868
851
851
830
785
761
747
712
692
708
729
755
769
745
805
842
873
851
800
857
857
848
858
832
881
913
907
890
838
859
846
832
802
828
833
878
843
837
830
830
799
781
766
775
801
785
784
786
771
735
727
725
729
714
731
801
777
812
812
789
762
791
801
763
775
790
806
758
778
821
823
790
780
776
757
791
791
772
807
807
828
786
804
808
789
777
791
791
766
755
766
771
754
762
772
767
747
729
728
702
718
730
757
729
751
760
782
719
744
777
825
756
809
815
796
748
773
779
785
808
743
762
772
774
781
795
791
772
831
786
756
773
776
815
784
823
840
829
803
809
811
767
758
767
779
775
823
795
825
786
813
794
777
747
750
739
699
679
700
700
713
735
745
713
732
776
782
752
800
794
771
795
825
797
762
789
797
763
743
806
823
794
749
796
789
747
770
786
793
753
844
826
793
765
804
861
840
817
786
740
710
673
679
677
668
659
668
706
698
702
727
766
807
790
771
808
824
846
811
835
842
838
838
835
825
802
808
801
767
753
734
703
729
790
777
730
727
779
745
771
757
756
765
721
730
715
717
730
763
790
849
856
861
840
825
843
830
841
866
871
838
878
881
825
845
850
844
828
887
906
851
868
867
847
798
816
834
827
807
834
846
804
831
848
822
827
846
817
802
835
867
825
841
850
840
789
805
806
819
807
831
844
817
800
837
851
819
815
839
853
841
785
799
804
808
778
809
818
840
794
821
813
790
755
768
755
766
787
787
764
784
800
817
760
819
802
763
766
773
826
796
870
851
837
807
822
820
781
785
799
821
791
819
824
827
789
818
826
837
806
806
801
757
740
735
741
736
688
682
709
760
768
732
775
779
761
739
703
695
691
737
730
733
718
694
711
689
679
699
710
708
682
693
691
691
684
668
688
708
711
715
685
671
691
722
755
725
768
771
779
765
750
769
769
777
760
770
783
802
781
769
785
788
772
756
788
803
811
783
757
729
735
715
693
703
725
729
771
779
748
778
782
776
761
771
772
759
740
764
785
769
801
826
847
807
838
843
821
817
833
834
803
808
814
790
769
787
804
763
755
762
766
762
789
792
797
761
793
817
787
758
773
768
759
747
775
783
769
744
755
756
742
725
729
692
683
712
699
692
729
771
758
789
804
790
735
720
707
693
677
690
726
721
738
733
725
706
680
654
659
663
660
670
656
653
647
650
651
648
633
631
650
654
648
644
669
662
656
655
663
686
695
698
695
688
686
656
656
652
673
670
659
639
665
642
637
638
643
650
649
654
661
665
666
664
654
658
670
667
674
664
659
651
640
633
626
617
623
619
613
609
644
663
664
667
670
667
642
643
655
666
657
655
642
670
667
673
672
684
688
686
688
679
665
657
634
627
631
652
675
653
646
661
678
683
687
687
681
667
654
662
652
636
645
657
669
662
672
671
666
656
629
632
622
609
610
644
660
666
678
682
685
688
682
669
643
632
639
670
674
684
688
693
688
693
665
664
666
682
693
693
673
665
653
674
686
693
707
715
708
716
711
705
699
692
706
695
701
694
691
704
726
732
697
681
669
670
720
729
737
735
748
738
724
711
704
688
694
693
729
758
740
741
738
767
772
782
766
751
744
731
694
696
701
717
747
776
769
733
715
700
714
714
682
687
718
736
740
733
714
702
681
664
666
670
678
689
690
691
684
675
672
645
640
660
682
688
690
692
690
675
657
646
672
697
704
719
722
728
719
729
716
692
717
725
729
749
763
734
733
730
737
746
739
743
739
734
731
725
687
682
697
748
751
738
782
822
815
801
832
832
811
838
822
778
795
820
845
793
803
782
757
766
799
769
808
824
821
820
811
791
810
810
740
754
774
819
830
816
781
729
713
699
697
737
817
790
788
810
810
782
746
707
684
693
707
715
747
769
792
766
789
764
686
709
692
701
702
693
680
667
661
648
637
625
615
617
618
615
625
646
671
691
684
656
693
672
685
789
723
765
762
809
816
760
725
723
716
714
700
691
684
692
722
784
838
807
756
769
781
775
784
824
868
854
763
727
760
915
818
822
819
876
868
874
851
827
793
758
750
752
794
843
833
824
862
853
839
854
888
859
854
873
895
825
782
787
799
776
791
819
804
803
801
863
906
912
840
863
864
828
846