806
830
809
785
805
813
815
795
812
806
796
732
722
705
679
673
652
649
633
628
643
646
650
617
627
617
619
635
636
630
662
661
658
690
699
681
666
656
671
688
662
643
630
617
607
599
588
583
587
584
604
644
626
621
621
633
633
642
634
650
655
645
631
627
624
624
638
659
642
618
625
640
668
659
716
698
697
698
733
678
690
686
670
652
655
652
632
662
688
662
675
704
683
684
702
736
694
688
706
716
674
656
647
648
656
711
758
712
804
805
775
808
800
751
768
782
760
762
790
751
728
755
782
797
771
735
782
790
807
820
781
788
817
824
869
870
813
828
859
829
848
882
837
831
850
816
849
834
854
853
789
814
828
808
801
766
798
787
837
873
813
837
851
871
801
801
843
813
827
824
803
785
774
750
756
780
821
783
847
853
833
832
789
800
773
734
732
734
768
759
749
723
749
795
796
881
804
803
832
814
799
825
796
839
851
840
828
801
825
835
797
840
852
869
889
842
873
879
894
844
830
856
886
891
854
835
840
815
792
827
842
870
897
903
854
822
843
847
768
790
800
794
813
857
820
891
862
877
847
888
888
828
833
795
777
824
806
821
868
882
848
884
906
875
883
888
906
831
869
879
836
908
938
886
879
851
849
848
860
874
862
813
786
811
814
786
784
772
766
787
869
773
807
785
832
853
836
779
778
780
765
813
789
758
777
810
776
802
813
807
828
815
802
760
725
723
751
793
846
843
832
812
756
774
786
771
753
761
771
785
790
797
753
747
764
784
880
787
781
813
838
823
762
783
792
756
774
807
838
803
876
938
818
850
828
838
849
787
791
792
801
758
719
738
713
691
681
781
772
787
757
778
761
837
876
812
761
779
789
776
730
731
748
770
778
796
797
777
833
773
799
793
840
831
764
769
775
734
708
721
832
847
796
796
723
739
742
725
712
701
702
695
681
688
712
753
703
690
706
717
712
694
703
718
714
690
701
717
691
695
687
664
639
618
617
619
630
627
632
644
658
665
644
636
639
654
677
707
709
677
664
649
642
645
632
643
639
649
671
645
641
624
620
622
622
621
621
621
623
630
626
628
626
625
623
618
616
601
602
594
589
592
604
601
608
598
596
594
594
593
603
602
596
596
597
590
593
599
597
604
611
612
618
613
607
608
607
605
610
619
614
620
631
645
658
671
666
668
669
659
656
655
647
655
635
633
629
644
642
648
654
645
646
661
658
642
640
647
659
659
681
663
645
660
675
671
652
654
670
676
652
648
645
636
628
626
616
610
604
604
598
605
606
610
614
606
610
604
604
601
590
588
590
593
604
625
623
634
629
627
616
614
623
640
646
652
658
676
663
659
659
668
664
646
645
640
646
652
666
662
661
660
648
654
646
651
662
650
652
657
666
668
676
678
688
684
686
685
688
674
661
642
633
629
640
646
645
646
645
640
636
635
634
632
630
626
621
607
615
611
621
633
646
656
663
658
655
633
638
635
639
633
644
657
662
657
642
635
634
632
633
650
654
653
654
658
656
652
654
654
648
646
639
627
630
633
617
615
620
626
637
652
652
655
657
656
656
653
651
651
645
633
627
615
619
637
645
643
648
647
650
659
653
631
634
630
638
623
632
638
638
636
628
623
624
622
622
609
615
604
616
642
665
649
636
644
656
664
659
670
657
663
661
659
639
636
634
643
650
646
658
668
655
632
647
646
652
651
655
654
657
630
638
614
624
637
650
646
648
651
646
644
637
620
611
610
616
634
639
640
647
636
621
634
640
646
647
651
647
644
628
620
623
636
661
685
687
688
690
698
700
710
710
719
706
703
697
688
692
673
666
649
660
676
676
654
646
637
637
661
678
679
674
667
658
668
678
681
681
696
682
664
650
656
668
681
689
690
692
684
672
657
665
670
687
692
699
690
677
691
712
719
722
719
720
727
716
685
688
685
717
725
738
729
688
684
667
653
651
685
680
683
700
696
688
704
706
725
700
705
685
679
670
669
653
651
641
665
688
684
702
684
681
679
681
661
696
718
701
719
707
666
669
661
667
678
684
686
684
653
649
665
674
677
659
646
655
660
662
662
661
650
635
622
617
627
636
642
647
652
658
659
665
651
645
627
624
620
630
642
654
658
638
640
639
644
655
659
663
650
634
629
642
656
675
704
699
685
674
682
691
695
690
692
690
693
688
688
692
688
662
674
674
663
682
682
680
687
700
698
703
697
711
712
706
706
705
684
702
693
692
693
700
662
661
674
676
696
691
690
693
691
696
693
696
698
701
684
686
688
688
686
692
698
702
671
665
674
679
684
704
701
707
707
722
729
729
723
729
723
721
713
701
705
693
698
691
692
679
653
637
659
695
712
735
732
750
748
734
737
730
690
684
687
682
680
673
688
708
712
719
722
721
724
726
720
716
702
692
694
681
675
663
677
672
684
653
670
668
660
647
645
663
689
712
732
729
730
720
720
709
707
705
697
715
708
710
694
699
699
704
698
764
774
767
826
821
785
812
758
734
739
761
725
698
724
753
817
857
821
841
853
836
770
813
766
792
816
822
789
826
832
806
822
803
845
780
741
764
803
804
824
813
785
734
739
751
732
739
778
752
757
800
821
770
766
800
751
790
853
862
834
799
827
754
777
850
835
821
797
792
742
751
749
771
770
787
818
804
819
784
766
744
737
711
704
702
701
727
729
746
728
731
710
703
688
681
680
668
670
657
679
682
701
757
763
765
753
742
731
712
692
665
658
662
677
643
651
654
691
717
716
729
729
712
719
700
688
664
674
659
684
721
725
746
738
760
732
717
711
711
727
700
675
688
696
697
747
783
749
772
765
718
728
733
726
757
774
725
740
771
740
726
744
771
766
753
752
768
747
735
731
685
694
687
718
759
771
778
704
705
704
724
743
739
732
745
738
729
732
720
708
712
697
688
684
678
669
655
664
641
652
661
646
674
699
697
718
716
722
729
723
706
686
676
654
664
673
690
689
692
700
689
686
659
646
641
645
661
661
672
672
672
675
681
668
673
666
663
632
628
626
635
656
664
678
677
681
664
669
677
681
680
675
675
643
634
629
636
640
661
659
653
667
658
633
630
620
625
639
648
667
672
685
723
711
710
697
687
667
643
637
641
646
651
651
630
627
637
644
678
706
714
707
715
707
688
653
646
638
653
675
670
687
702
726
742
691
710
689
723
718
711
720
726
723
731
728
723
717
716
716
708
716
690
711
700
711
716
704
713
713
719
716
714
714
714
722
684
698
694
702
696
694
697
701
670
688
679
689
693
692
701
706
706
709
675
691
661
653
645
643
648
651
643
645
641
643
655
627
619
617
626
627
637
642
655
651
645
632
650
665
680
679
657
644
656
665
671
653
633
621
618
609
614
623
630
648
649
650
636
630
622
627
629
635
631
632
629
640
637
637
641
636
640
643
625
605
600
600
604
620
631
642
646
667
677
682
646
649
646
681
665
636
646
666
685
686
651
654
653
650
654
672
664
678
677
683
687
698
704
700
701
703
692
679
679
681
684
687
683
688
661
672
675
681
688
692
694
703
706
705
701
698
680
689
694
706
701
711
703
708
717
711
667
680
683
675
688
692
693
685
680
682
692
689
688
684
688
690
679
677
691
695
703
710
707
710
691
662
648
657
665
685
727
725
747
752
743
733
714
691
692
708
739
743
746
737
719
725
721
717
679
674
684
664
661
669
693
656
661
702
725
729
730
734
740
729
724
713
713
691
676
663
668
675
703
726
715
728
717
716
722
716
702
712
704
704
671
662
669
689
711
741
740
720
714
693
693
681
678
666
659
646
648
633
656
685
724
748
752
691
684
686
724
728
729
726
743
733
731
728
711
704
701
703
714
725
807
806
725
738
728
724
723
712
714
709
677
693
706
713
729
738
743
737
729
748
771
744
724
722
726
737
733
739
742
740
750
747
710
745
733
735
701
682
673
690
727
750
730
734
743
751
754
745
759
724
743
713
720
720
733
732
745
753
750
754
766
773
761
710
730
742
767
748
758
767
780
718
752
745
744
732
708
734
767
737
740
737
781
788
812
845
853
859
868
857
836
823
774
828
808
813
832
822
842
837
796
773
771
790
806
832
811
819
815
836
851
846
833
820
821
815
811
805
781
789
798
832
858
871
879
818
787
748
774
801
832
842
840
807
792
799
790
782
746
770
759
773
782
805
799
816
800
773
760
766
729
714
718
833
822
831
838
826
835
817
820
802
839
862
890
834
880
842
866
835
784
839
839
892
896
884
843
846
788
812
852
870
899
889
909
886
862
868
858
782
829
896
922
854
887
823
863
857
865
847
840
818
774
838
854
815
854
882
869
882
859
857
854
782
786
794
799
807
762
783
808
824
826
828
799
796
774
782
802
813
747
770
757
833
839
852
862
858
858
862
864
869
864
865
865
845
896
892
941
949
905
892
912
870
911
942
914
838
829
854
836
844
876
873
861
884
879
864
875
860
877
894
888
870
884
910
906
905
896
940
914
850
857
859
861
850
824
847
846
817
830
814
765
729
725
703
720
746
754
726
727
718
729
745
716
705
709
700
696
762
733
715
703
692
686
676
675
675
693
701
724
710
690
687
675
667
666
672
671
685
805
729
767
797
761
736
739
719
710
702
707
720
762
745
712
766
786
830
816
832
831
825
802
831
850
807
776
812
784
815
837
846
830
824
823
823
803
833
887
846
793
808
851
854
838
886
898
853
868
878
862
842
878
914
926
877
911
937
959
957
934
939
954
969
923
976
990
957
856
839
828
797
786
732
757
782
771
896
899
831
766
783
916
903
916
911
903
841
804
789
786
736
903
953
973
962
944
895
958
968
959
968
973
989
1015
991
937
981
981
916
992
991
911
960
976
905
945
966
938
876
932
978
966
899
948
950
911
908
933
971
937
935
910
890
855
846
883
852
896
917
938
888
909
918
883
885
869
838
852
860
890
850
814
808
852
896
811
797
795
778
770
762
748
798
819
792
818
751
764
755
759
747
715
702
688
679
679
680
691
681
674
689
705
711
715
715
707
695
679
682
685
684
693
688
705
698
769
754
727
718
733
792
786
742
735
714
703
712
703
696
694
685
728
754
763
747
761
739
738
760
773
774
785
747
722
727
714
714
696
689
704
717
714
730
722
711
712
733
728
712
709
705
712
718
756
744
815
738
711
723
731
738
821
813
806
848
834
846
852
838
818
850
865
854
912
917
882
923
903
847
848
801
819
807
834
837
857
854
859
847
863
865
842
833
816
777
789
821
875
819
770
802
824
856
797
777
791
839
901
876
818
813
783
757
774
884
901
938
962
905
940
938
950
898
937
938
896
882
931
911
866
886
917
902
890
921
923
853
887
884
838
829
852
865
831
839
790
760
754
757
812
855
852
828
869
869
832
865
887
869
832
857
872
833
797
806
824
802
850
871
838
848
876
894
825
820
833
832
808
834
850
849
813
874
869
823
803
828
865
861
856
914
876
796
819
773
721
708
712
735
813
831
785
854
875
847
816
861
834
776
819
854
833
821
862
884
820
865
867
804
786
813
835
799
828
864
832
784
822
844
816
799
820
825
749
731
746
745
781
845
811
788
861
879
827
801
821
803
787
833
870
859
774
793
749
732
772
737
822
860
840
838
910
885
824
904
923
858
885
903
869
848
869
881
825
844
856
841
829
882
911
854
860
886
892
826
856
868
881
839
854
877
861
827
859
870
851
837
859
863
834
821
824
827
776
762
780
838
780
786
827
843
792
810
807
822
769
783
773
783
754
783
777
757
754
729
726
779
756
819
793
812
769
819
810
798
789
794
804
773
738
732
736
753
713
744
749
736
783
823
785
786
818
816
769
808
818
810
779
819
848
836
824
854
855
771
813
821
775
830
885
813
820
847
815
767
805
860
801
836
885
876
816
857
846
796
810
841
846
807
829
809
783
853
863
840
782
833
793
777
755
777
762
785
782
780
781
745
731
717
755
747
827
883
884
895
880
836
855
853
863
841
859
857
842
817
838
867
861
844
871
892
852
860
867
850
816
840
852
836
797
813
843
784
740
744
772
753
825
848
819
803
886
905
864
854
859
854
803
872
898
877
812
847
883
892
813
765
767
817
803
772
756
880
922
903
864
889
911
902
865
887
922
927
882
879
911
924
928
863
888
909
907
845
875
909
900
871
875
870
832
839
859
848
828
860
887
858
847
869
867
839
831
845
860
831
854
887
824
812
836
834
831
797
814
824
809
776
805
839
812
757
776
794
765
737
759
764
754
731
706
707
730
744
731
713
725
768
740
757
806
801
783
788
813
815
786
822
840
830
814
821
849
841
805
786
800
820
813
774
802
827
859
819
824
779
792
808
851
798
848
853
856
828
845
855
812
823
836
811
777
812
838
852
782
832
871
851
816
833
827
792
809
850
822
787
830
852
823
793
813
805
785
758
761
741
727
743
784
749
845
927
873
829
853
874
841
850
884
910
859
906
889
825
854
882
857
882
919
889
845
866
902
842
855
863
893
825
860
872
868
828
847
862
831
851
862
832
837
851
845
802
833
854
820
827
854
866
818
859
876
856
809
835
845
828
810
838
841
825
790
762
727
755
814
738
781
788
772
822
817
866
806
812
787
754
789
832
844
790
842
828
785
793
813
761
742
773
813
791
844
851
830
813
835
873
817
778
832
860
813
810
881
866
826
813
847
869
813
816
821
829
791
803
826
828
784
773
835
837
805
798
848
853
834
811
872
891
902
865
896
895
843
845
869
888
837
855
891
891
901
916
924
916
938
894
905
918
866
896
866
846
891
927
875
884
895
851
870
875
881
890
883
861
878
894
834
871
894
834
892
867
854
823
867
816
860
887
831
908
952
890
859
936
916
930
942
887
886
912
925
891
867
880
899
869
877
882
888
908
896
905
885
840
853
849
841
851
855
813
737
732
775
857
780
825
885
887
833
876
910
841
936
972
934
908
959
947
944
975
999
938
911
948
982
898
915
983
968
910
944
964
921
909
947
961
900
968
970
899
925
919
886
883
906
898
867
912
926
868
880
885
835
845
804
776
811
824
860
832
807
770
750
729
727
741
805
752
781
901
867
841
999
920
911
968
959
889
926
994
1022
944
993
986
931
999
958
937
993
1000
934
1021
1011
959
961
971
954
923
877
883
930
981
946
894
915
917
876
934
965
919
975
959
939
991
982
932
901
943
893
942
957
975
956
940
975
957
909
955
988
979
934
949
922
871
906
956
874
899
918
898
854
894
871
838
875
884
838
871
871
828
807
771
810
829
818
761
853
863
829
901
912
961
986
966
889
892
917
919
883
940
951
929
943
975
931
913
949
947
913
974
972
933
921
972
966
919
952
974
942
953
995
1020
971
949
995
979
967
1036
1009
952
1005
1017
954
1029
1045
984
982
956
916
978
952
908
945
941
920
957
932
901
955
985
946
934
958
915
892
942
967
896
932
939
901
906
929
920
928
965
952
941
977
978
914
981
995
920
967
969
933
962
997
972
964
991
972
906
956
967
904
922
933
880
911
922
891
903
910
904
844
857
836
792
767
823
815
877
912
844
906
918
865
894
922
896
879
936
918
854
899
946
889
914
958
899
917
925
890
874
917
930
878
909
949
890
917
940
942
913
943
935
891
917
924
882
914
929
899
852
846
809
775
846
788
819
866
865
833
881
924
906
877
902
915
929
899
888
919
900
872
930
977
892
931
969
950
902
941
956
899
928
954
948
954
972
921
942
963
924
877
909
915
867
913
897
882
928
936
903
927
929
879
864
868
855
834
861
845
802
802
846
891
839
922
960
848
887
892
839
874
908
898
866
889
889
847
903
957
955
948
969
891
938
959
894
938
959
947
983
997
899
921
932
938
940
954
886
882
905
921
926
870
906
934
927
895
950
923
870
905
896
852
851
878
846
914
932
871
887
912
911
861
928
949
873
814
807
871
943
958
875
854
939
907
965
960
980
904
953
932
924
888
940
959
967
905
942
947
901
888
929
952
931
976
983
916
948
961
918
923
946
938
895
957
963
923
899
915
941
873
883
913
853
831
873
814
776
768
797
860
852
878
902
909
893
917
923
891
937
947
938
896
870
827
802
785
747
744
731
725
719
701
700
688
695
705
777
724
754
770
787
754
755
737
750
729
752
752
758
835
785
766
796
766
750
738
723
714
696
694
711
768
744
713
708
735
732
776
827
840
797
846
878
877
829
872
858
829
821
858
839
896
928
902
874
930
951
874
906
965
979
898
966
987
954
905
986
1028
959
939
955
1009
1039
1002
977
935
878
922
893
950
909
893
908
927
941
895
916
937
900
859
891
857
889
954
953
916
963
975
928
981
1008
953
1011
999
923
966
971
889
936
939
919
926
984
917
916
944
926
854
878
871
865
838
818
814
805
778
764
873
887
847
919
901
928
978
895
948
1000
1027
961
1037
1100
1036
1017
1044
1075
1026
1053
1090
996
1003
1043
1048
1030
1109
1165
972
1033
1096
1023
978
1011
1036
991
1017
1088
1032
981
1039
1070
1063
1018
1016
1048
1034
971
1043
1063
1030
965
997
1023
1042
976
1003
943
900
969
936
873
952
969
892
946
1005
925
853
854
824
777
808
792
886
944
866
892
933
935
877
938
930
900
885
935
967
921
956
995
953
919
942
958
900
857
887
968
979
944
1003
1019
968
962
917
866
898
906
906
901
935
937
865
932
980
928
926
974
948
891
959
1024
937
934
959
958
884
938
990
1002
941
962
945
970
1004
994
971
1055
1033
1012
944
969
1027
982
993
1040
1031
957
1007
1020
1023
1068
1030
999
1015
1016
947
961
1012
1008
941
1021
994
967
1007
993
997
903
922
927
882
978
999
896
894
922
919
875
832
871
882
950
973
929
937
982
943
901
946
983
914
950
1023
984
934
1011
1045
969
1013
1050
1019
994
1039
1019
1017
1036
1049
937
927
949
933
958
1022
1012
937
1001
1014
972
954
998
1024
983
957
988
994
925
979
1030
954
986
1033
1019
961
1059
1017
933
917
876
866
947
852
854
874
939
828
790
889
933
907
817
822
948
865
909
934
959
979
923
982
1034
1063
1000
981
1021
993
957
1047
1081
1022
988
1043
1060
954
997
1017
1070
1045
1058
1087
1066
1050
979
1017
1028
947
1014
1051
960
921
984
1041
952
983
1031
1011
955
989
998
930
911
961
958
909
984
986
948
910
999
987
919
926
956
937
881
973
969
928
985
985
938
917
972
996
943
926
917
929
908
976
986
926
989
917
874
893
892
861
913
980
908
890
934
867
838
894
880
940
988
936
915
993
1017
937
986
1034
999
947
1002
1011
992
930
1001
1030
977
936
999
1038
997
976
1077
1065
972
1001
1043
1003
944
1021
1076
982
919
984
1002
971
956
1021
1046
961
979
952
934
902
867
952
986
899
966
990
918
916
968
1019
1000
994
1034
1021
948
992
1017
976
1044
977
897
890
848
839
896
856
851
935
858
861
872
891
881
819
747
715
685
692
768
794
837
781
767
713
787
828
751
808
841
854
825
809
837
843
792
826
869
866
807
864
887
789
770
810
827
842
803
817
830
820
747
768
762
748
744
748
786
778
763
735
739
759
804
805
767
836
885
839
818
854
871
788
838
858
782
845
854
838
787
770
764
919
871
828
771
761
788
808
808
819
762
765
750
757
807
829
825
856
837
813
876
916
865
899
921
898
930
936
930
900
929
951
875
869
857
822
779
778
746
781
859
789
869
900
845
878
897
857
871
913
901
862
869
895
923
888
927
945
901
912
939
957
945
894
917
930
901
884
921
930
880
913
914
840
863
899
871
868
931
922
871
908
860
844
823
800
784
843
787
857
858
821
896
919
877
923
972
917
932
975
1020
941
1021
1031
995
1035
1031
993
1021
1022
987
1005
1029
979
1011
1027
975
983
982
908
970
1008
975
1004
1022
977
951
995
1031
995
938
959
964
946
1029
1024
999
1041
1006
979
1007
1019
961
989
1031
954
1004
1037
1016
977
1030
1006
923
943
951
884
962
1007
1020
960
990
981
932
970
945
892
955
956
910
966
981
911
955
972
926
979
950
932
999
942
909
942
937
894
929
921
868
918
969
947
898
929
909
862
885
853
826
791
817
832
840
853
826
811
854
855
841
868
909
889
887
937
890
875
909
904
857
914
913
881
896
933
877
839
902
928
886
867
935
923
873
880
894
940
915
907
960
1004
923
883
911
872
846
915
972
882
955
997
913
936
988
949
932
991
958
921
968
991
990
947
945
1001
1030
1034
932
925
969
1021
965
964
1022
999
945
961
972
910
916
876
899
854
794
767
781
835
798
771
798
933
938
893
929
951
959
975
943
965
985
1015
959
1000
1034
1032
942
971
957
900
936
921
953
975
998
938
975
989
911
905
938
936
918
941
961
884
903
926
882
858
905
915
870
879
893
863
834
798
839
877
835
897
916
870
842
865
891
860
858
903
929
883
887
909
863
861
934
924
893
958
991
926
948
977
923
898
963
982
918
938
982
969
933
989
1012
952
1005
1003
922
950
978
958
944
1016
975
905
982
967
894
965
958
914
891
871
833
861
891
859
906
930
868
903
937
885
874
923
953
887
956
1008
1010
949
1000
1026
1021
968
1003
1021
962
981
1037
1034
1016
1051
1057
1049
1016
1080
1052
982
984
1010
1025
948
982
993
975
971
1027
996
979
978
927
892
926
987
952
940
1011
1014
941
979
965
925
963
959
897
966
972
946
1026
1014
948
1000
997
974
960
932
937
951
925
917
919
1021
1027
966
1016
1021
1041
989
972
952
882
945
959
922
916
866
837
890
880
880
954
1006
911
999
1025
957
987
1012
1019
938
983
1004
975
1001
1004
969
929
975
1003
940
1026
1024
963
975
967
894
953
990
896
899
938
932
883
946
978
907
898
935
958
871
922
949
899
934
978
1000
904
941
964
941
911
967
1025
980
979
1002
993
932
966
948
885
856
832
828
901
972
885
928
917
922
950
963
917
910
955
959
939
916
989
1003
953
999
1001
1013
985
938
994
1014
977
983
1011
1011
979
935
975
999
951
955
998
989
938
984
974
941
985
1016
975
997
997
932
977
978
949
998
1016
959
955
992
912
987
978
917
1003
974
980
1006
1006
955
981
986
957
955
1010
992
976
993
919
862
905
875
943
949
900
950
965
897
898
930
931
880
942
957
911
910
984
971
904
943
966
943
888
944
973
941
942
982
1009
982
993
979
929
1001
1022
1004
944
963
986
949
887
930
997
952
893
953
971
907
906
945
939
891
929
960
947
913
972
974
896
925
940
918
899
984
968
931
878
935
958
945
926
985
969
908
944
987
951
911
964
962
928
929
1000
993
914
936
979
1002
937
980
992
914
957
985
938
890
937
896
858
888
926
903
876
924
906
891
938
917
896
938
948
894
925
940
897
918
933
942
909
986
987
903
976
955
905
947
942
889
943
928
854
856
816
826
865
877
926
862
870
906
895
848
895
920
839
890
946
947
854
926
978
982
930
990
1033
943
962
938
904
854
838
833
837
876
948
958
909
979
1005
927
883
849
813
883
871
976
995
938
973
988
956
947
982
956
938
1000
950
955
1005
1005
936
976
1033
991
938
1000
1026
941
977
1022
993
937
987
940
985
1021
958
1004
1036
1009
897
845
886
952
969
928
877
919
972
968
958
964
979
984
995
988
986
995
994
931
972
1002
1010
971
996
1037
1027
986
993
1012
1021
953
973
1009
970
969
998
982
958
985
992
968
1007
1040
1017
970
979
999
938
942
973
984
927
983
1010
975
929
977
978
903
930
958
958
896
920
949
945
902
965
1004
935
957
992
966
932
945
952
928
902
955
992
938
957
978
935
915
940
954
885
923
938
903
898
921
961
914
896
855
825
794
790
780
759
736
710
712
693
691
690
685
682
670
661
659
644
634
604
603
587
591
578
584
597
599
598
597
591
598
595
584
588
578
590
576
573
568
568
569
581
593
596
614
610
620
618
619
616
611
601
600
585
590
585
588
593
596
604
602
599
590
593
596
601
609
612
613
613
610
608
603
595
591
598
593
593
578
584
576
580
588
595
594
589
580
581
573
572
585
589
592
595
584
572
571
572
582
594
593
597
601
605
604
610
609
609
610
627
637
628
616
612
618
621
625
639
644
649
636
640
633
626
641
646
649
657
667
667
682
676
677
677
650
664
658
660
666
668
678
686
657
655
667
678
684
686
686
706
704
667
686
688
685
695
671
678
680
691
699
709
715
736
732
738
688
709
699
702
717
718
728
735
759
758
783
731
734
712
716
718
739
764
770
791
789
805
823
752
732
765
808
740
823
820
745
713
732
757
780
809
757
840
910
851
781
773
785
782
771
863
822
983
841
843
968
1108
793
913
774
853
790
948
796
835
1068
860
1149
935
827
820
856
914
847
843
866
892
878
857
853
815
824
818
821
768
781
780
814
815
813
753
796
822
765
751
758
782
808
826
804
783
773
728
719
719
775
821
873
870
842
854
792
796
788
931
879
872
803
813
832
890
926
906
902
825
873
855
892
895
897
949
948
927
970
1013
975
986
945
904
953
990
935
978
1040
967
977
982
948
972
934
960
1011
947
984
977
932
968
983
932
956
994
899
839
810
750
782
951
909
862
909
943
921
922
965
1004
933
979
984
989
1043
1052
984
1039
956
938
925
973
1037
979
971
927
931
959
975
956
939
930
942
930
856
887
906
879
901
921
889
940
978
906
839
866
889
844
837
891
983
939
922
945
918
946
925
864
904
891
893
958
951
890
912
860
848
879
912
912
889
872
843
822
811
779
750
744
746
767
917
977
1015
927
895
879
901
963
1015
1034
967
956
995
1010
956
917
904
1084
1113
1059
1090
1032
1022
1000
965
1061
1028
1034
929
944
897
830
834
867
916
907
914
976
993
1036
956
993
968
979
909
970
969
968
1007
1030
936
923
960
938
971
899
938
938
887
931
983
953
914
870
897
895
937
938
934
930
837
811
751
832
850
862
835
834
779
743
729
723
710
699
719
726
741
732
712
716
703
693
698
726
734
727
706
710
698
723
726
709
704
692
688
672
689
718
749
766
719
729
854
816
797
955
924
933
933
924
939
891
866
902
954
920
861