544
539
535
538
536
534
535
535
535
532
532
538
538
537
536
532
535
538
540
540
540
544
548
553
552
553
561
562
570
564
565
580
573
582
587
582
595
580
581
591
603
607
615
603
604
618
613
601
598
601
605
604
600
622
615
604
594
633
613
620
615
611
603
595
585
575
566
554
549
549
556
554
591
726
640
688
676
731
688
680
671
700
653
649
659
687
665
656
644
688
648
648
642
691
663
644
634
627
622
662
641
634
620
615
613
611
609
605
606
609
619
623
620
615
618
645
643
647
660
688
678
668
650
638
624
620
612
607
611
598
592
590
594
604
615
669
652
671
745
752
696
705
727
718
676
671
728
736
722
688
683
758
703
681
681
724
688
673
656
714
695
686
672
699
664
650
649
673
667
648
662
699
694
673
685
730
679
689
694
735
690
676
676
681
661
657
667
658
645
638
672
687
688
681
668
657
647
637
614
611
611
628
636
647
651
706
709
699
694
685
688
666
668
696
722
729
693
661
654
649
652
654
688
684
675
670
776
699
710
745
703
691
690
753
716
692
682
732
690
690
712
719
688
687
699
686
673
655
654
643
651
653
685
694
693
677
666
655
652
641
635
622
606
608
609
616
623
641
738
734
760
779
762
731
696
691
674
681
705
700
683
678
713
716
692
680
714
715
683
674
694
697
702
706
681
665
640
637
636
634
647
661
654
655
672
682
685
679
668
676
683
675
671
676
659
665
676
674
682
681
658
671
661
659
659
695
697
680
690
745
751
712
711
777
777
709
707
711
728
689
695
728
795
727
727
710
736
688
679
670
704
687
672
673
689
724
687
667
669
701
677
678
669
699
685
666
661
684
671
655
653
658
654
663
701
747
720
697
692
720
710
697
689
692
704
702
679
676
698
729
713
701
694
725
704
693
685
721
698
687
677
690
681
654
655
673
691
673
680
683
703
677
686
697
688
688
715
709
679
671
674
675
666
660
677
665
663
653
635
632
633
649
669
677
656
643
642
647
672
788
771
791
783
733
702
687
686
665
657
661
663
652
654
650
672
685
701
691
690
684
713
720
717
723
710
681
678
688
710
707
677
670
687
709
673
667
671
656
639
622
617
612
611
605
606
622
627
629
620
617
619
623
626
618
624
637
654
678
664
661
657
667
673
666
653
650
661
640
640
644
633
639
655
655
645
640
657
668
658
658
677
683
673
672
707
674
672
669
687
659
663
688
691
678
659
654
666
666
643
640
642
664
662
646
646
666
671
662
662
667
686
685
667
660
675
676
659
650
647
655
643
630
628
634
629
623
611
608
604
604
610
618
613
616
623
634
618
612
614
628
632
628
635
671
671
672
691
700
683
663
656
681
657
665
675
684
655
656
653
653
642
641
646
683
685
678
656
646
648
652
649
646
636
621
617
614
623
636
627
629
637
665
664
646
655
672
662
677
718
726
766
731
697
667
658
662
668
655
665
674
685
688
702
667
651
646
641
633
654
666
669
676
642
633
633
644
664
667
672
650
640
633
627
617
622
618
618
623
630
641
657
688
677
673
662
646
630
617
605
595
595
594
616
659
666
651
656
730
694
674
664
660
668
660
668
666
640
644
667
668
674
664
646
647
668
663
666
647
644
647
673
688
675
673
686
709
696
677
674
699
704
712
685
676
671
699
693
678
683
713
710
684
688
690
682
673
659
654
651
633
629
627
611
612
628
624
633
630
633
651
676
674
660
675
696
695
683
671
672
691
683
667
646
637
638
634
627
615
616
612
612
621
646
789
808
834
806
785
748
702
717
684
668
666
676
688
719
745
707
718
769
745
709
709
746
717
696
698
760
737
709
747
769
776
711
722
731
702
686
691
700
720
693
685
701
709
697
682
681
697
707
673
654
652
651
638
643
664
663
650
657
665
695
688
662
676
693
699
675
674
680
707
675
660
662
686
680
658
659
665
667
642
647
657
660
643
641
656
665
649
656
662
670
642
642
644
635
637
630
645
655
634
633
641
648
652
646
644
647
642
646
655
674
711
688
691
677
670
655
644
626
614
609
612
628
626
631
646
706
703
694
699
699
722
714
719
696
699
713
706
689
679
678
705
681
682
701
692
681
672
670
671
646
636
635
632
648
660
655
651
652
656
652
653
645
633
627
637
632
634
656
676
719
694
664
634
633
619
624
638
647
653
665
640
636
634
641
671
677
680
679
673
664
644
625
612
626
641
675
662
665
656
651
647
630
619
629
640
654
639
644
660
656
652
632
617
618
616
611
606
602
592
591
593
592
590
588
590
596
588
590
585
587
590
593
589
583
586
590
598
599
599
598
603
605
595
599
602
615
623
611
616
625
629
620
608
608
601
599
605
596
590
586
573
577
580
592
588
580
587
589
590
598
623
651
660
660
683
694
713
683
688
734
747
758
721
698
726
726
726
688
718
713
695
684
668
667
685
706
732
705
737
739
718
693
706
754
755
713
727
727
728
702
704
738
729
698
706
717
717
692
707
718
706
689
709
727
726
687
692
706
708
677
689
687
703
703
683
665
653
660
671
702
716
693
695
698
688
669
650
636
630
634
655
726
777
777
740
741
722
700
696
692
706
683
684
702
699
679
684
695
694
687
676
670
670
676
682
674
678
672
675
673
664
683
681
708
702
677
676
686
682
669
664
663
681
672
658
668
680
696
672
670
675
684
660
660
655
650
657
667
687
685
680
650
645
635
626
616
612
617
637
661
655
671
661
671
675
692
661
651
658
677
660
684
696
697
714
727
749
716
730
737
766
732
697
696
711
713
695
712
745
716
723
718
695
700
703
732
713
729
726
717
699
697
717
693
701
706
690
691
702
709
708
701
726
712
697
698
713
685
688
689
716
675
677
694
695
695
720
727
691
695
709
693
705
689
679
666
650
644
634
632
635
649
650
646
637
629
618
621
613
625
613
610
622
656
668
675
688
669
658
641
639
638
648
678
697
723
782
749
725
728
750
715
702
698
744
733
719
688
689
710
712
713
685
690
729
718
687
691
692
689
676
668
650
630
641
641
654
669
679
707
701
698
689
692
703
693
703
731
727
715
709
722
743
735
713
697
697
713
693
697
712
730
731
701
712
736
711
685
679
725
702
707
711
688
668
665
685
723
722
682
703
758
733
700
703
725
721
689
686
689
710
680
676
686
709
728
673
673
665
663
673
687
687
677
673
658
644
633
618
620
613
690
668
639
646
643
631
617
609
598
582
580
570
562
559
554
551
548
546
541
542
542
542
542
541
546
557
576
608
624
626
646
700
829
704
743
683
725
725
769
773
725
720
712
691
693
686
652
645
651
682
668
647
666
695
673
675
705
769
734
732
743
800
824
732
757
762
788
756
770
810
819
761
764
788
780
783
748
787
768
762
746
772
760
724
761
758
765
779
741
771
753
733
722
738
742
748
724
755
748
723
701
689
647
644
657
666
656
647
664
688
675
684
700
717
695
688
684
696
677
662
670
671
679
684
707
695
684
698
716
727
697
721
745
796
745
747
783
776
728
711
717
710
688
686
697
718
706
681
689
706
725
711
688
695
709
717
687
682
698
724
704
683
689
683
685
658
660
668
682
655
654
652
641
639
650
640
647
666
686
664
663
665
686
683
667
671
681
707
686
676
679
691
681
665
667
678
693
673
673
677
694
679
673
682
692
688
670
676
686
684
669
671
679
675
664
672
668
679
658
655
645
643
647
638
641
659
698
715
687
704
719
757
708
724
708
702
680
687
699
710
671
671
673
685
655
653
665
688
680
673
678
690
688
665
661
672
689
686
666
676
710
763
693
708
706
700
678
678
706
730
697
688
689
689
688
665
649
653
645
646
655
685
687
670
665
677
697
693
677
683
708
751
693
704
701
734
694
694
696
729
693
670
685
691
689
677
684
704
755
683
688
700
735
707
694
690
697
690
670
683
713
715
686
693
706
719
689
682
679
703
685
663
658
659
646
631
624
618
614
615
619
612
614
615
628
628
626
633
656
684
661
659
660
677
649
638
639
661
695
696
666
667
685
696
668
667
674
700
681
683
686
709
688
685
693
698
692
696
769
713
815
749
742
702
690
687
714
719
717
679
670
678
726
724
713
691
695
715
748
748
736
703
708
734
730
725
699
668
661
660
672
801
785
825
843
835
802
781
754
729
729
725
722
718
695
705
712
706
688
713
730
737
749
739
710
714
732
748
743
736
698
694
726
743
741
722
717
709
715
700
673
670
664
678
685
659
649
663
648
651
657
673
680
668
667
680
691
685
682
706
699
714
686
684
693
703
689
666
672
684
702
701
682
701
733
716
713
688
699
709
733
701
700
715
742
726
700
697
715
700
676
688
716
721
709
687
709
712
703
674
669
675
703
691
675
680
709
710
683
678
699
727
714
691
684
688
686
686
659
663
670
690
675
670
685
713
729
708
686
684
697
696
689
673
686
693
683
672
672
687
694
680
675
686
712
680
685
706
702
693
661
650
643
645
686
696
733
729
677
709
726
706
699
688
682
686
681
677
672
653
648
655
664
676
672
659
672
692
694
668
680
692
731
694
704
714
729
699
719
728
738
718
702
687
690
694
699
688
675
677
697
696
690
704
718
747
709
699
698
731
722
696
688
686
685
670
675
679
706
709
690
696
726
724
701
722
730
724
696
673
663
663
661
659
657
658
651
654
663
679
691
669
667
668
698
686
667
687
724
720
691
688
705
692
672
681
695
676
670
681
689
688
673
676
679
688
668
671
679
701
691
684
691
710
693
671
667
668
669
657
663
659
640
644
642
646
657
678
677
661
674
690
698
666
665
671
675
686
663
666
690
692
688
676
688
703
690
667
671
676
700
702
688
710
726
730
735
729
707
708
714
707
683
688
696
696
688
688
702
724
729
692
697
706
708
681
679
679
688
672
656
655
646
638
639
656
678
671
677
685
689
681
673
675
691
680
667
661
667
679
663
656
666
695
707
683
679
686
699
686
673
675
678
686
674
669
671
698
699
688
696
723
713
690
687
694
710
695
688
697
714
709
680
677
675
677
675
651
653
657
680
670
678
705
731
721
707
688
694
716
710
686
690
716
706
685
688
691
698
695
672
681
688
692
692
680
686
689
694
669
670
676
690
687
681
693
713
706
682
692
694
713
684
687
692
714
707
685
700
717
720
698
705
713
716
688
703
705
714
690
688
700
722
703
688
712
723
727
699
697
695
698
688
664
668
672
683
666
663
678
701
673
673
658
647
631
627
630
620
626
635
637
630
629
639
662
672
648
649
664
683
672
665
669
687
664
648
639
641
642
676
720
824
772
765
753
728
713
704
685
681
683
686
697
691
693
701
689
693
696
700
695
677
683
689
698
686
696
705
716
706
686
711
712
718
683
682
686
686
677
659
663
682
671
659
657
677
676
657
659
674
688
681
664
666
677
687
670
682
685
711
683
670
679
693
696
669
683
693
700
673
669
670
686
673
656
665
674
680
667
665
671
686
670
669
688
712
682
674
686
696
696
675
674
685
686
670
670
672
671
655
658
665
666
648
650
649
650
637
627
624
621
626
632
646
641
642
657
655
646
657
682
723
759
710
735
742
741
707
694
704
733
723
690
677
668
688
751
817
798
818
806
787
774
737
704
708
704
709
723
722
724
699
710
725
728
723
703
713
729
729
738
733
743
717
718
722
739
756
725
713
716
733
733
702
722
731
737
720
703
726
751
732
710
701
699
714
723
690
690
709
712
715
688
705
718
710
686
685
702
704
704
675
684
697
712
711
707
673
677
683
688
685
661
660
665
685
685
669
673
687
704
715
697
698
703
709
704
688
698
713
718
695
687
696
698
682
669
681
694
691
676
679
686
689
668
647
635
623
620
618
616
615
606
619
636
638
638
646
648
653
647
641
639
632
626
616
610
602
598
598
595
601
608
620
626
642
636
646
666
701
701
673
687
694
719
695
707
745
758
731
691
696
712
726
688
702
702
723
680
675
688
714
720
696
691
711
731
725
722
730
736
756
749
727
735
738
733
705
699
712
721
721
688
712
725
749
745
709
736
733
777
702
717
741
748
724
712
728
772
731
716
724
759
754
715
729
728
728
726
699
710
726
743
723
701
708
721
737
727
688
691
702
693
688
660
656
652
646
667
660
665
679
696
690
674
679
691
689
671
663
666
679
682
674
660
677
726
770
708
712
713
734
710
689
707
753
765
703
714
727
748
718
700
716
724
712
687
688
696
717
710
695
720
756
723
748
766
769
709
712
714
712
682
688
716
754
743
723
772
816
777
737
741
750
762
750
712
725
724
718
692
695
712
774
733
735
781
770
734
743
750
768
737
724
736
743
746
715
724
740
724
698
711
718
714
688
687
690
698
685
680
688
707
698
687
699
729
753
718
731
749
737
707
707
736
740
713
725
728
718
696
702
724
704
688
703
724
707
683
691
705
701
685
684
696
699
675
669
682
707
701
691
719
746
731
700
700
705
705
675
660
649
643
645
653
659
647
649
658
677
679
660
668
671
679
684
664
671
684
703
695
671
676
693
695
670
675
673
658
641
641
643
664
642
643
639
618
620
621
622
629
629
633
619
611
605
601
595
585
584
586
590
590
595
591
600
591
589
586
585
585
591
588
585
574
577
582
586
571
577
573
576
583
588
589
593
593
588
587
585
579
565
569
562
558
558
556
554
551
549
548
548
543
546
550
552
550
554
563
564
571
562
565
563
559
559
562
563
572
577
582
588
589
587
585
583
574
565
557
549
541
537
531
530
529
530
534
536
537
541
546
543
543
541
553
568
583
598
598
593
590
595
611
614
611
612
613
606
599
586
602
607
612
615
611
610
609
600
585
584
575
572
576
581
588
591
594
595
591
591
588
585
586
576
574
576
581
594
601
596
596
591
597
596
606
610
615
620
620
613
610
604
597
590
584
590
606
610
615
596
590
594
592
594
612
633
642
622
642
640
647
651
650
659
657
653
638
627
640
660
658
673
681
679
672
657
643
622
613
623
662
690
705
718
712
693
691
673
692
657
646
650
646
669
678
689
702
697
697
678
674
667
664
672
678
684
680
673
668
671
671
681
685
693
688
686
681
674
645
654
643
641
635
653
677
694
696
695
670
658
647
632
620
633
642
651
651
653
630
620
630
641
652
660
655
663
659
650
644
622
618
617
627
622
626
653
665
673
673
624
626
629
638
639
637
641
621
612
615
633
643
644
641
644
643
645
633
640
600
596
598
598
614
631
641
627
615
609
619
631
649
629
624
647
687
679
680
685
662
649
623
604
615
612
619
624
617
610
605
602
593
585
572
572
573
574
576
587
589
591
588
582
577
586
592
603
601
593
604
604
614
612
612
610
596
581
578
578
581
587
588
593
594
601
603
606
604
601
596
598
595
591
581
594
599
605
613
600
592
600
604
617
608
606
604
604
604
629
639
645
648
634
633
620
617
614
613
611
607
609
596
593
600
615
630
633
665
662
672
682
670
646
621
617
615
633
651
652
655
652
646
644
646
650
651
650
646
644
646
660
658
627
628
650
659
639
654
645
644
667
682
688
681
688
680
672
641
624
625
642
664
681
644
635
645
659
671
670
663
664
666
663
639
626
642
649
653
649
654
632
619
641
647
657
646
646
635
615
603
600
609
628
646
620
642
635
648
680
662
643
645
655
673
663
655
663
652
654
646
634
628
610
604
610
625
643
654
659
658
649
619
607
618
625
642
644
659
696
686
663
645
645
650
659
658
660
661
645
628
643
653
657
657
654
650
633
619
621
614
610
628
646
647
661
645
630
635
649
660
668
686
676
658
656
646
633
617
607
615
627
639
669
678
679
688
691
678
640
652
656
663
663
649
644
665
684
692
696
686
652
639
645
653
668
656
654
644
625
635
649
688
735
745
746
732
734
732
725
736
726
729
743
715
734
698
703
696
708
721
729
717
710
691
677
663
669
664
667
675
680
687
692
665
677
649
666
666
670
672
649
648
651
688
697
720
730
742
731
721
731
738
735
743
754
750
716
740
753
753
759
755
781
770
757
756
740
766
769
781
777
754
778
781
791
757
763
796
796
782
756
797
783
765
742
767
778
813
760
766
779
778
774
748
755
745
737
724
734
739
777
773
737
748
752
733
721
727
724
709
719
698
659
645
647
640
643
653
681
675
674
677
692
701
681
682
691
703
700
677
688
706
728
708
700
707
729
712
689
685
690
686
681
677
689
709
693
715
739
712
705
744
792
830
732
704
679
656
644
641
635
632
632
634
666
722
872
754
808
782
749
714
721
728
719
705
694
676
671
668
651
652
658
651
653
660
684
695
677
687
717
720
708
688
683
693
701
703
685
686
701
715
696
696
710
725
726
698
691
694
702
688
680
677
684
692
697
689
675
674
683
693
695
685
673
678
709
724
714
712
685
676
684
698
689
683
678
690
701
707
707
687
671
664
675
675
670
661
671
678
690
669
669
672
670
666
663
657
642
641
645
644
646
662
688
705
713
689
686
695
723
728
705
691
699
708
711
686
691
690
700
694
676
679
688
688
681
666
667
671
676
680
666
675
685
680
681
671
667
673
675
675
666
659
659
668
661
653
643
646
646
641
646
658
675
683
671
673
684
709
716
700
690
704
723
716
702
711
723
744
741
760
710
718
732
748
729
725
720
736
742
775
787
773
781
772
726
724
720
739
746
724
733
761
780
783
782
761
726
734
735
736
744
712
706
727
742
732
720
694
692
696
700
699
682
691
708
726
702
686
684
685
683
673
666
672
691
693
708
685
683
698
723
722
716
691
687
697
715
708
692
698
718
708
690
692
706
707
696
690
690
696
690
676
663
659
656
654
660
659
661
668
664
662
656
654
649
649
663
673
691
670
670
693
706
716
707
731
771
735
708
713
748
813
799
767
723
715
717
725
748
771
732
707
704
730
727
726
732
715
733
752
735
709
707
720
748
743
747
712
703
711
741
735
725
696
697
706
720
723
731
707
717
718
719
722
708
691
696
705
708
699
695
708
709
718
714
700
688
688
693
697
699
682
675
676
688
681
686
661
662
667
660
657
663
677
687
696
701
688
697
710
749
750
718
753
776
764
750
722
726
729
742
743
714
718
743
752
756
734
726
743
747
769
737
746
754
795
781
738
739
779
770
765
728
732
741
767
749
722
726
738
749
771
737
719
714
733
762
785
738
737
713
788
786
772
769
758
731
720
718
710
732
729
709
701
682
666
666
668
679
680
684
675
661
652
648
648
646
653
680
688
670
660
650
641
633
631
626
620
622
623
626
631
634
639
642
646
656
667
671
685
694
722
742
767
753
752
798
793
773
780
733
711
721
739
792
772
728
717
730
764
771
727
750
770
781
741
735
715
717
701
686
694
700
695
682
686
693
676
667
681
668
681
699
707
700
686
688
721
732
715
705
722
729
745
710
708
728
759
748
719
732
793
817
769
732
756
792
783
738
749
762
780
753
724
736
768
774
742
743
751
773
736
739
758
742
721
759
757
752
738
711
717
726
739
734
711
721
736
746
733
708
725
746
784
753
731
740
751
766
738
730
732
746
756
715
717
726
764
729
729
740
775
739
711
725
730
751
704
712
715
714
691
699
714
744
726
731
731
746
696
699
709
728
715
702
709
733
732
712
701
724
726
707
698
710
722
713
694
703
709
703
692
689
713
731
705
708
707
725
711
697
703
719
722
704
705
714
713
692
693
700
720
724
701
724
755
755
717
701
711
726
738
721
698
708
739
767
733
741
761
731
692
689
701
747
797
792
765
712
725
743
757
741
735
721
693
692
719
743
754
737
716
692
697
717
765
742
723
704
718
726
728
712
703
686
688
695
720
715
697
688
676
661
654
652
643
647
654
654
651
646
653
663
676
669
666
673
683
678
672
695
718
738
702
713
696
683
666
651
646
638
635
622
616
617
615
611
604
610
616
616
621
616
620
627
635
645
640
642
653
655
660
655
654
674
719
781
721
768
762
764
724
756
736
764
770
804
802
788
833
836
803
815
834
843
815
795
815
826
837
822
870
874
857
821
839
821
777
793
792
795
779
787
795
807
797
813
809
826
829
835
857
832
797
822
836
838
831
801
823
822
825
792
783
794
770
757
748
777
769
771
796
811
827
808
788
829
847
820
828
851
870
813
833
849
839
839
804
814
818
824
794
813
816
830
811
844
843
853
794
799
811
818
822
815
785
806
812
836
825
799
830
834
830
805
801
819
833
849
824
819
838
840
851
821
790
820
829
835
841
815
841
842
840
811
812
840
847
842
811
834
834
818
786
799
800
808
799
782
805
798
811
784
811
816
819
800
823
845
858
825
838
852
841
800
789
794
797
791
781
801
806
804
789
810
816
801
792
811
806
793
802
798
801
779
772
794
806
800
801
798
781
758
766
777
816
794
801
824
838
848
799
783
800
810
814
778
788
800
814
819
772
791
802
811
810
806
773
782
771
779
774
753
735
724
708
719
748
796
771
760
782
801
796
776
795
799
807
826
788
797
809
815
789
803
818
840
850
794
816
814
818
805
788
807
802
816
810
786
785
773
766
771
760
739
744
743
754
778
797
780
799
808
803
766
767
766
774
783
761
772
772
776
769
756
788
800
813
813
810
789
765
777
781
800
825
840
819
786
783
786
803
827
793
777
795
815
821
808
784
802
791
799
793
771
776
772
766
745
729
739
744
735
754
771
789
798
776
783
803
833
847
796
800
813
823
818
787
804
815
832
828
815
793
813
807
811
794
799
810
818
804
784
791
780
792
789
782
764
783
771
774
762
772
769
774
756
759
769
784
784
769
757
762
757
744
731
730
690
687
686
683
691
733
756
731
740
766
772
763
733
757
782
777
763
763
781
782
766
767
785
787
780
778
791
800
794
767
792
782
790
769
767
771
783
761
765
780
786
786
779
756
768
767
775
765
748
752
757
780
774
756
773
768
771
772
767
757
747
749
749
770
771
747
771
773
778
772
759
783
785
802
793
768
776
776
777
766
762
772
770
787
786
765
781
781
781
759
763
761
745
730
719
728
711
726
741
780
732
761
785
784
765
785
796
802
778
804
804
788
769
784
801
779
777
798
804
791
778
787
791
780
755
764
770
782
766
752
760
755
745
728
713
712
711
709
724
738
753
739
748
776
784
762
763
779
797
771
777
789
803
775
787
797
799
782
780
793
790
775
814
823
835
840
831
809
809
815
784
780
791
817
817
806
842
865
842
801
821
834
804
785
807
811
800
767
773
781
789
781
764
777
783
801
803
768
783
782
792
763
755
752
742
771
795
845
843
839
831
811
796
785
771
764
763
771
780
779
787
793
806
777
786
783
784
805
826
844
802
795
806
823
824
816
826
833
838
805
788
763
748
744
742
726
716
746
737
760
733
720
735
735
735
721
714
701
689
678
666
692
738
755
760
746
772
779
788
771
788
796
786
793
771
787
801
812
808
783
798
814
819
795
793
805
811
813
779
796
812
809
813
781
808
813
813
796
781
798
812
812
777
787
810
821
800
807
827
827
846
830
826
829
841
801
797
804
811
797
785
799
800
798
777
792
801
787
803
789
795
792
810
804
772
790
794
797
775
771
784
793
781
779
794
800
795
773
772
754
764
780
768
772
801
802
811
771
768
775
777
771
762
787
798
816
781
798
803
799
779
778
781
788
762
760
753
742
727
701
733
717
729
766
768
734
787
784
787
768
796
780
779
755
732
715
708
739
756
720
721
770
777
783
764
775
796
824
824
819
828
837
818
807
827
854
814
796
806
833
792
800
821
827
798
810
819
816
813
795
826
822
799
787
810
817
817
789
806
807
816
811
791
804
812
824
798
803
817
827
814
788
792
811
809
820
839
854
831
798
817
815
796
769
792
819
831
805
850
848
854
836
824
841
825
815
791
817
810
805
789
792
832
863
850
814
825
824
838
818
791
813
821
816
785
806
814
835
818
844
867
873
821
823
855
846
827
796
816
813
801
787
785
758
786
808
831
802
810
827
827
826
799
813
813
802
782
787
793
803
771
799
811
817
794
763
731
712
705
724
761
760
749
718
738
783
750
723
727
731
714
716
761
867
780
823
777
834
839
868
869
854
885
897
915
892
829
838
846
857
830
854
851
842
802
813
829
875
898
893
842
852
847
831
787
805
801
803
790
834
826
806
822
850
861
841
820
831
831
798
774
756
735
697
676
679
674
692
751
854
723
789
796
750
757
806
847
787
769
826
841
874
837
885
888
846
813
847
842
849
813
833
841
847
812
853
854
868
857
808
826
855
825
813
834
831
836
846
798
794
803
821
800
778
801
796
824
800
840
843
815
804
825
818
790
810
822
813
787
799
805
813
784
813
820
805
778
801
815
825
802
794
811
806
800
813
809
810
790
805
830
834
798
813
825
839
791
813
815
813
788
791
803
790
771
743
752
721
731
764
784
770
776
814
812
830
808
806
830
842
864
831
819
860
859
856
813
813
803
813
785
801
832
822
824
851
858
849
842
835
796
811
804
816
783
774
780
790
771
812
824
807
784
806
815
797
771
780
796
785
765
788
801
804
770
774
785
784
760
754
783
812
830
822
779
783
785
795
786
765
765
776
796
784
776
811
813
809
782
793
815
820
802
773
784
765
745
724
737
771
730
773
781
795
771
784
811
829
844
793
811
822
826
792
804
814
827
784
792
825
828
849
814
802
809
794
778
771
770
775
765
770
760
737
733
726
720
781
776
777
759
794
805
807
775
781
791
798
773
774
807
841
838
809
818
848
851
803
841
844
822
800
839
847
858
819
820
836
841
816
802
813
814
813
788
790
805
805
841
806
816
837
828
814
793
809
836
841
801
810
833
830
848
819
789
789
805
819
828
788
798
805
792
770
783
793
824
815
808
812
818
802
804
794
789
767
747
745
731
737
749
713
687
679
670
683
713
722
701
693
694
734
774
822
813
798
787
771
789
798
825
841
811
854
856
874
863
829
847
854
844
829
842
838
838
825
799
796
767
744
712
669
659
650
649
640
634
626
628
624
618
617
611
605
604
597
589
582
575
568
563
557
566
576
617
717
813
818
926
980
1082
1090
979
966
998
1024
983
986
973
965
891
909
925
977
933
904
856
888
891
895
852
865
878
907
841
857
863
841
809
800
834
848
863
854
839
854
880
861
851
804
801
803
816
809
798
828
849
858
848
895
896
859
816
827
844
850
837
824
825
827
819
791
825
840
818
776
801
802
806
775
776
790
802
775
770
787
788
740
716
732
754
792
792
743
769
788
778
747
720
741
759
769
752
725
702
682
673
680
667
672
688
740
740
711
717
732
790
724
693
675
667
660
674
669
681
681
686
679
666
660
654
642
637
639
637
652
688
748
729
760
873
870
806
878
890
926
870
832
858
870
888
827
849
850
849
821
847
861
808
871
904
880
860
889
871
841
859
849
846
797
824
832
795
796
799
824
791
818
816
823
779
792
791
803
773
758
794
801
810
778
812
811
801
769
778
770
767
750
730
725
737
717
698
707
714
717
704
699
753
710
749
756
782
761
736
770
796
847
851
814
771
805
800
814
737
802
804
766
730
771
747
796
827
831
782
832
850
848
805
834
862
874
850
820
840
865
838
833
846
883
881
830
859
867
817
791
829
840
862
813
822
819
830
815
804
820
814
806
768
798
803
808
779
800
802
801
763
784
780
800
781
812
815
823
805
823
815
795
769
772
781
741
732
755
771
739
729
737
762
733
714
729
744
740
708
724
741
748
714
714
717
726
722
696
712
725
746
759
722
743
744
764
732
743
767
784
742
709
701
699
743
771
833
771
732
748
767
722
754
736
739
703
715
737
771
808
763
794
814
826
819
813
821
850
832
842
866
876
852
821
834
833
845
799
820
824
803
793
776
795
823
814
795
804
815
835
797
812
811
823
777
787
787
800
789
763
787
789
797
781
788
800
790
759
770
769
779
764
796
790
775
786
795
753
766
758
789
747
725
749
753
772
736
755
771
790
733
748
760
745
726
756
773
771
741
777
777
769
730
747
744
719
728
734
760
749
758
819
801
812
766
768
732
708
711
691
694
711
740
718
725
752
854
772
761
794
808
739
721
717
730
771
744
707
688
684
689
683
684
685
683
672
687
682
697
743
755
706
709
742
778
752
741
786
789
772
742
769
823
753
751
794
809
732
738
736
761
701
721
734
742
735
721
731
756
793
738
745
739
744
710
728
740
744
708
728
729
752
740
717
739
759
736
732
700
705
721
720
684
702
709
719
694
707
715
707
693
729
751
771
764
719
726
733
741
755
706
727
738
864
801
813
764
785
777
776
739
729
751
825
807
803
761
805
810
805
771
737
761
782
784
754
746
749
760
778
723
722
728
755
719
704
721
735
744
707
717
731
752
718
738
744
760
727
772
793
777
732
724
727
738
741
709
711
713
729
699
717
735
776
731
732
746
755
737
706
711
723
736
699
715
731
718
699
713
722
714
690
696
697
699
687
672
670
688
708
713
694
678
656
640
618
617
606
605
605
604
606
608
609
611
612
611
611
614
610
608
605
604
604
605
604
609
618
616
617
622
625
638
687
795
734
804
714
748
732
784
853
816
841
799
777
765
735
729
734
745
713
675
686
713
911
893
855
761
745
770
810
849
852
798
769
774
774
795
792
801
827
795
812
810
826
803
783
771
777
790
771
751