702
731
724
717
702
693
668
647
650
686
724
701
718
732
726
737
725
712
706
689
686
681
672
681
670
675
689
693
685
689
709
698
679
666
661
644
644
643
649
666
678
678
670
659
646
643
648
652
654
646
648
654
667
675
662
639
634
629
624
617
619
630
648
639
648
686
683
687
672
686
697
689
676
665
689
690
691
721
741
709
701
708
711
685
671
672
679
688
692
692
681
660
659
672
667
666
742
777
748
781
778
774
750
765
770
758
748
769
763
750
780
790
780
749
767
769
764
756
789
799
771
803
805
793
786
771
749
771
784
758
787
807
774
792
793
778
780
819
808
824
850
889
844
826
840
836
793
808
796
761
774
763
745
753
784
823
841
813
836
815
797
813
787
799
813
831
842
807
823
838
825
805
777
778
771
791
810
834
813
808
836
846
824
847
823
802
833
817
845
830
802
743
754
772
802
788
774
771
782
804
786
794
805
824
789
792
791
763
780
777
777
747
749
791
804
787
800
819
823
806
796
769
764
780
828
847
829
855
859
849
830
785
807
811
789
810
832
811
845
837
823
819
813
769
786
794
772
800
806
806
799
787
771
746
699
725
722
736
722
765
777
843
820
843
856
822
805
806
786
791
804
804
774
807
798
776
787
796
813
787
795
771
791
791
768
753
749
747
705
738
718
717
698
671
675
724
715
756
771
803
799
842
841
849
824
849
850
797
835
817
804
816
801
801
764
776
765
733
740
712
688
677
678
661
651
656
670
1374
664
645
654
673
694
698
723
734
772
734
708
743
719
728
753
736
749
754
747
764
753
730
742
743
722
723
724
747
781
759
771
742
722
714
713
714
692
684
688
692
692
687
689
693
717
750
793
782
778
741
726
739
769
829
776
796
821
856
819
802
810
811
779
796
789
771
753
761
790
806
791
839
836
784
770
762
766
766
796
795
773
767
773
721
731
754
766
764
770
775
769
794
803
784
802
797
810
785
783
793
829
831
827
830
823
805
807
786
792
780
779
831
853
851
826
859
850
840
811
832
843
817
787
808
780
763
735
727
743
752
750
750
723
748
735
733
707
699
704
692
676
669
663
653
639
641
646
647
649
637
636
644
648
658
691
738
738
769
784
797
775
748
734
741
736
725
729
718
747
766
761
792
816
805
804
843
842
781
795
771
747
776
772
769
818
820
805
792
810
787
766
806
825
765
773
775
754
758
807
792
768
792
785
767
805
812
782
784
794
771
767
781
775
743
732
713
682
698
709
723
711
719
732
717
706
691
710
700
683
689
697
714
729
728
680
693
689
688
681
654
655
650
656
655
659
650
652
644
648
651
627
641
645
656
663
659
662
665
640
646
644
644
648
652
661
657
657
648
649
644
644
644
630
627
632
634
639
620
625
626
641
624
625
637
658
683
711
727
676
696
692
694
688
684
667
663
672
696
706
728
745
722
723
740
746
752
765
773
737
767
768
750
749
758
751
735
752
753
742
756
771
755
789
796
777
776
785
765
752
763
749
744
758
767
755
773
778
758
778
775
761
770
763
749
761
757
744
755
751
779
795
784
806
806
802
792
813
804
784
800
803
819
793
819
812
799
778
801
807
779
827
846
824
806
820
822
811
772
793
801
793
804
825
840
796
814
798
784
765
798
809
794
812
814
827
813
792
806
781
771
776
786
750
762
773
765
741
729
763
771
752
778
792
756
735
741
750
731
729
765
788
784
806
822
818
780
793
784
768
748
772
803
802
781
809
825
799
773
755
777
788
766
805
757
729
717
771
828
773
753
728
757
743
746
745
771
765
744
767
782
790
752
778
773
771
775
810
828
807
800
802
810
788
795
771
761
782
783
755
778
779
758
751
765
818
857
819
800
823
813
809
787
802
795
820
819
800
828
838
823
841
848
855
822
813
826
846
833
818
843
847
816
843
844
810
829
794
807
807
793
788
808
814
795
814
804
788
789
802
798
781
798
808
786
788
788
791
764
778
778
769
767
784
789
769
788
786
778
774
783
751
742
729
729
711
723
699
726
766
769
765
780
770
742
753
744
744
717
727
743
773
768
785
814
801
781
797
813
773
769
789
789
790
758
759
783
807
792
767
787
797
778
779
788
815
773
790
801
779
769
770
805
822
781
752
771
771
775
753
775
792
812
758
772
771
803
755
774
816
827
796
819
820
806
772
782
792
761
757
762
772
755
771
770
763
742
751
763
748
754
743
738
729
733
734
721
717
715
706
705
712
718
707
689
690
691
685
691
711
710
691
684
677
669
652
648
655
674
699
696
716
748
813
773
818
815
784
788
792
790
752
757
778
799
760
757
773
771
742
757
766
771
762
753
789
806
795
768
811
816
819
782
813
811
813
776
800
804
809
793
773
803
817
813
791
820
824
814
777
808
805
788
760
793
802
813
776
769
788
779
748
741
764
767
784
770
800
815
784
800
787
771
755
756
769
771
747
786
800
792
783
817
822
795
801
810
815
792
793
797
804
780
779
789
758
735
769
745
770
791
792
775
790
805
772
780
808
860
833
825
836
819
794
799
803
812
800
840
851
861
826
843
822
815
801
790
759
764
760
761
755
751
770
772
776
749
775
743
761
776
771
770
769
756
723
729
719
698
688
697
726
748
784
789
813
817
834
782
815
851
816
780
803
835
792
810
824
786
758
775
792
753
765
789
790
768
779
793
800
770
790
793
773
787
784
781
747
767
748
763
747
759
787
799
760
784
794
808
769
786
801
798
756
771
786
784
774
813
840
834
792
762
764
772
773
749
771
772
746
759
756
777
794
819
789
745
748
730
704
687
689
686
711
743
774
813
755
791
796
786
757
782
861
870
818
860
888
884
842
858
855
828
813
841
845
836
830
829
795
814
820
818
785
786
775
771
747
766
763
750
746
775
777
736
747
741
720
721
703
690
729
752
716
704
710
718
720
704
710
729
714
695
709
723
722
738
739
730
724
752
738
722
737
727
713
703
711
684
701
698
672
680
666
666
662
655
658
662
652
644
638
631
615
616
605
609
619
608
613
622
635
642
647
655
657
651
648
636
635
635
635
633
635
645
652
652
657
646
648
652
652
646
645
644
654
645
652
676
688
675
671
678
680
682
677
669
667
663
655
648
650
662
675
683
675
676
702
714
700
710
705
705
737
748
740
729
723
683
697
687
697
705
736
729
732
730
756
755
754
734
734
686
701
686
729
762
764
769
766
751
731
721
695
695
686
715
750
741
753
729
701
714
696
696
700
687
701
702
671
711
717
742
725
728
716
714
686
710
702
688
690
711
725
730
713
713
749
772
764
768
761
750
744
729
696
689
725
776
793
802
800
793
775
759
723
735
750
745
773
749
753
749
719
736
785
797
731
752
803
817
800
785
801
794
772
788
797
795
780
756
783
784
800
813
806
819
834
826
824
823
814
778
760
759
737
744
771
793
807
824
789
780
784
813
784
749
762
819
805
812
827
836
829
823
823
820
861
875
872
833
850
854
886
912
866
813
797
779
746
723
749
826
860
851
849
863
874
871
827
862
855
850
812
853
906
896
855
853
850
815
830
835
870
889
852
862
859
846
813
818
807
809
790
794
801
788
769
766
791
773
782
809
790
803
821
820
770
786
823
852
788
803
802
813
806
838
831
780
808
822
842
829
788
797
813
769
788
818
784
773
782
787
752
738
727
709
733
733
760
771
748
786
792
826
799
804
839
840
844
854
826
844
840
804
823
835
854
852
848
858
842
843
856
862
823
840
830
812
832
839
814
823
834
826
808
834
837
839
803
824
816
803
835
833
803
834
842
806
790
805
813
797
809
822
806
794
813
825
807
813
812
796
785
793
792
780
768
784
787
813
827
813
800
786
746
740
775
763
786
774
750
778
843
791
855
856
849
793
839
870
865
806
815
808
847
785
829
827
847
782
829
835
859
784
763
771
809
846
860
837
851
867
859
830
804
827
820
820
791
774
800
806
809
798
816
793
775
785
803
778
769
809
766
772
782
802
761
771
802
764
767
767
756
752
756
771
805
769
772
808
813
795
801
813
832
836
817
841
813
810
803
753
724
775
782
811
850
847
817
862
840
820
829
841
854
862
873
873
830
817
844
868
830
866
895
878
834
861
858
807
823
822
817
797
813
815
803
788
819
832
847
815
832
837
844
808
803
809
824
843
818
844
862
867
877
854
864
873
867
839
856
856
870
849
844
868
838
830
854
867
841
817
830
830
796
827
828
825
800
824
828
812
813
793
771
761
752
728
752
788
796
784
844
830
796
825
800
763
756
754
759
740
769
752
758
764
729
722
724
732
750
754
751
752
750
745
739
726
711
705
694
682
656
669
634
636
650
667
671
685
739
743
756
766
779
754
733
740
709
767
780
824
828
806
843
827
813
845
875
829
832
854
875
867
833
872
899
900
836
864
873
852
826
855
867
861
812
836
839
849
818
854
880
900
894
831
854
850
853
839
815
846
862
874
871
843
870
866
867
827
850
846
816
791
795
801
776
766
771
792
825
826
802
818
802
784
795
778
751
728
707
709
708
700
688
736
796
775
752
786
813
803
825
777
815
829
835
789
831
833
823
816
783
801
828
859
784
810
870
850
824
837
857
854
817
832
846
852
840
891
863
815
859
904
884
856
830
833
830
797
832
872
829
851
865
844
798
820
830
801
807
844
847
827
794
811
771
791
769
775
788
746
729
791
780
795
827
823
805
834
821
792
805
821
795
869
924
847
803
819
821
787
784
830
882
813
791
807
842
789
805
834
769
792
795
745
717
724
723
737
754
764
749
764
767
780
800
754
750
765
750
735
723
731
728
709
695
697
705
723
725
700
729
716
714
688
692
687
679
660
655
669
672
680
671
660
655
648
638
621
617
612
609
605
595
595
597
600
605
598
593
594
592
584
581
584
585
587
588
588
582
585
587
587
588
589
582
579
579
573
572
572
576
577
577
576
573
570
567
565
563
563
559
556
554
552
547
548
549
550
551
547
547
545
549
552
556
563
582
586
594
593
583
583
589
597
599
600
604
614
621
625
625
621
615
609
608
620
655
678
686
702
692
679
677
679
672
685
694
698
698
706
721
726
738
720
729
747
766
772
757
768
769
777
731
749
752
758
748
739
747
764
721
706
696
690
686
673
673
675
683
695
713
713
687
683
667
652
633
633
637
631
607
616
623
645
640
639
645
650
639
647
647
664
660
661
678
719
728
718
754
756
717
734
737
742
751
752
720
723
727
716
707
713
705
687
691
684
676
661
649
651
641
636
663
667
686
701
714
688
693
682
674
667
675
684
721
710
697
715
725
702
691
690
680
666
644
643
642
657
658
672
681
700
675
677
681
682
667
681
674
658
643
647
645
651
657
675
660
665
669
684
676
668
682
688
690
698
710
717
700
712
722
712
697
706
715
727
702
723
729
732
726
719
727
742
750
716
730
720
713
705
691
687
673
684
680
710
732
755
730
757
786
787
751
742
740
753
749
733
759
762
766
736
758
766
732
713
701
694
682
681
687
688
671
691
745
718
742
766
769
748
754
768
780
736
741
768
783
779
759
778
796
764
741
729
740
782
771
795
823
871
868
828
824
805
794
761
780
777
770
746
767
766
739
740
741
724
691
668
659
644
610
601
597
588
584
585
588
591
591
594
603
605
604
599
597
604
610
628
660
719
794
716
697
693
719
754
809
766
740
761
780
813
807
787
777
760
772
722
724
730
723
705
693
670
647
635
647
644
660
682
703
693
700
714
720
692
705
716
728
700
714
728
736
715
716
727
720
701
717
714
713
691
718
708
727
710
732
720
710
697
709
707
722
706
761
776
755
745
754
729
714
715
709
709
700
715
732
720
709
729
720
714
703
721
733
713
701
703
699
691
680
666
670
675
680
705
710
709
696
700
715
716
683
680
683
707
680
677
674
656
692
692
708
729
707
687
676
676
713
766
777
843
811
796
763
732
703
712
725
752
781
793
771
746
771
770
747
734
749
779
789
790
753
764
751
751
744
740
738
730
694
722
713
710
717
717
717
695
688
697
711
726
708
717
724
723
691
680
679
677
665
660
671
686
684
668
682
694
721
724
724
749
772
782
746
761
761
760
727
727
735
728
703
722
725
739
738
736
776
775
751
740
745
706
681
672
646
618
612
607
601
597
595
591
592
590
590
587
583
582
576
571
569
573
583
588
603
631
653
677
681
693
725
757
739
719
730
758
755
731
723
744
747
722
743
743
734
755
747
734
696
673
653
637
632
639
644
658
669
668
675
677
670
673
681
716
725
734
786
840
822
820
784
785
778
746
734
735
736
769
758
775
759
768
717
716
693
668
653
654
664
669
699
766
765
772
720
683
699
723
742
748
769
717
705
683
681
676
670
674
676
676
668
672
671
661
659
650
634
628
629
632
649
667
667
691
744
740
765
734
727
735
733
706
727
746
824
776
773
765
771
771
742
741
740
748
746
737
756
745
731
727
740
773
777
785
762
746
725
742
748
735
742
755
728
712
719
725
718
704
688
683
676
669
665
665
653
660
674
672
682
700
720
713
716
718
712
708
712
696
711
715
730
709
701
711
736
729
701
683
684
684
685
697
706
720
723
715
731
721
737
735
734
712
704
711
745
777
774
756
743
730
718
706
697
692
678
662
674
709
713
717
696
720
770
800
779
756
743
739
756
743
747
731
705
688
710
749
749
727
714
729
742
772
769
752
742
709
707
703
692
696
684
663
673
685
672
660
672
688
704
717
711
687
688
688
695
713
718
726
694
688
682
685
697
701
688
690
702
712
714
731
722
693
692
672
661
648
640
636
635
646
637
625
614
618
614
621
619
617
615
623
625
623
622
621
615
610
603
602
606
616
637
658
644
635
643
652
646
636
625
619
605
598
596
586
582
577
570
571
572
576
575
585
586
582
582
590
593
591
596
607
612
601
604
605
606
604
596
595
591
583
589
586
588
591
591
590
590
588
587
587
582
575
566
567
559
551
555
564
564
586
618
626
652
675
707
654
682
669
679
672
700
724
724
751
705
722
720
699
676
675
653
648
642
651
657
669
659
646
644
642
629
619
628
641
623
625
621
622
619
613
611
617
625
621
614
614
609
612
611
612
618
623
619
629
634
642
645
636
640
644
646
645
635
639
633
624
619
612
616
617
619
626
635
637
627
637
643
655
661
676
689
694
679
688
690
682
678
681
677
664
661
666
661
663
663
657
646
623
606
602
604
614
636
648
638
635
654
701
706
717
686
680
653
663
649
652
655
660
663
665
681
696
695
675
673
674
667
666
654
641
634
617
617
620
645
632
647
646
659
665
656
656
666
684
671
688
691
693
673
674
670
659
653
655
672
701
702
689
725
739
743
736
753
746
755
737
717
731
730
730
735
704
726
730
740
741
710
716
715
719
730
717
693
693
696
718
714
719
722
733
704
699
694
713
729
708
700
706
735
738
739
717
729
719
706
693
706
723
760
724
710
697
699
713
684
688
692
688
686
691
668
661
652
638
634
648
648
648
637
631
626
637
642
639
642
649
648
655
642
646
648
651
642
623
618
624
633
638
646
633
637
637
632
635
623
622
622
618
607
612
623
639
614
611
609
605
601
602
600
601
594
587
589
595
594
600
598
597
595
592
581
580
580
580
578
581
578
576
575
572
570
566
563
556
550
549
543
538
538
541
539
540
542
541
541
543
543
547
547
545
544
540
537
538
542
544
542
537
536
534
531
530
531
532
533
527
525
526
525
525
525
524
523
522
523
521
521
522
523
526
527
529
534
537
538
541
540
537
538
536
537
537
539
541
537
534
528
529
530
533
537
545
550
555
561
565
563
564
564
568
568
564
564
562
561
560
565
568
571
566
563
556
557
561
566
571
563
559
561
564
562
568
565
569
561
563
558
556
556
559
559
561
562
563
564
563
564
565
565
555
556
557
557
558
564
567
570
573
571
576
579
572
571
573
575
579
587
590
598
601
599
594
595
582
578
580
581
586
591
596
590
591
593
594
586
581
583
585
581
580
582
585
591
599
605
608
603
595
588
588
587
592
596
598
609
607
610
608
595
596
588
593
601
613
618
625
623
620
617
615
616
617
621
618
617
616
615
609
604
602
599
597
599
600
604
605
616
604
603
614
629
608
613
615
613
605
605
606
611
611
615
613
614
606
601
582
582
574
579
582
588
597
606
592
591
590
585
588
591
600
610
604
604
605
606
604
598
585
584
586
597
605
606
603
599
598
608
617
635
643
639
634
616
600
597
592
588
581
578
583
589
603
607
606
597
596
597
605
600
609
613
616
610
604
599
596
599
603
608
617
620
604
613
620
634
646
641
655
660
675
663
661
664
676
690
690
670
676
671
677
672
670
661
655
637
625
615
627
639
646
631
631
624
633
639
644
642
647
651
656
634
638
636
631
624
633
646
651
661
676
667
675
685
689
699
684
667
655
647
639
662
716
725
738
725
692
670
671
687
697
680
663
697
711
690
691
710
733
724
702
687
692
688
706
712
717
715
692
689
674
656
646
667
688
697
738
745
771
776
764
783
768
758
771
776
811
737
739
741
760
742
719
726
745
752
752
755
753
720
710
706
701
684
675
658
665
693
720
730
704
697
695
697
683
671
657
653
663
661
675
712
780
812
737
703
695
735
780
833
796
754
730
733
750
756
744
722
694
697
714
734
751
720
700
695
704
705
681
668
653
659
667
662
671
694
717
731
722
700
689
701
715
744
762
744
751
771
792
807
775
746
728
727
740
790
792
795
751
727
724
713
685
690
699
720
754
758
749
754
769
766
773
773
729
709
700
684
698
676
680
713
716
732
745
756
758
747
769
807
814
788
746
736
767
783
813
765
765
772
771
766
758
734
735
761
816
827
795
769
743
737
779
789
813
761
731
718
734
766
722
726
711
687
686
699
760
750
723
713
747
738
767
751
719
699
708
757
858
840
775
757
743
743
727
697
714
721
714
721
742
749
736
719
717
725
747
765
727
719
721
720
712
718
744
759
772
732
712
736
766
818
798
755
756
820
829
780
753
764
788
805
746
730
794
789
774
777
805
794
750
749
760
808
836
834
771
783
813
805
783
771
762
719
696
706
716
715
726
758
772
763
745
727
702
685
686
723
719
721
688
726
753
740
741
761
781
778
744
717
700
718
739
741
722
703
690
700
716
744
767
781
769
760
764
756
742
731
743
777
824
803
760
751
771
789
792
775
751
722
698
688
689
692
712
740
749
779
752
729
733
786
806
837
790
758
732
742
802
817
821
774
758
761
755
758
727
715
710
720
737
729
722
728
738
735
729
714
694
687
691
690
696
714
747
759
767
750
717
716
729
782
847
854
834
776
750
768
844
903
873
813
782
766
796
815
789
787
753
761
783
806
804
764
740
728
727
706
697
683
705
715
714
740
779
811
788
765
737
732
743
756
749
735
746
782
834
810
786
745
731
733
724
713
702
742
726
737
763
788
785
744
757
762
788
792
788
788
799
842
835
867
861
830
780
774
770
771
767
785
759
763
775
810
786
740
713
681
679
719
736
731
734
744
814
822
801
758
744
747
745
764
743
727
727
734
721
696
680
692
727
767
818
831
770
762
752
753
784
775
730
732
751
790
805
761
747
737
718
696
682
658
674
738
725
719
733
788
826
817
793
740
732
750
767
798
823
759
756
776
818
776
806
818
838
844
839
789
817
818
833
800
772
790
812
814
801
779
784
802
783
760
777
783
799
815
791
763
758
765
791
811
798
776
758
771
765
753
776
805
772
743
734
759
813
811
762
760
756
756
762
774
756
735
750
788
771
773
795
753
742
753
799
765
751
736
748
769
781
757
729
706
709
717
749
771
760
736
723
724
728
735
720
721
755
774
776
757
751
748
727
706
730
720
728
705
740
759
773
792
813
816
800
769
748
753
759
800
815
800
807
743
733
745
780
786
769
749
735
722
739
734
708
693
694
701
732
744
742
729
735
757
783
797
797
780
780
787
775
747
739
747
788
759
732
715
757
742
741
758
782
800
831
816
784
748
740
761
805
818
808
816
802
800
802
805
799
774
744
742
790
870
837
790
753
759
773
793
802
758
729
757
748
726
737
733
725
709
702
695
678
669
669
662
660
655
646
639
630
620
616
617
628
638
641
660
694
741
765
731
730
761
794
809
781
747
730
736
743
728
722
767
823
832
844
809
782
752
754
804
797
752
738
766
821
833
826
778
786
777
778
768
749
767
821
898
907
924
880
802
768
764
828
1018
880
854
821
827
825
807
786
784
793
769
714
701
736
754
739
737
775
831
814
766
771
798
824
846
805
775
780
814
831
791
758
763
815
811
814
787
783
798
854
886
887
839
769
757
772
792
770
764
778
759
753
745
801
834
822
832
842
851
855
806
791
778
843
918
841
834
816
836
839
851
815
801
793
801
774
784
785
774
733
720
742
739
730
742
781
810
789
768
765
795
850
858
793
759
766
797
872
841
804
808
788
760
724
722
724
721
705
698
691
683
681
710
713
719
737
740
747
745
749
757
765
756
800
805
793
821
830
825
813
798
802
816
807
796
819
850
863
841
837
841
843
808
776
791
797
796
796
803
805
783
754
760
774
789
794
782
789
783
796
800
775
781
762
764
766
734
726
727
743
729
703
712
729
757
732
732
721
732
729
725
714
729
751
760
747
729
732
749
719
704
701
715
717
723
752
789
801
810
782
737
728
743
801
838
822
783
763
766
775
784
796
750
727
722
732
730
723
728
729
730
703
721
744
794
813
798
771
746
731
737
777
807
823
790
765
762
806
826
809
755
729
721
722
736
797
806
821
864
812
766
752
754
810
883
840
835
805
809
818
802
759
753
745
738
720
705
724
752
745
761
802
841
865
873
803
746
737
771
874
859
863
811
771
746
748
723
764
771
753
755
774
807
815
760
752
759
800
840
820
773
759
769
799
836
808
771
743
747
750
790
804
799
774
757
764
754
722
705
705
716
725
729
782
798
811
795
766
749
758
791
812
818
788
762
771
813
838
825
781
765
749
729
734
712
722
758
743
742
755
811
870
857
887
813
772
752
771
915
898
875
831
795
797
803
844
831
813
790
781
781
783
829
872
836
808
807
802
796
766
752
750
779
812
770
765
766
792
732
735
708
720
735
745
762
798
813
761
750
783
789
800
761
760
787
795
795
758
759
753
774
759
734
737
762
777
759
765
796
835
774
755
737
716
685
693
720
729
725
716
698
697
706
718
703
692
693
710
706
688
673
681
684
676
668
678
693
702
711
711
699
697
681
673
680
708
725
748
739
739
732
720
697
677
675
687
701
691
698
706
730
741
723
725
709
688
674
688
700
709
712
708
703
691
686
669
671
698
748
744
771
796
786
760
756
771
771
749
736
739
745
743
744
737
711
723
742
743
728
745
743
738
716
696
704
728
783
771
738
776
858
879
850
796
786
880
882
893
849
834
864
888
908
924
876
861
898
916
912
868
838
857
875
896
894
849
832
850
873
904
879
834
855
852
851
809
816
815
835
855
869
843
863
873
867
868
842
817
826
859
882
898
871
836
836
822
792
762
754
762
768
764
754
768
766
747
726
734
736
742
749
741
710
699
691
701
694
708
719
707
723
705
718
728
725
731
741
753
754
756
773
766
736
729
725
727
740
773
777
786
793
805
769
739
761
795
793
803
827
848
847
832
777
781
808
814
847
828
830
816
811
781
749
771
790
815
792
765
777
763
768
710
702
695
680
673
677
678
675
670
666
669
669
664
656
651
657
673
667
668
688
715
733
725
724
711
694
681
687
704
739
775
846
861
996
931
835
759
742
789
864
873
807
786
795
835
765
733
730
727
743
762
750
730
723
719
725
711
694
699
714
719
754
806
800
861
821
756
761
817
873
908
900
805
792
817
837
778
739
723
765
806
897
889
819
850
865
907
922
874
872
823
825
870
899
891
851
869
891
914
898
830
839
859
826
795
793
802
796
784
791
799
781
765
772
763
748
729
711
716
712
752
813
850
856
779
740
730
750
813
812
869
801
780
774
811
793
780
785
794
831
773
821
798
783
761
762
754
732
722
736
801
753
726
712
735
742
813
849
883
808
764
754
795
836
858
802
834
869
833
782
782
813
869
880
807
813
794
820
785
784
796
791
760
772
773
786
771
753
750
764
777
752
740
759
760
744
711
704
700
700
746
805
784
758
724
725
771
843
872
786
752
755
779
795
794
768
728
720
728
759
746
729
734
778
827
858
804
773
795
865
854
826
799
757
749
779
830
852
854
778
766
771
831
851
854
812
812
828
848
863
861
870
872
831
796
810
811
786
804
794
781
740
736
731
744
771
815
824
798
785
792
822
848
880
836
808
773
780
805
849
844
845
800
807
820
824
814
792
785
797
818
832
813
798
780
767
771
804
836
790
775
780
774
787
814
821
844
793
773
748
762
811
868
868
837
801
800
826
849
838
839
807
790
803
820
826
826
800
812
827
843
851
842
806
771
753
764
783
802
815
771
737
729
720
716
701
685
680
683
690
697
708
709
702
688
669
664
662
657
658
647
645
653
654
637
655
678
697
688
678
671
687
702
708
691
677
666
670
684
699
701
689
669
667
680
689
696
706
705
690
689
704
719
721
713
700
680
675
664
660
660
688
708
735
728
716
699
705
703
702
684
673
666
681
689
717
709
722
740
709
692
684
687
679
674
682
696
704
705
694
682
677
685
717
788
730
723
717
734
795
802
804
769
734
714
714
733
810
794
749
737
709
691
703
701
723
771
772
767
773
760
782
817
932
880
840
777
799
835
861
856
854
822
786
779
769
741
714
717
717
729
746
789
802
806
763
744
756
765
792
789
776
748
772
779
818
826
781
755
765
785
813
831
785
774
806
820
820
794
760
755
754
771
789
786
759
765
765
766
732
756
745
742
775
802
818
820
781
751
757
751
783
777
754
776
766
783
771
756
753
771
781
774
734
721
732
751
762
754
743
759
783
810
809
779
787
798
792
741
751
753
767
758
753
785
808
837
788
768
762
769
776
736
721
739
744
735
720
708
688
678
677
696
765
800
794
779
738
732
736
785
786
754
730
729
770
791
782
758
719
713
718
723
727
730
711
703
690
689
670
646
645
640
645
648
668
694
707
709
689
683
689
688
675
654
641
638
633
642
655
698
721
683
694
702
727
724
696
705
730
742
752
713
713
701
704
692
666
669
690
725
736
712
713
716
731
756
737
718
716
725
746
734
726
732
720
769
760
729
729
753
790
809
789
738
726
722
729
748
726
744
772
795
771
745
751
751
731
701
676
674
680
685
712
845
753
768
758
765
759
733
687
666
660
689
706
694
732
760
754
745
698
696
693
683
660
664
656
648
668
678
690
691
687
694
688
674
680
663
669
672
665
661
661
646
646
650
662
663
674
663
656
667
650
670
667
672
683
685
692
685
682
670
654
646
652
646
649
650
642
635
624
637
653
685
686
688
678
670
670
670
668
649
646
657
658
655
657
646
638
633
644
660
673
686
680
682
690
709
726
735
747
756
739
730
722
757
757
768
753
744
717
687
687
708
737
770
768
769
771
793
784
770
758
781
790
799
808
817
832
901
850
832
817
793
803
823
776
768
747
716
768
769
722
638
734
707
729
740
731
721
705
692
674
664
659
660
656
658
654
657
659
658
653
648
641
664
654
652
656
658
651
652
644
632
631
633
633
634
640
644
639
635
646
652
656
660
658
651
647
656
663
679
674
663
643
646
648
667
684
697
683
705
735
774
765
760
731