692
669
657
650
651
678
731
727
734
723
702
689
688
678
668
629
604
591
580
581
571
553
541
532
526
526
534
553
547
552
555
554
545
542
545
543
537
542
551
534
522
523
537
543
546
565
567
566
552
561
563
569
567
594
617
636
634
646
648
633
646
628
605
585
582
587
580
581
596
597
609
606
596
580
574
643
632
620
598
572
557
551
534
522
534
561
629
661
708
689
656
663
662
635
601
607
601
595
595
604
576
566
573
625
635
613
591
556
547
561
586
625
662
706
711
712
732
718
691
668
654
646
614
594
589
600
609
613
608
615
618
619
614
612
607
591
588
593
592
580
584
605
624
627
621
617
615
620
610
606
589
582
561
531
522
540
573
1326
605
610
1248
585
1206
532
523
552
639
688
706
644
623
599
593
603
595
584
566
553
536
528
537
659