547
544
541
536
540
548
549
544
536
553
552
554
548
554
559
557
548
546
548
541
537
526
535
538
529
532
537
546
534
543
536
531
542
542
537
540
540
545
544
550
554
542
550
555
550
550
549
546
551
538
534
533
528
520
519
511
502
494
490
493
497
520
535
558
582
569
554
544
533
519
507
500
500
508
498
516
555
586
600
716
713
659
600
589
588
582
577
582
586
578
564
569
579
584
591
640
657
638
618
623
624
635
595
605
606
619
609
597
600
604
592
591
603
629
640
612
617
618
619
615
609
627
623
610
615
627
624
608
613
616
608
599
610
616
604
597
593
581
579
610
608
604
599
608
610
604
605
621
615
609
604
608
337
265
593
595
584
576
580
591
589
589
607
604
599
594
614
645
630
617
617
627
605
595
576
1177
568
590
568
564
567
569
585
619
672
708
713
706
701
688
683
648
638
610
591
580
573
572
568
562
553
574
581
586
571
584
598
604
598
591
596
597
592
597
606
609
600
589
587
580
580
572
567
568
574
564
568
571
582
591
577
573
578
589
589
589
588
603
610
604
601
586
584
586
576
572
583
607
605
604
595
588
595
596
592
596
614
618
628
625
603
597
584
576
583
584
583
598
623
610
595
582
573
588
581
556
559
534
528
532
539
539
534
534
524
513
517
523
533
544
551
556
554
578
599
608
603
605
611
595
584
582
557
545
552
557
575
562
559
566
557
563
578
587
585
583
563
546
538
529
526
525
529
549
571
586
616
657
670
658
654
646
639
630
614
619
625
616
615
615
628
637
635
636
637
640
633
624
622
619
600
593
593
596
597
597
594
605
620
629
624
633
643
640
640
624
622
620
624
616
625
618
622
612
613
617
614
606
608
610
605
601
601
609
610
604
611
623
622
631
626
630
624
614
609
615
607
601
598
602
606
587
578
580
581
575
573
584
592
587
589