573
564
566
563
563
556
554
558
554
557
549
546
548
563
578
593
576
562
548
539
530
517
512
512
522
591
669
746
755
712
679
649
621
606
594
588
582
578
576
574
578
584
589
589
587
578
576
561
560
553
543
536
534
537
536
537
538
539
537
538
541
549
561
572
585
591
589
590
584
584
578
573
568
565
562
563
565
570
563
564
558
555
546
541
538
539
535
539
543
554
559
570
584
591
588
588
580
573
563
557
552
551
552
548
544
542
546
554
553
552
559
564
570
565
570
564
561
554
548
545
543
544
539
540
538
542
544
541
548
547
549
553
559
554
557
556
555
553
553
551
554
567
559
560
562
563
559
556
559
569
573
573
576
580
576
580
578
578
580
581
575
571
567
563
556
550
553
565
563
557
553
551
552
552
557
564
573
576
580
583
585
1168
587
580
582
577
581
590
596
603
612
610
609
604
603
606
604
599
591
579
575
573
576
581
600
621
632
1239
620
612
606
602
596
592
580
580
594
609
614
613
615
628
622
618
610
619
638
662
653
640
625
612
596
580
571
570
585
590
592
603
1230
619
611
610
600
596
588
587
586
586
585
584
589
593
597
592
592
591
588
579
575
573
571
571
587
595
588
578
569
569
565
562
559
558
560
562
563
559
562
568
568
578
589
597
596
596
604
602
601
592
588
584
579
583
589
610
617
612
602
489
522
418
3647
534
286
268
585
561
558
550
543
538
542
557
576
646
666
704
691
673
662
652
638
621
616
613
494
709
594
592
588
585
584
582
579
574
583
586
587
577
573
570
567
565
563
570
581
584
592
599
598
594
584
576
578
577
571
566
559
563
572
578
595
616
614
619
616
611
608
601
596
584
573
569
571
581
578
579
587
595
597
607
615
615
608
605
604
600
597
600
597
589
585
581
583
583
580
572
572
575
589
596
601
606
605
610
613
610
604
597
596
593
584
573
562
560
564
564
572
588
608
610
620
636
646
642
636
635
637
624
624
625
624
616
609
613
617
619
617
624
626
623
617
614
615
610
613
613
613
606
602
597
595
593
593
598
598
597
594
597
596
591
586
580
581
582
589
598
603
603
597
593
587
586
588
591
597
609
601
597
582
576
574
571
576
586
588
593
599
599
595
583
581
582
582
580
583
587
591
594
590
591
591
590
578
574
566
564
573
580
558
544
536
536
544
564
577
606
653
681
668
670
673
679
675
665
657
643
631
628
619
616
615
616
621
617
613
606
608
605
604
605
614
618
613
615
621
626
629
634
635
634
629
632
634
633
627
623
626
626
621
616
609
611
611
611
615
617
614
608
606
601
597
593
591
592
597
599
597
603
609
609
608
605
599
595
591
591
586
584
583
582
579
575
568
561
562
566
571
570
560
556
545
532
523
517
512
509
506
501
500
503
506
510
507
507
512
512
510
507
511
517
521
531
540
559
573
589
601
621
611
594
582
568
548
540
540
544
552
554
560
564
565
562
556
550
547
546
541
542
541
547
554
553
556
558
561
560
556
546
544
542
543
540
545
551
555
559
560
563
567
570
566
564
571
573
573
568
565
567
570
567
563
554
552
556
554
548
544
549
556
567
566
569
578
578
576
581
587
583
574
568
560
556
549
550
546
546
545
542
541
547
548
552
561
577
585
585
593
600
596
593
585
579
569