628
640
610
616
620
623
622
628
628
624
616
617
617
595
604
629
651
628
628
621
608
590
592
595
568
570
593
581
574
574
573
568
566
563
559
547
544
549
541
527
530
536
537
539
536
531
524
518
519
528
545
546
563
592
604
1207
544
538
337
696
509
1103
540
1264
588
1265
582
601
611
614
623
643
655
643
649
642
626
608
610
601
596
589
608
626
621
639
636
629
625
628
625
610
612
618
606
608
610
610
602
612
639
646
627
612
604
600
597
607
615
609
605
617
631
619
614
604
603
605
625
640
626
629
632
631
623
643
653
650
659
651
646
635
630
627
622
615
614
618
625
624
642
642
636
627
627
631
621
613
618
610
600
586
577
562
580
609
635
634
630
614
620
621
618
611
603
598
586
574
559
548
536
542
561
570
580
597
612
615
608
604
609
609
618
615
646
645
641
644
648
647
641
622
622
620
618
608
617
638
681
695
691
684
660
652
625
610
591
585
560
541
542
570
583
596
598
647
632
627
603
597
584
571
583
606
632
649
671
689
691
677
660
632
619
610
601
590
585
589
593
592
578
568
578
584
594
600
591
604
606
599
590
591
592
601
600
599
600
607
600
591
581
584
585
584
578
572
583
595
605
596
589
596
592
587
584
593
600
601
596
605
618
624
618
617
619
623
623
618
617
630
633
632
628
642
643
648
648
655
648
652
649
647
651
648
637
627
608
598
590
584
580
591
608
630
622
621
617
613
608
594
592
604
596
589
588
570
577
587
604
614
643
661
689
692
699
675
646
632
625
613
605
608
620
613
608
632
649
649
641
645
647
643
620
624
635
642
640
646
646
654
646
651
654
648
637
633
642
644
646
640
642
650
658
661
658
666
668
662
660
660
677
673
675
667
672
664
671
664
666
672
660
649
634
625
618
611
619
641
645
635
623
617
615
604
595
584
580
578
568
569
581
603
629
649
657
660
651
624
611
599
592
584
573
574
580
592
608
602
614
628
629
622
624
633
620
616
605
609
609
611
604
608
616
618
622
615
621
620
625
638
635
647
646
641
625
622
612
599
576
558
556
562
578
588
596
635
652
660
631
609
593
557
544
529
519
512
509
504
500
497
499
500
501
495
491
488
486
488
491
498
502
503
495
494
491
504
525
562
578
577
567
565
563
568
578
600
621
684
727
734
711
678
675
663
651
623
616
616
625
628
629
639
644
641
641
632
653
665
680
665
658
665
657
653
646
635
635
625
600
586
586
598
610
621
607
604
610
618
630
637
617
607
612
606
610
608
612
625
635
633
626
632
637
646
648
641
627
625
630
624
615
607
611
612
601
576
571
587
592
602
584
578
589
589
591
587
584
596
604
610
614
615
632
641
644
635
617
613
609
609
606
601
613
624
627
606
592
598
612
616
615
598
591
594
604
614
626
645
680
702
709
681
684
662
660
651
645
648
658
666
652
646