710
728
728
716
723
754
784
808
738
733
702
720
771
745
736
710
685
657
646
639
639
641
631
635
630
623
614
607
600
589
598
616
624
619
623
625
646
646
646
636
620
611
607
609
621
624
634
651
672
646
647
635
651
658
642
646
633
649
656
651
646
645
651
651
637
622
621
620
613
610
604
601
602
619
629
636
648
650
634
629
623
622
621
618
616
618
634
649
659
658
656
656
651
647
630
613
607
608
612
628
638
686
725
729
718
690
684
678
674
661
659
657
650
650
635
628
617
605
601
591
595
591
596
610
632
649
649
666
689
700
715
691
687
676
662
640
627
612
613
621
624
638
657
662
664
665
660
675
698
718
701
693
680
665
646
641
638
650
667
659
668
694
724
720
696
693
684
650
639
630
616
625
636
652
688
738
771
747
776
769
748
708
714
690
682
659
648
632
621
605
598
592
590
589
588
583
582
588
606
621
630
618
623
676
695
697
697
681
658
635
620
609
604
599
588
594
607
628
654
669
661
680
655
640
623
631
625
624
617
620
630
653
664
647
636
622
619
619
613
613
615
640
662
684
689
668
653
647
636
637
633
640
647
658
653
657
678
708
708
700
681
666
649
635
616
605
592
600
603
612
608
615
621
626
620
625
619
625
637
629
626
621
617
609
606
595
588
581
580
577
571
577
585
584
585
584
595
611
627
641
640
629
637
647
653
637
628
636
635
633
626
626
665
726
779
853
840
788
786
757
723
678
656
646
646
636
625
630
641
664
672
672
683
695
720
718
729
719
696
663
646
629
634
637
652
651
665
664
659
649
636
663
698
704
682
672
664
651
639
625
622
621
620
626
616
610
613
625
638
648
649
661
675
679
658
648
639
634
624
613
607
605
610
629
642
648
649
650
654
646
635
623
619
621
631
630
635
638
647
665
682
678
674
689
683
668
667
652
641
627
613
604
598
598
595
609
612
629
669
686
676
684
689
699
689
663
647
635
623
611
595
602
588
608
614
626
642