464
503
496
494
493
490
491
497
503
507
510
504
504
499
498
496
488
484
481
477
478
477
480
481
490
497
517
500
514
548
646
672
654
621
679
621
617
573
560
560
558
565
557
541
533
522
510
503
507
530
543
604
633
657
621
607
577
566
564
566
546
548
544
536
539
536
537
536
533
524
515
509
514
530
573
608
613
568
569
559
552
532
531
518
517
515
506
503
503
509
509
506
505
496
493
493
496
502
503
504
501
494
502
499
498
495
490
497
506
509
511
507
501
495
495
504
507
502
498
492
489
488
493
495
518
559
595
628
617
641
641
650
630
636
596
584
567
569
563
552
554
561
564
563
550
552
548
538
534
545
551
538
538
540
540
525
525
527
523
519
516
519
516
513
513
517
526
529
526
537
544
549
545
529
527
521
517
512
512
520
538
586
554
563
547
540
529
517
507
501
500
500
502
508
528
560
554
532
524
529
541
543
541
532
526
517
510
512
513
515
528
545