682
696
711
692
698
698
697
707
705
701
686
688
689
666
647
641
632
619
636
655
666
666
654
653
637
639
653
673
680
739
748
769
768
728
680
643
631
614
610
641
658
653
678
699
664
633
601
573
564
554
550
544
542
544
549
569
584
601
606
609
610
602
599
611
610
604
593
602
596
619
654
661
663
641
640
629
616
610
604
596
600
597
597
602
601
606
599
598
589
584
574
570
572
581
597
600
605
634
644
640
625
617
627
662
680
680
673
648
633
646
685
710
694
675
639
643
670
683
673
668
660
646
618
605
608
624
646
656
676
676
686
700
699
703
689
665
653
645
641
640
674
685
678
683
694
681
668
660
654
633
633
633
634
635
638
663
693
663
669
663
646
635
645
660
650
661
669
658
656
643
631
629
634
639
621
613
604
599
591
608
646
646
658
676
676
677
680
674
647
648
640
622
590
584
592
643
719
675
668
635
587
580
609
634
672
706
721
710
712
705
682
656
657
659
646
616
595
594
585
593
601
606
606
630
653
681
692
652
633
603
617
622
640
644
615
612
620
611
587
565
549
539
553
573
577
604
650
670
691
710
698
671
641
620
572
577
603
667
729
763
716
761
734
709
748
781
769
775
762
710
691