640
650
662
674
692
669
648
636
643
650
643
640
644
661
667
664
657
640
633
636
624
625
623
629
638
630
622
616
630
646
659
639
613
604
603
602
609
606
596
598
592
592
584
577
571
567
563
558
570
583
590
586
572
572
604
657
695
688
660
652
650
647
659
663
674
672
674
669
649
650
646
643
628
618
625
642
648
650
649
640
623
627
633
647
654
662
655
652
655
666
657
645
640
646
662
688
678
662
634
620
605
606
630
660
667
681
696
729
728
712
689
669
657
636
616
607
609
629
661
691
701
700
674
667
654
642
635
615
606
603
613
635
655
658
666
673
683
689
686
665
648
627
613
613
627
635
645
661
680
696
687
677
667
652
642
639
647
658
659
645
641
646
651
652
649
646
640
635
624
621
628
642
653
674
661
665
658
657
647
640
637
631
628
611
604
604
614
613
608
603
608
619
627
626
620
616
614
614
606
599
601
603
614
619
623
647
662
654
638
629
624
627
624
620
619
633
657
674
667
667
666
671
661
649
644
644
655
659
660
664
674
675
676
676
676
663
656
654
640
642
657
679
677
674
668
676
687
673
667
669
677
685
672
662
635
615
605
603
606
633
642
641
660
681
683
678
686
701
699
685
665
662
663
664
646
637
638
651
667
660
638
632
611
599
602
604
600
596
602
610
626
618
611
611
619
637
644
637
634
635
638
631
621
621
624
640
661
664
662
668
703
733
739
713
697
694
685
672
654
652
658
662
658
654
670
670
687
695
692
677
667
638
619
609
608
621
643
642
636
635
652
686
713
707
690
680
673
662
653
645
650
649
646
634
627
640
648
647
640
637
640
654
654
650
643
641
646
638
629
619
616
624
619
626
634
638
613
598
586
575
569
581
608
618
627
660
682
679
653
625
601
590
584
575
565
569
568
567
566
573
579
588
595
604
612
616
622
640
669
691
690
669
638
627
617
613
604
605
615
609
605
616
630
648
655
669
651
646
648
656
651
653
652
649
644
638
631
617
613
610
601
595
594
585
576
580
598
622
625
614
630
636
642
642
640
637
636
622
601
588
586
591
613
646
668
657
650
670
697
702
685
662
645
632
626
614
605
605
611
622
634
636
634
641
649
653
648
641
629
621
624
635
646
647
641
632
634
643
652
656
649
639
633
627
630
624
618
623
626
636
628
618
616
622
630
643
638
634
626
618
604
594
598
609
625
646
672
707
726
726
700
676
649
643
644
646
646
642
646
660
676
683
668
644
628
623
618
616
615
614
625
645
661
649
639
629
622
614
603
602
607
620
636
643
641
648
650
657
651
646
632
624
620
612
607
616
623
635
650
660
676
683
679
676
663
655
642
628
629
626
627
625
624
624
630
626
618
611
607
607
615
614
611
610
608
603
594
586
580
573
565
560
551
546
539
534
537
542
546
552
568
590
610
640
646
635
624
612
604
597
598
597
598
617
650
671
672
658
654
653
649
643
638
632
628
621
609
601
603
611
616
621
619
623
627
615
630
640
629
627
616
612
616
616
611
605
609
612
626
620
622
634
646
660
650
639
630
624
630
631
623
617
614
628
635
632
625
619
627
624
620
631
635
629
627
611
593
585
580
585
597
597
602
618
646
677
662
657
661
663
652
644
632
627
634
641
647
651
641
643
637
646
645
624
615
613
612
612
614
623
636
643
645
638
627
613
608
614
625
631
635
620
606
594
591
600
626
672
688
691
692
700
688
666
646
635
621
607
604
602
606
613
603
597
610
622
631
629
632
637
629
625
622
621
624
627
614
609
610
604
606
605
614
607
603
601
604
603
604
611
602
594
581
575
575
571
568
573
578
591
608
642
626
627
625
607
592
583
576
568
567
565
560
559
567
572
575
574
569
574
573
590
603
613
638
655
648
636
633
633
629
624
618
618
622
625
624
620
629
642
640
632
622
608
596
594
603
617
638
635
637
637
642
643
643
644
649
651
636
623
609
599
595
597
602
608
604
601
612
631
657
658
649
655
648
630
618
608
604
603
605
609
601
597
589
588
595
606
600
591
604
640
654
678
688
690
686
675
659
656
658
664
663
688
690
684
674
649
632
620
613
611
615
611
615
635
672
691
675
655
638
633
633
646
644
650
650
653
661
682
680
664
650
647
650
651
652
643
624
605
597
593
613
638
655
649
639
629
632
642
638
629
604
594
591
594
606
626
621
622
623
622
622
616
617
617
615
608
609
603
605
616
626
639
654
648
646
645
641
632
625
620
610
616
630
624
619
620
629
623
621
611
615
611
616
608
597
588
579
566
552
550
555
566
568
563
566
573
594
641
727
773
772
728
684
668
661
645
632
620
612
598
596
611
618
621
632
615
626
663
654
646
640
636
624
617
624
630
629
618
612
604
604
607
626
617
622
618
612
606
616
632
655
648
638
634
637
635
630
626
609
606
606
611
615
614
628
647
656
638
635
646
657
656
646
641
631
622
606
596
592
589
595
606
607
616
634
662
689
686
667
647
632
628
635
631
639
648
645
643
644
657
677
682
671
666
672
664
652
646
645
646
632
624
621
630
646
649
646
654
650
645
646
646
638
630
633
639
635
624
623
632
642
636
644
666
681
688
679
659
637
621
611
611
617
620
616
613
607
612
616
632
615
602
610
618
621
646
646
637
621
617
603
600
604
604
601
599
601
594
582
572
563
555
559
578
601
613
628
633
627
632
638
649
656
654
646
633
613
603
595
596
599
600
613
612
620
647
653
652
652
646
640
634
634
641
635
624
622
631
641
639
633
630
635
630
626
618
602
595
584
571
567
558
553
553
551
555
564
575
589
606
622
630
633
626
618
616
625
626
615
623
648
660
675
652
630
611
602
604
612
627
636
629
616
604
597
605
619
637
637
627
646
662
695
697
701
676
656
633
626
623
620
632
665
701
727
727
744
748
729
692
676
664
660
662
664
670
665
646
624
612
625
646
655
656
664
654
638
623
615
611
607
605
604
602
600
612
634
658
670
650
637
630
638
653
654
651
646
640
628
618
611
609
608
604
610
611
621
646
658
661
680
675
652
634
611
595
587
593
629
656
655
648
677
710
719
690
678
662
657
646
635
621
604
589
579
593
648
741
749
747
747
739
678
648
623
618
627
642
638
631
623
633
643
652
649
646
631
617
615
623
624
633
637
631
629
639
632
630
617
604
599
597
594
596
590
609
649
695
695
674
669
670
671
657
646
646
645
648
655
651
642
632
626
627
634
637
638
634
625
618
612
622
619
620
615
614
615
622
624
623
619
621
619
618
610
601
604
605
620
645
653
647
649
656
657
651
648
646
635
625
632
627
626
618
606
621
643
652
655
644
650
656
654
654
648
644
639
638
629
613
595
582
570
570
590
608
618
629
667
696
709
696
663
657
654
653
655
645
634
634
640
649
663
654
641
631
617
604
588
578
583
610
646
661
656
643
654
670
672
655
639
627
626
634
640
634
625
632
635
634
618
604
595
592
599
616
626
623
628
640
642
641
627
620
610
598
585
578
574
584
605
632
647
658
682
700
698
680
668
643
615
597
585
577
563
556
564
582
594
646
727
758
713
677
675
682
695
698
678
649
629
624
631
650
645
642
660
656
662
652
649
648
646
643
640
632
631
646
651
639
623
619
612
604
595
587
586
597
612
620
623
623
647
672
692
685
671
664
661
650
643
624
617
602
592
591
606
632
637
640
638
652
660
660
652
636
617
604
604
613
618
617
612
604
598
598
604
616
624
632
622
614
621
627
631
629
612
610
607
595
588
591
598
596
600
613
629
635
637
637
629
622
615
602
591
582
584
595
625
662
660
649
659
705
738
724
689
672
670
659
650
640
628
630
625
637
640
628
624
611
602
594
585
585
582
576
570
571
576
583
599
605
604
583
585
583
582
574
565
560
553
544
537
533
527
521
516
516
513
514
510
518
527
556
558
575
603
638
657
653
628
607
605
599
592
578
579
575
589
611
592
598
609
626
619
613
605
593
579
569
563
558
555
553
557
572
588
594
582
584
600
625
642
645
630
611
600
589
580
571
559
551
544
550
569
594
608
651
658
634
595
569
571
599
627
631
628
604
586
578
571
565
556
556
563
592
644
700
723
700
659
645
641
636
646
638
615
596
565
548
539
537
536
530
521
521
518
510
507
500
498
495
490
488
483
479
476
470
465
458
455
452
450
447
446
445
445
444
444
445
445
445
447
448
449
448
446
447
444
441
438
438
441
444
449
453
459
463
467
468
472
472
470
470
467
460
459
455
452
453
455
454
455
457
466
472
476
480
479
482
483
481
479
479
475
468
465
461
457
451
450
450
450
451
456
454
449
450
455
463
474
478
476
476
479
485
494
507
532
541
539
531
521
513
497
484
479
480
488
503
514
526
531
524
507
503
505
512
519
532
530
531
536
523
518
504
502
501
498
489
486
494
507
515
518
506
499
501
507
520
531
548
560
562
567
561
538
517
508
507
514
527
544
562
584
570
573
568
551
528
521
521
523
535
547
563
572
563
553
564
570
586
600
607
601
575
554
533
528
532
540
547
543
530
525
538
551
560
566
565
568
564
548
534
536
541
550
561
552
542
545
551
556
558
559
562
560
562
559
545
539
537
534
536
543
554
560
566
552
528
523
524
532
547
561
573
576
583
571
564
562
556
537
519
512
512
521
539
562
596
614
623
616
588
567
552
557
571
580
591
590
589
568
545
539
546
557
569
563
566
584
594
594
600
619
610
582
569
560
549
534
529
528
529
531
527
521
517
523
543
573
604
633
658
686
690
670
645
616
600
576
556
537
531
540
567
616
652
672
683
674
634
587
566
567
566
552
532
519
517
524
535
551
592
612
622
630
649
658
650
637
628
614
583
561
555
552
559
568
570
579
586
590
587
595
577
558
542
531
521
519
528
541
558
557
559
556
554
548
535
528
518
514
517
521
525
521
520
518
519
528
543
538
546
545
529
525
518
513
511
511
518
524
531
527
525
525
531
534
534
530
524
524
533
552
564
571
566
567
553
549
564
589
618
648
648
655
684
713
712
686
683
689
671
642
636
621
621
627
641
645
637
634
647
670
685
677
656
649
648
645
640
637
649
674
700
700
668
646
635
639
627
611
597
593
600
605
606
621
665
704
725
712
702
697
679
661
646
646
668
686
685
678
675
683
686
684
676
674
670
646
647
660
695
724
738
722
707
682
664
648
659
685
720
726
703
669
646
638
645
646
642
636
653
696
717
736
724
698
663
641
632
638
675
733
752
762
714
673
647
650
675
659
654
657
676
688
699
695
699
685
661
655
662
683
697
703
704
702
693
684
661
645
642
652
661
673
665
662
686
721
748
761
768
740
708
669
650
637
629
627
626
638
682
739
749
722
712
722
724
701
669
651
650
662
681
689
681
684
702
728
732
716
676
649
636
627
609
597
597
604
606
630
666
694
688
665
663
676
686
697
681
660
647
647
651
668
677
668
674
684
689
680
657
651
651
651
656
651
664
683
697
685
672
665
648
634
621
617
635
669
681
675
679
686
689
671
661
655
654
657
649
636
622
610
605
604
590
588
595
601
609
631
670
688
684
665
656
648
631
616
605
604
616
656
710
727
713
708
741
749
726
690
677
667
661
651
645
648
656
665
669
653
650
655
656
653
649
641
646
651
651
641
642
656
662
673
668
676
675
669
657
645
642
639
637
632
628
632
647
647
643
630
628
640
639
640
646
656
661
647
637
635
639
648
644
632
638
657
674
673
657
646
624
604
592
580
577
574
577
590
606
608
613
606
619
608
619
634
630
641
651
659
648
628
624
621
626
638
637
640
638
644
647
650
644
640
633
623
612
606
610
623
641
640
646
692
722
722
691
685
686
677
673
660
653
646
640
650
670
667
670
688
696
680
666
658
650
659
663
657
645
634
619
618
636
648
651
651
642
626
623
639
665
701
724
708
713
702
694
683
685
676
682
698
687
665
650
656
676
686
677
655
646
656
660
665
659
657
662
668
676
674
675
673
654
649
660
687
687
685
687
697
704
696
692
667
650
642
649
647
652
659
672
698
718
702
692
698
690
682
662
650
645
648
661
666
665
674
670
677
674
669
658
649
618
604
590
586
591
606
633
654
655
638
643
662
682
706
713
695
657
628
614
605
604
615
637
651
666
657
647
630
614
606
597
589
573
562
556
554
551
552
560
574
593
623
626
654
691
687
654
649
648
646
644
645
631
620
608
593
580
582
606
640
637
647
646
628
612
612
607
604
593
590
587
585
589
597
607
607
603
595
594
603
620
638
668
693
706
692
666
646
631
629
638
647
644
646
644
656
676
696
688
671
652
641
641
636
640
640
635
638
637
636
627
630
629
634
641
642
642
628
619
624
627
618
621
629
634
626
622
623
629
647
675
702
700
700
685
669
649
634
632
644
681
725
716
696
695
703
694
681
678
691
708
716
713
715
702
689
670
664
674
686
680
669
679
694
678
672
650
636
624
606
592
584
581
594
631
646
700
770
792
804
805
789
755
721
694
668
650
633
624
643
650
655
674
737
787
775
747
685
658
662
653
646
655
648
654
654
648
649
644
627
610
600
596
598
600
603
619
666
732
746
727
681
653
650
648
642
648
670
702
756
813
835
816
778
724
684
668
665
663
666
684
706
729
733
713
722
727
715
683
672
667
673
674
679
661
645
639
652
679
692
675
652
634
630
637
662
693
692
690
702
701
669
646
650
640
643
635
635
650
674
672
679
684
689
688
674
663
643
635
637
649
674
673
687
686
683
669
646
633
635
648
668
678
660
667
680
673
663
662
670
692
681
664
653
653
670
693
709
712
690
680
688
694
676
640
614
607
603
595
597
597
603
604
603
610
619
627
642
654
655
667
664
663
649
631
607
596
589
585
585
594
592
589
581
570
574
582
603
631
663
671
679
678
660
636
623
627
646
667
686
710
723
729
733
728
729
721
716
698
685
664
638
641
654
664
675
660
648
655
671
678
668
671
678
682
681
679
678
687
703
714
717
717
724
726
733
707
689
687
678
678
666
665
672
684
685
676
672
677
676
670
677
680
689
695
689
679
671
671
661
638
633
634
644
688
692
687
688
710
725
731
729
712
689
664
650
632
630
621
607
593
592
606
650
655
653
674
701
708
705
712
701
684
646
626
614
621
660
740
804
830
851
849
833
779
719
697
682
679
673
678
686
667
647
630
628
646
649
681
696
727
727
716
710
705
704
680
656
647
635
626
625
645
644
654
659
668
693
727
698
673
664
654
646
639
644
668
720
743
775
758
724
692
673
664
665
673
671
676
686
705
726
742
736
717
694
694
691
709
718
712
697
690
679
670
683
720
733
722
701
716
725
712
699
696
683
661
655
660
688
719
726
692
679
678
674
663
636
629
621
619
628
651
658
663
662
666
688
724
739
734
720
705
688
674
676
683
696
710
702
689
684
697
709
722
726
713
712
717
711
707
711
730
751
753
742
714
704
693
687
710
730
722
706
678
666
668
670
671
666
683
688
676
664
658
652
662
657
644
651
666
691
695
672
668
667
679
683
670
658
646
635
624
613
604
597
598
637
680
680
688
719
750
744
736
729
701
683
681
676
660
663
671
694
712
691
692
707
730
731
704
691
682
666
649
630
619
617
635
697
758
741
761
781
777
742
713
704
699
691
667
671
671
680
668
659
676
722
733
721
694
688
684
676
666
650
647
649
657
668
675
688
702
701
706
706
680
637
625
611
613
624
628
627
648
683
698
688
699
712
713
685
658
652
649
653
657
685
737
795
757
770
747
705
689
682
675
680
675
704
709
724
710
688
667
647
615
600
585
577
579
596
671
1024
910
833
807
791
804
769
779
772
763
758
736
717
685
676
669
680
697
713
682
672
671
682
689
701
698
683
676
663
631
620
610
601
611
654
690
680
647
651
672
697
727
702
710
720
729
694
675
670
668
666
659
647
644
650
678
699
689
663
645
640
639
628
613
613
615
627
655
702
723
700
673
678
679
672
655
647
654
669
676
665
656
673
704
739
741
730
729
688
674
656
651
634
636
652
694
745
760
731
724
723
728
726
715
695
684
676
679
673
663
656
671
725
762
749
735
729
718
694
664
656
652
662
681
676
664
658
663
673
698
709
682
649
641
616
609
595
593
596
594
596
597
587
594
594
590
580
566
556
546
540
545
560
580
623
668
681
654
619
632
635
642
645
641
639
642
633
604
581
569
556
548
539
532
531
530
545
543
548
542
541
535
531
527
520
517
511
506
508
519
545
582
597
605
621
650
675
687
685
675
628
609
595
597
615
632
641
645
639
638
638
610
587
570
561
564
578
585
596
612
620
599
577
562
553
551
556
565
563
557
562
575
595
612
626
621
627
603
591
569
562
555
564
576
581
589
598
612
623
628
630
622
598
582
567
552
544
553
568
584
602
614
611
608
611
620
629
615
609
614
621
634
633
633
632
633
615
595
588
587
612
628
652
629
614
631
663
677
683
686
692
680
673
635
620
617
628
646
661
640
628
645
683
668
627
623
638
641
612
593
586
589
600
606
627
648
671
679
683
663
616
603
603
610
628
661
682
655
637
626
640
651
667
694
703
694
686
669
662
646
617
590
573
565
581
617
666
675
648
633
626
636
670
695
705
702
688
679
660
647
623
604
598
621
680
755
773
738
748
771
765
724
715
708
699
680
668
681
704
745
732
705
713
759
764
749
746
744
734
695
685
695
706
694
702
711
731
718
722
716
716
704
702
689
667
646
630
619
641
720
800
833
819
811
769
731
711
718
738
742
744
754
743
755
736
696
674
681
704
716
712
720
737
720
699
684
680
663
657
653
660
677
663
648
634
623
637
687
701
692
698
720
715
691
646
623
604
597
596
603
609
615
604
632
641
683
730
766
749
694
681
671
681
656
642
641
654
673
664
658
656
662
674
688
681
685
690
686
667
662
666
674
664
651
662
685
715
741
745
743
717
691
655
629
618
618
658
727
735
720
746
808
830
810
783
746
707
661
640
627
608
610
689
774
776
768
818
845
841
769
720
703
691
699
712
706
686
684
708
742
764
765
750
715
699
692
680
666
654
652
664
691
712
701
721
726
744
735
696
665
650
650
659
681
695
707
709
716
724
729
720
692
671
648
636
646
666
688
715
751
795
787
733
725
721
731
721
697
658
639
631
643
672
691
688
697
757
800
808
783
727
700
678
655
631
615
610
626
706
786
793
763
762
772
765
744
702
669
645
629
612
601
594
601
614
634
648
660
666
675
665
656
616
602
586
581
593
610
636
659
687
693
708
698
677
627
611
600
603
620
632
662
686
721
754
727
723
729
735
704
694
689
696
703
683
685
686
682
670
652
630
617
619
641
668
666
676
702
731
705
688
675
676
682
686
679
671
681
688
700
683
700
697
694
685
684
672
673
677
684
673
677
693
714
684
688
694
694
683
674
685
698
702
701
684
686
685
688
666
658
662
687
716
713
730
717
696
664
652
642
643
638
632
639
655
683
700
711
734
747
719
692
690
687
662
655
653
667
688
695
720
773
797
755
712
702
692
660
652
655
687
713
726
746
762
775
748
741
735
742
744
715
688
659
643
635
645
680
701
706
686
652
625
607
604
608
632
648
673
700
707
698
680
652
620
601
592
589
602
609
639
672
702
701
657
628
617
628
639
649
645
641
636
637
628
620
607
603
585
576
574
586
625
666
706
728
732
709
700
679
671
650
642
618
606
597
601
633
679
729
721
669
677
668
676
699
704
699
671
656
650
645
646
644
652
660
672
675
676
672
666
671
665
658
654
653
663
678
678
651
646
661
690
699
685
679
680
678
665
664
674
694
689
703
698
720
719
692
700
700
686
682
678
671
667
672
688
698
689
701
693
674
664
679
701
721
730
720
700
667
634
614
599
597
606
644
688
768
731
744
746
703
666
642
623
616
629
628
637
664
683
707
694
695
699
705
711
688
671
668
671
662
645
641
645
669
695
692
692
701
705
715
712
692
659
617
606
598
594
601
636
691
722
755
783
735
734
763
747
695
680
678
692
731
768
755
711
707
725
742
735
737
723
716
690
661
650
644
643
646
653
657
672
701
726
724
726
726
723
701
668
646
633
648
679
695
681
701
697
681
667
657
673
699
745
773
753
729
732
729
719
695
660
639
630
625
639
678
690
697
727
782
808
782
747
751
742
718
688
666
635
611
607
617
620
637
677
757
783
783
765
732
714
694
678
657
662
682
740
789
799
770
768
781
782
768
735
720
712
684
666
657
668
688
704
698
682
678
697
725
744
734
706
700
698
686
659
645
642
656
697
726
706
709
729
749
748
742
714
681
667
670
696
718
726
717
685
678
682
664
644
640
645
657
671
658
649
642
646
645
650
651
667
694
700
685
688
704
700
699
673
663
672
688
699
704
709
705
685
658
632
623
612
601
605
662
716
737
722
742
778
789
769
726
704
682
664
653
646
649
675
733
728
709
704
682
670
675
683
691
679
657
642
636
642
658
655
653
663
683
712
734
744
729
708
688
664
650
647
655
687
697
698
720
732
754
741
741
742
745
726
713
698
666
644
628
646
695
739
759
794
767
731
729
751
761
721
704
688
683
682
673
675
699
737
792
808
780
742
699
654
636
630
641
656
673
688
701
705
694
662
645
640
636
643
648
652
674
703
741
727
724
732
736
733
716
686
654
643
646
658
689
688
704
722
736
735
705
695
692
677
646
626
618
621
656
656
627
623
679
745
709
704
716
727
746
727
685
666
658
655
646
636
639
656
707
751
760
747
762
772
738
701
688
678
660
668
684
702
731
729
727
712
677
659
640
632
634
640
651
659
657
667
672
670
669
672
675
675
665
643
634
629
637
655
676
696
712
711
710
695
677
653
646
632
635
654
640
636
653
702
744
756
753
732
714
688
676
662
644
634
611
606
598
607
657
708
753
704
687
700
719
709
682
681
688
673
646
634
622
633
663
673
663
680
715
754
774
734
695
681
669
670
655
639
641
646
663
648
628
627
621
614
620
649
702
747
717
723
753
782
770
727
695
685
681
683
678
664
651
656
681
710
696
691
708
718
707
711
702
675
660
652
651
673
678
669
648
634
634
631
634
624
624
630
651
693
717
700
689
685
686
673
646
632
627
623
629
651
650
653
677
730
766
764
727
688
676
669
676
681
681
680
703
728
741
739
712
709
701
683
674
671
670
664
658
672
695
725
765
782
762
738
702
681
673
671
678
680
691
699
677
658
656
640
650
708
747
723
727
727
743
745
714
683
679
680
691
681
668
674
688
728
718
693
708
719
725
717
683
673
666
669
681
684
675
641
640
637
637
628
626
633
663
712
742
740
693
671
670
666
661
653
652
659
667
686
683
666
665
677
684
688
688
681
681
682
670
646
635
632
646
674
704
694
703
726
701
698
692
697
700
691
681
679
691
723
729
718
700
695
705
703
687
647
639
631
635
647
681
729
765
771
793
782
751
701
662
631
616
604
600
608
652
730
800
771
734
771
841
841
754
701
686
682
688
697
703
710
718
710
705
699
673
645
634
637
637
624
635
686
729
749
723
703
722
722
720
722
712
709
690
670
654
649
665
656
657
646
638
640
667
726
771
758
714
714
702
687
654
646
637
642
664
672
676
694
718
740
726
693
666
657
645
633
640
654
685
722
769
780
766
751
715
687
652
639
635
652
706
758
761
746
734
722
701
673
654
633
629
646
663
655
651
655
668
671
687
697
680
671
683
689
690
673
679
675
681
687
699
699
697
680
673
675
681
696
710
723
723
703
672
655
652
650
662
686
696
692
670
663
666
686
666
657
660
670
701
726
722
702
674
649
633
627
632
655
706
771
801
785
764
698
689
683
680
669
654
651
643
641
634
638
638
644
632
631
619
616
611
614
615
620
626
632
626
625
619
607
601
596
602
624
632
617
620
666
763
750
727
729
731
727
695
693
691
699
692
677
662
655
639
641
668
700
715
728
710
671
665
646
628
637
659
672
671
661
659
667
683
707
707
673
668
683
680
661
647
636
638
632
641
641
645
675
703
699
666
652
642
627
617
607
600
594
594
598
603
616
630
619
604
607
623
611
603
601
597
613
641
677
696
710
708
675
662
653
643
639
633
623
619
630
663
678
688
715
731
735
699
678
652
640
633
626
624
615
593
592
584
581
589
630
717
792
806
774
778
799
752
734
730
714
710
704
701
695
686
657
644
641
646
675
689
681
677
691
705
731
732
737
726
711
705
699
675
662
655
646
642
646
687
765
813
777
759
709
680
665
659
668
676
642
628
629
614
621
676
747
751
729
688
681
689
704
734
746
736
715
695
673
646
627
621
637
709
759
740
760
839
869
810
740
707
698
709
719
704
711
708
694
681
690
685
685
666
661
667
674
689
680
682
692
736
723
729
709
698
685
663
644
611
602
585
584
593
622
685
693
703
727
734
706
685
658
641
633
642
646
660
655
641
647
672
707
696
705
690
671
641
633
626
634
653
669
694
701
695
723
765
778
762
729
713
712
703
687
685
688
692
684
692
698
703
707
707
690
699
698
703
706
733
720
679
651
629
622
655
679
668
673
709
764
778
749
706
705
687
685
695
676
679
706
793
835
789
776
788
784
750
738
726
716
692
676
687
726
753
776
748
720
719
716
730
719
702
710
720
737
756
750
722
707
709
710
700
678
663
667
689
697
674
669
680
707
714
690
666
651
648
652
671
673
679
664
643
640
646
661
674
677
694
703
703
686
677
661
635
626
628
646
689
733
753
734
704
708
712
712
718
707
699
686
667
659
647
643
645
646
634
629
607
601
604
611
622
661
657
646
660
679
668
646
634
628
620
624
633
632
619
601
604
596
597
598
611
619
628
632
634
649
661
684
690
703
705
706
687
665
643
639
649
700
769
781
775
774
779