604
610
634
642
635
637
639
634
633
635
619
624
623
616
601
600
600
616
631
632
643
657
663
698
722
707
694
675
650
636
598
589
576
557
555
549
558
583
601
621
655
666
672
667
649
630
613
600
595
596
614
649
710
737
732
725
704
675
640
603
597
611
634
657
685
699
706
707
685
658
635
623
619
604
604
614
617
612
623
630
643
638
622
613
607
606
608
604
614
624
646
656
659
653
639
624
619
622
638
646
646
659
672
682
664
651
648
649
643
638
637
630
634
645
646
649
638
645
633
622
620
624
626
622
631
641
665
673
683
669
646
636
624
626
633
652
650
646
641
646
659
682
692
693
684
677
657
636
611
594
576
567
560
567
573
599
635
646
655
660
665
651
630
606
594
584
584
593
606
618
633
657
688
716
719
713
698
678
653
638
630
624
614
609
609
616
629
645
657
672
684
688
682
677
653
634
624
613
600
593
603
638
690
714
742
765
757
739
708
673
646
623
642
663
688
719
760
782
773
739
726
721
724
697
681
681
689
684
680
684
687
672
661
662
676
676
664
658
670
682
686
669
661
665
646
622
606
595
597
600
630
653
659
644
632
627
634
628
621
634
668
697
697
687
688
695
690
667
667
667
677
661
654
663
683
686
675
667
674
680
670
658
657
667
687
675
667
657
657
653
637
629
621
619
613
606
612
618
621
616
611
607
609
624
644
645
634
640
646
655
643
639
644
642
631
631
628
621
610
619
649
646
639
639
639
639
631
625
622
621
634
638
637
647
667
681
674
652
646
646
648
657
649
647
641
642
636
639
641
648
644
636
643
659
683
688
678
659
654
649
642
621
611
602
610
639
637
625
615
614
614
619
609
600
594
602
631
651
662
674
694
703
683
662
650
641
632
621
614
613
623
646
655
635
622
618
620
628
626
612
607
613
619
631
637
644
661
687
703
689
671
659
656
655
643
640
646
654
633
614
604
597
581
581
583
579
577
581
598
632
656
667
666
688
704
698
663
647
642
638
649
642
646
653
664
638
628
626
626
618
614
612
615
627
621
612
613
615
617
629
637
643
643
641
636
627
615
610
608
628
653
658
645
637
645
672
700
672
662
658
649
655
669
669
662
663
667
663
666
659
651
640
624
617
611
624
656
674
663
647
638
631
630
631
624
626
625
645
669
679
677
666
659
653
630
623
614
613
646
664
679
677
698
716
704
676
646
617
602
590
600
627
645
678
692
711
711
668
647
640
635
632
629
626
618
622
627
644
649
651
636
634
629
616
605
598
601
625
665
685
676
673
686
686
683
653
632
618
606
597
590
586
580
582
629
665
685
670
649
650
671
656
637
622
614
616
636
646
631
629
632
651
668
669
650
641
634
626
614
610
619
640
670
673
665
654
664
681
691
673
649
644
642
647
656
648
660
669
685
675
663
666
674
666
650
645
641
648
666
673
665
667
682
684
661
652
645
645
639
628
620
619
623
651
691
701
684
688
697
683
662
648
631
613
595
589
585
604
646
659
684
689
711
729
711
682
664
653
643
625
613
613
629
666
691
672
674
690
713
685
664
659
662
649
639
633
635
655
671
668
642
637
628
622
606
598
598
604
617
611
599
610
612
640
642
626
638
645
644
624
612
603
585
572
575
585
579
585
608
653
683
699
674
677
681
676
646
629
616
617
621
622
617
607
606
625
655
679
678
665
657
644
626
609
596
587
573
566
556
549
562
570
575
592
615
645
665
672
670
645
602
584
580
598
620
636
637
640
631
623
604
590
578
563
557
554
559
551
559
578
604
611
628
645
656
652
639
613
600
595
587
565
563
556
557
586
604
628
665
688
699
692
674
650
626
603
585
581
589
611
663
763
820
800
791
766
731
698
662
627
604
602
619
698
816
869
855
801
736
716
704
683
652
647
650
659
685
708
712
700
698
688
670
652
639
627
627
648
676
685
662
658
651
655
663
654
641
643
640
626
631
642
647
632
630
631
644
648
654
641
643
646
663
673
662
651
651
659
660
645
644
646
659
663
642
622
619
612
611
610
609
613
632
670
723
727
714
687
682
679
673
651
638
636
641
659
666
657
654
660
677
678
657
650
638
634
621
609
605
605
614
626
627
633
663
709
745
745
706
682
672
674
662
648
654
662
674
688
676
672
665
659
643
631
632
645
656
656
650
662
685
689
672
646
636
628
630
646
666
672
658
665
677
684
671
671
675
669
651
641
632
626
629
626
622
622
634
647
646
643
645
650
652
632
620
608
599
587
577
575
581
587
612
658
710
694
673
661
660
660
648
636
631
635
646
659
652
652
668
690
680
654
650
651
653
646
636
639
646
667
673
661
657
664
674
672
653
646
636
627
621
622
630
657
683
692
722
722
729
693
678
667
650
632
622
627
653
681
700
714
710
702
673
653
634
628
611
609
611
645
733
756
729
745
749
750
700
672
671
662
664
658
646
647
661
691
682
660
648
646
644
629
625
621
625
637
641
635
633
638
652
671
673
658
649
651
636
620
608
596
581
583
588
592
594
616
680
714
705
666
649
653
664
651
639
632
637
662
671
652
658
683
720
705
678
671
665
656
644
631
623
628
650
674
675
683
696
697
671
649
638
625
625
619
606
603
606
636
653
654
666
685
699
689
674
665
650
645
632
627
641
650
649
651
671
667
655
652
651
643
631
626
621
621
621
619
634
678
719
689
680
690
680
658
645
641
638
639
635
629
636
639
638
635
634
633
622
622
621
615
613
607
602
609
601
597
599
604
603
592
588
578
574
554
549
549
555
575
569
564
573
578
586
604
627
657
673
671
658
632
620
610
604
606
613
620
651
697
696
714
705
708
688
653
632
618
612
611
602
604
618
672
735
698
697
716
729
710
673
664
650
641
634
615
609
604
611
613
614
629
675
741
767
744
736
708
679
647
636
624
629
618
623
634
678
728
707
693
695
686
659
645
638
636
635
635
659
664
679
676
663
663
670
675
665
664
664
659
644
639
644
650
677
670
678
703
713
709
688
685
680
668
641
625
611
606
607
598
598
592
605
625
651
643
631
628
618
604
596
598
594
589
594
604
613
610
616
646
682
718
712
681
659
636
608
602
604
627
633
645
696
802
801
729
703
695
683
656
642
637
639
648
637
633
640
648
653
635
631
635
642
644
633
632
636
647
662
653
643
645
656
670
652
640
631
626
614
604
601
592
598
629
665
653
653
683
727
731
696
663
646
637
629
632
641
650
685
759
750
738
735
718
678
662
648
631
623
606
614
627
625
626
624
624
635
636
627
629
627
629
619
617
624
637
666
681
688
685
679
653
648
650
659
677
666
666
674
660
640
630
633
635
631
615
622
619
608
603
601
604
602
599
603
606
619
614
606
614
653
706
704
680
686
708
701
691
688
684
664
633
629
622
631
629
632
637
651
658
645
632
612
587
569
565
554
549
549
547
546
548
548
544
542
535
531
523
528
522
532
532
545
570
589
622
649
660
668
661
657
642
620
607
596
587
579
576
568
559
552
563
596
661
801
767
734
706
640
613
599
592
586
597
600
584
586
595
599
598
603
613
617
614
614
609
613
623
616
610
614
621
633
634
631
621
608
601
597
591
590
606
622
644
646
641
691
721
711
682
656
639
633
626
619
620
620
652
696
740
729
695
674
675
673
671
662
662
679
702
700
681
667
657
671
663
664
654
667
678
675
647
637
644
664
684
682
661
653
661
669
660
640
637
661
696
717
714
697
674
638
626
628
617
627
702
723
695
715
745
744
698
673
660
655
647
647
651
684
742
727
698
690
692
681
661
647
643
644
662
650
647
647
662
683
680
667
681
687
670
655
645
659
689
700
686
688
700
718
698
666
653
653
666
676
667
690
721
738
708
688
694
691
670
658
651
652
663
648
650
673
704
678
695
722
688
665
667
673
652
639
629
634
679
704
688
707
735
737
716
713
710
688
660
656
646
626
607
604
608
604
616
663
713
718
688
666
670
680
682
662
654
674
678
674
659
669
684
708
678
670
655
646
631
608
597
594
585
579
571
567
564
568
597
607
604
608
613
613
599
597
612
637
629
622
628
660
706
746
726
703
717
721
705
663
650
655
672
718
725
709
745
771
771
728
686
670
664
654
653
649
656
671
691
700
682
674
685
691
688
666
661
653
659
642
638
646
676
713
722
739
771
788
758
725
719
715
696
674
668
677
687
695
669
655
668
682
687
677
663
671
690
683
666
661
660
662
658
664
676
681
680
664
666
693
728
711
692
691
689
673
659
652
675
704
717
715
719
735
746
683
659
647
657
660
658
660
681
724
730
709
707
696
688
670
660
653
647
640
639
649
662
657
654
655
663
662
639
636
645
644
652
652
664
671
664
652
647
656
650
636
631
612
613
609
629
637
644
638
626
619
615
615
604
595
595
584
576
563
551
539
536
538
559
588
592
584
590
609
646
641
631
635
646
650
659
643
635
636
666
666
637
617
625
653
667
651
642
636
633
643
645
641
630
640
650
668
652
645
662
688
682
660
662
668
678
656
646
639
636
628
623
627
635
646
646
646
629
627
635
639
623
602
589
582
585
580
583
597
628
688
682
658
648
657
662
651
622
608
601
595
586
571
566
561
555
564
613
641
636
663
729
766
763
728
675
665
668
658
654
635
627
635
654
704
683
665
649
637
618
604
599
600
621
662
692
675
692
708
699
671
642
622
614
617
636
629
629
638
676
729
714
675
635
621
593
582
575
579
617
655
663
647
646
674
698
711
710
687
656
645
643
645
637
613
604
602
608
643
679
676
655
648
670
674
654
626
617
611
604
599
601
621
647
680
667
673
692
697
705
670
642
624
612
617
635
659
683
666
663
684
706
717
693
665
653
645
643
639
630
628
631
647
676
679
667
675
689
690
677
656
633
618
606
608
611
615
608
627
690
741
741
704
689
682
681
660
642
637
632
638
648
646
645
665
680
691
676
655
651
649
643
622
613
597
590
599
633
681
719
691
660
657
661
672
680
670
664
662
664
644
628
612
606
618
648
701
695
697
708
731
727
703
660
643
617
595
578
560
556
565
605
681
736
713
689
698
729
727
713
687
655
652
655
654
650
631
611
594
588
592
633
692
688
659
665
672
676
660
645
632
634
641
639
623
604
593
577
563
547
552
581
609
637
696
770
777
749
736
714
686
657
627
607
599
606
659
727
729
715
730
732
738
705
663
657
657
652
644
632
637
647
671
680
659
629
618
615
628
639
648
642
642
660
668
666
656
634
632
635
650
654
641
632
619
610
604
592
587
590
606
675
746
728
682
669
676
678
670
652
630
621
622
640
656
674
676
684
685
671
646
619
600
583
597
638
664
666
688
729
757
713
692
693
699
701
668
639
617
598
594
590
583
581
591
649
701
714
689
655
647
656
646
632
606
588
587
569
555
560
571
566
580
610
639
652
627
617
621
631
649
650
646
627
604
590
584
591
615
626
635
629
638
654
654
655
625
618
613
609
609
609
610
598
590
585
599
629
649
653
631
613
594
581
567
564
558
556
563
584
620
667
691
669
655
664
660
647
631
607
596
588
590
623
636
651
679
704
683
646
620
617
621
632
617
599
585
572
576
593
606
608
626
640
664
662
659
639
610
593
566
554
542
527
521
521
528
521
527
545
560
585
600
615
621
612
599
591
574
554
535
524
524
537
546
565
583
585
582
581
563
560
558
559
553
550
533
522
516
508
505
506
513
503
502
501
497
497
499
508
526
547
563
576
577
572
572
566
554
546
535
528
523
528
538
548
569
590
606
617
612
593
580
571
569
572
588
600
609
604
592
596
607
620
632
603
591
598
599
592
599
594
604
606
610
610
595
584
583
602
626
670
692
698
735
766
728
679
672
677
678
669
651
647
660
684
679
658
649
652
653
646
636
625
627
644
659
660
649
648
663
673
650
633
640
648
667
672
658
650
665
673
692
672
644
632
623
634
648
655
657
674
707
725
712
668
643
622
599
591
612
628
623
638
698
742
770
729
684
676
675
661
630
621
616
635
644
646
647
668
701
714
689
658
648
651
665
683
680
663
681
710
711
708
686
654
646
646
652
661
651
645
660
681
709
720
691
665
654
653
656
654
657
655
672
678
684
668
653
649
655
662
643
633
633
647
664
667
664
672
669
667
658
642
641
643
638
639
650
654
646
640
638
646
627
623
627
646
652
638
633
632
621
602
591
588
586
589
599
635
649
634
643
660
685
685
674
649
626
610
597
589
589
591
591
589
604
655
684
688
709
729
694
672
660
657
645
627
613
609
611
639
677
675
679
677
664
642
617
606
600
604
632
671
688
685
688
688
667
648
617
599
589
586
587
609
649
687
690
677
681
696
691
698
684
649
623
602
589
606
691
791
767
725
728
748
740
736
718
695
663
652
646
650
663
682
677
682
678
673
646
624
612
607
615
657
698
692
697
726
764
753
720
681
653
637
633
645
646
641
646
676
706
731
710
696
699
692
694
674
655
654
655
666
675
672
661
645
634
631
629
630
622
607
595
587
582
597
598
587
605
625
619
618
628
639
639
645
629
626
625
620
610
602
596
600
634
687
717
685
657
649
648
652
648
631
631
637
655
670
673
688
690
690
680
663
668
675
672
655
657
662
670
665
658
646
651
667
684
680
659
645
636
637
624
614
613
617
644
680
678
665
653
657
681
677
665
650
636
627
621
612
604
598
600
618
641
658
657
658
663
652
636
626
617
624
632
649
653
651
669
682
661
639
633
632
640
637
635
642
658
676
675
678
674
670
645
628
612
600
589
570
560
550
539
563
568
577
637
661
641
646
687
713
740
737
692
647
625
604
594
587
583
580
582
587
605
592
609
658
664
645
646
667
672
685
673
670
641
622
608
598
590
591
609
674
753
752
711
698
705
703
691
673
656
652
648
642
633
618
614
619
646
658
649
624
622
625
650
663
659
644
648
664
672
673
650
636
622
620
629
626
619
610
622
656
649
645
654
678
691
699
685
657
627
614
612
623
651
666
654
637
623
621
619
602
597
604
607
604
604
607
618
630
622
613
601
599
596
587
581
583
603
642
704
732
687
663
650
630
607
591
577
571
590
646
689
681
680
729
744
724
703
692
695
687
664
646
641
640
646
646
631
623
623
642
636
619
613
623
645
678
686
666
663
649
628
601
591
585
588
623
690
700
682
688
710
723
705
667
643
632
628
634
640
625
625
632
636
621
601
592
583
575
567
576
624
665
646
624
613
609
607
607
617
606
601
600
605
629
638
634
627
635
648
643
629
622
615
616
608
602
594
596
601
604
607
598
589
576
558
547
537
528
533
552
572
604
626
653
664
636
615
617
617
610
601
592
588
589
585
581
569
573
574
573
575
587
609
622
624
616
604
604
582
574
567
565
565
585
605
626
645
646
644
629
599
587
566
559
564
576
588
607
628
663
695
679
672
643
628
610
591
569
561
542
547
582
646
700
715
721
716
692
667
641
615
595
585
582
588
604
623
632
611
598
594
594
614
631
653
654
655
634
604
587
577
580
583
589
586
576
572
576
596
631
668
687
693
664
647
646
635
631
639
663
696
718
729
734
721
702
672
654
649
646
637
636
665
688
696
666
655
652
658
664
646
645
651
671
687
678
657
652
656
676
659
643
635
631
647
675
685
678
664
661
666
677
690
683
667
664
678
692
697
689
667
657
656
667
683
660
650
655
653
641
621
613
613
608
601
604
622
621
620
622
639
644
647
642
630
621
633
661
679
675
661
657
667
676
668
646
629
633
643
664
656
649
658
664
673
656
632
622
616
612
602
595
596
596
602
606
595
591
587
579
571
569
567
568
575
588
604
614
618
610
607
626
665
687
673
650
632
629
634
639
650
640
645
655
668
678
663
646
628
628
646
649
636
635
650
664
666
648
634
622
600
590
581
572
567
586
655
713
743
705
648
639
650
656
662
644
637
634
619
602
598
604
599
597
609
640
659
685
672
648
635
630
626
622
608
594
591
594
624
688
710
674
668
663
647
631
617
612
613
623
635
649
650
647
649
658
666
660
646
645
656
666
671
670
687
697
691
673
652
651
651
660
659
656
663
679
691
683
666
658
664
660
641
621
611
605
616
633
653
657
660
655
648
628
609
603
591
585
580
578
575
600
653
706
722
709
680
653
637
637
652
649
651
664
673
652
638
623
614
618
619
608
597
591
596
607
623
619
623
650
688
720
709
673
674
678
672
656
657
677
707
724
745
730
690
662
663
664
677
686
696
736
776
789
746
721
699
680
654
634
626
633
679
737
736
704
701
700
716
696
683
673
660
651
646
660
691
730
729
711
709
705
685
658
652
657
679
728
725
711
707
713
702
684
660
655
660
667
663
650
659
681
712
706
683
669
672
666
653
638
646
657
681
674
659
655
687
732
721
688
682
674
678
660
645
642
655
682
697
697
725
750
744
695
669
673
681
688
677
677
690
713
717
694
695
697
683
660
656
648
649
632
629
639
661
679
671
664
668
673
663
647
649
662
684
685
680
680
683
698
700
688
683
688
692
671
665
679
709
723
703
714
725
708
702
709
722
715
715
692
661
645
631
625
637
630
634
654
701
738
716
688
689
676
654
653
649
648
647
637
632
622
609
593
590
588
588
625
702
712
748
782
796
737
688
667
676
675
673
667
666
680
666
646
644
650
664
661
652
653
658
656
646
652
651
657
648
636
622
618
611
601
602
614
628
631
632
643
647
661
656
650
665
671
653
630
621
609
594
604
639
651
637
637
657
685
699
685
665
661
666
660
645
636
639
652
670
685
678
693
706
708
683
661
653
648
643
634
646
677
731
722
729
738
709
663
645
629
611
603
604
609
610
623
665
711
704
685
685
681
670
646
629
618
611
633
674
693
689
718
750
747
698
666
649
646
655
655
648
648
657
674
699
703
678
665
657
658
652
636
628
631
645
686
727
726
708
664
648
638
646
661
660
654
667
688
680
655
651
652
655
664
656
646
627
617
608
607
623
646
640
631
646
674
699
729
717
689
695
698
685
663
656
654
671
675
673
678
679
665
662
657
660
652
637
621
612
606
604
604
597
589
585
585
595
599
596
601
635
673
682
666
654
658
659
645
626
612
606
622
647
666
653
651
650
634
617
610
613
634
653
641
638
641
647
642
629
627
614
604
602
609
576
579
577
585
592
584
572
563
559
553
543
537
542
547
553
564
589
620
646
670
671
648
632
623
632
645
649
640
653
705
766
782
762
746
711
686
642
621
613
622
656
738
741
760
770
752
730
728
694
667
632
614
600
602
609
605
607
646
708
766
732
737
733
724
708
697
655
644
634
617
606
597
597
663
831
810
756
737
715
676
645
617
604
593
592
587
583
582
589
602
615
612
620
646
673
679
659
646
632
612
595
582
579
605
654
644
640
624
613
623
631
640
629
629
643
664
675
688
679
677
666
641
624
613
630
671
675
687
702
737
737
724
683
654
644
644
658
651
634
620
613
626
674
681
672
687
713
720
725
683
638
620
604
593
586
573
578
604
631
661
685
738
771
739
696
683
669
652
626
613
597
584
575
591
623
640
659
699
711
675
634
612
592
590
583
583
576
595
642
724
732
720
674
649
629
612
588
576
565
556
563
604
617
626
651
674
674
668
661
645
637
626
611
612
600
595
581
576
575
575
571
568
565
578
596
613
620
627
619
607
593
589
584
583
574
568
559
565
579
589
603
597
607
604
595
587
588
594
595
599
602
611
608
593
586
582
591
604
624
638
644
651
647
633
609
594
585
586
607
632
624
623
633
666
705
708
712
689
656
646
637
638
646
640
618
609
607
609
629
666
716
723
705
692
698
715
711
689
687
677
682
686
688
683
664
661
671
686
670
672
684
710
719
717
706
691
666
648
633
630
631
643
619
622
652
704
724
722
726
699
668
637
618
601
589
613
709
745
758
781
834
813
714
709
711
708
687
670
677
699
737
739
716
722
725
712
681
667
659
644
642
646
653
647
645
654
686
721
745
722
696
688
695
702
695
685
675
660
660
682
715
733
706
682
681
688
682
675
660
645
643
656
686
716
703
692
699
715
710
678
665
664
665
659
667
683
694
700
688
687
700
683
660
637
622
620
646
706
731
715
713
726
737
736
696
667
656
643
640
641
633
632
645
679
747
799
755
704
691
684
666
635
615
605
626
676
702
732
779
814
792
749
698
682
673
666
670
668
664
676
692
696
674
663
672
687
699
679
664
660
661
658
647
642
657
695
711
690
689
707
701
681
654
640
636
644
658
653
650
664
691
718
688
659
641
622
615
611
617
622
644
688
706
705
690
684
665
641
616
605
607
622
639
680
722
715
696
676
657
636
627
622
620
610
607
615
648
707
723
700
699
695
669
651
646
650
666
663
649
634
610
597
587
591
604
626
643
659
657
654
633
612
599
598
595
605
613
617
625
630
632
608
604
594
593
596
600
610
626
636
638
620
612
615
627
644
650
641
637
620
607
597
595
604
628
629
634
660
691
702
724
713
662
631
606
601
596
604
625
657
660
653
661
695
730
728
689
677
682
687
695
687
676
679
678
690
702
690
677
680
681
682
661
643
634
633
632
619
608
621
658
666
656
661
673
680
654
636
630
632
629
622
617
621
615
620
638
649
661
637
630
631
645
646
641
648
663
706
706
679
658
646
650
650
647
631
629
641
649
664
701
742
767
748
690
672
665
671
682
678
665
639
628
623
636
665
678
670
685
711
737
742
727
693
665
650
643
639
654
650
646
662
700
729
688
676
661
659
643
631
622
619
630
643
639
640
649
666
677
677
653
650
648
656
645
636
618
598
595
604
605
607
620
647
673
689
679
647
631
617
610
596
585
586
586
577
582
605
637
655
645
647
653
664
657
646
629
618
619
639
655
650
648
653
678
709
691
688
674
667
643
634
626
632
658
686
723
717
709
684
663
655
645
646
650
649
634
626
623
634
586
572
563
558
557
557
556
556
574
612
628
622
627
631
633
625
619
613
607
604
598
594
593
599
616
626
639
648
653
637
627
619
605
592
579
575
574
572
587
610
622
634
647
656
658
655
643
639
625
604
602
601
604
618
640
645
660
668
649
637
615
605
595
592
610
655
687
713
714
685
680
672
657
642
621
603
594
586
588
629
710
722
743
742
721
694
657
645
634
630
627
631
632
646
642
639
636
633
628
638
632
620
610
602
596
604
620
646
648
632
621
622
622
624
625
633
629
640
635
635
638
649
649
627
604
594
579
568
563
582
609
619
614
621
638
657
664
651
633
605
595
582
571
567
594
622
642
657
684
711
688
657
638
635
627
607
593
580
577
586
622
637
634
647
688
720
721
668
647
646
642
630
608
597
587
576
587
626
662
659
635
628
642
662
678
689
685
666
643
627
623
623
624
625
611
605
604
619
650
651
644
645
656
691
674
645
626
612
606
608
606
608
613
627
663
672
665
666
667
666
644
645
640
628
622
625
635
630
618
612
615
614
608
601
594
589
596
597
598
593
603
624
639
641
633
635
641
656
637
616
603
597
599
618
640
647
638
638
663
683
666
645
631
627
622
621
642
648
646
644
644
649
666
668
665
652
654
652
654
663
646
647
642
634
613
613
614
620
620
626
643
666
690
685
669
646
632
619
611
609
630
638
641
656
721
762
781
726
700
690
669
652
630
617
605
588
574
579
617
644
655
698
762
747
694
678
671
656
641
632
623
625
635
646
641
639
673
721
705
682
679
670
680
657
631
615
606
612
636
644
645
652
688
718
715
680
670
656
637
609
594
580
576
603
686
750
726
700
699
709
728
682
639
617
603
583
572
577
644
713
714
684
679
696
705
694
656
635
614
601
598
604
606
624
647
733
798
758
709
695
692
688
673
646
634
616
611
623
650
704
755
730
690
666
659
663
674
658
634
618
598
593
605
618
632
656
695
697
680
678
687
658
637
629
634
656
668
652
644
643
645
634
620
604
596
598
618
644
652
667
693
711
708
709
681
661
640
613
595
580
565
565
596
665
735
722
687
689
714
718
690
665
650
638
624
611
607
612
633
620
603
597
612
656
678
659
647
646
645
649
639
622
601
582
566
558
563
607
650
651
650
620
620
679
709
688
647
629
623
615
607
606
605
605
611
609
612
609
603
620
641
656
666
649
629
621
615
609
601
593
587
587
603
610
605
603
602
605
604
602
600
601
611
617
629
639
625
620
610
606
597
592
587
587
593
596
586
595
611
621
610
610
603
597
589
585
582
585
585
587
595
589
584
581
573
564
562
560
560
561
558
556
549
541
534
527
518
513
510
515
527
542
560
573
599
628
645
640
620
608
597
573
564
552
542
551
569
591
603
609
613
599
587
585
587
595
598
597
594
575
570
561
552
546
550
574
598
637
648
655
654
626
603
589
579
571
564
563
569
568
564
560
568
576
563
552
558
573
595
600
595
590
578
567
555
549
539
541
554
578
628
654
675
669
657
639
624
607
590
574
561
558
568
599
633
637
633
660
670
674
658
620
604
580
572
575
579
581
580
599
616
638
647
621
598
570
552
543
523
518
529
556
578
591
593
601
604
594
581
564
543
530
522
527
539
545
561
582
612
625
626
615
610
600
591
572
561
551
549
563
578
598
612
633
683
696
692
676
662
640
624
606
593
586
574
564
559
564
590
627
658
671
688
680
645
606
581
574
563
562
573
590
608
628
634
622
633
629
633
611
593
587
585
591
590
578
586
602
635
671
687
677
663
648
616
607
593
594
605
611
604
589
605
651
719
738
705
694
678
674
672
666
675
660
642
644
646
672
671
651
643
645
638
628
614
610
614
622
609
599
604
624
643
638
621
624
618
609
605
623
651
652
632
615
639
666
661
647
636
636
649
663
664
644
643
653
668
662
670
688
707
703
691
681
656
650
646
659
673
672
661
658
656
672
687
685
669
666
656
641
625
625
645
659
662
655
644
655
663
666
658
636
619
604
589
574
572
575
593
617
637
658
689
737
754
720
705
690
687
680
670
655
641
629
630
638
667
696
689
684
653
628
617
611
607
597
585
577
569
554
548
539
540
544
541
549
555
555
565
576
570
581
585
602
574
575
568
565
556
553
552
552
556
563
575
586
602
629
633
635
624
612
605
599
595
582
578
569
559
556
546
541
535
537
544
555
569
585
596
588
581
565
558
548
535
531
534
544
556
555
550
574
581
582
580
585
603
592
588
594
593
593
596
608
634
645
654
648
645
645
653
658
663
678
680
675
678
666
653
648
647
655
648
633
639
646
653
649
656
661
664
652
635
633
633
642
646
647
659
662
669
674
668
658
646
637
637
658
660
638
654
697
700
674
662
658
655
659
686
684
678
679
675
664
667
679
705
713
697
693
686
673
660
645
630
622
628
649
661
671
722
755
736
719
692
654
634
617
613
626
643
635
646
635
629
636
622
616
630
634
630
621
619
640
674
700
731
726
689
676
671
669
674
674
676
693
704
711
682
645
633
625
631
630