552
549
544
541
545
562
570
567
569
575
596
595
581
572
570
565
561
566
585
609
629
664
694
710
686
661
630
591
569
554
547
550
565
646
711
729
730
724
752
776
757
710
681
658
646
625
608
596
596
620
650
657
643
637
668
653
629
615
628
629
604
589
577
565
571
592
584
575
584
605
635
649
646
625
626
647
651
640
629
625
631
667
691
678
665
665
669
658
637
622
618
640
666
662
655
664
698
728
716
713
684
670
664
651
639
623
616
622
613
614
622
612
610
602
594
590
582
581
587
604
626
619
617
628
648
662
643
634
631
628
610
609
609
618
633
630
618
620
630
617
601
594
604
627
633
621
614
620
646
663
656
648
647
654
663
663
653
638
633
633
636
646
655
646
637
636
654
685
683
663
646
643
654
674
687
680
675
678
694
701
678
658
647
643
661
674
666
673
692
710
699
667
657
666
679
692
718
711
687
653
631
626
607
598
590
581
571
569
564
562
563
585
655
740
775
790
748
712
686
670
657
637
619
604
598
610
638
656
643
633
641
664
699
695
676
658
645
644
649
643
641
641
642
636
630
630
627
604
593
586
583
583
586
597
616
634
654
674
662
663
678
682
676
656
643
641
642
660
649
654
656
668
678
665
659
659
664
665
646
635
619
614
620
634
634
643
661
691
675
662
662
688
707
691
684
672
649
638
636
634
648
660
658
649
645
652
662
667
660
645
639
632
631
630
624
621
609
608
608
630
637
658
690
713
701
672
652
645
642
639
642
654
656
647
641
637
617
605
597
592
589
585
589
595
606
620
645
670
691
676
666
660
658
659
656
653
645
632
632
633
644
652
648
657
668
685
687
661
645
636
626
627
641
639
627
618
624
623
626
637
628
613
602
588
579
572
578
604
646
665
663
698
729
745
716
687
674
671
687
678
664
649
644
641
638
639
658
661
654
658
688
684
671
654
646
641
639
629
618
610
608
602
595
593
587
590
586
587
583
576
569
564
561
556
557
560
567
578
595
596
600
644
678
677
687
712
713
690
678
685
689
677
663
652
646
643
650
654
649
639
633
637
636
634
636
629
619
611
597
593
604
617
617
615
615
624
642
671
682
674
666
672
679
676
668
653
646
648
664
673
671
657
666
683
699
688
674
649
637
632
630
627
625
633
647
677
687
678
674
678
679
675
662
650
649
643
643
637
624
622
625
642
658
673
661
661
658
656
658
653
646
641
638
642
640
633
625
626
615
606
602
604
604
599
594
599
605
628
640
646
682
722
743
719
684
682
673
666
656
646
632
619
618
611
636
692
722
711
713
726
730
723
696
676
659
652
646
658
662
667
654
659
659
669
675
670
659
657
659
654
642
632
621
620
643
661
661
643
631
637
626
609
598
587
580
573
571
573
592
646
689
695
697
729
734
739
696
670
656
651
643
634
623
621
631
646
649
637
631
632
631
639
640
629
629
656
656
646
636
637
644
641
639
627
622
625
621
616
617
621
624
618
608
614
640
667
656
643
642
644
639
624
624
624
628
638
639
639
646
653
645
647
637
621
613
610
615
627
619
616
611
613
613
616
612
610
619
632
631
628
614
605
601
600
605
604
607
620
637
644
637
645
645
645
633
624
618
616
613
607
604
604
608
606
603
617
644
662
659
666
675
679
650
629
620
613
612
604
604
600
604
605
609
613
611
606
604
596
582
576
571
573
587
638
724
778
801
761
756
768
788
742
726
688
686
687
689
686
682
682
700
697
681
673
673
679
663
646
632
619
617
617
627
624
622
618
627
642
662
656
640
631
623
631
652
678
667
680
689
696
695
680
677
681
670
652
647
642
639
625
622
618
623
634
652
658
664
684
699
710
684
663
658
658
654
650
636
619
608
615
648
671
664
661
681
714
718
705
685
676
671
661
655
644
643
652
677
706
718
710
714
713
707
680
665
662
656
657
655
642
642
632
628
623
636
666
706
698
679
665
662
657
646
635
622
618
629
651
674
671
668
694
698
710
694
681
672
669
651
636
629
633
646
652
648
660
680
711
698
670
655
638
615
610
605
602
606
617
608
604
605
618
641
653
653
652
662
666
663
650
634
626
628
638
664
672
700
730
740
725
696
693
691
682
666
643
628
613
610
629
652
671
702
764
764
748
707
670
658
650
630
616
607
613
607
608
611
615
616
623
640
629
639
623
604
591
579
572
566
569
576
580
582
589
603
613
610
610
618
629
634
619
612
615
619
622
614
618
622
627
624
614
602
596
593
602
627
646
668
646
640
646
651
653
646
632
624
624
631
622
611
604
602
604
625
611
599
592
590
597
603
596
592
588
600
611
615
628
621
618
614
599
588
582
582
587
591
588
581
576
572
571
578
608
630
651
657
656
640
625
613
604
597
588
594
613
637
645
657
642
623
627
642
653
649
652
659
671
681
688
688
695
687
666
660
662
666
659
653
651
655
661
660
651
638
630
639
645
646
656
689
695
691
676
675
664
656
641
625
618
618
632
666
683
669
658
669
686
711
674
676
665
662
645
647
664
707
718
699
700
703
711
690
687
671
662
633
621
609
606
626
631
643
646
681
722
725
693
688
684
686
673
646
638
632
640
660
677
655
654
668
686
716
699
680
677
675
674
665
644
634
631
633
645
647
657
675
693
678
691
698
687
677
661
647
640
642
653
660
660
668
673
703
728
721
714
712
716
711
686
669
662
656
655
667
663
660
673
703
723
746
721
700
696
684
678
666
658
650
634
625
623
634
666
697
694
715
725
728
707
685
660
651
646
644
644
643
643
659
690
706
717
704
685
671
671
661
645
635
626
620
608
599
599
597
610
627
648
674
686
664
645
631
626
624
629
634
635
646
669
696
693
673
669
665
665
657
661
656
643
626
618
618
630
642
645
655
671
700
730
716
710
723
724
706
694
668
646
634
628
635
659
706
720
713
724
739
745
738
707
697
693
685
667
647
646
648
665
682
695
689
703
716
724
718
687
671
665
663
649
637
634
633
641
656
659
656
646
646
649
651
664
661
651
658
674
691
693
691
680
688
681
668
664
652
666
698
726
739
719
681
669
657
647
637
631
633
646
692
734
727
739
747
755
730
705
700
685
687
668
647
642
649
679
724
715
688
671
665
663
653
640
640
643
653
672
670
655
654
660
670
675
675
666
666
669
677
666
653
648
651
659
668
673
684
705
719
717
693
679
678
673
675
673
661
682
709
736
732
699
697
689
672
660
660
658
661
663
672
713
750
768
736
717
712
707
693
660
647
638
635
632
627
646
685
689
655
641
627
622
613
607
610
610
602
599
603
624
648
661
658
655
663
669
651
637
634
641
645
646
632
628
633
658
686
688
677
679
686
684
664
653
640
637
634
629
614
616
623
648
674
682
695
701
694
677
668
657
634
623
614
618
631
637
659
714
705
731
754
753
717
703
689
675
654
635
633
646
667
698
688
688
699
715
721
702
680
676
674
667
655
643
645
644
644
629
622
623
630
630
664
684
674
648
656
664
673
679
669
654
641
625
622
622
644
666
688
688
659
659
666
680
679
667
661
658
661
663
662
662
660
652
637
627
625
635
691
766
748
740
746
737
749
744
728
709
687
656
642
633
634
644
664
710
738
754
739
696
684
672
654
640
625
616
617
621
624
633
644
638
640
642
649
674
674
669
654
646
646
642
627
612
610
606
604
617
620
636
658
689
711
703
682
682
681
676
668
653
631
624
618
627
651
684
693
695
699
702
701
693
675
661
658
651
654
667
662
651
645
642
640
637
642
644
652
675
717
735
719
709
698
693
678
650
640
630
635
649
649
672
657
665
670
679
672
673
662
650
642
630
616
609
602
600
595
599
607
639
656
658
682
689
685
675
668
674
672
686
680
668
652
626
616
605
606
600
599
613
623
647
644
663
696
752
732
726
729
718
697
690
686
672
673
673
679
692
669
655
641
636
633
628
642
642
632
633
630
637
636
631
627
627
625
618
616
614
620
628
638
636
639
641
645
635
632
629
633
634
628
629
631
623
622
622
627
628
626
623
623
622
624
621
622
625
629
629
633
633
638
644
646
639
651
658
659
656
646
643
640
645
637
630
634
623
615
611
611
612
627
631
630
642
660
688
692
675
679
676
672
655
655
655
655
652
645
645
649
663
654
652
655
663
674
658
653
651
659
674
658
663
681
699
692
688
695
702
702
681
669
663
666
653
649
655
667
682
668
675
696
707
703
676
668
665
674
683
661
666
671
664
655
637
633
646
653
654
678
687
677
660
652
647
641
627
623
620
618
614
604
595
595
598
603
618
651
664
651
645
648
645
633
624
626
631
638
627
622
624
637
631
631
633
646
647
642
632
635
636
631
619
611
611
616
633
634
640
651
657
647
648
646
645
639
638
636
634
630
627
625
621
619
617
612
620
637
628
632
644
654
653
638
636
643
635
618
604
597
586
579
584
599
629
688
753
728
759
803
790
747
719
701
670
651
640
634
596
585
582
581
587
585
584
586
581
578
577
577
586
583
578
579
571
564
560
558
555
553
564
582
594
582
580
604
645
664
654
646
646
650
669
674
659
664
680
701
734
721
746
716
727
697
701
707
699
703
679
686
690
698
701
678
683
698
717
703
688
697
695
687
667
660
659
671
678
688
704
728
737
710
701
702
693
673
655
645
640
646
639
637
644
700
756
753
709
723
722
726
691
673
669
666
668
664
665
688
730
732
714
729
726
703
668
655
646
647
655
651
663
702
756
749
715
723
734
725
692
680
675
684
688
675
679
702
736
734
716
740
751
723
701
713
712
697
679
667
672
676
684
668
652
639
640
642
639
633
637
646
648
640
637
651
668
672
649
634
636
644
656
664
662
676
707
734
746
731
692
682
672
666
649
636
635
651
689
723
720
750
771
751
711
703
693
687
679
669
662
666
675
673
686
716
716
715
685
666
654
645
641
644
667
697
733
722
701
709
723
724
710
692
682
675
645
631
615
614
626
626
631
659
713
692
672
644
627
618
616
615
611
613
629
625
620
619
617
624
631
634
634
625
618
610
603
596
593
596
593
591
589
585
578
569
567
561
557
552
549
551
551
550
546
546
547
548
554
564
564
567
567
579
603
607
607
609
621
620
614
605
591
584
585
586
592
589
592
580
581
587
600
585
580
585
582
578
575
576
578
590
595
592
585
602
641
689
703
677
683
701
723
688
667
655
659
655
651
645
633
627
638
655
688
680
666
673
690
696
680
663
652
644
638
621
612
608
600
593
586
595
624
665
653
670
681
697
694
666
657
648
642
633
617
605
594
586
595
601
592
596
607
597
615
664
684
655
641
636
638
647
648
635
624
623
627
631
625
613
610
616
618
613
613
611
623
651
669
659
649
649
643
637
622
620
620
627
646
640
630
628
631
626
633
617
608
618
609
614
612
597
593
583
570
561
554
556
563
567
570
590
641
694
730
729
692
679
674
669
666
652
647
650
654
661
647
636
635
640
655
667
687
702
705
693
675
655
624
610
601
599
601
601
619
684
736
724
718
754
788
772
715
672
651
642
638
640
636
628
623
637
677
732
725
697
686
689
690
676
656
636
619
619
640
678
666
667
671
689
685
686
692
696
679
671
649
637
626
619
599
589
576
577
574
573
604
653
651
653
688
726
737
723
677
653
646
642
641
630
627
635
659
670
658
663
676
674
664
644
634
632
638
631
626
616
617
633
647
647
643
629
615
604
600
596
586
585
603
633
659
727
738
732
688
670
642
630
617
609
600
601
609
604
600
595
582
577
578
581
592
619
611
599
602
606
602
588
587
586
586
588
592
593
598
603
610
650
709
757
746
715
694
673
669
655
646
644
649
661
653
637
628
627
640
656
657
642
638
635
645
653
647
631
637
643
654
661
661
671
677
671
657
634
625
620
620
625
618
609
610
624
634
631
622
614
619
619
624
613
604
601
604
604
599
599
594
592
589
587
584
584
601
637
674
656
642
653
640
615
603
603
598
589
581
578
587
611
639
632
630
646
711
780
794
750
707
695
680
667
650
631
620
623
633
651
650
677
686
717
722
700
681
668
647
636
618
613
616
638
696
733
725
726
734
727
714
680
655
649
642
648
645
653
652
663
672
657
641
634
627
627
645
656
654
642
642
642
642
634
634
630
630
633
628
621
607
595
587
577
568
573
588
621
631
651
646
633
612
605
595
586
580
582
586
604
640
672
685
677
651
631
624
618
631
621
618
614
619
629
637
636
635
622
611
601
598
602
610
621
615
603
593
587
578
582
588
588
593
604
635
663
668
653
644
650
652
634
616
604
598
592
583
577
580
580
595
598
610
621
654
667
683
700
695
677
649
643
642
642
627
607
596
592
618
647
656
638
629
634
637
640
633
617
606
602
596
593
594
595
604
612
644
678
672
653
659
652
672
689
672
665
660
651
659
652
649
637
637
641
659
679
661
656
651
653
650
644
625
617
613
625
635
630
646
662
696
721
718
687
661
646
638
629
630
628
634
660
718
746
724
690
684
676
670
662
654
652
646
649
648
647
650
654
670
682
671
675
664
647
630
627
637
647
646
640
664
705
734
726
717
682
644
623
614
615
619
621
598
590
584
574
569
575
572
563
563
567
574
591
604
617
627
622
622
621
611
604
591
588
578
575
574
581
591
603
609
620
624
625
628
636
637
631
637
640
634
633
628
619
602
591
582
571
570
569
570
563
558
553
557
571
593
606
608
632
666
693
722
717
704
684
648
637
619
613
602
597
589
580
575
570
570
568
575
581
584
604
633
673
705
727
703
668
646
629
619
628
637
630
614
620
627
647
670
674
672
649
623
595
581
564
552
546
541
543
550
563
575
583
592
594
596
582
570
571
574
584
586
592
596
593
595
586
586
572
562
555
551
554
563
583
599
594
588
603
619
633
644
632
609
604
593
581
569
561
555
553
553
550
554
565
585
600
583
572
573
584
594
605
612
612
592
580
571
565
567
571
582
600
601
608
612
615
617
614
592
581
573
575
583
583
569
562
563
566
568
571
557
554
553
548
545
552
575
618
674
703
720
744
746
729
701
691
685
674
651
637
630
627
616
615
610
621
627
615
620
655
684
661
656
663
666
663
660
644
631
615
598
587
582
588
598
613
616
629
625
630
623
614
608
601
593
583
570
563
557
551
557
579
620
651
652
636
619
593
583
573
566
563
565
574
574
573
569
565
566
570
579
592
590
598
598
608
618
614
600
589
574
558
548
541
539
535
524
531
560
576
607
607
603
620
660
705
697
698
676
653
633
615
612
611
610
610
614
618
610
602
599
601
601
605
609
635
667
673
672
661
654
648
636
618
613
604
608
615
615
613
615
630
648
648
634
632
643
655
645
631
623
630
640
651
674
670
655
647
644
640
641
643
637
637
649
662
679
683
680
662
654
654
654
670
672
687
689
676
652
643
625
613
616
628
618
608
612
612
620
621
612
604
600
599
607
634
680
665
657
669
694
692
692
665
641
629
621
615
618
630
629
630
637
661
688
694
676
661
650
649
638
633
623
601
589
584
576
575
573
588
646
689
667
703
702
653
657
677
662
638
624
621
629
642
647
645
644
659
697
733
723
701
688
683
682
673
655
638
627
619
621
621
615
622
629
654
716
752
734
715
720
712
728
715
703
675
647
624
597
585
574
566
569
584
620
674
727
747
688
681
697
713
710
697
686
682
673
654
622
613
601
601
613
647
670
670
640
648
664
703
713
737
726
727
721
675
661
643
630
625
614
608
610
616
613
609
612
630
648
667
643
632
636
632
630
623
618
608
603
601
611
645
678
681
706
716
733
752
747
732
703
692
686
677
673
661
652
647
660
696
720
730
718
709
697
677
657
645
639
639
635
637
651
688
715
734
779
810
772
737
706
674
660
658
662
667
658
660
686
719
749
742
733
697
683
679
683
687
685
675
662
664
669
676
684
677
675
665
650
643
639
629
630
626
617
616
626
646
671
670
661
655
664
688
691
703
699
684
666
646
634
619
608
599
619
665
672
657
673
703
734
756
743
726
718
688
646
634
623
600
600
628
697
734
699
683
703
737
769
751
702
685
678
666
641
626
614
613
614
607
616
603
599
611
627
629
628
626
628
638
655
668
657
646
639
628
613
604
592
583
585
592
629
649
652
663
683
705
732
716
699
674
657
642
635
629
627
625
646
695
773
777
756
765
759
762
731
696
688
670
658
646
643
650
660
651
665
682
681
671
675
683
691
701
706
697
687
684
672
665
663
659
660
662
649
644
631
626
631
616
621
644
660
647
643
639
648
657
675
677
687
710
717
722
709
702
687
677
675
661
652
656
675
690
735
760
760
735
693
671
657
647
656
670
675
700
731
763
750
705
686
674
663
646
637
632
636
654
692
729
782
771
757
741
696
688
688
690
686
690
710
724
725
730
729
711
683
680
675
684
691
669
662
664
689
692
703
671
664
660
668
695
686
667
664
661
662
651
644
650
669
688
687
696
718
720
684
681
676
673
670
658
640
633
615
608
605
609
637
704
762
755
722
730
732
724
699
678
647
620
604
600
625
702
766
785
777
789
781
725
683
667
647
630
635
648
657
644
633
629
641
667
695
700
688
665
655
655
653
638
629
627
621
616
623
619
610
604
615
648
692
693
678
684
694
695
665
652
634
616
610
613
622
632
640
631
629
640
644
652
676
682
674
670
665
665
655
640
632
628
617
612
611
616
612
606
602
600
611
642
664
675
683
686
693
688
678
682
688
678
684
688
697
690
688
673
657
638
616
610
600
591
598
606
649
748
750
759
760
780
771
734
693
674
670
674
672
670
675
681
676
666
666
665
657
658
676
687
685
690
690
672
659
639
634
629
639
671
677
677
672
682
685
677
655
651
646
653
654
653
645
637
616
617
609
617
636
655
692
723
728
699
686
675
669
672
662
647
639
637
639
658
684
688
681
667
659
654
658
649
641
634
641
659
657
645
648
648
677
683
673
664
658
647
635
623
618
610
605
604
614
607
604
622
650
649
661
690
724
730
691
675
668
667
655
649
655
673
689
685
696
710
718
703
674
671
659
650
635
639
641
665
677
672
687
701
721
728
704
681
678
670
666
659
650
650
662
687
716
721
690
701
707
732
734
703
696
693
673
648
638
630
630
638
647
641
642
649
670
689
684
656
639
634
637
664
685
675
662
653
667
688
711
703
688
686
699
714
716
702
683
672
663
689
696
685
705
738
775
760
738
729
720
702
690
698
689
701
679
681
680
700
706
695
711
688
671
644
633
629
630
652
656
652
645
654
679
713
729
696
691
687
686
669
642
630
625
624
608
604
622
638
639
652
693
713
707
678
671
668
677
676
660
652
641
646
653
666
660
651
656
678
708
722
706
701
709
692
685
669
643
632
620
624
666
712
721
745
788
813
777
715
690
676
677
679
681
652
647
644
654
699
744
743
720
693
695
705
702
685
673
670
661
670
673
660
656
660
681
702
700
681
688
684
680
667
649
655
661
688
703
714
727
737
740
705
680
672
678
659
635
625
615
627
672
724
711
720
731
715
677
652
640
645
645
643
643
657
689
730
713
690
680
687
715
730
726
694
688
675
670
654
641
636
640
681
743
740
725
739
772
791
758
715
685
678
683
690
684
667
654
651
644
638
634
626
615
614
615
634
640
631
629
632
641
654
669
659
650
653
663
684
682
670
661
665
664
662
643
632
630
636
659
685
681
663
655
656
672
675
663
658
662
656
662
648
651
653
665
664
657
661
669
675
660
646
646
657
671
661
656
657
672
680
677
655
657
661
669
665
646
646
653
668
688
699
675
662
662
661
661
656
652
646
640
621
614
602
595
616
640
640
647
663
700
729
715
686
669
658
660
661
657
644
633
646
667
701
727
705
690
694
711
698
669
650
639
628
630
638
633
644
668
709
788
833
780
735
737
729
733
705
680
674
683
684
679
661
651
646
651
670
659
640
643
652
645
660
667
658
643
628
613
613
602
596
591
588
586
584
579
580
579
580
588
613
633
646
659
671
666
662
639
622
609
603
603
615
641
641
644
671
726
803
815
763
729
712
703
685
650
638
619
605
598
613
635
618
650
695
679
665
675
685
704
712
700
686
665
657
655
661
677
680
673
687
712
733
740
725
693
689
686
688
676
659
655
664
666
663
666
669
675
672
671
661
647
639
637
635
630
628
633
671
717
729
704
676
666
667
655
635
616
600
591
583
581
597
608
621
649
733
753
698
674
667
670
679
667
648
642
628
612
601
586
574
572
567
569
570
614
770
772
725
709
718
740
725
703
663
648
638
657
695
724
742
733
731
703
684
665
646
631
630
633
665
683
706
758
811
814
771
733
702
674
634
623
614
597
590
586
586
598
631
665
664
695
725
756
743
688
650
633
594
575
568
567
573
576
669
740
721
732
775
786
761
734
707
677
644
623
605
596
592
587
589
585
600
638
827
913
896
880
840
805
784
758
701
694
692
701
728
750
729
692
659
629
609
604
612
625
631
667
719
768
759
730
739
735
713
689
674
665
664
653
658
667
669
675
681
668
655
637
628
607
598
587
585
579
581
581
576
576
577
576
581
586
591
587
591
592
586
584
581
582
583
578
571
572
570
576
597
627
649
672
718
722
720
700
668
665
672
659
641
619
604
604
617
644
652
674
720
776
779
753
723
683
656
636
621
615
617
625
640
663
734
729
718
729
731
731
711
695
666
655
636
627
604
595
585
585
586
600
631
657
677
670
643
633
642
666
681
683
688
693
698
693
664
664
646
634
618
610
617
635
649
657
686
729
786
792
781
754
722
692
660
645
620
615
607
600
603
615
662
699
658
670
674
676
652
649
648
677
660
662
667
680
686
678
672
680
679
652
642
627
612
599
589
590
605
628
671
759
707
666
674
689
690
692
699
701
680
662
653
651
655
666
687
718
710
705
662
642
628
626
625
615
603
606
638
690
691
729
778
784
747
706
703
697
696
668
667
663
670
655
648
643
652
662
651
643
634
628
620
622
632
650
657
653
648
645
631
617
610
604
602
599
600
604
614
620
636
638
626
629
614
611
614
624
634
648
675
672
686
699
715
704
673
656
643
634
624
611
602
592
590
608
633
664
704
736
772
770
739
718
725
714
685
672
663
668
673
662
655
660
675
698
681
670
666
662
658
643
633
626
630
628
632
624
619
619
613
608
592
584
578
581
604
638
695
784
812
802
797
778
742
718
717
713
694
688
697
693
689
700
717
717
704
695
694
692
680
662
657
645
628
624
612
605
618
633
657
682
701
720
729
720
696
655
637
631
628
635
647
642
678
782
782
707
708
693
675
672
645
612
596
578
561
550
545
545
545
555
561
574
583
599
604
608
604
599
604
599
596
592
583
567
553
542
531
521
518
516
513
514
515
505
500
501
498
493
493
491
494
490
489
485
475
475
472
467
463
458
460
455
457
460
468
471
466
461
466
469
475
469
466
469
468
466
463
461
462
465
469
469
471
470
471
472
480
495
511
519
526
539
525
513
510
505
506
512
523
531
543
550
551
553
550
544
542
534
526
521
521
527
542
545
550
549
544
540
524
517
506
505
513
535
561
581
616
616
614
607
605
599
579
577
575
577
577
577
584
578
567
562
553
536
528
525
530
549
582
607
632
647
651
650
646
616
591
573
562
558
564
572
583
595
617
641
619
598
587
582
583
589
596
604
614
625
645
657
655
659
639
598
578
566
565
581
615
621
608
610
628
658
663
644
607
607
612
614
604
591
578
565
563
572
589
619
618
614
611
643
687
718
723
710
689
655
645
640
643
646
650
646
640
627
590
580
566
566
587
609
633
643
662
665
656
653
642
624
604
590
572
560
551
545
564
607
652
621
598
607
619
636
667
634
626
622
624
628
625
616
609
615
626
629
615
595
576
568
566
563
567
563
563
559
558
561
555
555
547
534
528
529
537
560
589
616
619
613
629
594
600
609
628
640
671
675
661
647
642
628
617
616
617
603
606
604
611
604
598
597
614
626
655
663
662
649
646
641
626
620
608
602
594
588
586
584
591
615
622
620
614
600
584
568
558
548
534
532
541
543
559
596
655
706
747
721
659
635
621
610
612
589
584
569
570
580
589
611
618
620
617
605
597
582
571
563
560
552
544
544
556
573
593
605
613
596
587
587
597
609
627
634
637
632
622
621
605
603
597
585
583
581
566
568
563
579
595
612
628
636
616
612
614
620
623
621
628
633
627
623
617
602
594
586
589
601
599
583
583
585
602
638
662
670
673
652
652
657
659
655
642
625
610
604
608
607
615
635
666
668
675
694
725
722
703
700
706
688
660
659
665
687
667
667
663
665
662
653
649
640
633
632
640
674
698
711
694
692
684
676
652
643
637
638
636
652
699
749
719
702
673
653
663
655
638
632
630
630
617
617
621
633
657
681
693
680
645
643
637
628
636
641
673
705
711
722
714
689
692
674
676
679
665
656
652
645
650
654
642
628
618
615
606
598
600
604
604
610
605
607
601
600
599
596
594
595
604
633
652
638
640
627
620
612
605
605
610
613
620
633
649
641
633
636
630
638
627
615
610
608
610
604
602
608
624
653
673
660
661
674
704
699
680
681
686
689
674
658
659
664
666
664
654
654
671
702
721
732
771
782
758
723
699
666
648
644
646
671
666
684
715
744
724
729
738
734
683
663
656
648
637
638
641
660
666
690
722
733
736
739
727
718
709
695
683
668
653
648
675
716
713
741
797
851
790
741
738
731
711
698
687
685
685
671
693
712
765
765
752
730
688
664
652
644
639
637
663
685
672
683
706
749
771
742
717
710
696
682
656
655
666
737
786
753
791
819
801
739
719
690
667
666
652
648
642
652
672
706
717
707
730
759
753
737
730
704
676
670
677
688
687
701
707
720
695
693
692
703
694
714
719
707
690
688
682
677
668
669
692
708
704
719
714
712
688
681
682
675
664
651
645
644
638
631
620
608
607
604
607
620
642
659
655
668
701
710
685
677
671
662
646
646
646
681
681
718
760
777
727
728
712
688
667
664
667
672
664
679
710
728
731
758
764
714
692
683
675
672
659
673
696
715
702
703
702
688
667
652
650
662
661
664
669
698
704
707
729
753
751
724
716
700
679
661
646
635
623
624
633
655
668
675
704
735
731
712
719
723
695
683
686
693
692
675
677
680
670
671
684
701
701
703
710
701
716
696
681
663
645
645
649
650
664
644
626
617
615
613
613
613
610
619
632
629
634
654
663
667
671
662
670
663
663
649
637
636
639
651
655
671
682
686
671
657
656
654
650
638
641
635
630
614
620
621
607
600
602
604
612
621
637
654
637
633
636
639
647
644
643
659
681
692
681
690
706
687
666
666
662
652
640
637
649
667
675
669
663
661
673
680
705
731
744
711
680
665
657
638
632
627
631
640
632
631
637
655
676
681
683
701
688
675
669
662
651
640
639
641
650
665
654
651
646
654
667
647
634
632
620
615
617
610
609
606
611
619
626
646
673
701
718
716
687
666
667
663
662
648
638
640
636
625
634
642
639
627
628
620
614
609
609
625
651
653
646
648
651
668
653
635
631
634
648
649
639
650
659
675
663
666
661
646
633
625
619
633
647
662
674
698
707
711
703
653
634
617
609
607
608
614
620
613
601
603
610
629
651
672
679
666
655
639
618
601
594
599
616
650
685
695
700
708
752
803
787
774
762
731
713
708
692
669
663
664
667
665
677
688
685
675
654
656
677
683
660
657
648
643
637
637
659
685
670
674
689
722
727
713
705
688
677
664
658
655
648
659
679
694
716
732
737
705
692
695
693
699
676
661
669
671
694
701
711
733
724
702
709
712
705
682
681
678
680
679
680
702
741
763
753
768
785
744
719
706
692
680
667
662
683
762
832
798
790
799
755
721
717
711
696
680
690
713
746
765
743
740
715
694
686
667
670
669
679
668
666
672
685
671
649
642
660
663
654
660
674
688
679
672
672
664
663
657
652
667
693
703
697
681
679
681
688
678
677
684
685
697
699
710
726
697
693
687
668
653
652
656
649
649
649
658
651
662
679
694
696
680
675
687
694
689
676
654
637
625
616
617
607
604
602
599
600
605
630
664
704
702
681
669
662
652
650
659
668
643
637
627
616
596
580
575
562
558
550
545
536
537
544
549
565
575
578
601
623
652
667
679
701
704
705
705
669
645
629
618
604
602
597
597
595
595
602
606
622
661
687
717
711
680
665
667
671
697
694
669
652
640
623
608
599
591
592
591
592
594
625
642
648
660
670
677
672
663
650
647
643
644
638
626
622
616
604
614
620
640
676
686
696
715
702
729
731
700
698
684
663
651
641