744
752
747
756
705
707
714
711
705
695
693
688
692
678
661
657
657
646
623
620
606
596
604
616
627
636
651
666
676
681
667
654
640
627
619
622
632
646
694
704
724
725
720
696
666
636
608
614
624
630
655
705
756
772
758
740
709
662
614
595
597
599
634
650
678
706
713
669
677
684
679
657
647
634
622
614
630
625
639
652
692
746
758
724
700
693
695
701
711
704
679
664
664
671
689
686
669
673
687
694
690
651
647
653
664
653
657
650
666
697
699
697
709
714
705
706
701
681
663
671
669
650
665
688
707
713
668
645
640
629
622
617
626
652
695
723
745
758
716
687
664
655
658
695
709
759
750
737
695
666
653
644
644
660
678
720
730
712
681
682
679
680
678
666
658
645
640
642
640
656
690
727
748
750
748
728
706
679
660
639
620
611
607
632
703
837
812
775
771
758
730
708
695
676
655
640
629
632
654
694
734
777
815
825
788
752
685
646
642
629
627
622
633
675
701
709
740
774
778
760
745
715
698
685
663
648
654
651
638
636
642
645
646
636
622
615
600
598
594
605
639
691
740
759
723
688
672
666
676
698
703
720
755
778
759
765
750
728
682
673
661
658
654
662
678
693
725
721
729
733
737
709
687
687
679
685
678
672
685
693
714
721
694
676
677
682
686
683
660
652
661
680
699
690
677
683
686
693
703
689
686
698
696
694
681
676
682
696
705
715
689
677
676
671
650
646
655
679
708
714
696
692
696
698
715
691
666
656
653
662
678
690
688
676
688
700
711
701
677
674
668
674
663
652
652
655
637
634
640
641
650
656
656
654
647
645
638
643
637
638
630
632
636
631
624
622
617
605
610
614
625
640
643
645
632
631
631
636
633
651
656
633
634
667
670
688
708
716
702
687
681
684
671
661
663
666
678
662
656
656
659
658
652
651
659
678
690
688
689
691
686
672
677
684
679
671
671
654
650
676
679
693
712
730
730
718
704
698
681
654
657
666
682
686
694
722
752
753
726
729
715
707
685
686
686
689
685
691
705
699
688
697
688
666
680
677
684
664
665
673
687
691
666
664
677
697
674
667
676
681
669
660
661
662
675
674
670
686
703
725
693
698
694
689
666
664
660
660
646
648
658
670
695
727
705
704
703
693
657
658
647
637
641
642
637
632
631
617
612
619
625
631
663
691
722
715
717
715
720
687
669
664
675
673
661
653
663
679
688
694
703
710
709
696
710
697
696
682
681
683
686
668
681
704
727
710
717
739
742
723
701
691
691
682
686
693
698
704
714
736
737
723
719
711
696
680
672
677
679
683
693
713
689
671
670
666
678
658
651
645
643
631
637
658
683
693
683
730
786
791
771
720
689
672
647
628
610
611
612
629
636
656
703
750
741
788
802
784
746
737
716
687
663
648
644
657
697
706
718
730
769
772
741
739
741
716
708
673
646
645
637
632
652
695
729
762
770
746
765
740
739
725
712
686
655
644
627
610
628
644
649
664
732
761
758
743
705
670
662
648
652
650
683
726
792
764
792
802
787
752
693
681
663
668
681
680
669
649
647
648
664
674
680
662
639
640
639
645
648
681
720
774
773
717
713
700
672
674
659
656
667
681
678
662
660
661
668
686
684
668
653
652
660
677
690
676
670
679
678
674
656
634
631
624
626
622
632
643
664
665
659
669
669
678
665
678
691
708
711
689
686
681
663
646
644
646
657
657
674
679
676
669
673
667
666
646
637
628
620
617
607
602
592
581
570
566
557
563
601
639
668
650
649
674
684
663
647
668
659
630
638
651
649
645
662
701
709
698
670
633
626
612
600
597
599
611
648
699
713
738
758
765
729
718
703
692
671
676
681
689
725
723
691
683
690
661
661
650
650
639
640
628
654
636
614
624
619
616
617
621
609
610
594
585
592
593
590
593
590
583
575
564
567
557
543
530
530
522
522
516
517
526
532
575
579
601
623
653
681
692
689
679
644
618
621
620
622
629
646
683
720
745
733
705
700
688
661
652
640
632
624
625
627
631
644
667
668
657
667
680
686
675
688
668
659
652
656
666
678
684
698
692
710
719
704
692
694
698
691
684
673
676
665
661
660
666
668
673
667
671
688
701
685
680
681
675
671
652
638
637
637
648
686
678
678
663
659
645
634
620
618
605
599
601
604
599
609
612
612
624
643
699
754
799
769
739
690
658
632
629
640
654
666
652
646
683
730
690
690
702
668
678
656
649
646
647
634
634
632
639
636
641
646
667
678
664
664
685
705
688
695
691
680
668
666
645
637
633
651
674
713
727
708
702
707
706
710
701
680
659
650
640
651
656
688
689
694
689
683
676
689
700
680
694
690
673
660
651
635
627
617
604
590
593
603
621
666
692
706
705
703
701
662
654
656
662
682
705
694
706
711
718
717
702
705
692
657
649
644
648
654
657
667
666
677
668
665
665
677
685
656
656
644
642
626
621
613
596
590
581
583
583
585
585
587
584
585
595
607
613
625
632
636
647
656
655
626
615
610
602
613
614
608
622
629
641
637
643
652
660
654
649
633
618
604
591
566
573
559
572
584
598
634
696
753
738
708
666
646
642
641
652
646
642
622
615
606
608
629
633
641
655
681
727
737
686
687
682
688
686
688
688
680
664
646
638
647
688
753
809
793
763
760
733
715
688
658
622
604
604
592
601
621
669
718
781
807
782
799
804
737
711
702
681
665
656
652
640
625
637
680
702
701
716
721
725
705
667
650
628
628
629
643
678
688
707
739
754
749
761
771
765
731
711
697
694
674
678
664
635
635
633
635
627
639
645
634
637
642
651
660
662
667
672
680
671
669
669
669
686
703
701
679
674
672
670
668
663
673
677
691
712
733
697
700
697
696
692
683
687
673
654
654
642
638
635
641
671
737
802
807
779
771
766
710
701
688
691
685
698
710
730
734
712
714
730
741
712
703
669
658
646
643
644
640
655
677
705
723
722
720
682
667
664
666
685
687
668
682
669
657
666
661
664
659
645
647
646
654
639
640
630
630
661
698
760
729
695
694
687
662
654
646
642
634
632
614
620
647
699
711
709
686
660
633
601
592
569
574
590
592
588
629
690
678
646
642
648
646
648
643
609
610
600
598
603
589
607
605
667
738
795
823
805
784
700
680
663
652
642
643
667
723
725
705
721
740
756
719
716
725
735
715
688
684
689
716
697
678
684
702
722
701
696
702
709
682
666
665
679
706
718
697
707
724
741
739
720
724
725
711
681
661
655
662
687
698
680
689
702
718
712
681
673
672
687
701
685
688
690
686
660
646
652
649
662
659
663
677
711
704
691
692
703
719
714
686
651
636
622
619
625
611
624
698
1055
909
782
759
755
737
703
694
656
636
635
634
619
630
648
689
709
693
705
727
734
735
715
703
673
648
643
630
636
632
626
627
632
638
621
618
627
644
675
670
651
649
665
684
708
687
671
675
680
692
686
657
654
624
615
615
627
666
676
681
721
801
824
767
723
714
712
702
674
671
673
688
695
688
703
728
744
711
689
678
660
641
624
627
616
616
668
720
694
701
735
793
820
816
795
743
699
667
659
652
670
687
676
684
696
733
741
709
688
688
688
691
690
672
674
674
684
682
657
655
646
632
633
648
678
681
682
687
662
663
657
646
647
633
623
629
640
629
624
627
637
654
679
672
653
657
667
683
699
701
698
693
656
651
645
656
672
681
671
673
684
700
700
685
694
695
682
670
665
669
669
672
656
648
647
652
671
682
668
665
665
666
660
633
627
630
635
665
684
660
658
665
663
629
628
615
604
614
618
624
644
693
766
789
773
706
695
688
678
662
649
623
627
626
662
689
676
680
697
726
733
686
684
681
686
666
665
658
652
631
624
624
625
636
645
637
638
635
644
646
640
652
660
669
666
648
645
641
636
631
640
649
675
688
674
689
726
737
730
723
671
659
643
623
626
616
614
605
604
606
612
612
620
628
642
641
640
641
632
627
632
634
637
643
651
659
694
711
699
702
698
691
678
648
649
654
670
653
665
669
671
636
627
621
619
632
642
637
641
661
690
713
707
680
652
648
648
649
642
617
630
639
659
675
655
645
657
678
705
718
688
660
654
646
649
665
658
677
715
773
814
796
767
749
721
684
647
635
619
621
649
667
679
727
813
792
741
731
706
681
647
639
636
651
681
691
692
713
746
746
736
735
728
709
682
674
683
702
696
685
689
697
712
708
682
677
664
659
647
644
644
651
679
730
733
700
706
705
681
656
650
650
658
645
646
661
671
674
668
670
670
651
636
624
620
620
619
624
628
645
656
657
679
689
693
669
655
652
650
645
635
626
619
609
617
658
665
649
660
671
679
664
650
651
655
657
646
638
641
654
677
695
694
711
728
719
688
659
657
651
658
645
641
638
644
665
698
715
672
668
668
660
654
659
679
717
748
717
673
663
645
628
628
629
646
696
766
713
690
709
738
754
734
704
688
657
636
631
610
610
642
765
823
787
756
763
756
787
788
765
729
706
720
734
719
713
719
699
709
679
681
688
711
727
719
705
711
722
735
700
671
660
659
677
694
693
680
683
673
666
669
650
637
635
641
637
629
627
627
646
640
639
645
639
657
663
655
647
655
671
671
668
670
667
651
637
628
624
631
624
630
638
659
671
661
659
666
675
669
653
650
647
647
643
632
632
631
630
628
627
643
658
635
631
629
638
626
616
612
612
631
625
621
621
619
629
629
617
615
622
624
615
599
596
596
586
588
593
607
629
628
629
623
631
629
618
615
617
605
591
586
582
581
579
587
597
619
612
617
623
636
650
646
634
628
623
625
613
606
609
620
654
688
673
677
675
677
666
641
634
641
655
674
668
657
662
670
677
665
646
639
648
681
711
712
713
711
687
652
643
638
641
657
663
663
673
704
716
697
684
680
680
688
662
644
634
629
636
655
662
673
683
691
696
677
682
684
654
644
639
643
646
649
656
661
644
646
643
664
676
681
678
679
670
667
672
677
686
683
657
660
654
645
637
649
663
688
694
688
665
649
645
639
638
627
626
633
641
646
636
676
767
792
776
757
722
685
647
631
611
594
587
609
651
646
677
748
791
729
691
695
707
694
677
667
667
670
665
659
651
649
655
692
709
686
692
687
672
656
650
642
641
632
631
638
646
668
661
656
672
717
732
719
677
666
658
636
617
629
637
641
648
660
660
641
637
635
660
693
714
696
661
674
688
706
712
675
657
644
640
643
639
649
659
677
706
688
686
691
711
702
679
672
678
681
693
688
685
647
636
624
629
653
656
678
683
714
741
715
692
688
687
695
686
659
661
672
684
699
684
688
700
699
682
665
659
660
659
672
655
654
657
656
674
679
666
675
683
686
680
661
660
660
660
663
658
646
630
623
615
604
599
600
609
642
674
676
674
675
665
639
636
635
632
639
635
646
649
653
651
639
646
626
622
626
637
664
673
655
659
666
660
645
624
616
613
625
653
634
615
602
592
580
595
601
628
618
618
600
605
626
638
614
603
600
602
629
665
655
644
646
650
668
664
654
656
670
680
683
657
650
638
631
631
632
625
621
627
638
654
685
685
674
668
682
679
666
661
660
665
670
646
644
641
654
678
663
659
657
653
663
662
653
647
645
651
672
695
684
652
643
635
632
636
644
624
620
631
636
651
641
642
645
667
679
688
691
682
666
661
655
657
643
632
646
654
673
682
673
635
618
616
606
589
583
591
602
592
599
618
647
677
656
660
678
692
713
710
685
686
673
670
667
659
644
644
650
681
720
724
695
680
683
681
686
677
657
649
651
668
693
729
740
712
703
691
653
635
622
617
631
661
672
664
664
675
710
724
701
665
643
625
607
607
598
599
605
606
613
623
618
606
607
603
597
584
577
564
562
563
574
578
573
565
573
563
564
565
581
622
646
641
630
620
622
619
614
599
595
594
595
589
583
585
599
616
636
650
655
667
662
647
651
658
646
655
662
658
633
618
606
618
649
659
665
702
764
805
752
726
724
717
716
703
689
678
673
691
704
697
686
651
642
624
618
605
607
623
688
802
807
752
746
758
765
701
666
654
650
656
644
638
643
662
706
789
778
747
715
682
649
633
620
608
590
588
593
667
736
726
711
701
712
665
648
633
605
599
577
573
567
558
561
573
596
620
613
612
615
632
648
662
661
653
637
616
605
599
605
630
644
645
646
660
670
651
632
618
628
650
680
692
671
661
654
660
655
658
640
622
615
613
606
607
604
619
605
619
682
699
679
652
648
646
659
685
677
656
660
672
693
684
659
647
649
652
657
654
644
638
635
646
674
704
686
689
687
673
655
645
641
645
646
656
653
640
621
624
619
627
652
656
646
657
687
722
712
699
683
653
635
629
632
649
693
742
788
753
748
739
726
694
680
669
646
638
616
615
617
683
783
761
743
727
702
657
629
612
582
545
530
517
521
521
541
586
638
778
858
866
854
846
810
761
727
682
644
615
607
615
688
819
827
755
729
723
710
721
731
743
715
698
707
720
740
732
721
681
652
637
625
611
599
613
638
655
683
726
789
793
739
696
672
661
653
643
626
623
632
673
794
869
816
807
758
708
682
668
678
688
685
694
688
680
660
667
672
686
667
654
645
635
621
610
606
599
595
585
580
581
576
565
558
547
546
553
593
641
641
629
646
671
691
684
651
640
635
647
660
645
642
641
647
653
667
647
633
631
630
642
639
622
609
599
594
614
632
657
659
682
716
713
688
663
658
653
651
634
626
634
647
659
646
645
654
667
665
648
624
614
609
606
616
624
608
613
614
620
622
623
620
603
606
592
574
564
548
545
550
547
561
580
609
615
603
598
604
622
642
604
580
564
551
541
534
532
539
555
576
583
575
572
575
570
568
557
549
546
547
553
560
563
563
569
579
591
594
591
582
574
572
566
553
541
530
523
528
547
575
613
623
612
599
589
591
608
609
606
614
622
633
622
600
583
577
576
582
585
594
606
619
645
645
640
635
631
613
589
573
554
543
538
539
552
599
660
729
683
668
668
676
661
639
609
581
567
555
544
550
568
587
593
601
604
623
625
636
615
612
611
620
635
625
617
604
592
575
564
574
611
642
631
622
620
636
641
660
651
646
650
662
670
675
663
646
641
643
656
672
671
658
649
650
652
664
671
662
674
682
692
684
656
622
611
594
603
608
655
703
689
690
674
657
618
607
613
637
659
638
631
647
687
722
692
680
677
683
682
665
654
643
621
604
597
603
642
725
763
720
716
695
673
644
601
586
570
547
549
579
588
590
622
694
778
753
701
682
687
684
658
639
627
627
631
650
641
638
634
631
602
593
578
572
582
580
582
585
606
659
758
809
782
775
772
782
772
762
767
738
722
712
698
688
657
648
661
699
738
703
698
683
681
663
640
631
641
670
684
679
659
651
662
664
645
622
607
605
631
685
708
719
735
758
729
695
649
639
632
630
615
604
589
568
563
576
605
691
912
907
870
824
817
827
840
785
741
704
672
677
693
744
756
743
769
761
775
738
704
679
663
649
627
619
617
634
692
710
706
730
762
729
696
654
636
624
628
639
657
683
697
663
657
657
664
665
657
661
659
671
661
654
653
657
659
656
647
648
631
609
600
603
631
702
731
742
771
796
744
702
695
691
666
645
649
655
671
678
685
694
699
670
659
654
658
654
642
644
646
664
701
696
689
691
698
695
650
646
623
604
588
576
572
599
676
761
743
721
732
750
733
686
660
632
615
590
583
577
583
606
583
601
635
650
676
721
739
717
685
678
667
663
647
626
615
613
614
636
646
660
676
709
733
723
693
681
649
619
602
592
594
608
627
642
683
745
740
723
722
679
655
639
630
623
635
635
647
661
660
653
649
646
630
619
616
604
595
595
615
646
694
670
661
687
730
734
706
704
678
641
639
640
642
642
641
653
655
645
621
610
600
586
572
577
565
558
555
548
544
548
568
606
651
648
635
629
640
662
665
646
630
628
638
641
621
600
582
566
556
552
554
559
567
589
670
757
753
702
686
675
666
650
628
616
604
612
626
642
654
693
731
725
695
674
659
664
674
662
652
639
638
655
663
659
669
680
687
680
655
646
626
594
581
570
560
577
688
707
680
689
700
706
662
652
650
668
663
646
639
628
613
601
603
608
634
640
639
635
628
617
599
597
597
592
599
598
601
608
618
622
610
603
603
599
596
594
581
578
584
603
630
630
626
628
649
661
656
639
630
632
642
648
658
631
637
623
601
585
570
559
553
546
548
565
596
665
679
677
673
684
686
684
662
637
614
600
590
595
586
588
586
600
605
610
624
637
654
639
616
594
580
578
569
569
567
573
584
599
598
593
586
592
619
619
605
607
604
616
598
594
592
601
603
610
612
627
624
612
608
594
592
573
563
551
531
521
518
515
516
525
555
614
623
627
637
675
711
710
675
638
605
589
576
578
593
604
614
615
624
629
630
612
595
588
589
602
611
610
607
602
603
613
618
626
621
604
596
588
587
583
580
579
585
591
599
596
584
580
577
584
582
590
591
595
602
622
639
637
620
619
615
609
596
570
556
551
546
548
551
549
542
543
583
618
645
634
626
628
644
660
668
654
646
650
653
643
618
591
572
546
541
548
565
580
627
737
795
764
739
733
720
697
666
673
694
700
681
672
670
674
680
696
699
704
668
666
660
660
654
640
640
647
657
672
666
635
613
598
591
602
613
616
624
631
634
623
628
636
663
682
654
636
619
611
610
602
586
571
563
573
586
594
589
584
584
604
633
626
616
575
554
525
509
498
491
484
484
489
494
500
501
503
501
494
493
487
494
502
497
498
496
499
501
508
511
511
511
507
501
495
491
484
479
473
470
463
463
461
460
462
470
478
474
473
476
484
505
522
553
551
545
517
516
507
506
509
514
515
516
521
521
521
521
506
505
497
491
488
488
490
492
488
482
482
480
477
477
479
484
482
478
479
484
482
480
483
491
504
515
523
527
529
525
516
500
494
487
492
504
524
540
561
563
563
563
537
528
522
524
525
526
531
534
527
525
518
510
510
503
499
503
506
511
510
509
506
508
507
509
509
508
511
507
500
497
499
506
505
497
495
500
498
495
495
496
504
515
521
522
524
517
504
497
490
488
489
496
500
505
511
511
515
498
495
489
486
489
494
500
507
515
502
500
499
500
504
508
512
515
505
503
501
501
504
503
492
492
486
483
481
480
484
487
491
497
501
506
510
497
496
490
484
483
485
494
500
514
510
507
500
500
507
520
532
542
549
555
551
548
530
524
518
520
521
526
524
522
518
513
498
495
487
486
497
513
530
552
569
582
579
572
551
535
523
520
525
535
551
559
558
557
557
562
557
560
562
560
563
562
560
554
547
533
514
502
494
494
512
533
573
605
598
583
592
597
570
569
580
581
584
600
604
604
608
566
544
526
521
536
555
579
591
593
587
568
552
542
517
505
497
497
507
524
538
543
561
563
564
558
548
544
538
517
513
504
501
510
526
547
568
580
586
564
550
536
535
542
558
573
582
582
583
574
551
529
521
508
507
521
557
589
627
651
664
666
628
592
565
548
538
530
522
510
505
502
507
523
557
562
583
591
607
612
608
602
601
596
582
571
562
551
536
531
520
519
524
519
521
523
534
566
585
597
616
609
599
566
546
528
518
513
513
514
528
540
567
586
573
574
555
551
546
547
552
534
530
522
518
520
521
522
527
533
538
539
523
512
505
499
497
507
523
539
555
567
573
572
558
548
527
511
505
499
503
508
512
505
514
532
546
555
557
550
529
518
512
511
519
528
537
541
538
521
516
514
519
534
551
573
593
604
608
599
590
558
549
528
520
517
525
537
532
536
533
546
576
620
647
651
620
607
607
604
601
583
587
575
573
568
568
567
550
546
540
548
573
621
639
635
630
608
607
604
606
602
604
604
600
582
574
568
566
564
562
563
558
563
584
597
605
623
651
657
635
631
629
637
637
624
626
627
631
627
637
646
670
694
686
674
655
635
625
622
626
624
616
613
621
628
638
645
653
674
684
687
683
655
638
629
633
650
657
658
678
703
714
691
650
630
627
630
639
667
678
671
683
702
711
709
709
685
665
638
632
629
640
691
751
749
770
772
766
753
716
677
657
656
664
672
668
660
636
643
701
731
708
687
687
685
684
686
696
700
695
679
663
659
661
684
672
654
673
704
699
689
696
683
654
627
612
605
590
591
614
646
654
663
677
696
711
703
688
677
670
648
638
639
658
695
739
760
741
719
701
683
666
643
618
602
597
609
674
781
751
739
759
764
719
711
691
676
654
624
615
614
638
660
664
677
686
710
729
723
713
688
668
643
629
622
633
665
692
688
701
731
759
767
733
718
683
660
650
638
630
619
615
621
656
673
635
640
655
658
642
628
623
630
641
654
648
646
652
656
681
681
687
660
658
657
653
636
646
640
645
639
633
638
656
692
720
727
724
719
671
664
637
636
652
661
659
645
632
636
655
678
680
656
663
663
666
663
657
638
642
644
638
632
633
651
684
708
714
703
706
723
723
691
676
671
658
639
625
617
615
629
675
754
800
768
747
726
720
708
700
699
689
684
663
663
668
699
739
749
715
661
649
641
641
648
655
654
649
658
669
686
680
680
676
684
706
719
710
689
687
682
675
660
624
618
616
605
627
719
755
733
740
751
763
739
691
673
668
668
682
694
688
707
732
770
763
736
729
730
731
726
706
685
652
634
626
631
668
767
762
758
787
796
767
719
700
686
683
682
675
666
678
702
762
753
752
758
749
742
706
683
677
670
675
688
675
675
700
714
704
693
703
706
697
669
664
663
675
688
690
692
691
689
687
665
660
661
662
663
664
665
692
734
772
763
723
710
704
690
673
661
663
666
676
700
701
700
712
736
752
716
677
666
661
632
622
619
608
600
618
672
688
715
744
759
733
699
689
694
676
666
668
672
690
671
661
659
657
652
646
656
680
700
720
697
695
709
712
714
685
668
642
624
618
608
602
619
659
694
662
689
702
697
692
695
696
694
684
682
660
634
621
617
630
666
677
686
712
740
784
778
766
765
756
753
737
709
690
672
653
668
688
751
795
815
794
732
708
712
726
731
744
728
690
686
677
680
684
699
726
749
741
731
731
700
668
656
634
626
617
614
609
604
590
588
586
589
604
617
637
671
709
733
740
728
685
647
622
607
601
613
676
759
769
793
827
822
793
759
700
693
678
684
687
669
667
666
665
658
648
651
670
693
724
754
770
736
688
678
670
670
685
700
717
722
707
678
658
653
660
688
719
729
725
692
697
709
724
711
703
688
679
657
645
621
621
604
592
602
614
651
677
689
676
692
714
728
734
715
670
634
629
609
615
660
702
729
750
815
870
878
839
799
758
713
668
640
630
631
657
702
704
675
676
698
742
782
779
758
729
696
654
638
622
604
598
629
675
671
663
653
674
724
765
770
746
713
678
661
648
646
662
677
668
665
671
690
729
738
705
691
685
666
646
646
646
652
647
660
668
690
712
707
687
672
645
629
623
631
674
779
780
790
808
816
771
730
687
663
646
623
619
614
624
650
674
663
662
665
666
651
634
633
632
629
627
632
636
657
688
696
691
684
665
644
616
613
602
595
593
597
610
665
851
879
847
781
723
684
647
630
618
623
647
686
742
785
786
771
745
700
698
684
678
671
654
655
656
666
700
706
694
669
675
663
657
641
639
638
635
628
635
652
692
743
763
751
733
729
715
686
670
658
649
638
643
650
681
721
696
707
711
711
687
662
654
639
620
603
598
601
604
609
688
778
741
705
714
717
712
696
664
634
616
612
595
593
648
744
776
782
804
817
813
744
704
691
688
702
707
680
679
662
642
625
617
613
625
682
710
705
724
743
765
752
730
704
681
651
638
628
627
648
688
716
699
714
714
711
664
657
644
637
636
644
661
698
725
730
719
687
685
686
688
693
700
703
688
682
679
662
645
637
636
632
626
618
616
627
652
694
687
695
711
727
733
727
707
684
648
643
624
622
607
604
609
629
725
781
754
695
680
672
663
639
606
602
593
588
603
622
650
708
790
783
763
714
686
664
635
610
601
591
597
691
792
767
761
827
848
828
787
743
714
679
651
644
647
653
669
666
673
693
724
729
707
695
704
702
689
681
678
679
671
675
679
679
681
664
639
621
621
614
625
664
652
666
683
710
697
680
672
662
643
625
610
603
599
626
654
679
698
770
781
775
722
677
658
645
639
637
619
614
613
608
605
661
801
782
724
702
702
693
683
657
626
623
612
616
622
631
633
646
688
736
759
739
696
681
672
669
669
669
660
643
625
627
612
605
605
613
643
700
764
778
765
736
720
672
649
636
629
635
653
658
646
651
663
698
729
744
723
690
676
657
638
621
615
602
596
601
617
631
679
712
697
651
635
644
626
620
618
624
630
643
652
653
649
652
669
698
717
706
684
675
650
638
631
615
616
607
609
616
620
618
635
661
684
674
667
663
652
652
648
658
663
660
668
674
690
708
698
687
664
646
624
617
610
614
619
634
666
696
698
718
730
750
702
664
659
655
658
644
646
645
646
632
631
645
657
682
675
676
688
705
703
676
659
629
608
601
586
581
604
627
626
616
624
640
659
661
662
660
649
639
614
603
596
588
582
568
561
555
551
571
634
691
732
720
698
684
633
625
603
595
589
584
585
586
582
580
572
569
583
607
623
628
648
660
675
666
655
647
630
620
606
603
592
585
581
582
592
591
583
581
595
608
624
627
624
598
599
585
579
571
580
598
623
632
622
639
706
740
715
674
666
653
637
607
604
591
591
605
601
608
620
656
684
686
665
650
630
620
620
625
628
634
636
625
618
614
613
621
631
633
628
623
621
617
618
616
613
602
593
593
597
602
609
608
618
639
676
711
712
690
673
657
640
626
613
616
627
633
604
599
612
628
636
651
654
656
622
605
592
585
584
587
598
599
604
607
609
610
609
610
606
599
581
575
578
602
641
672
686
682
640
629
617
612
612
610
616
610
602
601
606
622
636
634
638
640
635
638
628
619
613
604
587
579
572
584
620
668
651
641
643
667
687
691
699
694
679
665
653
641
638
625
622
615
609
615
598
598
600
617
626
620
622
634
642
656
657
660
639
624
622
610
619
646
679
689
666
634
625
656
679
705
719
706
685
654
648
649
672
700
710
696
676
676
688
699
689
667
647
635
632
633
653
678
692
675
665
662
663
665
658
640
639
633
638
650
636
632
635
641
657
652
642
634
616
603
596
594
600
625
643
644
655
691
729
752
718
693
653
635
623
619
633
654
678
668
654
669
680
709
723
726
699
682
648
637
629
628
637
647
643
631
622
614
637
679
686
662
658
660
660
666
677
658
632
629
626
639
665
705
727
717
685
669
662
663
658
647
640
638
636
646
643
636
641
642
665
697
698
688
683
680
659
635
627
621
626
640
652
625
616
612
620
648
678
658
654
658
668
656
645
631
627
624
635
632
620
626
622
633
624
628
632
656
681
686
657
634
631
625
627
631
617
620
625
638
645
647
645
646
648
647
652
658
663
633
624
616
615
617
621
622
634
655
689
705
704
674
671
661
646
627
608
596
586
577
563
569
575
571
565
570
580
589
606
617
649
649
651
638
612
603
598
597
606
616
623
629
643
675
708
713
692
694
685
654
653
643
636
633
619
624
635
668
711
730
744
744
701
682
641
614
604
602
635
649
653
674
711
763
805
775
731
712
679
648
633
617
614
608
615
634
686
785
779
728
721
697
670
647
639
630
633
653
663
664
621
611
601
594
592
594
602
604
606
600
591
586
588
594
607
599
602
593
601
613
624
626
616
612
599
599
602
604
594
589
592
609
644
666
645
637
629
631
624
631
630
621
617
610
602
587
580
578
587
619
647
651
660
624
616
601
591
583
593
597
611
607
623
628
664
702
686
667
654
636
620
612
611
612
615
613
614
610
614
613
611
611
613
597
595
592
593
594
605
614
619
625
615
616
600
597
589
579
590
602
626
627
657
729
794
784
752
702
677
666
649
637
635
637
650
642
651
665
691
689
699
715
712
702
687
678
670
665
661
643
630
624
622
636
644
656
670
706
728
722
667
652
646
640
632
623
621
605
607
598
593
604
617
634
656
689
707
727
714
700
682
662
644
612
612
601
610
620
624
642
682
763
755
724
717
738
717
686
669
657
652
658
654
641
647
654
674
679
673
659
657
657
655
654
657
641
644
646
662
677
680
671
641
633
620
619
625
630
628
637
647
686
679
687
702
714
711
687
679
675
667
671
668
657
651
656
662
677
671
681
684
690
687
678
675
666
659
640
631
620
614
612
616
628
645
639
645
652
676
663
661
667
673
667
661
659
663
665
646
643
638
629
624
630
646
673
688
697
707
698
672
649
638
626
619
614
610
611
614
611
626
642
657
643
660
662
651
644
644
632
624
625
625
642
649
684
689
681
666
646
646
648
662
661
641
629
645
627
606
600
592
587
582
581
582
590
588
588
589
595
606
617
620
618
610
603
595
599
606
635
660
650
654
685
700
709
699
683
657
632
618
597
586
581
580
580
567
577
597
609
623
620
624
663
700
707
699
685
664
638
618
609
603
609
631
642
655
708
771
813
792
771
749
712
698
676
659
637
621
613
619
653
735
793
777
731
723
707
688
676
660
646
641
634
641
668
694
707
703
683
663
627
621
606
598
595
598
603
604
598
606
619
642
675
695
704
676
681
675
674
667
661
663
659
659
648
641
626
620
621
639
667
693
696
688
708
713
712
712
704
689
661
643
628
622
605
601
606
601
626
666
691
679
658
664
669
674
682
678
673
671
646
644
634
639
642
648
665
683
705
710
705
680
659
641
624
613
607
608
608
612
607
605
625
665
671
670
670
678
678
682
676
673
665
661
656
649
634
625
621
617
619
613
613
616
606
594
592
586
574
563
550
550
569
603
647
675
695
677
649
625
617
606
594
593
617
649
677
668
668
654
642
644
636
646
661
679
685
671
674
675
667
663
657
643
637
638
645
655
655
646
636
630
628
634
641
645
636
632
632
636
649
661
658
646
641
635
625
623
620
620
616
605
616
617
608
615
625
645
649
647
649
646
636
630
618
609
602
599
588
580
573
566
558
559
575
606
658
681
671
646
631
633
622
610
626
644
669
698
701
693
703
689
681
671
644
633
627
627
638
637
672
697
732
771
772
751
711
673
637
620
610
600
602
606
614
629
617
627
646
696
712
674
653
655
645
638
636
622
627
625
631
613
620
626
620
604
606
600
594
585
566
554
548
537
524
521
515
510
502
494
488
487
487
485
487
491
492
491
371
515
343
816
4855
355
525
349
508
793