647
646
644
635
622
616
624
639
637
632
615
603
603
607
606
601
601
590
580
578
578
572
565
567
579
591
596
605
638
655
638
622
610
603
590
580
576
575
595
608
608
605
629
622
619
607
594
590
582
574
571
575
585
597
604
604
614
624
636
640
636
642
643
643
637
628
624
625
630
635
630
632
639
655
653
653
646
646
636
617
613
615
628
635
633
627
621
630
642
639
629
629
630
619
607
607
618
632
633
637
644
643
633
622
613
608
600
592
588
587
588
595
594
592
586
581
585
583
597
630
656
633
617
605
594
582
576
576
593
603
604
602
616
632
645
642
646
642
646
638
638
638
644
641
621
604
601
604
596
576
575
579
582
594
627
681
704
675
652
651
667
662
648
647
660
673
679
664
663
672
691
689
667
656
650
652
645
643
653
669
695
679
668
665
667
679
671
657
641
647
646
647
643
644
676
717
708
686
684
686
680
661
648
647
651
640
636
644
675
701
685
673
669
685
693
672
655
644
653
667
669
659
661
688
728
720
689
665
649
639
641
650
661
675
663
671
683
673
661
648
654
648
643
646
662
664
658
656
656
655
643
628
634
647
670
662
663
673
678
666
643
626
607
613
612
605
600
600
609
628
632
622
630
638
643
636
630
626
638
660
676
688
692
685
674
675
659
655
655
661
661
654
639
637
633
622
609
604
612
637
641
627
637
649
651
655
652
644
636
624
606
594
587
580
573
573
583
597
588
576
578
588
588
596
610
638
647
642
628
625
634
650
673
661
652
653
659
658
651
647
654
671
695
704
694
691
696
699
678
664
667
683
703
690
696
707
725
729
705
693
688
682
675
678
692
706
685
671
661
671
685
676
671
682
700
709
688
694
699
702
681
675
683
696
712
695
690
699
721
705
684
669
682
696
691
680
677
701
688
673
657
651
652
661
676
682
676
673
676
671
653
642
647
654
639
632
629
634
636
638
642
665
688
673
662
672
670
658
647
648
646
648
656
651
661
663
650
637
619
605
591
592
607
635
653
692
700
699
675
662
633
615
602
603
627
676
735
732
715
707
725
743
717
678
663
647
640
633
626
626
639
684
683
682
697
724
721
693
678
671
666
651
638
643
669
719
733
711
688
682
689
690
672
668
682
707
701
688
675
666
674
684
688
673
662
662
659
633
620
608
614
632
653
633
647
651
647
647
630
617
612
604
590
581
571
560
550
546
558
559
569
597
612
636
683
735
757
722
686
675
676
679
667
651
640
635
635
630
629
620
611
601
592
600
630
656
670
700
744
750
723
688
674
665
661
660
665
687
697
686
671
678
679
643
623
619
617
618
629
654
689
694
685
679
674
673
662
655
655
668
688
699
688
691
703
696
687
678
683
685
681
669
664
657
657
655
654
652
670
690
688
686
675
679
682
680
675
653
638
631
636
650
655
653
671
688
701
689
670
646
629
612
598
585
585
613
688
683
702
720
733
736
731
725
710
695
668
643
624
616
637
682
727
739
729
692
663
658
666
681
697
708
688
671
670
682
683
685
692
693
710
714
696
683
683
678
666
656
671
688
695
694
678
671
650
637
630
632
661
678
729
791
773
771
756
732
681
651
637
622
629
634
632
638
656
687
706
718
727
745
746
726
688
677
673
682
683
678
681
688
675
656
639
638
661
668
663
683
695
703
696
684
666
666
661
668
685
709
695
688
694
688
658
655
668
687
666
670
669
684
674
688
717
725
706
696
692
698
679
667
656
659
662
660
651
671
669
659
648
641
650
655
647
652
664
671
665
668
675
663
659
661
660
659
663
663
663
658
662
673
675
674
678
677
674
651
638
638
653
659
659
658
674
681
671
682
664
648
636
625
609
591
582
583
580
588
641
669
675
712
705
666
638
622
604
593
589
590
610
643
666
713
770
748
705
685
671
652
636
630
627
631
628
619
608
604
608
626
638
663
693
737
720
691
688
697
679
670
666
649
637
632
643
645
626
606
595
609
638
653
652
683
698
696
675
671
680
674
664
646
624
617
618
632
643
633
626
627
630
626
624
622
628
642
654
672
675
674
660
658
657
670
673
659
653
645
635
632
639
667
701
700
729
752
739
720
727
688
666
650
648
657
648
654
671
675
688
691
677
664
662
671
665
660
643
631
628
651
711
787
762
774
716
645
627
604
589
563
567
570
587
602
712
772
763
854
891
807
753
746
735
714
702
706
681
665
670
701
727
729
721
712
714
731
741
720
696
679
675
665
681
700
726
734
709
672
646
624
622
642
671
698
693
672
661
669
688
671
673
658
649
651
646
658
681
655
667
648
624
609
618
632
637
628
626
641
660
667
654
643
646
648
640
631
629
626
634
624
618
630
645
642
644
650
646
645
644
642
633
639
645
634
630
625
642
660
681
672
679
665
642
628
621
619
622
622
613
613
613
620
631
654
657
647
650
662
668
654
638
623
608
596
586
578
570
581
601
624
621
643
703
744
741
752
761
724
698
687
673
675
685
687
685
672
694
699
691
678
659
644
625
605
599
593
592
616
635
637
628
619
639
648
677
700
731
710
685
664
646
622
610
595
578
568
566
565
563
567
591
619
661
661
677
703
709
690
692
680
659
647
646
648
654
642
640
637
647
659
697
758
732
700
692
697
694
674
649
634
622
628
657
724
732
716
723
728
702
690
695
697
695
681
692
688
677
669
666
668
661
642
639
676
713
709
711
698
683
679
668
652
636
638
645
650
641
630
638
676
769
786
745
723
715
709
668
641
622
609
601
601
621
682
767
754
759
756
711
691
687
688
689
683
688
682
670
650
645
641
648
675
718
718
697
709
724
722
697
672
643
630
615
605
606
623
637
651
679
668
659
683
701
688
684
691
660
645
624
612
612
615
618
642
646
654
690
722
713
707
698
698
673
661
655
657
654
645
640
647
662
647
621
613
607
607
626
631
631
625
640
665
685
693
706
695
668
649
633
620
620
624
641
670
685
697
692
694
673
664
667
676
669
653
655
655
665
659
639
634
633
637
647
637
632
620
624
643
665
672
671
654
626
612
598
588
585
581
576
566
568
597
634
640
650
670
706
706
681
686
682
675
669
657
648
626
610
597
596
613
696
754
735
729
727
711
689
667
671
689
688
688
678
677
681
686
688
690
672
679
681
664
647
634
612
600
595
595
607
645
670
663
641
646
646
642
638
630
626
615
612
620
637
635
649
658
644
646
643
632
628
633
642
645
641
650
656
664
669
674
678
667
641
625
612
608
604
601
597
600
604
605
611
612
612
610
618
634
645
650
642
616
608
604
613
618
619
621
616
604
603
606
604
607
631
663
688
671
663
682
688
665
648
644
643
646
645
635
635
646
673
680
664
662
662
660
647
633
616
605
604
617
633
652
668
689
716
717
678
644
617
608
601
598
591
595
595
618
642
666
675
680
659
647
620
604
588
579
583
594
632
708
698
681
686
692
711
698
681
671
689
690
668
669
672
674
677
662
673
664
654
629
618
614
653
724
715
686
692
705
717
694
663
654
650
660
654
645
656
671
696
662
646
631
629
635
642
646
644
634
615
600
586
587
589
597
604
609
598
603
616
624
631
635
636
626
616
603
586
571
560
551
562
593
642
687
693
698
697
692
653
635
627
633
644
648
649
631
617
605
614
627
657
680
650
635
616
606
596
595
595
600
604
617
636
646
661
673
684
675
660
636
620
602
591
600
617
630
652
665
687
661
646
644
632
622
623
642
639
628
627
637
661
676
661
660
687
688
659
648
638
627
628
646
664
658
668
679
717
716
721
687
665
667
669
674
671
646
633
624
629
646
646
652
659
671
689
700
684
661
656
655
660
675
676
672
672
680
680
662
650
654
668
675
665
668
669
647
644
646
658
661
659
655
661
653
653
651
638
631
624
632
648
672
672
661
654
650
642
631
624
632
652
684
687
667
659
675
687
668
646
634
629
636
641
634
634
638
660
682
667
656
671
669
651
636
640
655
669
671
660
653
659
655
650
652
660
644
632
616
613
610
605
604
614
628
631
636
653
661
654
646
639
634
637
630
614
608
597
586
583
609
641
646
639
640
674
683
691
671
665
665
660
661
649
650
666
675
693
680
660
643
646
656
650
650
663
677
687
688
689
683
662
640
636
638
654
647
637
654
677
684
666
646
651
657
662
648
642
636
628
617
613
612
634
688
734
725
723
742
765
716
682
654
622
609
592
587
586
587
583
595
621
654
643
638
644
671
688
686
658
653
653
659
668
668
660
666
668
648
645
645
657
651
643
644
656
664
661
646
637
640
648
650
635
623
615
616
624
627
633
657
702
710
695
707
706
678
662
659
659
658
642
652
656
649
648
665
665
649
639
644
656
652
652
649
640
623
613
620
644
662
663
646
638
645
646
640
625
621
611
598
595
581
576
585
587
583
573
584
622
641
631
634
668
686
681
652
642
645
642
637
621
622
638
664
656
658
679
701
673
661
650
655
651
644
638
646
638
625
623
640
655
646
636
648
663
654
649
650
651
634
624
618
630
627
627
621
634
656
659
657
651
654
662
643
629
628
627
626
616
604
607
629
639
635
646
668
659
660
662
682
690
678
663
658
646
635
629
639
653
664
666
667
684
669
654
649
644
627
625
626
630
630
632
648
638
649
646
648
627
609
594
583
582
589
588
586
584
582
576
579
569
560
547
538
534
540
552
579
600
602
595
609
625
638
634
641
632
610
591
584
581
579
580
574
573
571
563
558
552
532
524
518
514
516
519
517
512
511
521
523
518
521
528
543
563
571
584
591
599
592
592
583
574
572
565
563
560
558
556
557
554
549
543
541
535
533
554
589
609
604
621
629
641
645
637
626
624
623
628
626
630
626
632
626
619
618
617
612
598
580
575
582
609
633
688
693
674
652
616
600
594
604
627
650
676
671
669
669
675
662
632
615
610
612
615
621
647
645
643
660
662
654
654
653
647
629
617
598
590
577
577
572
582
596
626
666
658
646
666
690
675
662
658
657
641
626
614
612
636
644
643
646
652
664
660
656
661
658
654
649
644
638
629
613
595
585
578
576
579
581
589
578
601
694
759
776
778
716
686
666
646
646
648
681
718
739
763
764
745
706
670
657
657
666
664
671
705
738
710
684
680
662
640
637
643
669
651
647
645
664
665
661
637
633
639
623
622
610
613
631
677
698
699
733
728
743
710
657
640
627
626
619
612
610
621
635
625
634
629
610
604
619
650
650
639
643
660
665
656
649
653
649
641
634
639
659
666
665
671
672
657
665
676
684
688
665
645
643
635
624
617
613
606
608
609
643
672
662
668
682
677
653
632
630
630
650
639
629
634
642
649
631
613
598
597
618
624
633
653
675
685
667
661
672
688
689
659
662
658
671
661
655
662
672
689
682
675
687
681
671
671
688
683
663
636
620
617
610
606
601
610
639
650
652
653
655
659
643
630
629
620
601
594
604
614
617
628
646
653
668
661
656
682
693
705
689
679
674
673
654
642
637
644
651
655
660
650
645
646
652
649
639
619
605
601
600
604
603
597
596
600
588
582
597
614
612
632
659
661
657
664
664
642
631
620
644
695
697
691
682
656
634
614
596
586
584
587
597
626
631
633
627
611
607
622
649
664
683
670
663
653
642
617
610
597
598
590
586
592
623
673
687
694
659
632
624
622
636
651
647
652
626
617
628
654
670
684
679
669
636
618
614
627
647
670
688
683
646
642
645
667
701
708
706
695
668
641
627
626
631
654
648
644
658
705
788
822
820
778
739
706
676
635
619
604
606
629
651
692
695
677
700
749
784
731
716
719
711
692
687
664
650
644
636
634
649
668
666
654
646
668
660
634
640
649
647
640
648
671
668
662
660
666
690
700
678
666
673
690
687
670
675
691
699
704
690
681
682
688
687
673
658
631
629
619
614
611
606
604
620
620
619
619
632
654
670
658
651
655
660
670
673
660
652
666
686
696
694
695
704
683
664
663
670
675
673
673
675
694
677
668
675
676
667
664
666
666
663
677
694
699
679
663
654
645
635
631
632
639
667
668
677
680
693
700
691
687
675
660
639
623
616
628
657
665
666
700
740
737
690
664
658
656
654
640
639
646
658
664
659
671
685
674
661
658
656
660
655
635
620
617
614
619
611
619
652
684
681
684
680
692
700
673
650
626
617
637
657
659
657
642
634
609
593
583
588
597
598
599
620
663
695
701
666
638
623
619
637
650
643
652
671
667
662
656
665
682
684
658
660
667
684
688
680
680
679
674
674
650
646
644
649
659
681
667
647
646
649
660
654
643
639
646
655
667
662
650
642
632
629
621
609
609
614
620
643
672
693
694
676
678
681
673
655
653
646
654
669
689
687
675
674
679
689
699
687
670
665
659
650
639
623
613
610
621
692
721
704
723
739
743
717
688
672
654
638
621
612
613
644
666
694
722
798
787
722
689
676
660
643
633
631
637
650
646
641
651
657
660
652
646
657
634
627
629
638
634
636
638
642
650
651
642
624
610
604
616
615
618
619
626
646
659
676
664
638
615
602
592
587
583
582
584
593
593
591
584
579
583
594
607
613
614
617
604
599
599
603
602
607
607
604
594
583
582
592
606
625
643
648
649
633
611
602
599
600
600
607
615
621
624
612
600
588
587
586
591
593
592
594
604
610
621
619
614
604
595
589
591
598
596
589
591
601
608
612
614
608
616
635
647
652
646
651
652
648
631
620
618
615
618
616
612
611
629
644
636
627
635
652
671
671
659
665
668
666
662
662
650
641
635
629
622
628
642
659
647
640
669
677
652
647
650
658
683
685
669
670
669
677
668
665
664
668
660
653
653
662
677
671
665
672
685
676
663
659
653
646
646
649
666
667
656
636
626
628
632
642
643
655
666
670
679
706
709
693
697
703
698
678
656
643
638
630
618
619
640
667
702
667
673
689
732
696
654
632
615
601
599
612
641
643
653
678
708
749
766
726
681
668
650
646
641
634
633
649
673
672
671
681
705
707
702
669
664
655
639
636
624
620
610
604
596
592
586
586
589
596
609
620
625
630
630
637
643
649
662
655
648
644
641
640
632
635
637
637
634
647
649
638
640
649
654
647
646
659
661
639
632
624
627
634
636
638
647
664
683
676
672
676
686
680
679
675
689
694
688
669
664
668
685
671
670
663
663
645
641
640
644
662
660
676
692
675
655
642
648
656
651
653
653
659
646
646
654
659
647
648
650
666
657
646
650
665
676
672
662
667
676
675
669
666
670
673
664
658
668
671
656
646
632
624
616
618
617
642
697
718
704
694
704
702
689
667
652
650
658
652
652
663
667
686
679
681
698
707
694
669
661
655
653
650
646
653
677
715
714
696
703
715
713
695
693
686
682
662
654
641
640
624
615
626
629
624
632
654
663
667
665
676
686
674
662
661
655
650
643
652
661
669
663
675
700
689
682
677
673
661
646
636
627
634
637
631
636
657
686
683
678
691
700
698
679
673
673
656
643
641
647
671
676
672
676
684
687
671
656
660
646
638
633
638
630
638
642
658
663
669
688
682
683
669
651
643
633
632
614
603
603
616
667
655
659
674
667
659
638
617
608
597
596
611
612
603
604
614
634
652
661
660
642
620
604
589
581
580
584
595
612
635
651
639
619
621
621
623
633
639
649
641
635
609
602
586
577
577
585
582
578
589
622
666
682
678
678
662
637
618
606
601
600
604
609
615
612
604
591
588
592
604
615
621
619
618
605
595
583
573
573
591
617
646
677
694
684
656
638
620
612
615
618
633
629
620
613
628
636
647
650
647
642
633
628
622
606
596
591
594
612
647
670
680
674
661
641
620
606
600
602
605
607
615
625
627
625
608
598
596
604
619
644
660
659
664
652
646
632
617
604
592
586
579
588
612
626
603
626
670
659
632
645
635
613
607
625
646
661
651
646
622
606
600
606
629
643
660
715
747
749
691
664
672
674
689
662
646
645
654
670
677
681
676
660
658
662
671
665
657
666
666
672
709
726
707
698
685
678
670
662
657
657
657
646
645
649
664
688
708
694
662
650
649
635
625
625
625
630
638
660
664
657
639
626
616
620
632
640
646
670
699
719
715
692
684
688
692
687
682
662
663
666
675
675
686
691
667
669
673
674
673
649
643
645
664
672
676
680
689
688
666
644
646
642
644
640
638
645
663
689
700
689
668
664
654
648
643
634
631
634
650
683
716
695
702
705
702
681
648
634
623
617
617
630
661
667
664
670
687
700
686
665
667
665
658
646
643
646
658
676
678
697
712
739
762
749
713
682
668
663
659
660
653
669
712
767
762
737
723
688
675
674
678
686
700
690
690
680
660
642
634
633
631
652
683
687
692
729
774
764
721
693
692
689
681
686
686
697
711
699
677
663
657
653
663
666
677
716
762
768
726
734
732
707
687
687
682
676
668
668
673
688
686
683
676
682
664
651
661
651
662
672
691
702
697
681
673
675
674
664
648
645
648
660
673
675
669
664
675
696
695
683
676
672
675
668
657
652
663
686
699
700
699
700
699
680
652
642
625
606
593
597
603
601
608
634
666
683
670
674
686
696
686
672
681
688
686
671
664
666
687
715
717
728
706
672
651
641
641
664
700
691
705
717
736
798
811
791
719
681
655
634
624
634
648
670
670
705
716
745
717
697
700
704
685
678
670
670
673
656
635
615
607
593
587
601
624
656
668
670
666
650
627
619
606
599
604
613
622
632
627
627
621
630
660
685
687
682
694
695
667
660
655
658
661
660
658
640
633
622
624
633
640
640
632
635
657
672
675
668
654
646
631
621
608
608
633
643
653
645
638
634
642
649
659
659
650
674
718
732
729
721
687
679
669
666
684
688
690
701
708
687
678
678
699
716
719
690
660
640
616
610
624
694
816
835
770
781
787
749
710
694
683
664
658
662
665
637
643
673
695
701
684
666
673
693
712
696
687
677
680
681
703
691
692
699
692
701
676
676
675
678
660
646
636
638
644
644
636
639
653
676
717
732
714
680
650
633
619
601
605
613
613
634
740
899
902
869
798
744
700
664
641
621
615
645
700
774
786
792
773
752
734
687
664
649
641
645
672
679
687
713
760
786
770
751
718
679
663
650
646
654
670
693
692
723
762
744
702
685
673
670
675
691
694
694
679
665
652
646
638
631
616
622
692
848
847
814
784
737
691
643
625
604
604
676
744
733
711
677
695
730
793
855
847
790
760
720
683
656
637
617
599
589
579
578
577
576
621
688
753
813
789
760
721
681
670
651
639
633
627
617
606
600
595
592
589
576
570
563
559
557
560
576
603
641
666
700
686
666
649
628
612
604
616
648
665
657
669
677
666
654
647
638
625
610
599
604
619
646
657
645
631
606
594
587
579
579
581
581
599
624
658
652
642
653
669
689
705
715
709
694
664
645
627
612
597
594
612
600
607
655
690
674
688
717
720
705
678
676
669
672
681
685
680
662
664
673
668
646
630
617
609
611
614
623
658
708
742
744
737
712
674
649
639
627
612
607
614
646
684
708
737
813
862
835
807
768
737
707
696
665
660
666
693
739
782
765
750
751
727
687
667
662
666
675
680
675
680
697
712
715
714
714
715
698
695
690
692
693
686
687
697
703
691
676
665
663
675
697
688
661
640
613
601
588
579
579
596
631
653
639
639
659
700
748
736
720
715
706
678
662
658
641
620
606
604
637
646
654
674
715
737
750
740
688
662
650
643
630
625
628
650
685
736
746
750
745
729
698
668
658
666
676
682
707
716
716
712
684
664
655
656
681
670
658
665
674
691
705
703
693
682
691
697
695
697
705
700
674
661
658
669
684
698
707
724
707
691
674
670
678
650
642
645
660
684
717
721
707
678
662
652
661
682
699
706
698
671
656
647
651
662
647
656
666
682
681
681
703
719
699
693
696
702
690
675
664
665
688
700
688
682
680
684
668
650
660
678
691
690
680
672
659
645
634
632
628
615
608
603
587
586
599
622
657
660
634
632
650
675
688
688
694
688
671
660
644
646
661
645
633
623
628
675
682
676
681
688
687
665
666
665
670
657
648
656
679
701
688
676
671
671
664
654
660
674
673
679
700
716
735
718
696
686
670
650
634
629
642
683
694
670
700
694
712
768
771
730
725
716
718
692
665
643
627
618
615
628
662
699
721
714
701
704
714
709
682
662
653
646
644
639
631
652
668
714
731
720
716
727
730
726
708
697
684
676
660
646
642
652
681
707
708
690
693
713
725
707
682
664
646
640
645
662
677
693
715
755
757
734
726
725
715
697
691
684
677
666
653
662
675
693
690
675
676
703
723
722
698
673
658
655
670
685
678
683
688
709
698
690
670
650
631
627
637
665
682
679
675
692
703
708
701
675
653
633
615
606
621
641
644
647
684
728
787
801
774
752
729
715
684
664
655
694
730
737
723
729
751
765
740
712
700
690
674
651
640
641
664
706
721
722
729
769
756
730
707
699
690
684
675
681
688
700
701
687
668
664
667
660
651
644
648
637
629
630
639
635
625
619
624
632
637
629
613
601
591
595
616
622
628
662
686
702
698
667
662
666
669
656
649
651
662
672
681
670
670
688
700
681
676
671
679
680
672
657
649
645
643
640
631
640
647
658
662
661
641
625
624
634
646
645
628
608
608
609
607
595
585
576
566
563
558
556
555
557
566
582
601
617
600
588
587
596
599
601
605
604
613
614
614
615
606
598
585
575
575
579
593
630
669
706
703
666
647
646
643
640
643
627
612
609
612
617
631
637
638
642
625
606
598
592
585
583
583
583
591
599
602
594
583
586
587
600
610
622
621
625
621
618
605
599
582
574
566
563
573
603
640
675
676
633
636
646
647
659
658
664
654
648
640
631
619
617
602
590
586
602
626
673
705
732
748
739
701
659
626
609
603
608
611
603
597
607
620
640
656
672
670
655
649
619
604
595
592
591
602
622
647
651
652
649
636
608
595
589
590
603
615
619
630
657
681
715
711
664
632
620
607
601
608
621
632
628
604
613
622
639
665
673
673
654
629
621
613
613
616
595
585
593
605
623
618
603
608
621
635
639
650
648
641
635
644
646
658
668
660
651
661
667
669
676
711
736
744
743
744
729
716
724
730
724
700
674
657
651
647
651
665
688
696
715
718
726
691
666
643
635
621
617
621
644
652
648
645
653
665
681
677
657
640
644
654
661
646
628
632
642
641
634
626
634
649
671
681
695
726
729
723
713
681
664
658
643
626
612
602
602
626
637
638
637
653
670
680
686
677
677
682
688
689
689
672
652
640
632
648
655
651
658
693
732
745
733
708
696
696
679
661
651
649
660
659
662
641
626
612
602
600
609
643
681
683
681
676
657
633
617
612
617
626
635
659
664
679
681
670
663
638
619
608
604
604
613
632
663
647
669
688
716
720
718
705
687
667
634
615
609
612
631
648
670
692
675
655
670
678
687
687
687
676
673
652
637
633
623
624
625
635
652
667
673
704
731
744
720
714
714
705
691
667
630
613
605
605
591
596
623
664
686
704
675
644
647
648
638
623
613
619
628
638
646
631
615
625
633
641
644
652
662
658
629
629
630
629
635
630
632
632
618
607
613
626
640
650
654
640
647
656
665
674
668
643
625
621
621
623
633
627
637
657
675
695
688
684
672
650
630
609
601
601
610
628
658
671
646
630
638
647
659
665
674
664
658
636
623
632
652
654
661
676
705
721
692
679
679
677
673
671
661
660
671
684
716
710
689
673
668
662
668
658
646
640
631
627
630
629
634
644
667
705
702
685
677
673
675
668
669
672
673
688
674
651
642
639
646
651
650
654
663
673
685
682
683
678
668
644
642
642
653
676
688
691
717
752
760
723
691
677
666
664
658
655
646
638
636
657
701
710
717
738
751
762
749
730
715
686
674
668
665
670
666
668
688
730
757
758
757
741
709
678
658
647
649
665
682
681
695
715
726
703
695
692
689
693
688
682
670
659
646
649
649
669
703
716
726
705
687
674
669
669
668
657
648
653
683
731
759
758
745
703
677
661
654
656
649
652
660
672
673
672
688
696
689
699
696
661
637
632
638
635
646
665
665
676
662
641
619
613
626
628
631
643
673
708
737
741
722
705
689
672
653
629
619
618
636
688
747
736
706
700
708
723
745
743
704
667
648
630
627
622
623
634
657
701
714
697
709
715
732
718
723
718
706
688
679
686
708
700
675
674
666
665
657
652
639
627
613
603
601
606
613
636
646
682
681
672
641
626
618
622
632
634
617
624
624
639
649
654
656
650
646
639
625
608
604
617
637
642
647
660
667
677
660
644
624
616
620
628
638
632
629
618
622
658
692
667
663
673
668
650
638
628
627
615
607
601
593
590
595
596
591
589
589
600
611
618
624
621
623
640
651
646
636
633
640
643
651
640
635
634
640
645
657
653
653
658
658
662
662
650
648
654
664
674
665
655
663
680
682
696
708
731
711
688
688
698
690
672
656
649
651
668
661
689
737
749
706
708
735
750
759
753
747
727
699
676
666
657
662
675
683
695
723
815
813
757
710
703
699
693
677
658
643
635
628
627
626
620
620
625
628
639
654
663
655
659
679
700
702
690
656
653
652
656
658
646
645
653
667
701
717
713
718
729
738
735
727
703
691
670
659
657
661
695
712
695
707
720
737
749
728
705
698
692
694
694
684
674
685
706
743
770
748
752
720
699
687
662
645
637
636
643
666
682
684
691
703
716
702
689
681
675
676
664
650
646
636
637
628
615
605
605
634
630
629
645
668
683
684
670
661
665
657
646
638
640
658
711
677
648
656
669
671
676
688
671
645
638
629
632
640
656
666
674
646
640
632
616
615
626
630
626
626
614
607
601
596
596
594
594
596
608
619
621
618
637
661
680
686
685
666
674
670
654
641
633
624
615
608
613
639
673
725
749
752
739
716
679
655
636
631
658
678
661
666
658
652
646
646
652
652
650
666
688
709
709
697
677
667
663
669
688
701
716
702
686
690
714
725
697
669
639
626
611
605
608
596
598
606
614
614
621
633
627
628
638
649
652
646
637
644
654
659
671
680
686
680
660
649
630
624
629
630
659
723
725
742
779
803
789
740
708
673
653
650
658
672
695
755
832
821
774
762
757
743
707
699
693
688
670
655
666
669
689
704
710
687
710
705
712
698
681
662
636
619
605
598
597
597
619
634
675
695
671
663
648
646
660
684
682
655
648
637
625
614
607
609
617
623
615
634
680
736
744
726
729
720
705
694
681
661
651
653
642
637
655
670
673
694
706
701
717
698
668
653
646
642
641