811
775
717
700
696
676
666
675
668
650
629
625
624
613
613
655
735
761
709
687
708
705
668
663
666
681
651
639
638
635
631
615
594
588
623
679
655
659
662
646
648
647
640
636
614
600
586
588
606
635
634
644
674
710
692
694
713
715
699
671
651
636
614
610
608
604
595
598
599
647
717
745
695
676
661
639
637
638
618
612
610
623
648
645
633
633
633
640
618
613
610
617
628
606
603
601
602
607
627
627
616
606
602
590
587
584
563
559
558
559
563
577
609
624
609
603
603
600
581
581
576
581
592
604
615
600
576
551
550
542
540
545
551
564
571
586
587
580
564
560
560
569
572
578
594
627
678
672
658
633
633
609
600
582
569
560
555
549
552
558
574
589
584
579
579
579
574
569
566
568
563
559
556
565
587
611
619
617
624
626
617
617
604
600
599
585
581
580
573
573
591
606
627
641
633
620
628
604
594
581
562
554
546
540
538
541
545
551
547
558
577
591
589
582
573
586
602
628
634
614
602
601
611
621
616
631
663
706
717
732
721
684
660
645
623
605
586
578
592
621
644
641
651
655
644
624
620
619
629
631
648
686
729
724
693
707
726
712
708
709
688
659
652
642
656
646
638
664
685
670
678
661
639
628
623
630
635
634
643
656
664
652
645
649
674
686
676
675
695
720
698
684
688
698
677
645
628
629
646
684
657
650
665
698
689
676
687
707
704
668
644
635
632
651
667
661
669
733
759
734
697
697
699
683
660
663
677
699
687
678
705
763
745
706
677
639
629
646
643
629
629
646
659
638
637
650
659
631
624
630
648
655
634
616
615
619
627
623
654
710
756
731
714
711
711
689
662
651
646
678
678
664
654
661
691
693
662
647
652
660
655
632
624
621
641
670
665
668
690
718
721
674
665
666
670
653
652
679
706
705
691
703
715
684
663
646
633
629
609
593
594
589
591
614
657
663
647
653
674
702
679
649
646
648
651
639
637
648
686
679
659
685
698
672
643
639
633
639
620
609
612
628
675
691
670
677
696
667
658
675
678
651
614
610
612
624
633
628
637
662
689
676
681
682
689
681
662
669
689
687
675
663
664
691
713
704
724
724
699
662
639
627
626
641
654
666
697
763
747
720
722
724
674
645
618
599
617
667
664
664
696
759
714
649
622
624
645
679
732
770
775
732
697
692
683
690
673
647
641
638
666
691
692
702
725
751
752
741
735
714
689
695
692
695
697
718
724
729
702
690
686
706
695
676
685
722
758
723
704
686
670
665
654
651
668
715
775
768
746
767
766
735
718
702
669
651
661
693
746
721
731
771
810
784
721
671
642
634
651
722
771
775
824
821
764
704
685
681
687
691
675
667
663
664
673
659
646
650
678
714
689
664
664
678
705
679
651
646
666
702
729
694
676
681
699
728
731
672
661
648
634
629
616
611
592
595
631
698
692
672
659
659
664
649
643
650
678
699
679
673
683
688
661
661
666
672
660
660
672
688
710
680
657
648
649
640
617
608
615
663
713
654
646
641
661
656
637
631
653
673
670
670
664
644
645
637
627
619
635
675
757
718
695
697
699
708
677
669
655
621
610
603
613
607
599
587
595
604
629
641
646
619
607
597
598
603
599
606
589
577
567
561
563
582
588
590
591
615
670
697
689
684
698
696
681
650
618
604
586
600
651
740
729
699
741
747
751
702
664
648
644
652
662
642
645
654
690
703
673
636
616
617
623
637
649
650
646
627
621
611
617
619
610
603
594
643
765
805
750
726
718
718
687
661
653
657
664
676
671
660
655
675
713
714
688
680
688
691
723
688
660
647
648
672
704
690
676
677
688
707
692
669
664
659
671
676
676
683
690
735
714
697
699
697
680
655
650
646
671
683
694
714
741
740
719
699
693
675
656
647
670
710
704
680
674
688
695
666
647
640
653
677
674
656
650
646
628
626
625
636
625
602
598
605
637
694
692
664
651
649
646
633
614
601
602
612
637
646
634
617
630
660
715
697
655
645
640
633
615
612
610
614
614
641
671
676
670
681
679
699
675
664
670
678
654
645
648
658
656
658
671
684
669
655
659
650
628
626
649
683
701
678
691
686
653
649
643
621
617
605
605
611
620
629
618
601
604
604
612
617
620
621
618
596
593
588
593
608
633
644
636
646
662
645
632
635
639
658
669
656
653
649
655
657
638
631
639
652
634
635
630
635
639
642
640
616
593
583
574
572
588
607
650
683
701
688
659
667
655
652
657
670
675
696
674
651
639
641
652
652
679
723
803
814
771
743
738
697
668
669
676
688
674
676
675
679
699
701
704
688
678
647
638
637
652
666
655
660
671
696
692
674
681
688
671
686
688
682
679
687
669
652
625
620
654
666
692
725
695
666
666
678
687
663
638
645
656
659
662
693
751
738
703
716
727
737
715
658
644
626
631
667
711
706
694
696
761
820
774
701
674
667
691
703
707
740
805
827
771
762
766
756
702
694
700
712
729
694
689
698
715
732
716
706
720
749
739
704
709
708
734
727
704
710
736
775
748
703
693
684
675
664
655
661
705
790
846
798
722
707
703
665
639
626
630
633
645
702
810
852
789
737
722
718
706
678
654
662
693
768
776
765
781
789
759
719
701
704
716
709
690
706
738
770
771
748
772
775
759
708
690
680
687
693
710
705
700
723
760
731
705
709
728
745
706
687
683
692
712
696
688
693
723
729
725
750
764
726
712
714
692
686
689
703
703
701
713
724
706
693
695
711
720
723
687
688
685
713
700
676
688
716
729
710
723
739
713
707
700
672
652
652
648
646
656
671
713
719
707
731
744
734
704
692
680
647
658
642
637
646
627
625
632
636
639
656
710
735
695
692
694
680
652
641
639
664
723
744
741
767
781
733
702
701
696
701
688
702
718
708
687
689
686
684
658
672
693
726
702
687
681
695
693
671
662
663
670
683
669
663
677
714
762
723
713
726
731
711
688
687
691
689
667
661
665
720
769
743
737
752
761
738
701
692
687
683
667
666
671
694
693
689
669
663
651
633
612
623
627
637
644
676
713
709
677
648
640
642
661
684
675
659
657
664
685
691
671
675
689
722
704
688
696
711
688
678
677
672
650
643
647
669
677
664
660
665
668
653
641
644
652
669
653
649
657
664
670
662
672
689
700
678
669
678
688
669
644
636
635
621
652
680
720
755
729
694
694
700
700
687
654
645
633
637
651
646
665
683
691
684
699
712
701
653
647
620
602
606
615
609
593
604
627
666
699
717
687
665
665
664
659
628
613
592
584
576
614
664
680
698
728
740
748
706
661
645
633
651
663
640
622
630
637
681
725
693
674
671
686
701
681
676
677
675
649
644
626
623
619
603
600
606
610
621
670
761
783
745
731
729
730
689
670
660
669
693
723
723
734
753
777
748
707
700
699
703
693
675
675
700
729
731
744
764
766
734
701
695
688
670
667
664
688
761
794
757
729
721
723
691
663
656
652
664
670
666
675
712
730
747
716
698
688
672
657
659
655
670
662
652
669
704
751
723
721
722
726
691
682
682
697
709
686
666
653
670
684
675
683
700
721
702
705
717
728
715
691
694
697
696
683
684
686
696
676
651
634
625
677
738
732
696
691
703
716
688
663
658
661
680
684
674
672
672
673
669
697
725
746
722
718
721
716
700
688
689
693
681
658
663
681
714
690
673
674
688
703
685
685
710
716
698
690
690
684
661
660
661
670
688
716
755
747
739
739
737
703
678
670
669
679
687
699
722
759
741
740
736
716
694
687
680
683
668
656
639
651
677
688
674
656
639
620
618
629
626
632
663
722
767
761
711
688
686
681
652
641
642
649
666
661
663
680
720
711
676
673
666
638
620
611
615
623
622
623
646
686
684
674
671
676
677
649
623
618
620
638
642
637
649
680
693
681
678
698
749
748
712
700
705
703
690
688
692
697
681
671
662
683
719
729
698
717
747
738
695
699
698
694
679
651
621
615
606
611
630
660
665
653
656
655
683
703
675
670
660
660
675
670
644
646
639
660
675
674
654
655
671
696
718
692
662
658
663
645
632
623
612
629
639
643
631
631
646
670
707
729
701
674
651
650
656
658
657
666
694
703
716
714
670
636
611
595
579
558
549
548
552
562
581
598
613
627
637
637
633
659
671
656
655
623
599
579
568
570
582
610
616
637
648
660
663
658
658
647
625
607
581
565
561
563
590
646
705
725
731
686
663
670
676
650
629
615
600
602
641
702
690
679
674
668
675
649
633
634
641
656
655
653
650
654
651
632
633
623
635
658
689
699
700
704
678
652
646
627
617
599
579
570
579
602
616
643
700
769
802
768
730
725
723
689
670
683
692
713
676
661
661
671
657
627
618
625
662
713
688
668
662
663
668
636
618
611
614
627
621
620
632
660
698
677
632
608
586
567
561
553
554
563
570
582
593
607
613
623
617
600
593
579
572
573
569
558
544
544
560
585
640
675
668
675
661
647
614
584
561
541
534
533
539
552
584
617
645
672
689
683
668
645
617
584
565
552
540
536
541
555
567
554
547
542
546
558
580
622
649
662
677
690
690
684
674
655
641
618
601
600
617
636
626
620
632
653
702
726
706
669
662
665
677
680
669
662
686
733
783
740
692
670
677
690
711
675
654
652
668
709
735
704
716
757
810
775
712
685
680
680
666
643
622
627
712
812
786
729
726
722
714
685
662
652
659
690
705
701
715
752
783
768
720
704
676
644
623
612
612
606
614
641
681
674
686
700
709
678
651
649
656
680
696
682
695
730
791
786
748
701
690
696
674
643
631
630
679
774
752
729
741
741
695
664
657
653
655
630
606
595
604
614
638
651
648
667
684
692
680
666
668
683
690
696
712
716
713
698
691
664
636
635
626
614
608
627
629
655
641
645
667
698
704
720
708
692
661
640
626
618
612
604
602
623
698
781
735
710
708
705
669
663
651
649
649
645
645
647
646
637
621
611
596
590
595
609
622
614
615
632
660
690
691
654
634
622
618
639
654
676
694
706
714
719
689
678
658
639
635
633
652
674
700
719
688
677
682
668
664
677
691
697
690
710
742
749
690
667
662
659
639
627
629
651
722
767
721
718
703
688
661
654
663
689
705
670
653
659
672
672
669
690
722
733
697
690
697
691
665
668
680
688
678
685
714
733
702
677
655
684
706
685
688
711
731
699
698
697
709
692
680
686
691
690
678
687
710
700
688
687
682
664
643
647
655
673
671
695
737
782
742
715
706
688
662
662
669
689
694
714
737
751
705
701
694
672
656
662
675
682
659
655
657
694
713
696
696
711
711
682
686
690
699
693
702
708
696
655
646
644
651
653
642
639
660
679
683
674
682
685
675
655
659
663
678
665
655
658
671
677
668
647
652
661
681
670
663
665
680
688
666
662
666
674
677
647
642
626
617
624
648
648
642
660
683
686
670
672
680
684
666
658
672
681
695
682
667
675
692
719
710
690
689
696
681
666
653
649
633
637
640
624
638
643
670
681
674
686
714
711
686
676
679
683
672
644
629
618
624
664
696
679
669
678
656
656
695
693
668
668
675
672
682
662
659
667
697
698
716
729
740
705
695
707
713
712
701
685
696
710
721
724
733
734
702
696
702
722
719
697
696
701
712
710
692
712
690
665
650
634
623
623
636
686
776
781
763
765
755
726
688
673
660
640
633
630
668
811
837
786
796
803
772
718
706
689
679
668
658
660
684
711
704
715
727
747
721
700
696
696
692
691
675
660
645
633
610
604
604
620
678
719
734
755
788
749
715
702
677
652
639
636
646
659
655
639
628
653
758
781
730
700
703
697
685
655
655
650
667
680
655
653
646
677
700
700
681
669
659
647
634
633
648
691
735
738
771
784
766
716
697
682
658
642
641
648
680
691
725
759
740
713
718
725
720
686
679
679
680
686
675
670
684
689
677
687
690
680
658
655
658
679
674
661
659
662
654
636
631
630
649
653
650
664
679
684
664
661
664
672
663
646
638
634
630
615
607
613
629
688
709
700
710
726
698
668
664
662
670
641
617
603
591
593
623
654
649
640
645
652
679
673
687
670
644
640
632
637
636
616
606
615
629
661
646
643
652
665
653
662
668
672
650
635
639
649
643
653
673
701
726
696
696
692
670
661
655
645
639
649
672
703
714
694
687
661
645
634
625
618
623
635
652
681
701
710
714
677
663
666
674
651
640
633
635
623
615
611
620
661
687
678
684
678
697
691
659
652
659
652
628
618
623
643
680
688
690
718
727
688
682
684
685
695
675
655
634
628
592
578
562
566
585
595
606
618
655
688
701
688
676
662
652
605
595
584
582
616
665
715
705
663
644
662
720
764
785
771
737
701
678
646
634
641
643
660
665
658
664
678
689
692
673
654
653
671
692
700
717
692
667
660
668
692
691
671
666
674
675
655
657
664
696
729
717
701
711
732
720
686
670
673
664
653
627
616
614
658
788
736
728
771
723
693
695
710
709
674
668
667
664
672
690
722
753
757
746
758
748
700
669
654
642
641
631
610
611
608
618
645
688
706
679
680
679
695
680
664
668
669
672
664
667
668
664
660
650
641
631
631
638
634
619
600
592
590
603
615
612
605
611
631
676
681
684
636
612
595
579
562
552
549
547
554
570
610
624
628
625
657
706
732
706
679
662
632
600
580
569
581
588
574
574
579
569
565
575
595
640
647
632
632
647
656
636
618
615
622
628
620
628
645
672
676
672
681
686
662
635
626
617
619
623
630
644
676
720
726
700
703
696
675
646
631
628
644
638
635
638
646
651
643
642
643
621
606
618
612
609
621
650
674
658
642
632
619
608
588
596
619
672
688
682
679
669
624
600
598
602
609
604
595
581
567
570
595
633
619
626
627
642
613
608
612
633
654
637
616
596
569
556
539
527
522
522
518
513
506
503
497
491
488
482
479
470
461
456
455
455
455
451
450
450
448
449
446
442
441
438
438
438
441
448
456
458
458
458
462
469
470
467
468
468
465
465
465
462
460
458
456
463
474
492
504
498
495
492
489
490
499
505
510
510
510
513
514
514
513
511
507
507
507
509
511
512
515
517
515
516
517
520
513
513
511
517
531
541
556
564
571
567
567
563
559
550
533
523
517
520
530
559
582
614
632
651
621
600
581
569
562
564
573
590
593
570
566
568
573
577
587
581
566
565
568
587
602
619
616
596
585
588
604
618
626
618
609
603
593
587
572
552
542
539
535
563
633
710
712
699
704
705
695
695
701
712
714
697
695
689
710
725
715
709
694
693
677
652
648
658
695
678
686
677
644
638
636
653
678
693
676
677
689
702
679
662
662
687
686
674
673
688
718
716
688
673
661
652
623
629
633
642
670
764
864
800
739
713
710
712
703
687
693
729
793
821
766
756
769
736
711
698
722
726
711
692
701
734
766
741
736
744
743
721
707
714
731
726
704
714
737
750
701
694
669
667
663
646
626
624
655
648
685
726
693
685
701
737
723
686
675
682
692
667
660
676
729
722
692
703
727
738
709
672
654
657
668
686
663
658
673
717
762
738
733
733
727
694
677
671
682
685
685
693
710
709
676
650
668
708
706
685
694
723
730
701
665
656
672
717
752
746
761
774
784
761
729
712
718
688
651
649
683
695
673
658
650
627
636
655
658
666
682
676
650
646
651
672
678
670
690
724
752
734
707
702
699
692
666
668
679
690
680
688
721
762
737
694
681
689
686
656
655
668
700
734
733
755
778
741
723
713
720
681
672
668
688
722
715
687
659
688
714
686
675
673
678
650
647
652
668
682
680
683
698
716
715
700
703
700
685
667
673
691
727
721
698
703
707
673
647
646
665
690
695
691
709
738
770
732
717
715
717
698
673
678
696
731
738
729
733
748
749
716
723
733
719
698
695
708
734
717
716
732
743
733
705
702
700
669
646
650
660
648
670
687
681
702
739
760
720
693
705
725
718
682
679
686
713
723
706
718
730
730
691
677
667
680
686
664
661
671
728
742
716
728
734
722
691
683
687
694
700
682
688
717
740
718
710
724
737
706
689
694
703
706
698
714
728
739
706
672
671
679
684
661
661
672
689
684
674
685
710
697
689
696
714
712
690
688
681
661
648
655
673
702
701
723
763
758
743
732
721
693
658
637
614
621
640
618
600
605
620
635
653
661
670
668
655
655
622
604
587
570
566
577
597
622
629
627
612
601
584
574
553
552
541
542
562
594
637
666
675
667
643
627
610
598
577
568
564
590
630
669
707
707
711
719
678
642
623
614
622
635
646
652
648
644
633
627
624
623
621
612
605
598
584
576
583
603
636
666
674
670
648
622
609
612
625
645
670
682
666
644
636
635
646
657
670
678
670
678
665
650
644
625
613
589
578
582
614
688
750
737
693
681
681
676
673
669
665
659
628
618
617
635
660
702
664
650
679
674
655
646
631
604
584
578
590
619
645
666
669
643
614
603
605
616
627
635
642
646
645
622
624
606
611
624
640
661
674
646
627
642
663
681
693
680
646
632
634
644
667
678
690
659
637
643
660
680
691
686
690
694
688
663
646
627
641
664
694
729
724
680
656
644
642
664
663
654
662
701
763
799
727
684
673
687
716
701
678
685
692
680
678
662
658
702
700
667
663
666
682
683
664
661
679
705
710
700
716
758
764
723
703
706
707
694
684
691
741
803
797
758
760
798
769
726
727
723
709
687
686
719
788
760
744
743
704
676
676
676
684
662
649
641
627
631
698
698
699
718
748
731
721
727
725
699
694
698
716
711
728
751
741
716
712
724
736
731
718
736
739
724
709
704
685
663
663
685
755
740
718
733
742
705
682
678
693
717
698
687
691
703
690
669
663
690
725
700
679
676
673
676
653
646
653
699
757
742
751
758
782
727
693
664
639
630
613
617
626
664
738
768
736
727
731
757
769
752
718
715
709
706
687
674
670
675
699
721
730
696
671
660
686
723
688
665
666
677
685
663
661
672
700
709
708
729
747
758
722
700
702
692
677
663
668
688
728
727
750
772
762
724
715
724
711
688
695
690
677
664
648
635
677
727
726
720
730
759
729
701
706
721
710
688
687
700
716
701
698
719
734
716
720
719
719
690
683
682
695
679
680
700
755
781
741
741
743
741
704
693
693
694
686
666
658
655
699
731
698
691
717
752
728
698
690
684
696
671
664
671
692
703
690
709
722
721
710
725
722
696
681
682
689
683
663
662
682
734
780
735
709
734
729
715
673
664
643
646
651
641
637
637
632
630
685
720
703
728
738
736
694
682
676
679
665
667
692
726
706
679
685
694
716
746
729
719
716
722
709
690
696
710
702
694
704
718
734
728
715
714
684
682
684
685
672
679
688
693
678
687
705
716
703
688
695
686
665
665
672
700
692
697
721
739
722
703
709
705
696
671
670
680
715
728
715
740
768
774
748
732
726
690
680
673
679
676
679
706
760
765
736
753
769
738
710
716
714
697
673
675
690
710
697
705
707
673
666
651
638
637
644
636
640
648
665
649
654
677
702
699
696
707
722
710
683
690
708
715
703
720
741
704
685
668
654
641
628
627
636
669
728
711
715
734
758
734
696
699
688
681
676
672
697
756
780
741
736
749
738
691
687
687
692
681
685
695
696
680
686
686
681
664
659
646
624
616
602
604
673
749
723
736
768
756
716
707
698
696
665
661
659
693
726
729
766
806
802
784
774
755
712
697
688
672
656
658
668
710
699
670
675
660
664
677
698
686
682
685
699
710
688
662
651
646
662
658
658
669
695
695
688
701
713
699
682
681
672
659
666
683
702
688
699
710
695
688
678
659
649
631
625
610
601
603
602
604
627
673
735
731
712
709
690
664
655
646
644
624
617
608
622
630
657
672
710
725
722
669
667
660
674
682
658
650
659
668
684
661
656
660
675
674
654
655
656
655
646
645
654
672
678
674
674
674
678
672
643
635
623
622
636
624
625
614
617
654
688
677
685
698
708
698
674
671
672
679
662
661
674
706
705
684
687
681
667
649
646
646
662
668
650
654
666
699
735
727
743
752
757
731
711
709
703
687
676
688
713
752
753
728
699
683
665
646
646
653
684
717
747
798
842
797
797
792
766
723
708
695
679
680
685
717
745
725
736
751
753
719
729
739
731
714
681
657
655
643
666
716
816
862
840
753
700
685
682
688
688
673
678
711
789
798
752
771
784
778
734
712
701
699
707
703
715
729
745
730
704
711
716
690
669
659
651
637
625
633
627
627
634
659
709
726
697
703
712
731
729
720
737
747
745
717
722
714
725
709
714
712
739
727
715
711
699
688
686
686
670
677
689
694
667
671
670
666
648
636
633
636
663
683
682
703
734
752
745
714
715
705
695
683
658
650
646
669
699
696
710
710
748
736
774
814
755
761
763
742
733
706
680
679
676
690
705
680
680
697
720
744
706
702
714
720
713
675
650
633
625
643
689
697
713
712
708
685
655
639
624
610
618
621
634
668
746
843
813
751
746
729
688
677
667
671
679
661
663
666
682
686
678
699
723
716
734
732
723
734
733
718
694
684
679
688
724
731
711
674
661
652
636
625
614
610
604
595
590
579
566
560
557
575
608
661
691
715
700
667
651
651
662
662
662
657
628
613
604
616
636
676
708
707
700
681
660
636
616
604
596
574
567
561
557
571
607
664
749
734
711
724
746
730
687
665
641
633
651
655
638
631
632
653
666
655
650
667
699
713
689
675
685
694
685
669
671
679
705
703
694
709
730
719
694
696
697
680
660
657
672
683
676
671
700
728
724
702
704
700
686
668
666
669
707
739
719
735
759
747
704
695
697
704
694
694
714
739
736
711
721
713
683
678
695
722
712
708
721
719
705
709
710
707
697
698
715
700
685
690
689
667
648
650
639
630
648
658
651
667
691
723
724
684
668
666
676
692
703
684
664
666
683
718
728
726
753
734
689
680
681
676
686
692
711
718
711
693
675
647
628
623
644
663
655
667
690
710
717
715
674
665
651
662
686
724
731
709
689
692
707
696
680
663
659
667
676
682
707
735
760
714
688
655
635
655
674
667
674
698
716
692
669
667
646
643
644
658
677
668
674
705
736
715
717
730
716
688
688
688
672
659
658
675
664
665
674
687
683
664
671
673
641
636
625
625
620
615
620
627
646
646
652
666
696
701
687
684
691
700
688
676
678
684
679
657
653
643
649
633
632
637
641
650
677
687
675
679
684
664
650
639
636
653
663
662
675
703
763
753
754
759
735
694
679
663
649
644
661
684
710
714
741
710
675
671
668
659
640
642
652
679
694
715
737
752
727
700
701
693
686
680
667
652
645
646
668
696
714
727
722
711
688
655
649
636
633
618
610
604
604
635
646
700
791
824
747
712
709
704
678
658
652
652
677
693
707
748
791
802
762
728
724
712
700
667
646
631
619
649
721
747
710
711
730
755
736
717
722
729
721
693
682
666
653
645
648
687
770
761
744
759
769
754
719
721
706
689
682
686
684
671
649
646
638
645
662
696
679
672
667
653
658
657
662
662
661
661
656
655
657
648
633
636
638
655
662
656
651
652
656
663
666
653
636
633
636
643
654
656
659
652
659
664
680
687
681
659
639
625
610
595
582
580
582
572
571
574
584
608
644
673
668
699
738
717
718
686
670
664
658
635
622
619
614
618
641
663
687
679
667
650
658
662
651
637
625
617
609
610
618
630
637
645
635
633
646
654
652
661
674
685
679
672
651
647
646
648
644
646
648
676
672
668
675
694
720
707
684
671
659
649
645
642
646
648
659
664
657
648
648
665
684
708
695
705
711
720
701
685
677
680
663
678
683
711
738
757
755
737
706
681
678
670
673
663
670
675
696
675
684
689
700
713
697
701
711
704
696
686
682
672
654
634
623
613
643
676
689
734
709
735
758
771
771
739
692
672
648
644
646
634
626
638
681
834
879
802
763
763
759
753
716
684
672
668
678
685
707
729
746
740
721
707
700
685
663
646
632
624
609
600
608
663
747
705
778
776
764
791
776
743
730
731
721
709
685
685
682
668
678
688
723
739
719
706
706
710
712
681
678
670
664
651
635
630
628
641
715
777
764
725
719
732
742
720
689
681
677
675
660
653
663
670
688
689
688
710
731
731
705
707
701
697
679
671
673
685
690
684
687
704
733
734
709
704
708
685
664
651
645
641
652
673
720
726
688
682
695
663
661
658
651
653
648
637
638
647
672
669
648
636
646
663
675
669
657
665
674
680
670
667
671
673
655
650
651
665
680
670
663
672
675
672
664
670
682
697
682
668
659
651
639
627
628
644
676
689
681
688
683
674
654
646
641
646
657
646
653
647
666
680
682
670
689
704
723
693
682
687
694
668
662
661
666
679
714
700
690
683
690
685
669
652
640
624
612
600
585
574
573
577
622
742
773
748
731
714
745
732
699
694
699
708
689
662
649
654
671
668
661
669
673
692
711
690
684
688
690
671
667
671
676
682
681
656
651
651
646
642
640
639
632
662
714
721
728
742
757
748
693
688
687
689
673
670
684
696
666
651
649
650
684
702
663
650
648
639
626
641
655
643
641
648
655
682
683
668
654
660
673
698
707
694
703
716
723
712
690
685
680
682
665
664
668
680
691
683
703
710
706
679
670
650
640
619
609
602
598
601
656
675
678
724
770
751
704
682
666
658
636
620
619
629
684
745
754
736
759
756
718
680
669
667
675
672
666
687
694
702
684
674
673
668
646
644
646
646
635
620
599
589
577
568
563
566
569
597
621
630
634
646
653
644
634
620
609
624
618
608
598
593
587
579
563
555
549
540
532
528
521
521
519
526
563
640
701
715
709
690
686
653
630
617
590
572
563
585
646
634
613
593
572
555
548
553
564
578
563
546
537
533
532
535
536
539
541
543
546
548
547
543
540
535
533
526
521
518
511
511
517
527
528
521
514
510
512
520
536
543
537
527
519
506
501
495
494
504
521
539
542
554
578
615
641
640
625
627
637
627
621
626
622
613
600
597
592
586
579
573
567
557
553
555
552
551
553
555
554
545
537
530
521
515
506
500
494
489
485
477
475
475
474
484
498
515
518
526
526
521
506
500
496
490
488
485
492
511
529
564
609
632
654
632
594
568
547
531
524
521
531
566
609
617
632
639
663
664
645
640
639
645
627
604
585
588
605
601
602
584
584
574
567
561
550
542
536
538
550
577
608
637
618
629
633
628
615
613
621
615
604
601
609
638
659
640
617
601
580
577
575
579
594
630
661
682
679
672
661
656
642
629
628
622
611
608
623
630
634
636
604
595
598
627
675
702
723
726
711
680
646
625
618
628
657
689
673
673
678
702
729
730
698
676
644
620
605
616
652
701
748
772
806
758
698
657
678
707
717
694
676
670
671
677
669
652
666
688
716
729
716
708
715
698
678
669
684
718
728
706
693
687
685
649
638
638
674
743
772
782
749
719
659
642
641
668
710
699
674
682
710
745
757
732
722
691
657
638
638
640
630
639
663
717
682
649
631
677
716
721
699
647
619
604
580
566
561
565
577
604
638
671
651
685
696
697
698
679
663
660
682
691
699
666
646
640
656
704
731
730
716
681
641
624
623
656
725
775
761
771
777
759
714
656
635
607
587
609
658
669
684
744
832
816
751
712
713
718
715
687
667
671
698
718
721
697
693
668
637
639
656
675
660
645
633
636
646
658
644
607
604
611
599
604
621
657
661
680
695
684
655
647
642
642
631
614
610
597
590
596
600
610
623
651
714
734
737
717
686
664
629
616
610
615
632
630
641
661
652
631
649
654
663
672
625
612
591
575
558
551
550
548
554
564
595
615
619
636
647
675
680
664
649
642
641
630
632
628
648
686