657
646
628
612
611
594
589
587
586
590
598
606
622
604
595
584
578
565
562
570
572
560
547
539
536
532
535
553
577
590
611
641
637
637
630
614
607
601
597
595
584
571
555
551
555
558
572
592
620
627
622
624
634
623
623
604
591
585
585
586
586
606
635
664
670
661
643
631
624
639
637
631
608
604
621
706
760
735
703
699
683
663
655
655
646
630
636
653
664
650
672
693
707
698
690
676
651
634
633
644
645
641
646
683
719
720
712
719
716
692
656
644
650
659
659
660
680
706
710
691
679
688
687
677
686
687
662
659
671
683
676
663
672
666
638
628
634
669
703
711
702
708
741
741
702
684
666
663
669
660
660
660
653
636
622
607
596
605
619
611
603
604
624
638
649
653
663
691
700
699
684
695
713
697
676
667
666
665
657
655
686
713
720
712
674
668
682
687
689
683
674
698
711
712
699
677
671
685
681
663
647
662
682
676
670
672
691
711
709
691
687
686
672
673
670
683
688
683
673
664
649
637
622
619
621
605
589
582
583
582
577
579
582
586
593
614
634
688
744
779
739
727
693
677
667
683
697
706
707
714
719
722
693
668
659
670
677
668
673
683
691
695
712
718
698
693
676
665
661
676
684
678
669
663
664
654
644
647
652
666
662
676
675
674
668
659
650
641
646
646
662
684
704
690
657
657
635
614
607
606
599
593
600
620
656
673
682
665
673
677
683
680
665
666
669
656
656
648
646
656
681
686
689
698
722
713
688
676
659
661
659
674
681
677
693
696
705
690
664
659
672
677
667
667
674
682
678
666
662
668
664
672
660
648
659
672
670
671
671
684
691
691
686
667
665
669
670
659
644
636
639
650
668
656
654
653
649
650
641
635
633
652
684
697
691
710
727
699
675
661
652
654
663
669
686
712
744
737
713
686
670
672
660
646
653
678
684
659
661
672
682
668
668
669
662
653
654
657
677
679
680
696
704
701
675
657
641
636
624
618
617
629
651
716
744
721
713
723
715
685
668
653
647
646
628
612
600
600
603
602
611
628
646
641
645
667
680
684
658
646
650
662
682
673
667
674
687
688
675
682
697
691
677
679
685
669
663
675
724
753
734
720
733
748
725
684
667
664
658
646
639
662
693
720
703
700
709
711
701
694
697
700
701
688
682
688
684
680
661
656
661
676
684
673
675
673
655
660
655
656
651
660
661
667
677
675
665
652
636
628
616
613
616
639
681
701
698
693
682
679
662
653
646
637
635
639
636
648
639
637
650
645
645
650
653
641
640
645
646
650
647
654
654
655
647
649
653
655
654
652
649
650
646
638
633
639
654
673
693
689
684
688
692
686
667
661
658
662
675
673
682
695
710
695
693
699
682
675
674
679
691
692
685
669
669
669
675
667
677
685
695
700
680
680
672
671
666
650
642
644
651
640
632
635
645
644
639
648
672
693
674
661
657
675
695
721
729
696
670
661
634
646
660
660
654
649
656
663
686
696
711
699
685
685
688
688
673
658
658
660
667
679
673
671
662
666
675
671
657
656
670
684
684
699
713
728
738
729
717
684
658
636
616
603
591
585
579
581
575
579
596
626
649
681
715
718
717
709
686
655
641
630
630
642
663
676
673
687
688
661
658
656
681
679
634
623
633
635
644
664
681
720
752
752
768
749
724
694
679
675
678
677
678
689
720
777
779
730
736
741
737
737
717
706
692
680
680
687
691
699
688
691
706
728
726
715
696
688
685
685
669
657
659
657
656
657
668
686
698
683
660
651
648
662
673
683
684
697
723
755
759
761
718
693
687
685
690
685
667
647
639
644
692
735
715
710
717
713
720
732
727
705
700
711
709
695
675
672
677
688
692
699
699
707
711
709
691
671
646
630
633
669
727
748
720
739
742
742
707
693
685
684
686
668
662
674
711
764
790
744
729
714
701
686
666
661
662
666
648
647
644
658
674
691
682
667
664
668
673
680
688
673
690
685
684
708
702
711
693
670
651
644
642
643
649
660
700
730
754
734
721
708
700
682
664
656
660
659
644
629
621
645
697
735
723
733
751
769
760
773
771
717
696
703
709
717
707
692
696
708
738
775
738
730
728
711
681
682
688
699
705
685
687
708
743
731
718
723
731
727
693
693
691
704
694
699
707
708
701
710
717
709
707
713
698
684
686
679
704
696
681
652
642
638
642
647
657
670
674
669
673
658
646
636
627
621
612
607
629
637
662
710
764
774
775
760
733
690
638
628
611
612
631
644
663
714
772
782
772
767
697
681
671
665
688
684
690
698
698
662
662
646
644
652
633
637
676
718
731
708
713
719
697
688
689
696
708
709
685
672
670
663
659
664
689
734
710
741
705
700
683
669
651
641
637
650
683
695
702
731
774
775
734
705
708
704
702
708
706
692
698
707
717
726
725
712
715
712
707
701
703
694
692
691
697
677
659
650
652
681
690
676
692
705
687
692
696
701
710
702
683
678
676
675
683
689
673
668
663
642
641
636
645
653
663
670
650
645
629
617
612
604
598
604
623
620
630
647
693
755
766
747
744
744
748
747
724
699
671
659
660
682
699
686
699
723
767
779
770
753
716
683
667
656
661
677
678
671
683
697
737
750
726
692
687
691
697
682
680
680
674
697
700
691
681
680
660
662
675
683
691
688
690
697
703
712
704
695
684
672
666
651
651
655
674
686
688
703
709
725
722
692
688
677
657
651
651
655
664
651
646
646
659
658
648
650
664
674
679
660
657
661
670
671
676
696
725
736
711
681
681
657
641
634
636
650
679
681
688
695
698
689
687
683
685
683
657
653
668
684
695
685
664
652
641
637
630
616
606
597
598
626
659
640
642
663
679
708
715
699
672
665
657
650
636
633
644
681
710
751
768
771
750
710
716
695
665
656
656
675
692
686
701
710
717
718
686
685
689
703
701
687
670
660
651
641
631
633
645
655
653
668
664
653
641
642
652
657
648
642
648
665
689
682
667
666
668
666
661
650
655
663
673
681
685
673
665
660
660
655
659
651
644
632
633
615
605
595
593
595
602
595
596
604
620
630
626
633
625
607
599
596
602
617
613
630
650
661
663
672
660
656
629
621
607
601
599
600
607
615
634
641
627
630
635
649
642
634
646
673
680
704
689
709
725
733
718
702
692
688
671
656
646
642
640
635
629
644
666
682
696
691
679
681
675
684
703
716
711
688
667
656
648
637
628
626
621
616
631
664
694
690
673
669
674
673
670
663
666
660
665
686
721
740
735
717
716
709
693
695
697
707
709
709
711
704
699
691
697
699
702
707
701
684
666
653
647
644
647
657
669
692
727
751
764
734
698
681
669
656
653
656
662
691
747
778
762
784
782
785
738
712
704
689
679
684
708
691
701
701
717
723
722
693
683
680
678
684
690
700
672
658
641
633
627
622
620
635
702
806
752
702
698
704
698
686
677
669
663
649
641
647
677
724
758
756
734
711
702
698
694
696
692
683
663
652
647
646
666
689
690
665
658
650
638
636
648
651
646
651
654
670
673
672
668
658
650
646
637
652
666
688
662
657
662
657
645
645
631
628
615
609
604
603
602
602
623
648
675
679
667
665
680
690
687
680
658
643
634
646
654
667
702
778
824
796
768
759
747
723
683
666
660
667
686
722
733
735
721
702
698
697
715
698
718
727
725
707
686
669
653
631
621
616
627
668
691
699
753
765
764
794
815
801
777
743
707
690
678
673
684
689
694
688
690
696
699
676
661
660
669
690
692
694
692
693
692
686
670
653
644
642
645
646
649
648
655
664
662
667
668
680
688
712
731
731
713
694
675
656
644
643
651
666
665
681
714
762
788
787
737
732
730
724
723
708
688
681
685
681
669
666
667
664
643
649
658
653
658
664
675
674
680
675
670
662
649
636
623
615
605
601
603
604
604
601
600
607
630
649
656
663
674
701
702
717
721
721
702
669
645
632
624
612
602
604
621
628
648
714
813
772
748
751
763
743
722
709
701
692
680
663
665
680
700
726
730
714
684
670
674
681
693
703
691
685
688
687
692
680
665
661
666
692
717
736
735
719
710
682
671
665
663
673
658
652
649
653
676
676
695
707
717
694
704
717
729
724
697
679
661
652
644
646
660
729
784
772
730
670
660
649
648
634
620
622
618
614
608
615
631
632
636
634
633
639
657
695
704
702
688
680
676
642
628
621
632
663
670
670
690
728
760
779
791
740
714
703
692
672
649
640
646
639
625
629
639
675
705
700
722
748
758
745
697
676
670
670
667
669
659
679
695
695
687
679
677
655
653
633
622
617
624
639
654
665
666
699
738
763
756
746
724
703
691
673
672
663
657
658
684
721
752
703
690
693
664
653
643
617
601
596
588
581
576
598
613
656
717
757
713
671
667
660
640
631
627
624
630
645
681
716
696
673
686
695
695
677
679
682
686
695
690
692
685
670
661
651
649
661
674
690
694
689
684
686
698
705
701
690
679
679
680
664
655
658
676
705
717
713
703
684
656
643
637
659
733
791
826
850
837
769
718
705
682
680
666
647
639
638
639
678
727
767
786
771
765
740
712
702
696
685
668
648
649
649
680
736
772
781
781
778
768
738
723
695
679
650
637
633
639
661
693
709
722
734
714
706
693
691
693
694
696
702
680
675
671
664
667
685
697
725
736
723
701
701
688
667
656
646
639
636
641
646
661
670
680
687
697
706
702
699
682
667
661
675
681
701
692
683
659
643
632
628
627
647
660
649
657
650
630
636
637
635
639
653
682
660
652
651
639
631
622
621
626
631
644
646
664
685
694
672
663
646
627
615
606
602
594
596
601
620
626
641
678
646
643
673
661
653
658
659
666
655
664
668
700
709
712
704
709
719
726
726
717
687
680
675
680
695
704
707
684
663
650
659
654
666
689
694
702
707
700
684
658
647
651
680
748
791
820
821
803
788
761
729
716
701
668
659
657
677
719
712
717
729
773
771
747
732
716
701
687
680
668
663
666
695
737
748
769
764
740
719
714
699
685
676
672
668
667
662
676
707
703
693
699
701
701
701
689
676
654
646
644
665
685
711
698
682
681
677
664
664
663
665
655
649
643
642
637
652
645
634
650
657
634
624
629
626
637
643
648
659
668
664
665
654
654
669
688
689
688
665
640
624
618
627
652
674
682
684
679
647
639
626
620
622
627
629
644
653
670
688
707
724
730
708
698
681
676
665
663
659
660
652
657
655
660
674
722
759
771
765
720
691
682
667
664
658
673
702
753
794
801
783
763
717
695
686
687
694
700
707
705
692
691
662
656
658
673
696
681
656
664
683
660
650
670
677
668
665
669
686
713
729
706
693
692
691
690
669
654
645
647
677
715
704
709
730
738
706
690
670
663
659
658
656
649
661
686
702
699
699
716
729
715
705
688
666
649
638
635
651
703
739
753
765
787
771
730
695
674
656
648
655
661
679
693
691
679
661
650
648
649
652
639
643
658
682
678
660
651
646
637
628
635
637
629
638
653
657
651
646
644
645
658
656
648
640
626
616
621
643
680
688
688
661
632
632
634
627
619
632
646
652
657
663
652
607
590
577
566
557
554
563
560
569
584
586
593
593
593
595
599
599
602
607
606
617
623
620
627
647
682
708
722
712
708
685
654
638
622
626
646
688
690
657
628
623
614
593
569
564
565
576
598
616
624
635
653
661
662
655
638
628
626
627
635
642
649
646
640
623
604
589
593
601
602
604
593
592
608
623
615
607
595
584
571
563
553
550
546
544
535
532
533
534
536
537
530
526
527
528
529
537
546
555
566
614
694
722
732
751
748
703
685
688
697
687
674
670
675
687
679
657
641
627
618
629
656
672
682
663
648
640
646
658
657
660
688
721
763
766
759
723
701
696
688
680
689
669
670
679
691
701
732
698
686
683
672
664
651
645
644
652
655
661
666
683
704
719
726
722
684
669
663
672
689
705
729
745
717
692
658
655
662
692
713
695
693
710
734
762
738
715
703
707
714
699
699
703
715
719
715
698
683
683
694
704
722
706
695
697
711
719
712
699
680
653
632
621
618
635
666
684
700
718
748
798
819
833
816
771
735
718
707
685
681
693
708
725
754
778
789
763
752
727
691
672
662
689
736
729
739
718
675
683
717
725
726
731
724
708
695
688
694
703
706
709
705
709
688
668
653
647
646
643
650
664
702
675
661
679
698
711
717
705
705
706
710
707
695
682
656
649
641
640
654
649
653
667
718
765
775
753
734
700
688
680
677
668
662
658
691
740
757
730
685
679
684
695
714
716
706
688
669
669
672
676
666
641
636
635
644
659
663
664
646
627
608
589
570
561
556
550
547
549
559
588
608
603
655
696
722
704
685
660
661
677
665
646
658
684
672
639
619
610
597
585
579
578
582
595
606
624
615
645
671
688
715
736
754
752
729
693
682
683
668
647
653
669
684
678
679
688
715
729
725
724
732
733
739
748
741
733
709
687
676
659
638
631
622
620
630
650
670
716
760
785
770
734
688
673
677
681
682
690
712
740
710
694
695
706
733
743
751
750
743
743
741
746
727
716
695
674
654
644
633
653
660
653
701
753
747
714
710
715
738
765
762
744
717
686
677
661
648
642
646
669
705
787
785
724
706
710
713
702
690
684
687
676
655
648
643
644
656
681
671
665
675
701
725
731
729
710
695
681
664
657
636
635
637
639
663
665
662
666
702
776
826
822
815
811
772
746
716
696
668
646
638
643
680
731
749
782
813
826
783
743
712
696
688
685
695
675
677
693
722
747
732
732
747
755
755
751
741
729
709
698
683
652
647
646
673
689
697
704
707
729
752
757
753
737
730
697
677
664
666
691
741
759
760
742
706
705
686
685
656
654
672
695
689
709
718
748
755
753
734
725
724
719
731
728
695
679
678
693
748
787
786
745
719
722
719
727
710
710
707
720
723
714
689
677
668
656
657
677
702
738
763
778
800
777
734
712
713
723
713
729
745
750
737
692
689
677
670
654
656
657
663
674
695
708
722
735
703
688
688
690
690
686
688
672
670
665
675
696
716
726
716
705
700
712
729
714
706
695
694
692
691
686
679
678
691
717
765
788
778
751
725
702
663
654
641
646
657
668
709
811
905
883
853
822
803
762
719
669
649
646
673
789
813
802
803
815
803
795
805
800
761
743
723
720
706
691
685
702
761
818
787
785
781
741
713
695
712
710
714
711
700
678
686
689
704
718
727
753
756
763
752
703
688
700
726
765
792
800
799
792
775
751
703
694
681
670
649
642
642
641
659
696
767
798
797
761
709
697
680
663
652
644
651
673
720
712
731
774
809
823
818
793
768
754
716
675
688
695
714
746
728
740
763
762
751
741
727
710
681
671
653
654
649
646
688
772
805
772
768
767
761
748
712
668
645
638
626
644
664
676
726
760
721
723
703
677
669
659
634
625
643
646
649
650
646
630
616
610
615
629
665
651
628
649
677
682
678
656
660
658
638
623
615
614
618
607
601
597
592
589
588
594
639
679
646
657
675
683
669
662
651
636
625
629
624
623
622
617
618
616
620
618
615
603
600
597
598
618
651
714
778
805
778
769
748
719
697
669
635
619
607
626
699
756
778
812
874
860
829
791
737
724
719
726
740
748
759
712
704
686
678
689
693
692
697
721
749
780
749
744
763
767
758
755
706
693
692
690
690
711
733
760
770
779
762
721
688
684
682
703
708
721
739
741
745
708
671
663
650
638
634
637
655
688
694
719
733
777
770
768
743
704
684
682
680
703
727
730
723
706
711
723
738
760
773
753
722
681
665
657
666
694
736
765
783
736
727
716
720
707
693
682
667
651
653
646
638
632
634
651
656
656
677
713
744
779
752
715
706
719
727
725
708
708
701
699
708
717
724
723
708
708
695
669
646
633
637
665
692
724
763
802
813
793
771
762
743
727
710
691
680
665
665
688
716
715
726
773
791
763
781
784
790
766
715
689
680
658
642
641
657
681
674
681
696
742
769
744
763
756
737
689
672
653
634
624
616
631
685
753
760
725
704
710
741
757
782
779
782
759
748
735
715
688
664
642
630
651
793
888
836
794
820
844
835
753
744
733
732
736
765
745
738
716
699
704
720
751
764
762
727
689
688
688
696
702
694
704
715
733
736
736
743
739
713
693
687
700
717
732
727
722
710
696
692
689
683
664
656
657
672
674
661
668
688
706
708
708
693
678
664
666
666
683
694
705
708
703
672
661
654
667
698
719
742
762
729
711
725
738
746
760
752
736
697
658
642
636
666
755
824
843
833
771
735
728
721
681
683
666
663
664
654
658
659
675
692
716
749
764
755
738
725
695
659
641
623
619
651
689
718
727
738
755
748
726
678
660
649
630
615
618
646
667
665
666
688
706
734
746
734
711
704
694
667
659
664
673
703
730
726
729
723
694
673
639
622
612
612
693
834
833
782
800
824
779
768
780
772
745
715
695
672
687
699
730
729
753
767
747
727
692
668
662
652
654
656
649
653
639
641
642
641
631
631
632
636
628
619
617
618
611
614
627
645
663
675
692
706
717
699
683
664
655
656
682
706
720
713
694
669
652
652
667
706
727
751
751
744
712
697
666
648
646
674
726
771
754
739
782
792
787
751
730
712
683
677
681
695
717
733
753
739
734
713
699
677
669
676
689
715
729
728
739
715
701
699
696
699
706
701
694
682
676
662
665
681
714
752
719
699
698
706
712
714
690
681
677
680
676
682
668
658
650
654
652
677
732
762
740
700
668
650
640
626
614
609
604
605
610
635
671
731
761
776
772
744
707
663
652
633
631
644
634
638
660
756
850
844
835
797
754
700
669
654
649
664
681
708
727
732
716
680
675
656
688
739
761
771
804
827
842
803
787
764
737
717
690
661
658
643
644
659
696
723
745
758
753
720
699
688
674
655
648
652
683
733
780
799
819
807
788
762
713
673
657
649
640
626
618
628
633
653
688
762
795
803
796
786
766
742
706
672
655
632
616
609
616
668
781
794
748
778
785
791
746
712
678
665
658
663
668
646
643
636
627
638
687
724
727
702
698
712
735
729
731
723
719
691
674
661
654
653
680
704
734
750
745
728
718
714
701
693
686
670
670
689
698
676
675
682
701
728
729
736
746
747
731
716
705
694
682
681
688
696
706
709
694
701
718
725
725
724
732
725
718
717
700
667
657
653
660
677
669
682
709
734
718
684
661
648
634
619
616
650
690
722
726
717
717
705
670
665
638
633
623
631
668
673
662
664
665
673
680
685
683
681
683
676
655
651
645
648
649
641
632
632
629
624
631
647
676
722
741
734
711
681
648
625
612
594
587
585
578
597
644
669
715
778
838
839
813
780
751
706
670
645
635
641
665
695
715
714
720
772
806
807
776
714
664
643
628
619
641
665
656
640
650
667
745
779
755
788
811
787
778
740
706
676
650
640
622
616
618
621
653
735
818
814
782
729
705
702
665
651
640
616
617
633
641
650
686
736
792
787
789
742
713
686
649
630
614
603
624
638
661
722
838
919
858
835
784
733
704
684
666
649
632
618
610
625
680
665
635
648
720
774
789
771
768
749
731
728
713
702
685
663
646
629
623
612
628
711
704
712
771
850
884
860
817
766
740
708
679
654
627
608
610
660
944
943
908
911
854
788
729
712
715
719
736
750
733
713
692
669
668
678
713
770
801
813
799
773
749
698
655
645
624
615
616
628
657
718
759
779
758
749
742
722
713
676
652
642
632
632
636
648
688
738
774
751
703
670
658
659
674
712
709
684
694
703
686
672
662
650
641
634
624
611
607
602
599
625
657
660
661
638
612
608
595
586
582
584
597
635
703
723
735
776
805
826
803
749
729
709
694
658
647
643
647
645
642
659
710
780
805
778
764
765
771
756
735
719
713
709
699
668
683
696
704
713
735
736
756
747
747
730
727
708
694
673
648
643
649
692
765
797
819
808
799
781
754
728
692
679
669
684
702
706
684
688
691
688
671
679
672
669
690
739
757
741
726
698
672
649
639
638
662
689
693
682
708
774
881
875
856
842
807
757
708
678
669
664
673
657
644
652
683
734
710
687
673
646
637
613
596
586
580
586
612
648
671
701
721
730
720
715
716
720
716
717
726
729
721
708
712
694
685
663
658
652
642
658
705
760
803
823
845
856
823
804
776
756
756
745
734
738
698
669
656
648
645
650
714
931
960
914
877
793
753
699
675
667
688
748
830
797
741
710
697
676
663
660
676
707
811
865
839
826
791
782
753
725
713
698
689
661
652
646
649
660
679
723
762
773
768
758
748
747
758
748
701
682
655
645
653
650
669
715
781
816
822
810
776
733
695
658
648
650
683
761
794
788
805
795
752
713
707
730
766
789
790
768
756
735
713
681
692
701
690
698
711
697
681
660
665
672
699
693
702
687
665
655
644
656
680
719
739
757
730
735
728
697
673
669
666
670
666
673
691
720
739
739
732
719
703
688
683
668
659
644
644
645
664
714
745
758
729
706
673
657
639
620
614
620
638
645
671
693
729
754
787
779
771
744
697
683
670
662
646
626
624
650
687
712
781
850
836
815
770
710
663
632
613
621
646
651
672
722
809
829
839
838
803
766
735
725
717
706
691
668
661
645
637
640
658
728
775
802
781
758
698
669
641
622
632
650
647
664
707
746
757
767
769
750
740
725
707
686
659
638
626
622
642
689
724
725
723
717
737
727
712
701
682
692
691
699
702
704
678
676
690
706
723
736
706
699
683
665
648
646
645
654
654
641
630
612
603
595
587
570
563
558
554
570
608
638
636
675
717
746
750
733
732
712
704
653
639
631
631
633
627
623
612
615
619
620
620
626
624
622
608
597
588
584
589
598
595
581
582
590
611
635
642
616
610
604
602
592
589
582
577
572
563
560
552
552
553
550
548
545
545
547
551
555
555
553
554
562
570
578
581
589
600
606
605
606
605
594
581
566
555
552
553
559
572
572
575
596
626
650
657
673
661
655
622
604
590
586
592
606
592
576
577
589
602
607
610
597
584
583
586
597
596
604
620
619
604
606
606
609
617
620
615
624
625
619
616
600
591
592
598
602
602
608
613
597
586
582
583
596
609
639
642
642
639
634
629
618
599
592
591
598
608
627
634
618
626
632
652
629
608
614
614
610
617
631
617
624
627
619
598
592
590
589
591
598
608
607
594
602
621
649
682
677
672
661
657
638
607
588
575
569
581
612
664
693
736
741
691
666
662
671
675
666
671
665
652
639
615
599
588
587
595
613
632
646
654
623
621
632
646
641
636
646
660
675
673
673
669
674
675
681
667
641
624
604
593
584
584
598
604
616
627
631
614
647
706
736
738
731
699
680
667
671
678
690
685
677
674
668
659
634
615
613
613
614
609
604
606
611
624
620
639
633
636
624
610
596
593
604
634
665
643
632
643
664
679
690
685
661
647
639
636
632
634
638
638
639
643
625
608
611
616
620
642
651
650
637
618
613
612
622
625
623
623
643
664
666
652
670
685
688
701
700
678
650
648
646
638
626
615
610
603
613
618
618
610
609
610
598
589
586
583
588
595
601
609
609
623
637
651
665
676
664
666
654
644
645
651
671
687
688
712
739
713
667
669
702
703
714
735
784
805
776
748
708
704
702
694
701
711
715
718
733
731
717
709
712
703
710
715
706
678
670
669
665
674
704
716
737
713
711
712
687
697
692
678
687
710
721
707
712
712
716
733
734
722
721
736
738
730
712
681
665
671
680
687
691
698
701
693
688
702
706
698
685
675
668
665
675
690
699
687
677
662
641
619
610
607
615
642
684
681
665
685
726
744
742
723
703
688
676
658
650
660
681
697
690
744
776
790
796
750
710
713
715
720
718
729
749
788
807
801
781
756
753
742
714
695
705
706
711
721
706
670
650
640
629
631
623
626
628
623
617
607
598
592
592
586
583
591
601
622
647
673
663
688
701
704
688
667
648
651
665
662
657
654
647
650
653
642
659
668
688
703
702
683
661
649
631
622
613
607
608
612
614
619
624
645
651
671
652
636
647
662
668
660
657
672
698
721
733
733
730
709
675
653
647
631
630
670
721
739
758
741
731
693
665
647
648
676
728
777
778
787
774
777
763
714
691
696
717
734
749
761
747
747
733
702
666
649
654
722
862
903
907
908
896
845
806
752
718
698
691
703
743
777
778
783
817
844
842
803
755
705
688
667
666
669
680
709
801
854
853
819
816
810
793
758
752
756
754
753
738
708
701
676
664
663
680
721
760
766
764
749
711
704
676
668
657
637
635
647
658
677
711
745
753
762
720
707
701
688
665
669
657
655
673
702
747
779
799
802
782
758
733
692
673
664
675
696
703
729
758
754
740
734
749
737
722
718
724
735
733
738
718
703
693
670
646
625
612
618
625
651
660
692
693
687
675
669
659
639
624
616
619
634
638
646
650
647
626
612
609
604
606
621
638
655
629
646
674
694
699
687
686
672
656
633
619
605
597
599
617
646
637
646
670
681
691
681
647
636
631
632
628
624
616
613
617
626
628
622
614
611
611
618
627
631
632
642
636
623
614
619
630
659
699
745
764
760
733
705
707
731
733
706
681
655
661
676
688
681
686
709
713
691
698
688
684
686
712
732
735
718
717
713
711
705
711
727
728
711
723
727
738
724
737
751
734
720
723
725
725
729
724
738
763
772
760
756
749
749
749
745
732
736
744
744
751
757
735
729
709
696
712
744
749
734
729
741
752
748
725
715
704
680
671
659
651
648
644
657
655
656
671
681
671
686
714
752
772
774
740
704
676
648
634
629
661
716
764
791
800
805
793
776
765
740
721
703
686
664
646
654
682
730
742
771
783
766
771
798
811
827
834
816
781
771
729
708
694
690
713
750
800
815
804
789
779
775
760
743
705
686
692
731
777
793
784
741
718
711
697
698
702
710
714
722
700
696
704
706
692
681
694
729
743
711
689
673
677
714
731
747
751
760
734
736
690
685
682
686
681
685
723
781
800
825
833
828
805
780
753
725
690
669
655
660
698
711
732
808
899
897
843
761
710
691
681
688
727
768
801
815
817
794
760
746
736
717
696
689
678
694
750
819
840
800
730
695
680
667
666
688
685
688
710
734
731
698
688
693
719
740
741
729
718
691
681
687
706
754
773
773
766
730
710
716
734
747
716
693
674
642
624
621
624
689
734
718
754
787
744
689
690
705
702
716
729
733
737
733
703
680
673
656
646
640
641
676
738
794
809
792
794
776
761
738
713
705
712
705
704
696
721
767
785
755
769
758
741
732
737
773
779
760
729
686
654
643
644
688
729
785
844
879
882
878
821
767
753
721
717
700
675
668
678
751
826
830
788
776
790
797
764
744
729
714
696
702
713
742
777
800
798
783
775
764
763
755
741
722
709
715
729
734
741
717
701
684
660
645
645
650
633
629
628
647
684
702
722
734
731
730
710
682
667
648
640
636
625
626
636
691
738
730
710
727
735
739
750
754
747
733
719
708
680
663
651
646
665
703
737
738
728
752
772
783
820
810
780
753
725
685
682
689
689
690
717
749
765
772
754
723
710
689
671
678
678
706
741
739
744
766
771
748
730
687
671
661
649
640
643
657
663
672
667
641
640
644
645
646
650
644
642
638
631
636
650
672
693
682
676
706
697
714
730
753
747
709
716
687
675
670
667
663
674
678
672
661
646
658
708
714
708
718
684
667
660
645
646
650
685
738
767
776
752
731
702
696
683
677
673
683
711
771
805
814
813
763
728
722
738
761
797
777
774
763
737
707
682
674
676
709
711
723
764
829
872
873
817
761
711
680
656
646
662
688
760
881
896
884
864
833
788
760
735
725
723
726
734
723
734
743
745
749
733
731
756
771
778
773
758
729
734
707
686
669
659
661
638
649
690
705
709
749
779
768
730
705
700
704
700
698
705
735
786
778
774
761
731
703
675
667
660
664
652
655
686
730
794
813
804
788
747
712
702
693
709
715
722
750
773
795
769
768
777
772
734
701
696
700
727
792
837
836
810
801
746
696
678
667
685
741
801
817
820
790
759
748
769
787
798
777
758
727
700
693
710
735
758
770
760
753
722
701
698
683
671
661
647
641
675
736
757
733
747
762
754
745
736
717
694
693
692
703
699
702
707
690
657
646
646
629
635
649
646
667
661
650
654
647
635
635
636
640
648
654
663
664
662
646
644
635
622
620
617
619
617
634
646
665
660
672
684
707
733
761
758
735
731
733
726
725
712
699
691
680
679
667
675
670
688
721
718
725
744
756
763
771
757
735
720
694