859
873
885
877
804
764
772
794
777
865
915
861
812
840
782
769
713
711
678
678
671
683
682
708
722
695
722
711
751
764
783
785
738
712
717
696
725
770
789
802
859
854
789
790
779
720
713
730
733
726
758
790
763
759
803
840
807
825
865
904
840
777
809
861
883
824
843
923
938
856
861
896
878
808
793
787
760
749
774
832
822
806
828
820
739
714
697
705
724
704
726
847
1000
892
859
885
866
788
767
803
814
810
816
860
874
824
843
865
832
819
811
790
757
787
829
819
825
859
854
800
779
780
767
716
690
659
684
768
770
774
820
824
763
767
800
813
758
725
748
807
890
838
773
771
809
833
812
759
781
810
840
790
792
814
799
759
781
785
759
772
832
864
807
804
812
827
781
723
729
774
843
851
800
746
741
796
869
883
813
741
714
738
792
857
845
830
877
886
804
783
775
758
745
758
790
787
813
821
772
759
728
725
714
684
666
655
681
676
683
713
760
775
738
758
782
746
728
738
752
741
754
768
757
751
812
801
760
782
739
710
692
699
688
660
672
657
666
673
689
706
703
663
648
651
661
691
697
715
714
687
659
645
625
610
612
616
634
657
666
708
740
795
763
764
778
821
792
756
703
688
701
741
767
795
814
795
819
817
791
769
753
748
729
710
721
760
775
750
782
852
800
803
805
762
750
725
699
686
706
829
942
858
876
878
815
801
786
771
746
731
692
682
709
765
769
724
699
705
740
739
739
696
666
653
645
641
646
656
686
724
771
774
723
695
704
688
656
665
685
677
696
740
773
763
716
723
725
688
657
653
647
709
789
796
771
762
807
808
776
771
760
749
708
688
691
716
760
778
760
773
807
812
829
864
796
745
733
754
793
838
848
803
784
784
790
729
738
762
781
776
793
826
826
819
807
802
756
748
771
765
731
745
756
762
767
772
774
728
713
724
766
798
766
789
786
763
759
774
788
767
762
796
811
783
776
774
780
748
738
752
784
785
786
771
722
705
696
684
664
671
673
661
658
667
685
690
681
659
662
663
646
633
643
647
637
622
624
617
616
633
634
646
632
643
655
670
647
649
674
696
696
671
673
681
685
667
683
701
700
722
733
704
715
706
684
697
730
732
730
748
726
716
720
729
718
712
731
766
775
784
813
795
747
738
719
678
651
643
657
764
827
783
807
831
761
755
732
716
681
659
641
645
650
672
755
926
851
851
898
819
748
713
699
686
670
690
736
760
764
847
832
764
765
759
724
721
728
744
720
747
756
755
747
757
759
733
749
773
769
735
755
764
739
739
759
761
730
706
721
753
790
736
733
755
771
743
763
782
740
727
718
697
694
707
733
729
764
807
776
754
731
735
701
711
736
748
756
771
755
748
772
785
762
745
729
698
683
688
676
697
717
733
732
721
708
683
660
638
619
601
581
581
571
577
595
627
689
765
757
774
783
752
735
742
727
704
716
705
723
712
694
704
716
720
705
716
740
748
702
692
703
696
667
657
666
690
712
709
739
760
768
725
717
723
702
689
695
731
803
779
739
741
746
735
719
675
662
658
660
666
665
666
637
631
622
652
725
780
814
800
765
694
660
635
621
612
622
661
730
796
778
806
810
749
729
736
726
692
690
717
770
776
766
783
787
729
701
700
732
750
734
784
831
775
733
725
732
720
707
729
765
812
827
813
834
787
770
756
745
735
759
794
790
779
755
734
714
679
679
696
763
783
771
800
771
708
695
706
761
764
774
786
810
777
735
724
720
702
698
669
689
752
765
815
856
773
758
772
794
755
740
743
755
705
709
735
782
747
769
774
810
745
735
735
733
700
717
748
786
759
767
793
799
756
763
756
764
727
727
723
700
695
691
715
692
689
729
790
779
757
772
777
764
735
736
740
708
694
700
737
766
736
754
771
757
769
788
744
729
741
752
778
753
704
712
718
717
729
758
783
780
764
757
752
725
714
722
697
704
721
753
714
729
760
781
770
729
735
746
730
747
747
738
719
749
771
822
804
766
767
771
749
741
735
744
737
714
674
666
656
651
672
701
726
690
672
670
682
674
681
706
722
710
702
716
729
720
706
715
728
707
694
705
724
721
724
733
719
686
686
681
681
681
645
631
599
588
573
574
580
590
592
585
609
638
670
688
667
651
643
629
616
607
597
591
582
581
564
558
554
556
561
567
582
608
628
632
649
669
691
691
674
641
619
606
604
603
629
639
638
652
677
718
749
708
690
675
656
661
642
632
652
689
679
680
716
766
756
717
730
746
750
717
715
733
733
707
698
697
746
768
777
761
797
756
800
800
743
735
736
748
733
736
754
754
738
775
792
775
726
721
714
732
768
761
720
736
757
787
760
730
747
750
737
728
746
776
755
737
762
748
715
719
721
741
704
704
712
743
745
706
718
722
737
705
718
698
700
730
780
763
766
773
731
720
707
688
722
738
755
729
684
670
668
683
676
673
679
673
688
687
707
703
713
731
720
733
736
712
678
649
646
644
631
637
600
582
578
584
594
613
626
627
628
622
604
586
574
572
585
608
642
669
688
686
667
648
623
606
592
572
558
551
544
565
616
697
762
694
681
678
697
715
727
729
716
701
677
647
620
600
585
596
603
626
646
630
635
657
650
649
618
610
596
589
579
590
615
640
657
664
660
655
638
624
608
599
595
579
575
581
607
605
608
624
674
733
766
753
745
726
694
675
646
621
608
580
575
571
596
661
774
795
746
728
724
729
694
672
680
696
705
714
708
705
706
705
696
684
671
656
619
603
583
579
598
664
710
749
706
731
755
771
757
740
717
684
660
635
633
606
606
605
614
632
636
643
646
690
718
754
738
741
777
758
745
751
764
783
765
732
717
719
704
688
663
689
758
840
820
744
759
779
781
737
698
692
704
723
707
698
704
768
871
870
856
861
851
804
747
739
746
754
704
708
739
787
781
760
783
833
832
771
754
743
738
724
693
689
702
799
868
814
828
846
793
771
774
795
787
747
700
698
716
753
742
768
806
835
781
785
810
799
771
766
757
715
715
741
762
732
742
756
752
778
787
768
762
781
781
747
741
740
753
738
753
785
813
807
778
788
789
779
729
712
712
717
704
707
725
777
782
765
768
774
770
751
775
791
779
727
711
705
710
724
729
757
812
832
804
791
778
718
683
653
656
675
673
686
715
777
777
753
767
744
719
724
728
728
690
704
701
675
662
640
663
727
717
747
793
824
772
779
782
773
735
704
717
749
781
745
747
755
738
750
727
703
701
698
692
671
674
714
775
760
752
762
755
713
709
690
672
656
664
701
789
826
832
803
752
727
715
677
650
631
623
631
616
625
662
661
675
727
770
774
754
732
719
688
679
688
700
698
690
704
734
777
771
741
747
742
714
682
682
681
671
683
707
780
753
765
800
801
765
769
772
753
718
718
724
720
715
741
772
763
730
741
718
700
705
719
712
689
692
700
717
710
721
703
691
701
658
644
642
645
659
672
693
692
678
682
674
666
646
659
689
730
717
726
762
800
775
709
676
662
650
661
636
644
650
700
721
752
813
788
740
715
717
723
708
681
681
679
690
677
688
678
680
658
632
617
622
643
668
674
684
677
655
631
618
621
645
678
721
745
769
737
771
783
776
738
734
726
693
667
654
668
699
731
775
800
811
766
767
763
729
704
698
685
670
672
688
747
790
796
814
815
748
699
665
646
646
663
666
725
812
876
808
815
850
793
758
739
742
728
707
729
741
746
716
732
736
698
696
712
699
712
739
753
775
758
741
708
646
635
621
613
628
657
731
775
748
778
810
826
820
789
746
746
754
730
717
716
719
766
778
786
765
712
677
656
657
660
658
652
671
737
862
859
880
898
827
795
779
743
726
727
729
718
723
745
795
800
822
839
820
753
733
691
664
660
655
662
687
733
728
739
767
805
769
724
738
755
776
756
750
754
751
730
711
712
721
703
698
707
759
748
729
734
756
739
748
753
747
726
732
746
713
701
704
716
713
713
726
769
761
740
750
754
740
714
724
730
743
701
713
716
724
705
714
751
766
744
763
765
744
710
705
694
678
677
691
760
795
787
798
822
793
768
766
770
732
692
681
672
665
645
653
657
672
730
836
826
766
788
811
797
771
727
712
725
710
717
688
688
702
756
762
756
758
761
727
730
727
715
714
712
730
714
716
744
784
751
730
715
709
688
672
679
703
760
764
784
821
792
782
782
763
732
729
729
714
706
724
749
768
759
766
774
732
732
737
741
738
767
756
710
707
719
723
719
727
750
761
767
770
759
753
765
771
766
773
776
770
767
739
727
709
663
632
644
718
895
857
822
850
836
769
719
704
706
708
721
748
723
710
711
721
720
715
739
760
759
697
688
684
697
680
684
678
659
653
646
669
680
668
641
623
598
588
567
547
539
530
531
538
563
576
593
599
600
574
577
561
554
551
540
533
532
538
534
535
539
556
584
611
645
662
659
654
637
622
612
603
594
588
585
582
584
569
567
564
574
590
610
616
640
668
658
665
677
680
672
662
653
643
620
588
570
554
544
543
546
547
554
565
583
609
627
653
633
634
624
630
627
625
617
617
616
613
596
583
574
579
585
598
609
624
631
607
601
597
604
619
640
629
624
618
623
636
653
659
654
635
623
612
593
577
572
573
589
609
650
679
670
674
693
702
692
661
660
646
648
646
636
615
626
639
625
619
659
773
804
775
791
772
719
720
720
691
690
689
675
660
659
680
696
699
719
754
777
715
694
692
686
668
688
729
742
744
735
678
661
664
674
685
695
698
648
632
608
606
613
635
659
667
671
636
622
626
629
629
625
636
603
605
597
607
620
637
637
638
624
590
588
572
565
567
573
586
605
630
650
658
662
648
633
604
590
585
594
607
644
635
615
606
630
678
710
715
711
706
655
636
621
622
640
657
677
680
640
619
617
631
654
677
693
691
675
655
614
602
579
566
569
605
659
738
773
775
754
693
668
672
671
684
704
714
694
662
622
610
636
722
773
793
750
672
636
620
610
631
650
703
723
708
698
705
690
648
627
625
636
649
679
683
693
697
699
692
684
655
612
600
589
590
585
586
604
639
691
789
824
766
737
735
745
743
697
695
700
723
731
734
761
789
787
781
795
767
710
691
701
693
690
690
714
730
720
738
757
750
708
671
650
670
716
737
717
730
770
770
729
724
734
744
733
743
749
778
793
760
755
771
755
722
718
730
749
734
730
761
788
787
746
734
732
738
706
705
722
753
752
708
705
713
718
695
709
748
735
701
672
670
688
688
691
712
762
774
773
782
795
746
729
715
703
691
709
731
737
730
743
765
750
741
746
765
746
734
732
714
705
708
716
707
726
768
814
818
828
801
759
747
732
700
708
730
744
785
803
810
823
789
785
762
725
714
718
740
728
742
772
775
777
783
772
743
726
719
719
699
691
707
757
736
761
793
792
759
754
737
729
742
775
768
740
752
760
736
744
761
759
743
751
763
743
760
760
740
722
711
674
646
637
633
644
659
679
719
763
748
755
762
768
729
716
726
733
767
784
769
763
751
748
729
691
668
674
692
728
727
728
748
757
746
748
751
757
741
712
689
681
673
687
711
737
756
809
845
813
816
798
738
744
756
734
737
755
773
762
779
769
724
715
718
704
714
706
695
698
718
749
723
725
711
684
663
666
696
771
771
759
777
796
768
720
708
673
657
663
682
709
704
744
751
736
716
690
694
737
728
703
703
709
728
742
713
735
776
797
740
722
755
759
718
738
753
791
748
722
740
775
798
790
788
777
781
731
717
711
725
705
725
759
800
785
800
820
809
782
758
738
701
695
706
721
725
786
834
822
791
780
787
784
781
801
800
785
777
755
707
712
705
687
646
636
624
617
620
656
707
748
757
739
772
792
785
735
720
716
717
688
698
715
729
717
725
723
704
697
709
687
694
714
734
723
731
750
734
727
725
710
681
681
668
642
634
626
635
659
717
730
706
720
718
700
663
663
659
661
660
677
717
733
735
768
794
773
756
754
750
718
679
670
674
701
707
715
751
806
772
762
788
777
730
710
712
720
720
702
696
682
671
651
673
725
712
741
791
801
754
759
760
758
712
703
708
733
734
711
730
772
821
792
803
772
750
750
737
712
714
730
760
746
727
753
770
786
776
792
742
728
724
750
778
771
718
704
688
689
662
656
666
737
841
829
814
814
797
740
730
699
675
670
650
655
670
690
720
801
843
783
761
776
780
753
694
677
667
677
680
717
753
796
764
746
771
762
757
770
791
804
802
772
729
726
713
721
715
775
820
845
852
873
865
830
817
797
751
750
739
697
688
690
720
731
701
704
813
779
750
780
790
738
717
719
717
711
729
743
751
760
765
750
769
756
735
735
723
699
656
658
652
653
685
693
713
735
770
772
710
700
687
687
691
680
668
663
639
628
612
604
610
624
642
655
675
679
685
642
628
623
633
659
691
706
707
696
682
673
638
626
620
626
641
681
754
804
760
785
834
819
765
731
707
729
760
734
703
705
716
712
727
721
694
700
716
732
715
707
719
735
747
736
700
701
697
684
680
691
722
744
724
733
756
748
745
763
779
737
733
745
770
789
744
716
717
716
705
710
722
749
766
750
759
770
734
719
719
726
739
706
698
697
729
771
797
778
733
680
662
659
678
715
729
763
810
846
792
756
758
753
741
746
737
717
721
727
733
721
746
766
768
761
770
744
739
739
731
747
753
765
769
732
714
707
725
742
730
706
704
699
678
665
653
674
701
761
806
755
728
711
678
664
645
650
665
678
678
664
661
658
669
675
667
665
677
685
699
697
701
695
685
640
630
623
628
644
674
709
725
694
694
713
749
763
755
752
726
709
688
642
625
621
642
720
890
942
879
826
833
816
783
776
775
738
738
750
771
762
747
746
770
774
742
748
745
700
670
661
645
633
665
723
710
735
802
825
764
731
729
742
743
710
708
731
783
813
762
758
761
768
716
713
722
753
735
718
729
760
779
739
745
732
697
680
678
682
677
671
689
732
781
753
713
700
697
693
669
672
692
742
788
743
736
745
743
712
709
705
703
689
696
728
758
705
689
686
712
710
700
714
737
763
731
697
703
684
653
657
641
655
757
818
779
763
825
818
753
720
716
729
709
686
689
718
766
780
805
824
831
777
728
723
714
683
672
681
705
721
699
706
716
745
727
723
721
709
675
673
680
706
742
753
739
719
713
707
678
682
684
687
676
691
701
697
688
694
718
731
692
697
718
742
760
753
745
698
663
652
638
644
705
794
853
784
794
829
865
850
801
750
702
688
688
688
672
700
741
759
736
756
797
809
776
775
758
752
741
726
713
662
646
627
618
616
630
671
728
771
788
766
745
710
656
642
619
611
629
673
748
736
744
751
779
846
866
841
760
712
699
692
694
686
711
773
838
844
833
779
773
769
738
737
755
770
731
733
729
702
715
685
680
679
679
670
656
661
691
689
719
729
748
720
711
717
724
721
713
693
697
696
686
690
710
761
812
771
730
715
718
688
674
687
714
770
816
825
829
762
751
749
760
753
754
757
749
709
712
697
693
694
722
767
791
771
795
852
802
780
766
754
726
708
708
715
711
700
716
731
729
740
747
765
731
739
721
696
656
652
643
659
668
710
806
971
958
921
876
820
745
700
681
667
685
681
701
790
991
978
928
878
817
722
685
670
669
717
735
771
871
955
914
909
854
795
727
706
676
677
676
686
728
889
934
888
912
921
876
810
741
705
685
686
670
697
729
811
886
879
854
809
768
726
710
685
657
659
642
627
676
666
752
770
772
757
739
724
689
656
651
626
602
595
594
589
589
616
643
644
654
698
765
795
787
719
707
685
671
667
655
650
652
648
665
695
761
844
872
839
772
707
691
669
650
641
648
676
746
835
821
798
740
696
680
664
673
681
666
674
716
814
860
838
767
759
743
718
701
705
719
738
714
727
755
802
781
787
791
791
740
741
734
741
700
707
726
770
779
735
700
698
728
739
733
766
760
776
746
720
710
703
676
653
660
653
659
668
696
720
725
699
698
710
708
684
686
667
663
676
675
661
677
698
753
802
791
756
695
669
649
646
650
653
702
856
927
874
904
934
901
819
765
733
717
688
679
692
794
782
825
855
865
801
785
786
739
742
701
689
677
673
663
685
724
806
824
786
730
726
740
747
745
694
679
665
684
714
739
793
763
730
742
743
713
688
681
680
687
682
696
721
737
710
681
682
667
646
631
619
612
624
667
670
655
668
699
714
702
721
742
775
722
705
699
697
690
713
729
711
711
707
708
688
688
700
690
683
711
728
744
721
701
696
693
693
671
650
637
635
653
691
742
719
684
662
650
664
671
654
646
631
632
635
666
713
769
725
723
716
684
691
705
734
770
723
691
693
699
709
677
669
664
714
795
799
833
856
825
751
739
708
676
679
711
771
812
786
718
698
699
712
712
694
705
733
766
784
747
732
740
745
754
727
700
708
718
729
709
705
730
775
787
792
795
724
720
717
740
743
701
701
708
731
706
728
708
694
693
667
689
721
729
691
695
700
724
750
742
698
696
696
710
735
711
693
707
728
772
769
786
805
774
745
740
737
705
690
694
712
753
745
768
781
770
796
818
816
791
749
705
697
703
718
706
738
772
828
836
797
743
724
713
695
683
688
736
751
755
786
809
773
772
727
708
691
697
726
735
702
681
659
639
631
630
694
721
764
768
740
744
746
693
671
636
635
645
646
675
707
758
779
745
690
649
636
626
625
640
668
691
679
671
647
652
664
680
658
653
664
648
671
678
699
715
685
696
682
659
647
636
623
619
613
604
595
588
586
582
591
604
617
634
664
682
682
657
630
624
615
619
629
656
676
711
756
755
783
780
744
729
676
662
644
643
674
763
792
803
837
802
791
796
756
740
742
766
804
838
817
763
750
732
703
711
743
850
927
899
790
733
744
739
729
737
760
743
765
797
847
882
873
830
762
709
693
699
762
779
808
873
914
849
874
835
819
741
727
745
746
723
752
771
791
827
813
781
781
774
772
770
795
785
798
802
779
744
763
751
739
773
809
784
735
749
761
778
762
716
704
708
722
722
731
760
798
840
817
791
768
715
697
672
658
646
649
664
678
717
777
843
835
813
753
746
746
754
762
735
711
719
729
754
758
749
758
749
741
706
701
699
713
710
681
690
681
693
668
662
698
745
782
802
784
729
697
693
700
682
660
659
673
727
768
744
772
820
825
771
766
775
782
741
716
725
765
750
740
755
776
723
717
735
762
749
734
745
762
728
731
720
710
689
677
665
664
695
716
759
788
785
735
720
685
681
691
700
712
700
723
723
720
745
752
729
730
744
749
768
757
739
692
681
660
672
703
740
721
759
819
854
839
833
845
829
775
755
734
722
705
688
688
729
830
911
886
816
760
728
695
671
656
661
694
759
818
871
825
776
771
743
729
709
707
699
673
665
660
681
688
713
756
761
720
697
683
710
771
771
729
723
740
776
731
687
675
670
672
681
684
721
797
767
771
761
725
706
693
677
659
637
615
605
604
620
670
745
785
774
797
831
837
793
767
758
733
729
730
770
804
803
743
697
691
692
712
741
767
795
826
773
720
729
726
745
737
761
768
722
697
674
685
737
723
730
710
729
770
769
783
789
811
809
782
718
713
720
695
704
720
736
750
735
702
679
657
645
648
679
724
748
790
830
785
764
712
688
682
688
692
668
663
667
679
661
679
713
740
745
705
703
713
723
731
692
658
642
642
666
710
690
718
739
734
733
750
772
828
853
829
774
741
712
694
673
652
650
647
648
692
682
718
866
869
855
796
730
728
692
695
700
726
751
763
741
687
662
658
680
717
738
741
710
685
671
688
725
778
740
703
715
733
740
708
687
668
676
699
758
805
834
839
815
803
771
746
715
666
647
644
629
653
685
734
771
793
784
750
735
696
680
648
649
680
712
713
665
657
646
673
721
770
753
790
779
764
729
712
666
640
619
611
605
610
632
668
693
719
741
744
755
759
713
681
679
655
629
619
621
633
642
671
692
706
725
721
749
731
750
728
744
755
761
736
744
750
746
714
715
728
746
724
706
715
729
720
739
776
822
824
827
794
724
719
718
707
701
724
754
775
788
807
822
790
756
718
693
691
705
740
782
778
754
717
704
727
767
765
786
811
828
798
769
768
774
748
706
676
676
696
766
826
829
803
722
688
666
646
651
683
712
713
715
713
684
679
675
717
769
817
827
825
787
708
674
660
665
695
710
712
744
818
843
855
826
801
777
707
699
714
748
796
819
800
800
801
783
768
750
749
736
715
685
681
704
766
822
854
849
804
774
769
770
769
736
694
691
691
723
711
725
742
804
825
808
783
756
713
697
696
712
736
740
714
732
753
703
721
710
719
734
765
756
734
740
755
774
750
765
764
752
710
707
709
701
724
748
781
785
786
790
751
695
671
661
681
724
753
700
682
690
748
830
748
716
691
713
733
725
727
722
678
655
653
648
664
686
735
764
799
791
774
744
694
682
666
658
655
653
682
736
790
807
854
912
912
864
770
741
708
666
640
636
612
619
620
621
620
628
624
632
646
659
681
709
719
720
710
684
684
701
682
688
707
724
693
690
689
690
679
667
666
655
646
656
678
720
777
768
740
709
697
693
693
714
754
793
753
743
749
753
754
748
757
755
727
707
720
741
766
794
819
793
742
716
698
703
700
684
690
704
702
698
728
767
800
825
844
837
785
758
742
722
710
719
758
791
790
771
732
748
759
736
688
684
715
688
693
740
773
726
745
752
742
700
698
705
720
706
688
684
678
690
705
714
744
786
790
773
732
685
679
649
643
667
691
702
717
731
745
761
798
860
867
821
763
754
756
760
771
726
749
739
748
713
726
736
766
787
758
730
713
703
701
713
750
778
797
767
721
718
717
705
700
672
670
668
668
687
689
709
736
759
753
761
739
698
687
666
672
688
730
762
774
742
756
772
763
774
782
737
737
742
738
745
738
737
726
738
746
751
731
735
747
761
765
759
755
711
698
679
685
692
676
661
658
647
616
611
605
592
579
564
564
565
584
602
598
607
625
650
662
662
668
673
687
673
706
713
693
675
684
698
725
712
680
684
687
693
688
650
648
636
630
648
651
652
672
707
761
797
795
762
721
681
667
663
656
642
646
660
689
679
689
738
828
799
803
809
800
770
748
727
688
680
665
649
653
715
739
759
796
822
777
749
734
731
698
704
700
683
682
686
726
750
771
779
744
722
709
724
717
704
724
733
734
719
692
716
710
753
772
757
726
704
697
686
677
680
702
729
725
734
761
777
751
761
773
788
761
729
724
718
713
703
693
680
674
690
743
801
756
757
766
759
741
758
765
772
740
738
741
740
707
690
689
713
778
815
810
769
765
733
693
669
654
660
669
673
691
704
690
728
741
729
725
733
730
749
754
758
732
699
690
689
687
689
706
729
723
735
734
695
695
681
664
670
678
682
671
679
712
753
772
757
759
769
743
710
695
676
659
670
680
723
801
805
798
781
731
698
665
645
628
612
604
589
582
591
612
659
703
746
749
734
737
694
647
628
617
615
637
659
673
675
666
650
637
614
604
599
599
605
632
660
680
712
722
704
703
694
664
647
644
639
647
655
655
666
677
702
739
742
710
676
644
610
598
578
559
556
557
561
570
580
604
620
659
678
724
782
828
830
742
690
666
654
648
666
705
709
695
723
755
774
743
689
679
676
686
688
705
700
698
700
692
666
646
621
614
608
608
621
643
687
689
729
771
769
799
796
773
724
712
686
688
693
702
730
767
844
843
831
798
751
703
689
645
635
632
627
656
714
781
819
852
834
797
714
690
690
694
715
730
740
711
703
717
735
749
771
743
692
675
670
678
697
723
744
764
736
736
698
678
656
652
684
711
755
753
742
717
670
644
631
628
636
661
667
653
649
681
770
799
749
694
708
767
766
739
755
719
692
686
697
685
679
672
699
720
736
688
688
705
716
744
753
712
701
696
662
661
656
649
650
663
682
670
683
686
691
690
677
691
704
702
687
695
718
701
688
702
720
700
674
679
698
747
779
734
729
690
701
684
698
673
655
647
665
670
692
681
695
701
673
670
668
647
646
644
619
620
607
606
602
605
615
636
645
685
697
697
694
659
647
653
658
651
659
672
686
689
721
759
778
758
716
700
702
698
695
679
670
681
729
779
784
767
783
795
775
738
705
693
718
740
745
740
767
783
778
788
791
781
757
728
721
726
733
752
814
855
824
786
796
789