563
567
603
632
656
671
689
680
646
610
587
575
563
562
561
584
642
719
724
794
815
813
775
680
662
662
649
656
646
633
639
646
665
693
704
712
692
682
688
669
659
615
626
635
647
651
691
699
697
697
690
657
736
786
788
706
698
700
716
744
751
719
631
645
624
641
711
780
789
784
786
813
826
819
730
714
706
752
853
900
882
818
836
818
808
779
761
746
744
768
756
802
808
780
798
843
772
785
819
809
730
693
704
723
810
839
825
759
722
689
699
740
819
856
811
848
877
874
826
852
877
807
817
874
889
872
850
822
777
722
738
746
739
696
725
870
856
898
899
833
777
778
737
730
850
938
938
931
902
876
830
724
716
714
761
825
861
863
847
788
758
748
766
776
748
746
760
822
870
869
860
838
810
770
759
759
733
750
781
854
892
804
839
862
851
835
799
772
766
726
752
763
833
885
918
871
898
882
850
818
778
717
711
734
791
854
868
828
826
760
791
802
799
787
736
763
767
762
770
707
720
739
749
769
769
786
774
710
666
658
663
723
835
893
902
894
882
862
827
805
784
763
754
762
766
735
788
821
767
737
804
888
916
913
890
872
860
857
854
849
840
846
849
840
843
842
847
813
788
816
872
922
929
862
848
796
730
753
765
789
811
767
771
790
814
775
802
811
842
794
724
732
743
756
725
728
778
838
874
882
809
806
810
810
817
788
814
856
886
899
868
860
875
865
858
793
754
778
827
895
872
803
812
847
858
864
805
789
815
851
859
822
799
835
850
857
806
795
826
851
868
812
846
861
875
810
831
850
863
787
813
836
863
830
844
854
838
798
785
827
872
854
848
882
892
849
820
837
837
790
786
792
840
821
783
801
872
927
920
858
837
841
854
859
820
834
871
899
895
879
912
918
874
811
826
872
900
905
843
850
858
868
844
770
593
895
765
908
936
928
920
907
895
871
848
824
821
828
827
840
842
839
844
837
838
839
811
841
856
876
832
830
855
868
824
787
822
844
811
811
863
885
810
813
831
835
780
796
832
872
895
822
862
873
860
801
818
832
859
866
812
823
845
854
838
780
799
834
842
815
771
780
805
835
862
821
820
828
841
792
724
695
700
728
731
775
795
766
730
737
774
818
817
765
790
818
843
807
811
838
830
811
762
789
797
832
861
826
860
874
882
868
813
853
865
856
823
790
826
828
840
889
899
819
784
770
779
785
781
770
774
758
761
730
784
781
778
824
938
940
915
871
828
798
772
749
727
698
702
740
795
852
852
824
877
884
892
869
857
882
896
913
856
871
803
825
899
949
967
862
785
808
867
896
934
930
915
879
864
837
838
852
866
846
854
910
935
916
838
862
875
885
891
823
835
856
873
896
895
843
845
851
846
795
794
781
794
736
731
807
882
825
857
876
868
830
778
834
847
827
798
856
969
1005
918
948
943
915
840
876
919
956
900
947
962
961
890
924
920
911
869
902
928
948
885
892
912
921
843
787
781
826
1000
1054
1026
1018
1017
983
946
922
917
927
922
926
933
931
932
914
920
914
890
820
876
916
949
907
895
938
937
854
886
873
814
818
854
861
824
874
886
895
903
866
820
797
746
748
747
746
800
810
823
800
864
910
837
850
806
828
845
811
851
820
854
842
848
844
839
820
818
804
774
743
706
707
731
787
851
908
907
909
858
813
815
811
816
790
792
835
877
912
908
819
771
748
761
831
1067
1025
999
994
970
945
928
911
906
905
892
861
860
860
857
813
795
763
762
802
838
831
808
831
888
929
931
834
829
854
874
859
801
857
907
965
961
883
889
879
877
871
827
857
828
835
823
876
899
862
868
865
878
882
862
869
810
784
820
854
857
809
829
842
841
805
821
876
920
876
853
898
907
782
777
812
849
858
817
849
854
862
880
852
892
913
916
873
879
883
900
891
874
909
905
898
843
860
826
790
776
799
942
1000
993
964
938
910
882
865
855
858
858
873
887
830
881
939
954
961
936
845
831
880
916
931
856
853
902
938
932
851
887
894
895
831
848
882
919
919
887
912
916
892
807
821
858
918
934
931
983
989
935
856
870
861
866
828
850
890
925
916
881
913
916
890
844
889
896
864
800
824
845
877
843
878
911
907
831
795
778
849
1063
1025
987
970
938
922
912
894
890
880
875
875
866
854
848
842
866
871
862
840
807
813
862
930
962
896
893
829
748
710
710
799
811
871
930
958
876
879
896
826
813
880
933
942
910
889
877
880
884
855
777
813
839
770
707
719
770
868
881
778
735
766
790
793
787
772
766
724
745
762
771
838
840
776
742
792
827
830
756
763
702
737
787
855
938
984
979
968
945
819
854
859
899
900
904
890
865
870
868
855
859
780
891
870
795
833
970
969
930
848
780
779
771
771
767
740
697
757
748
805
821
840
852
854
863
848
835
834
837
824
813
814
837
833
767
738
764
854
911
886
779
823
842
866
804
771
800
846
859
845
795
795
766
794
800
809
792
811
813
844
872
864
791
778
813
859
911
938
937
917
890
890
899
908
916
869
858
912
894
856
889
917
867
826
869
902
917
848
855
889
897
850
832
872
890
909
842
785
778
804
917
1059
1020
1003
991
969
952
940
924
915
918
925
927
928
932
921
917
919
905
898
896
859
838
842
894
987
1035
1011
938
927
915
909
905
876
856
906
932
929
898
873
903
922
902
850
842
868
934
921
872
880
916
929
886
873
908
915
860
868
887
915
872
857
886
902
851
863
913
934
869
876
877
889
868
817
831
842
845
846
911
930
874
891
931
915
844
857
864
858
811
850
904
924
854
844
875
889
888
850
836
829
758
721
739
836
847
854
884
924
939
874
870
907
929
945
892
885
903
913
912
871
848
872
966
1090
1065
1031
1019
993
977
969
959
948
951
946
950
951
951
949
954
970
977
979
942
892
907
960
991
994
961
906
931
956
965
931
884
914
944
962
910
883
930
954
941
877
906
938
950
891
901
935
945
958
903
935
960
968
931
924
933
928
858
820
847
934
981
1003
999
973
913
881
902
919
940
924
879
929
948
956
933
910
939
955
943
894
899
939
947
921
933
953
967
948
887
915
952
958
936
883
916
960
963
909
886
922
938
922
875
896
927
941
875
894
930
937
888
903
953
955
906
889
917
926
887
848
911
958
960
903
892
914
901
850
841
901
974
1012
977
905
916
968
988
999
987
900
918
956
994
1002
944
954
978
983
928
877
918
940
959
909
892
943
961
937
908
946
969
905
907
927
939
896
889
931
952
955
898
930
959
961
911
885
933
938
957
959
902
862
882
959
1097
1088
1056
1041
1032
1021
1008
991
983
977
973
969
957
951
957
946
942
881
864
896
928
956
972
921
938
931
915
866
900
923
927
864
808
766
729
734
806
821
841
875
889
892
874
829
825
874
914
920
875
906
907
892
846
883
890
893
844
857
896
910
856
814
848
866
865
834
894
937
920
855
878
921
934
926
904
852
886
898
898
904
854
856
901
929
932
877
863
893
935
920
909
938
948
900
912
912
916
874
870
893
880
881
847
878
899
893
860
840
879
888
892
845
860
891
895
842
832
852
868
871
830
860
914
941
897
918
926
921
862
870
890
897
849
873
897
894
858
853
901
914
922
878
889
899
894
848
852
884
918
927
880
890
904
909
888
827
813
828
905
981
1085
1073
1036
1018
1012
1013
1014
1001
981
970
978
978
962
938
917
918
918
923
909
902
891
887
871
820
807
858
924
947
942
867
882
907
926
878
860
896
918
933
890
831
791
740
706
720
777
865
936
950
885
836
863
892
906
892
847
893
933
962
919
896
915
919
910
892
840
855
891
941
939
910
932
940
915
856
866
921
951
955
891
896
922
942
928
894
933
945
945
888
870
905
921
925
877
898
931
927
932
877
856
887
936
952
901
883
916
945
943
881
879
912
919
874
840
884
903
916
860
914
994
1009
941
829
823
808
749
715
727
818
857
850
896
936
945
916
856
854
891
956
958
902
941
996
1026
1001
927
942
954
948
882
843
846
897
987
1020
1008
971
902
886
911
938
935
912
888
926
953
960
957
899
871
899
948
972
970
921
936
959
962
925
890
917
948
944
894
891
916
919
885
855
890
933
949
920
855
861
876
888
886
858
887
928
938
906
879
916
936
942
903
928
948
968
917
915
934
940
906
919
931
909
877
917
938
922
884
906
877
862
747
759
813
830
799
809
815
811
755
721
704
709
697
692
711
726
745
758
772
773
776
813
785
822
849
840
816
781
751
752
718
754
746
702
700
745
868
935
941
938
920
921
904
872
860
830
802
746
767
814
862
900
909
841
880
891
872
865
837
849
816
825
773
826
839
693
874
802
787
792
774
737
736
744
729
704
705
716
709
720
760
784
796
825
829
827
826
826
767
716
688
688
722
780
756
738
739
804
900
970
938
819
790
816
851
895
856
845
902
944
958
956
918
847
862
890
943
965
904
897
917
937
937
877
887
906
918
914
851
839
893
920
941
879
908
896
883
833
815
852
881
894
856
894
877
873
822
872
892
854
841
838
874
830
828
802
757
775
768
792
771
792
775
793
817
809
800
809
816
854
878
877
874
881
879
871
873
876
861
854
815
771
782
828
869
813
839
872
881
864
816
742
714
723
742
815
899
839
869
909
912
905
823
761
748
761
862
937
982
980
900
852
781
721
739
735
714
735
766
812
846
851
796
801
833
813
830
825
797
757
706
685
700
744
794
830
815
791
813
868
893
895
886
816
790
813
842
810
875
889
900
841
817
839
889
910
899
840
842
870
899
925
864
817
844
897
943
950
934
854
863
864
862
818
833
826
852
835
868
856
800
819
820
835
836
791
831
851
876
885
848
886
907
905
897
832
849
835
785
755
749
808
870
896
923
847
869
887
889
874
803
836
851
886
896
847
807
828
896
977
999
981
958
908
892
876
857
841
783
748
733
765
784
919
969
989
941
869
887
896
890
887
865
854
850
768
724
701
719
781
848
883
895
896
896
832
785
755
776
783
834
829
818
887
972
994
984
961
931
906
887
870
864
854
802
783
825
932
995
992
909
933
924
896
820
831
851
896
912
829
848
874
898
906
830
846
846
846
860
820
823
852
895
904
858
798
824
852
875
888
875
828
870
888
899
841
795
813
860
907
921
864
886
890
890
884
839
854
863
886
893
896
850
798
838
891
917
917
835
804
808
813
877
813
762
841
894
904
857
843
854
873
898
844
772
748
766
926
1032
1045
1038
1025
985
944
906
881
855
853
860
861
875
872
870
868
869
879
878
879
870
848
873
891
895
813
788
834
868
930
862
831
896
920
917
853
860
864
863
829
833
875
912
938
881
896
921
938
889
895
915
924
921
861
904
905
918
917
907
850
884
896
901
896
833
859
906
940
947
921
897
847
776
738
734
780
994
1039
1022
1002
998
963
925
889
867
866
858
853
851
854
855
861
869
875
883
895
891
881
861
791
775
801
905
970
924
911
930
923
839
813
818
821
790
756
805
848
878
861
842
869
855
858
885
838
839
862
890
907
904
851
867
883
884
865
812
738
701
677
674
719
843
941
949
939
873
865
875
896
900
888
832
829
888
961
992
977
913
902
905
906
906
909
878
827
809
868
964
994
987
967
947
919
887
872
868
866
880
903
907
854
859
914
947
966
962
903
897
907
900
886
853
805
813
858
916
939
908
893
904
908
892
829
813
839
881
914
934
873
876
852
838
771
781
790
819
832
850
880
891
886
864
833
836
842
852
854
794
807
788
808
823
771
753
755
779
898
841
801
768
795
849
854
790
807
828
839
837
828
794
771
807
808
836
871
894
911
902
875
796
759
764
814
945
1004
1003
924
908
887
869
849
798
767
787
838
897
917
855
901
881
849
781
804
817
819
769
839
898
905
848
898
914
902
836
868
863
873
887
909
889
902
928
930
909
833
850
888
931
946
881
815
866
900
911
848
828
841
860
867
817
800
790
749
760
771
830
890
858
776
730
744
792
840
867
809
775
784
812
856
907
920
874
897
908
910
912
849
819
818
844
846
813
806
875
937
971
974
972
964
960
947
953
952
957
955
961
897
904
926
940
963
977
924
943
1002
1013
992
981
900
875
925
947
949
903
943
969
959
918
861
888
936
963
969
944
885
903
918
898
903
852
866
884
905
923
870
818
834
879
910
934
940
922
911
914
915
907
911
865
884
921
942
939
892
848
876
894
905
909
879
843
879
892
911
872
874
904
919
872
845
884
904
927
879
893
909
913
877
850
892
903
922
855
848
872
908
924
880
899
915
900
851
893
910
892
839
864
906
943
960
903
902
895
892
893
838
799
798
851
1097
1052
1021
993
953
935
911
892
894
897
905
900
905
912
902
904
913
911
914
905
843
857
914
976
998
963
889
918
938
932
884
838
869
897
905
839
865
896
911
845
819
849
867
857
839
879
884
894
851
875
872
880
855
869
874
886
885
845
861
879
875
878
828
848
861
876
866
840
874
889
870
856
889
887
804
793
833
857
878
846
856
875
886
885
852
859
892
910
919
880
896
903
900
862
882
892
890
847
877
906
922
873
882
862
791
729
696
688
705
766
840
863
816
791
823
851
869
873
825
829
849
865
896
856
876
905
918
924
904
841
798
820
878
948
981
942
956
908
848
805
827
879
909
915
916
897
818
769
763
773
965
985
1002
986
962
951
924
901
879
864
853
863
863
864
882
886
875
875
867
873
883
878
848
779
779
802
883
948
974
891
869
875
903
901
887
862
831
837
843
844
848
843
801
843
867
895
905
855
822
858
895
887
788
868
864
861
853
771
784
821
809
808
854
886
909
889
861
821
765
769
777
799
852
870
831
851
858
856
841
801
841
865
863
866
787
812
832
836
850
819
751
763
757
780
762
779
825
863
882
836
872
883
873
878
856
819
807
800
796
762
784
828
851
856
843
787
775
768
783
742
750
806
810
801
862
898
921
910
880
830
820
810
808
815
833
842
796
833
855
811
832
808
776
749
744
715
728
806
865
907
939
965
975
955
896
906
905
906
908
902
871
816
823
881
938
951
903
799
801
861
911
955
944
919
886
873
846
814
803
839
889
921
931
933
898
895
890
888
857
889
875
892
911
916
845
795
780
848
1017
1039
1033
1011
991
944
865
853
830
843
819
859
880
887
883
807
789
817
862
910
932
929
900
837
853
885
903
907
855
861
803
745
708
689
696
708
702
737
809
875
902
832
791
810
846
861
865
825
839
892
911
913
854
800
831
893
954
970
915
867
891
884
879
827
807
845
871
903
909
864
816
840
857
879
890
855
846
885
890
877
854
805
830
865
889
909
845
840
847
859
819
801
844
909
971
952
886
872
904
925
926
901
853
884
892
896
905
915
842
768
746
770
997
1059
1026
1023
1011
991
965
943
919
903
896
884
885
895
900
891
896
906
914
925
915
917
863
823
863
915
936
908
836
890
909
931
898
831
864
896
899
844
898
914
922
859
878
896
914
856
885
897
921
903
824
867
896
889
890
881
868
791
824
869
912
928
901
918
929
921
844
866
867
882
850
846
875
906
920
880
886
904
903
871
862
882
883
823
844
879
917
910
880
915
909
892
870
889
885
846
857
879
896
915
885
921
915
901
825
854
874
910
924
862
899
906
915
866
896
903
911
858
874
884
908
874
906
927
914
798
734
701
686
706
813
941
986
904
911
935
942
928
919
921
864
846
878
906
862
793
829
862
918
937
948
941
951
954
954
926
936
940
941
927
861
817
813
967
1057
1060
1042
1025
993
963
933
910
901
904
897
918
937
932
930
932
933
904
884
928
935
914
877
932
941
933
853
853
898
924
909
838
854
880
881
882
835
835
864
889
909
910
880
877
874
867
826
802
814
829
853
809
787
832
848
867
880
856
854
857
858
856
870
852
811
815
850
913
939
932
860
855
868
876
884
832
815
853
870
888
821
787
775
840
924
966
974
963
948
904
891
869
852
856
856
859
817
847
868
879
880
889
889
856
778
725
695
688
738
763
751
756
813
914
937
934
868
823
836
847
862
869
813
817
878
913
935
884
868
899
914
918
844
871
889
903
846
881
880
899
896
853
799
838
881
928
921
854
899
923
921
851
813
842
866
825
780
759
769
942
984
992
978
954
925
906
889
880
872
854
852
864
882
899
898
884
874
870
857
854
808
811
845
891
921
934
930
867
862
851
853
847
819
771
801
839
887
908
903
840
856
834
828
815
763
754
785
834
868
890
861
817
840
858
859
845
782
771
760
770
745
735
768
838
899
926
916
856
870
858
852
822
814
851
828
845
868
892
875
823
817
850
893
918
914
914
868
833
831
853
891
904
856
871
893
904
909
911
867
841
852
866
889
895
853
846
880
902
912
874
865
815
806
763
777
785
780
813
816
802
824
779
755
771
770
765
729
726
739
773
806
830
837
819
787
795
806
803
807
780
762
764
782
784
796
812
803
773
780
807
834
849
847
809
809
817
829
840
821
844
858
858
859
842
810
806
815
831
809
809
849
888
909
846
837
853
843
828
781
798
801
812
814
793
778
729
711
725
748
783
809
784
804
838
854
852
784
830
850
845
839
803
822
819
816
797
757
787
815
820
813
772
755
760
791
816
803
807
817
812
812
853
886
825
885
911
906
880
817
771
782
798
832
875
858
870
892
914
919
878
815
846
884
892
889
830
841
829
823
815
824
793
833
858
873
841
857
864
867
818
761
744
767
844
1017
1010
1010
991
966
866
796
783
778
810
793
759
747
758
758
768
780
730
705
705
715
727
750
767
787
761
761
777
768
778
788
751
712
679
671
680
729
801
840
830
786
821
823
833
787
778
812
835
857
853
862
892
901
886
879
892
901
895
836
832
890
924
941
918
893
920
919
918
865
845
873
893
912
885
902
922
925
909
844
879
901
919
905
791
762
782
850
947
990
982
962
944
924
867
884
884
895
887
870
846
875
910
925
905
867
899
903
904
830
787
774
852
935
1003
998
977
935
926
915
894
867
849
842
821
835
854
871
897
896
849
863
849
845
863
861
849
791
822
832
826
776
798
825
839
847
836
785
817
759
744
729
701
707
781
853
831
866
884
896
899
817
818
842
882
880
860
932
963
964
892
909
923
930
920
859
892
925
947
945
896
948
946
947
900
901
930
931
934
882
896
921
933
945
931
922
945
942
934
870
823
857
942
986
994
921
936
945
930
868
869
906
947
923
957
980
987
965
910
941
964
981
929
961
957
896
873
941
1016
1031
969
967
982
968
962
916
928
940
950
946
888
856
871
975
1014
1033
1008
993
974
941
929
926
931
932
940
954
943
938
893
878
917
939
956
969
955
932
939
932
932
871
867
897
927
940
902
879
914
924
911
872
838
876
935
946
902
927
923
860
814
856
890
890
837
835
882
881
881
858
863
894
912
915
899
886
904
916
919
885
815
784
802
839
854
857
808
795
809
824
843
862
827
827
844
849
858
850
822
811
838
821
813
831
790
780
812
819
847
865
850
877
894
899
886
833
790
780
844
938
961
964
948
953
938
931
926
915
906
887
881
864
857
859
871
874
892
896
896
864
809
807
868
939
957
906
888
854
777
732
744
809
811
826
873
875
885
836
795
775
789
851
981
994
998
998
989
968
937
927
915
902
890
892
898
902
901
900
905
911
902
906
854
843
877
942
983
980
971
915
916
913
910
896
846
849
902
932
952
916
930
944
946
912
902
905
907
858
889
906
884
863
898
910
864
896
916
910
896
873
812
832
851
884
917
877
906
917
932
914
911
929
929
911
930
938
897
917
937
930
875
892
924
938
918
938
948
946
898
940
948
938
888
922
938
939
889
906
922
924
867
863
848
867
814
848
878
878
892
877
805
811
821
841
857
832
855
889
896
859
831
851
861
875
831
838
888
911
918
882
904
903
909
871
876
886
883
844
835
869
892
903
873
873
878
881
868
838
864
876
881
861
819
849
869
885
881
832
811
789
769
772
818
828
813
854
850
769
728
729
756
788
823
834
810
832
851
873
852
825
846
859
885
866
878
911
887
792
752
730
729
755
776
765
787
843
896
944
895
832
777
742
775
762
749
756
796
896
978
979
979
945
925
906
907
902
898
916
927
940
949
941
931
919
912
908
869
830
862
921
951
970
927
878
907
902
896
854
876
892
903
906
859
867
887
897
907
879
889
922
936
941
925
869
887
893
896
904
909
901
882
844
801
813
802
763
718
718
787
843
840
879
877
868
811
772
781
816
883
928
938
906
933
929
919
889
862
810
785
824
899
958
960
936
915
905
897
896
869
854
871
864
854
795
836
861
871
892
839
824
825
828
813
792
815
825
822
790
817
852
856
804
811
789
782
744
775
817
861
870
847
889
884
863
790
827
854
873
878
837
859
882
904
876
834
877
906
926
923
864
888
894
886
895
902
913
879
889
897
888
897
905
906
851
782
751
754
842
1049
1052
1038
1012
981
955
918
893
856
838
846
846
844
867
895
909
914
916
885
886
882
890
862
811
831
884
917
928
874
908
902
890
823
843
852
854
828
810
802
759
714
694
716
752
744
791
823
820
798
758
788
808
813
808
775
829
858
843
800
841
879
896
858
831
853
865
824
859
867
868
815
841
857
839
774
805
829
843
795
751
766
813
860
874
777
765
776
800
827
845
793
780
796
826
851
872
862
787
783
798
852
893
916
917
908
880
852
777
726
707
709
752
942
969
967
966
959
945
907
878
850
835
838
838
834
834
848
850
854
864
873
873
863
865
853
765
805
833
897
920
900
817
788
779
785
785
774
803
831
851
858
814
816
775
750
742
747
760
782
834
877
906
900
883
844
797
766
736
717
737
778
771
859
848
873
877
848
807
718
716
704
714
735
738
706
701
710
744
778
794
803
792
777
730
721
712
761
821
846
852
843
813
775
740
740
775
829
869
909
905
821
844
856
873
880
882
881
868
840
813
810
815
747
721
724
787
743
773
801
837
832
831
817
795
779
752
748
712
775
824
941
973
871
854
907
878
840
831
825
839
829
828
817
767
760
758
788
839
893
908
896
872
839
755
742
728
751
823
843
841
842
814
803
813
851
858
865
880
877
869
823
819
813
812
814
843
834
763
759
811
837
835
805
790
794
812
812
799
774
765
790
833
887
881
866
853
849
864
859
878
846
798
815
857
883
831
718
720
733
770
819
836
827
822
764
741
737
688
714
763
860
917
936
929
828
818
835
853
865
848
799
840
874
866
854
836
821
763
805
832
866
901
921
915
897
898
892
878
866
869
882
905
874
819
862
896
874
790
756
771
862
941
972
972
943
865
865
845
780
771
801
819
826
839
865
877
883
863
836
792
821
859
895
884
841
887
911
888
829
860
865