703
676
738
854
886
885
860
836
746
710
745
821
856
811
763
779
754
712
696
708
688
677
688
653
620
644
701
732
745
694
744
756
684
665
656
701
751
719
699
774
784
773
709
761
766
718
725
715
690
640
635
647
668
675
675
675
732
750
729
673
632
635
646
634
648
1522
826
808
794
870
893
884
870
802
725
683
701
1006
962
945
938
913
893
888
868
860
843
848
863
867
878
885
884
824
730
788
849
927
915
845
864
835
808
746
737
771
835
803
854
858
801
792
776
729
674
687
707
806
776
858
909
855
826
860
825
735
682
717
730
746
769
743
829
862
843
880
894
865
807
824
835
855
793
752
779
807
778
739
795
806
739
717
660
659
755
909
917
920
904
895
875
837
829
822
810
823
854
822
792
818
827
823
821
800
775
823
851
857
766
695
717
769
736
775
865
897
870
786
778
813
844
854
803
775
853
902
916
849
893
911
898
830
788
823
868
889
842
846
889
904
904
839
845
868
857
813
791
833
900
942
956
895
870
915
952
961
919
823
746
800
894
971
977
968
940
799
780
786
789
725
698
804
911
902
883
883
841
795
790
763
746
762
776
799
819
843
819
766
750
805
808
767
777
805
814
840
880
886
839
795
832
858
865
807
860
883
881
813
842
795
749
687
688
767
742
731
856
925
926
883
818
844
847
798
748
687
698
758
897
918
881
876
911
910
824
719
663
658
658
658
670
695
869
952
916
899
854
809
775
715
727
755
802
852
879
871
859
831
825
792
774
806
827
825
771
736
782
865
917
888
822
836
850
784
777
782
819
818
757
777
800
807
757
700
718
733
748
740
712
685
701
693
691
651
640
691
775
777
751
781
808
803
789
700
667
657
683
732
826
830
845
884
902
893
821
754
766
764
757
737
714
735
817
896
833
811
810
783
721
713
763
826
841
783
744
777
805
811
784
782
800
796
741
737
803
837
822
766
779
802
788
793
804
798
760
706
686
703
707
715
782
827
798
721
712
733
757
727
713
744
771
812
805
762
790
805
782
750
796
825
789
754
803
815
795
759
801
816
778
728
744
786
827
791
777
830
874
805
778
771
765
715
680
682
751
858
887
882
853
817
824
796
788
751
784
806
801
789
749
763
776
792
809
770
723
716
766
849
871
872
842
757
676
629
621
644
673
679
704
745
770
765
717
732
738
729
719
688
665
675
747
817
833
767
771
805
798
771
707
651
656
684
664
640
656
693
761
818
782
726
683
671
806
827
829
813
761
719
643
613
609
902
325
630
657
674
657
636
640
668
725
730
728
679
661
614
604
624
678
707
688
666
698
740
783
808
771
736
754
796
808
783
787
808
799
752
698
699
752
792
825
806
842
858
862
790
692
676
683
756
831
820
812
854
860
848
789
804
817
792
739
679
706
722
791
815
843
845
815
732
682
670
674
674
658
692
715
805
878
903
884
841
777
712
676
641
715
880
901
857
862
845
798
766
697
637
608
604
638
673
676
708
717
744
739
706
667
667
700
740
793
795
753
795
810
812
521
935
691
658
624
596
607
666
695
743
787
765
747
751
722
654
630
624
660
752
816
797
805
835
853
862
836
811
756
758
768
749
771
835
858
855
845
790
752
702
668
642
641
699
788
771
703
668
671
685
662
688
682
689
676
662
627
657
673
725
750
759
729
706
668
652
612
581
568
598
697
823
813
807
770
729
698
713
701
733
719
732
734
733
720
668
667
668
658
620
592
598
668
792
830
797
756
758
762
747
677
711
726
738
724
723
806
851
870
782
745
741
759
729
720
734
780
827
839
844
833
792
737
740
713
729
778
790
792
777
788
779
697
743
723
712
751
746
775
772
764
747
728
701
698
676
689
761
885
929
910
913
910
893
865
828
761
796
840
771
688
710
754
832
885
870
869
846
818
808
782
780
800
829
821
797
774
774
756
817
794
807
782
708
689
729
815
862
837
827
782
735
683
683
659
645
690
714
746
696
675
654
671
650
698
722
714
683
757
786
771
739
791
848
854
859
842
739
699
701
734
761
783
783
821
740
686
638
608
594
638
707
802
834
833
778
754
721
713
685
672
663
647
648
774
880
909
894
822
729
753
764
686
717
717
708
729
707
672
691
706
726
698
722
743
762
743
723
712
714
719
790
820
787
729
705
728
746
742
704
722
726
738
736
679
614
604
619
675
748
807
772
759
774
792
774
695
685
704
758
800
808
743
656
672
703
753
797
790
724
669
722
691
704
684
663
605
593
583
571
599
618
691
750
750
637
636
671
661
667
702
714
708
702
687
636
654
653
662
680
683
703
636
608
599
629
666
745
771
798
806
771
679
682
695
714
737
768
774
755
728
665
618
604
623
681
786
809
825
842
838
814
733
658
670
724
747
769
793
779
768
728
757
753
733
767
823
877
881
871
875
870
832
844
863
883
830
778
845
909
901
824
816
833
799
792
888
944
932
892
915
927
919
868
892
900
888
834
873
901
911
868
796
812
825
787
859
876
875
877
873
805
802
794
799
782
728
737
738
767
805
825
839
848
830
821
785
772
757
749
724
747
767
789
810
780
826
852
865
810
825
819
784
736
761
835
867
868
801
733
776
844
908
915
884
869
857
836
778
766
802
854
886
864
863
855
826
778
732
788
856
901
779
809
837
856
818
786
791
753
784
800
777
745
675
693
761
813
794
809
830
845
821
765
771
783
794
761
813
860
866
809
833
835
821
811
794
788
765
766
813
843
827
794
786
772
784
757
750
729
756
838
892
859
813
829
816
804
773
801
836
868
813
812
813
774
771
804
813
826
807
851
880
872
818
841
854
867
802
731
751
813
884
885
865
795
812
823
835
800
784
780
768
778
791
786
773
759
768
729
732
748
800
815
770
770
816
850
811
815
771
685
619
590
586
616
762
860
868
880
875
854
821
780
760
742
679
735
767
842
756
734
773
811
829
836
806
785
754
712
672
687
720
780
811
823
714
661
665
729
768
792
799
805
826
799
800
795
768
693
751
775
830
869
872
873
804
794
709
672
676
739
853
885
907
907
881
827
748
728
719
760
814
861
802
902
900
860
842
711
650
648
705
825
879
903
930
922
896
852
729
711
710
756
854
895
904
830
845
759
758
743
750
759
709
748
770
810
831
829
813
807
765
678
682
717
823
880
893
891
879
843
811
763
766
750
728
810
861
858
778
821
809
795
792
771
716
732
671
632
662
732
843
877
794
835
826
812
773
771
742
759
689
710
753
721
722
777
848
872
888
873
831
802
784
750
747
745
760
714
736
776
811
813
801
733
743
757
750
718
649
644
646
686
739
800
849
859
849
833
808
785
747
667
649
646
737
813
847
859
809
801
784
694
718
720
782
816
862
871
880
858
783
791
749
770
705
661
676
866
901
936
946
942
923
901
871
766
649
653
651
729
834
867
886
879
859
825
764
761
779
763
773
798
847
878
874
864
766
780
765
771
799
836
847
854
844
772
691
652
666
723
829
903
904
881
896
901
878
834
733
692
736
770
773
771
790
756
771
743
707
753
799
856
865
867
752
747
795
834
833
825
734
728
776
822
852
869
870
804
808
746
751
744
786
819
804
814
840
865
860
849
818
767
680
626
625
656
793
890
918
936
926
920
901
862
830
807
793
780
815
849
867
874
876
872
834
800
805
798
822
768
726
763
849
876
899
903
894
883
863
817
762
709
774
855
757
776
821
856
899
908
890
880
749
778
797
829
822
818
790
724
762
775
858
879
898
871
846
803
783
744
698
723
769
864
880
905
896
867
871
863
835
772
801
848
875
886
845
789
830
856
865
861
869
835
753
788
809
841
855
860
858
855
834
822
802
787
771
775
714
771
814
860
886
874
854
832
802
783
717
737
707
738
715
645
647
677
765
803
851
853
854
849
834
826
808
795
787
798
769
712
740
809
826
848
847
793
810
802
727
657
655
711
840
873
869
878
885
889
886
873
852
829
806
779
691
647
662
719
828
864
878
882
858
818
721
695
696
762
827
873
895
819
856
873
859
851
854
851
831
835
838
861
870
856
866
886
892
880
853
843
843
829
844
868
906
925
938
921
913
896
882
803
797
808
887
973
942
884
938
923
882
825
835
851
862
829
860
917
925
906
896
834
851
859
879
890
860
816
848
867
887
884
888
886
876
859
839
784
826
867
905
928
872
814
838
869
883
850
811
837
852
845
876
888
846
839
825
773
759
774
798
818
779
844
882
880
808
760
771
776
794
764
774
832
863
889
868
836
826
815
813
803
823
790
815
830
824
740
731
816
847
799
845
887
836
871
864
826
754
759
812
906
882
911
934
904
850
857
851
814
847
850
826
866
865
866
845
819
831
813
820
783
808
830
828
888
912
897
862
867
882
890
894
895
854
794
760
779
913
942
934
929
901
892
870
868
872
864
854
854
863
879
886
892
901
906
900
895
885
873
819
755
760
802
935
950
881
901
912
882
826
816
813
819
828
897
935
942
911
938
938
865
846
826
821
798
826
885
907
866
868
863
853
800
830
852
863
824
829
831
834
798
817
873
900
872
869
856
849
810
745
727
777
886
925
920
880
892
860
790
798
782
792
792
768
854
921
940
925
817
716
682
711
758
785
791
751
729
757
779
805
775
780
801
806
791
754
771
833
849
821
763
789
817
840
867
837
850
833
789
770
779
846
900
900
847
854
849
832
799
774
739
738
799
882
922
901
861
888
913
920
932
931
903
867
881
896
914
904
844
887
908
912
917
870
854
876
902
907
892
896
900
896
869
826
859
891
917
864
829
887
896
883
834
858
891
907
837
875
900
915
851
859
866
867
834
797
861
919
939
912
916
930
920
865
864
874
870
856
843
877
894
897
854
876
916
936
894
806
739
725
743
916
958
980
987
983
959
926
890
859
854
832
774
722
704
767
799
876
925
936
920
900
880
857
860
832
874
908
908
888
835
795
841
883
900
840
879
907
891
847
855
816
739
762
788
811
828
837
781
792
814
837
851
890
908
915
872
892
903
899
840
830
848
885
918
877
813
838
873
887
875
875
917
926
913
813
808
827
865
884
824
831
867
878
885
876
791
771
806
862
903
914
874
863
874
869
855
795
802
809
821
817
811
839
845
802
858
882
884
865
765
701
670
677
798
984
974
964
944
906
861
816
794
799
805
743
809
875
890
874
839
806
736
733
728
747
763
693
728
724
690
755
816
823
724
748
725
735
756
795
820
819
800
771
768
797
791
802
796
773
788
817
856
879
893
897
900
893
858
811
840
875
895
852
838
847
879
855
895
901
844
871
857
795
800
739
794
854
873
873
857
834
782
784
816
862
842
823
894
947
927
908
896
865
829
822
812
803
768
748
825
877
897
902
832
840
859
888
892
876
841
886
907
912
887
823
829
847
826
862
878
879
855
832
794
800
807
862
883
896
885
866
844
833
847
819
864
904
926
865
826
813
792
777
729
698
697
746
941
971
966
956
945
926
888
854
830
811
804
787
731
681
679
722
771
815
849
866
855
811
804
806
815
837
843
825
770
771
814
877
900
867
798
810
817
813
817
804
846
873
869
840
837
834
814
809
757
761
774
811
826
846
754
708
705
696
741
756
782
810
811
812
781
731
742
768
749
753
772
854
870
834
739
714
729
716
731
760
763
728
691
729
766
774
798
732
761
694
711
749
792
837
863
858
741
749
742
726
748
777
810
857
868
876
854
819
767
708
703
758
817
902
925
922
896
778
782
805
831
843
799
858
881
814
850
844
845
832
827
779
810
782
835
845
853
852
901
886
864
833
769
696
713
774
866
923
919
884
862
853
788
793
835
884
925
967
957
913
818
818
847
922
958
947
899
867
856
844
846
814
838
941
969
976
903
920
918
909
841
845
873
891
903
868
893
898
896
897
909
880
890
934
964
967
918
878
890
874
860
816
861
903
937
888
879
917
936
936
891
891
891
896
866
849
883
925
925
911
828
848
869
874
855
873
891
895
862
862
847
796
779
783
812
792
833
839
805
780
754
735
714
733
772
808
782
779
845
903
928
875
907
902
880
806
768
790
816
845
834
813
884
906
896
802
732
690
685
752
824
844
788
825
845
842
849
863
863
817
848
882
909
916
899
838
818
835
854
874
810
786
850
916
882
817
752
718
777
830
872
929
971
961
938
889
842
806
799
827
896
933
962
957
941
911
880
815
786
809
864
921
945
939
894
901
921
909
861
795
817
837
877
852
899
937
936
890
868
899
892
879
869
832
808
837
894
931
972
953
946
948
936
850
753
697
699
786
906
922
847
899
978
973
949
855
859
870
885
890
848
848
898
932
920
863
860
830
785
733
748
784
839
890
891
825
787
719
700
758
830
887
917
888
888
911
912
911
854
807
867
935
983
991
942
874
878
873
890
864
901
915
926
860
866
866
859
806
824
872
904
854
840
880
895
910
912
905
843
812
833
864
894
876
871
875
909
913
905
855
824
852
873
825
804
838
907
952
942
943
935
925
846
840
866
907
952
932
877
924
961
970
938
867
884
926
956
961
927
968
986
939
829
752
757
827
1102
1063
1032
1006
1007
990
987
966
938
924
922
919
923
912
900
896
874
824
792
761
752
797
864
916
944
927
908
879
779
718
716
726
730
754
863
978
987
976
921
884
862
840
823
817
780
764
820
890
945
958
924
873
892
901
893
894
841
830
853
887
871
847
890
936
917
865
789
812
812
792
788
783
802
799
758
790
800
818
827
846
832
803
752
757
767
772
783
749
725
720
793
875
913
899
897
905
822
736
703
712
750
779
813
812
819
873
958
982
996
974
910
888
886
885
881
901
858
813
851
910
933
859
771
761
797
947
972
963
960
947
941
931
924
924
921
919
908
904
902
913
923
940
958
955
945
919
916
896
851
911
934
942
870
804
815
853
865
813
776
811
839
860
839
854
887
883
859
837
780
778
803
827
853
881
852
845
868
917
923
915
894
874
863
854
861
816
862
882
878
820
878
918
906
838
855
865
861
850
881
894
837
817
860
869
867
836
802
799
822
846
884
858
875
897
889
840
860
886
910
882
921
948
962
890
828
846
863
859
851
823
771
789
773
793
855
833
834
877
856
843
830
854
861
855
825
833
849
864
813
849
854
784
721
688
702
770
799
778
761
795
835
846
862
840
844
901
938
944
914
869
883
867
860
829
813
899
1003
1016
967
976
950
907
815
762
716
686
742
866
894
856
796
790
833
1022
1017
995
979
953
920
883
875
868
875
888
906
912
909
896
879
871
877
876
886
881
813
852
905
939
949
938
875
873
888
910
923
915
854
881
919
942
949
938
865
849
856
878
904
847
873
920
923
907
833
854
860
844
797
844
890
896
904
882
841
793
764
807
839
875
874
868
847
831
826
838
822
865
933
964
950
958
948
889
872
890
925
930
873
893
905
900
849
883
896
840
802
863
914
921
916
863
796
798
818
827
845
862
861
860
880
891
859
877
917
927
889
887
901
899
858
800
759
789
992
1001
982
979
961
938
905
871
856
851
880
908
932
951
947
947
943
828
793
738
703
748
820
858
891
893
818
823
856
881
891
876
815
839
887
931
885
866
889
907
912
896
844
848
875
908
926
929
860
865
898
920
937
918
861
888
926
935
924
850
790
824
874
921
959
958
895
906
922
919
849
836
897
956
976
952
952
956
947
929
896
848
848
864
892
889
919
983
995
970
862
834
840
860
889
853
909
941
933
875
895
908
906
855
803
838
887
923
924
883
901
925
934
910
916
931
940
928
881
891
911
916
865
786
768
825
1006
1018
1001
995
967
944
934
920
896
867
837
774
725
729
844
931
961
945
920
897
876
858
842
773
781
833
959
994
956
897
895
847
786
793
765
735
736
757
789
828
834
798
813
820
810
775
814
831
838
811
809
856
894
859
896
912
873
817
824
834
818
809
843
884
856
820
825
832
773
783
810
781
774
808
842
888
880
881
854
792
723
747
795
867
897
921
905
907
917
921
932
928
870
894
941
957
952
872
892
881
884
916
895
909
944
947
938
913
848
855
878
913
943
918
944
982
981
946
864
878
891
876
833
833
918
990
999
943
953
962
947
881
893
922
947
953
960
908
927
959
976
945
860
810
846
947
1096
1066
1041
1014
993
971
947
938
932
917
906
912
923
929
921
900
881
862
860
853
849
901
938
949
944
888
880
876
856
831
829
847
856
867
845
831
894
938
957
929
902
928
914
894
818
821
811
783
738
819
959
948
854
827
838
842
861
840
877
897
882
854
886
899
910
861
817
840
874
903
900
844
850
863
899
908
856
853
900
919
930
915
892
905
899
889
838
828
854
905
940
967
925
896
874
806
790
780
749
729
718
708
739
784
782
805
838
836
806
784
801
794
803
776
744
764
800
835
843
828
812
796
799
789
834
851
833
797
833
842
853
748
763
774
772
712
721
759
735
777
806
822
827
821
788
790
783
821
878
851
846
905
943
949
909
890
869
835
878
883
902
905
808
749
769
830
896
926
937
902
878
855
837
840
823
824
857
916
964
956
914
892
896
900
886
873
847
809
814
820
845
829
794
821
822
823
808
788
746
794
847
885
918
873
803
793
812
835
887
919
911
918
936
933
920
890
855
844
862
898
927
878
873
900
906
905
907
873
894
922
937
860
809
857
894
922
861
896
910
915
872
877
907
912
932
942
948
936
917
910
865
797
792
906
1010
1025
1036
1015
990
965
914
872
856
864
903
922
933
909
861
797
814
888
933
955
956
919
896
895
902
913
916
913
882
941
998
976
923
939
930
871
882
918
945
935
841
859
898
932
925
876
896
919
947
937
873
907
931
937
850
802
762
776
819
892
865
872
895
907
905
884
855
779
768
789
825
867
867
822
851
906
946
959
945
918
894
893
896
845
810
818
835
845
784
768
801
942
981
971
955
924
918
914
917
908
905
893
888
896
902
901
888
870
890
896
890
896
844
824
891
922
920
907
837
774
798
850
941
999
956
975
957
933
847
819
792
734
710
796
960
962
917
886
910
935
929
890
854
884
936
942
902
863
913
942
930
873
902
917
927
901
848
854
867
864
807
777
827
847
876
883
838
772
753
766
957
988
982
957
925
903
880
859
853
859
890
928
940
945
934
927
913
897
900
896
886
892
905
876
846
878
927
952
959
879
865
879
885
893
837
791
832
888
940
904
900
916
905
861
854
861
870
822
859
891
906
916
877
857
840
760
716
770
871
828
837
868
875
882
829
790
843
927
964
956
859
849
835
832
835
791
822
889
951
973
935
889
901
898
905
887
835
844
894
922
926
881
867
879
861
850
853
906
932
930
894
818
762
780
938
949
975
977
973
952
926
900
889
881
878
872
867
883
852
823
884
951
970
963
907
896
911
904
867
812
760
704
682
680
712
787
907
932
938
931
909
867
844
824
809
771
750
782
853
938
960
958
946
881
807
800
812
831
852
854
833
794
823
866
910
895
894
894
896
859
844
841
854
840
805
855
894
932
879
895
883
888
824
798
824
847
805
759
784
854
923
943
904
902
895
878
827
833
867
902
918
880
844
842
848
844
807
800
847
889
933
925
922
867
806
799
804
813
800
771
803
886
931
928
881
873
888
873
817
794
828
875
921
894
922
951
925
843
833
821
813
784
728
707
718
878
1022
1023
1016
1002
965
939
892
874
816
780
768
784
819
867
899
890
868
843
815
787
797
772
749
781
859
939
947
930
884
805
790
803
828
872
896
892
878
898
898
871
816
802
783
759
752
788
841
896
915
927
863
847
856
881
917
904
826
777
803
858
854
782
751
830
894
912
905
884
869
817
798
832
892
934
954
907
893
899
909
913
915
856
845
880
937
959
946
883
883
899
920
892
813
749
752
840
927
969
995
1004
993
980
956
941
926
911
911
920
938
936
925
927
942
959
942
951
950
858
771
748
762
1028
1011
1007
1005
980
936
843
839
843
840
850
865
875
890
864
857
894
939
966
964
940
907
845
860
901
930
948
945
886
909
920
897
896
913
927
916
845
872
922
938
947
893
887
918
927
922
875
854
880
905
911
874
839
883
911
950
956
953
917
898
894
881
817
741
731
743
778
837
847
834
880
894
881
818
838
842
854
836
819
839
872
888
876
889
919
918
899
812
807
845
867
887
879
878
885
883
844
855
861
863
844
789
779
792
1009
989
965
929
813
745
760
839
877
891
911
922
923
925
922
912
908
889
894
919
946
973
951
900
930
951
942
899
844
896
926
941
912
900
941
966
964
919
910
917
931
935
904
914
921
922
922
914
867
915
936
940
942
903
869
883
891
890
910
899
931
941
935
887
872
856
870
903
873
919
934
924
854
867
871
868
840
826
896
940
950
910
854
875
889
910
911
851
863
912
920
934
914
908
893
822
793
832
890
929
940
938
896
870
879
891
903
883
883
900
897
896
831
866
880
866
829
806
749
730
749
942
964
947
913
891
857
828
829
836
832
781
771
723
695
716
764
762
764
797
840
848
850
843
831
809
833
848
871
887
843
806
848
890
908
938
894
863
882
897
905
909
882
866
890
905
914
893
836
867
865
863
803
786
828
882
922
895
935
933
911
886
818
796
813
842
860
895
873
903
929
936
937
859
819
854
887
931
948
957
932
941
922
865
792
777
871
971
996
1005
980
965
956
932
934
917
901
885
883
892
922
934
896
857
896
922
932
922
882
854
870
877
896
867
895
932
950
890
806
763
762
839
990
980
988
983
964
935
902
875
870
864
868
872
876
871
835
780
796
852
896
918
926
911
854
857
866
878
888
898
867
884
900
910
923
907
868
900
930
932
869
836
884
941
898
908
942
938
862
882
904
928
883
887
912
932
932
913
918
897
834
860
882
903
884
877
911
912
889
835
868
887
894
847
854
858
869
886
846
846
885
900
883
823
836
840
857
844
808
869
920
923
915
862
854
850
832
790
787
819
816
813
757
718
728
806
822
824
808
777
793
817
846
856
817
795
862
906
913
858
831
868
885
890
843
878
896
895
854
862
867
869
865
867
885
899
878
825
863
885
895
862
871
902
936
954
882
796
764
846
931
959
966
949
936
899
852
847
835
854
884
889
888
760
752
787
821
816
838
834
810
723
718
738
787
752
814
860
865
769
813
838
853
847
817
804
794
730
760
803
854
879
829
709
726
762
795
805
750
798
783
793
822
795
889
885
883
924
939
933
920
902
758
749
750
803
781
862
870
810
860
887
873
813
802
805
823
796
820
845
838
836
866
904
916
907
877
761
733
735
785
851
903
899
883
881
875
831
815
849
870
887
851
818
810
802
836
869
888
866
871
879
871
827
816
804
820
849
877
871
874
901
903
906
894
887
884
878
860
863
868
775
754
716
676
731
789
835
794
742
740
734
860
897
898
908
901
895
896
896
893
905
909
907
896
894
901
914
896
860
858
858
836
838
841
847
862
830
762
771
787
815
855
894
897
900
867
852
800
789
790
796
818
820
767
786
802
835
876
881
835
847
859
860
837
813
871
888
877
814
832
851
869
862
806
825
862
862
831
802
845
908
923
894
877
885
866
811
757
769
796
829
857
829
831
880
900
896
822
845
835
835
822
805
759
753
798
827
834
841
818
774
709
726
753
806
741
664
700
770
808
751
773
783
816
825
817
814
802
780
747
723
743
800
838
838
869
869
805
825
835
733
702
719
823
884
922
933
925
890
876
854
793
678
689
733
852
912
914
900
880
839
783
719
733
815
864
915
977
973
960
847
847
842
844
841
834
769
827
798
836
878
922
926
897
855
737
771
788
849
884
903
891
880
784
733
727
812
868
931
885
923
862
863
868
891
897
887
854
841
813
758
830
885
771
812
857
894
900
892
795
827
855
859
836
817
795
732
705
772
834
866
883
889
892
889
870
862
852
862
875
896
921
934
937
932
913
896
878
865
799
778
784
938
1014
1036
1037
998
940
842
771
782
806
818
851
875
876
840
893
933
934
933
924
901
893
887
879
866
856
863
811
853
837
800
769
798
838
854
840
769
774
812
824
794
757
792
808
836
843
857
826
806
813
823
827
851
843
845
880
911
921
898
878
883
765
721
742
766
747
764
823
902
935
900
874
897
910
877
828
850
857
861
816
774
838
930
972
970
958
941
904
811
809
820
853
886
913
909
925
942
931
879
895
920
879
855
837
817
802
818
870
819
784
793
811
832
845
848
792
737
716
790
909
952
964
950
936
927
904
897
891
890
895
917
935
936
935
927
927
926
912
893
856
796
768
798
819
877
876
807
744
723
718
846
911
936
956
960
947
930
911
887
861
859
856
849
798
770
812
855
896
922
922
874
863
874
869
857
802
798
836
916
955
931
895
895
879
853
837
803
818
879
955
932
908
930
907
889
805
824
829
827
840
798
824
838
858
863
837
832
835
847
845
838
881
918
877
897
911
850
824
820
844
848
853
861
853
806
785
809
853
892
837
877
889
888
879
869
845
832
813
752
698
674
730
801
881
831
824
818
834
832
784
759
789
829
899
932
942
935
919
890
825
842
871
895
925
938
932
873
829
843
867
902
931
937
881
779
727
716
745
920
956
981
997
983
946
900
849
811
757
757
744
768
809
834
840
864
848
794
769
783
806
835
844
862
857
863
884
896
849
803
835
852
804
748
748
841
836
801
840
863
816
774
840
892
928
863
861
885
896
843
818
818
860
887
854
873
928
940
879
878
870
874
855
798
745
718
765
888
974
1000
975
952
942
929
889
877
878
891
915
914
905
845
864
885
900
895
833
847
854
876
807
769
759
793
1018
986
954
945
929
904
875
871
875
873
883
881
892
884
881
881
870
887
886
885
899
893
825
817
838
862
881
844
823
855
878
884
834
843
852
849
838
805
838
864
857
791
770
787
824
857
821
871
904
903
830
834
842
830
768
794
818
840
837
797
835
889
905
858
879
854
801
754
766
799
839
804
780
830
901
908
857
855
845
829
790
777
785
787
773
818
865
905
856
892
899
843
832
757
716
728
791
858
777
766
834
869
876
858
743
746
767
780
721
752
792
859
904
897
882
787
791
817
850
884
846
906
940
937
935
921
893
820
752
734
749
803
859
840
786
819
919
959
953
910
889
877
877
887
889
870
818
757
785
825
856
868
891
919
920
913
827
852
771
817
832
797
784
768
759
748
792
838
841
781
801
800
729
745
806
866
874
850
846
837
830
797
796
804
749
743
730
715