639
633
687
742
746
737
714
680
657
627
591
585
581
592
616
672
712
729
733
722
679
638
608
596
582
572
577
619
705
693
697
704
714
727
683
696
666
632
659
1298
631
683
700
666
707
733
698
727
737
720
690
678
679
673
707
723
724
752
754
721
667
672
640
600
572
570
565
567
575
559
558
559
558
565
571
586
641
609
646
667
669
629
660
617
607
626
645
691
728
706
719
708
663
647
636
659
628
636
665
669
637
665
691
770
790
747
696
649
715
690
682
765
779
689
647
656
708
692
704
763
769
755
685
668
709
779
817
784
868
827
752
705
712
861
823
850
782
723
735
733
773
743
775
821
858
861
803
809
802
740
747
768
803
841
796
829
844
845
779
804
812
771
743
799
822
765
831
839
772
810
813
744
735
770
774
716
746
805
829
793
873
873
782
804
814
813
753
798
830
848
766
837
837
761
733
757
792
798
738
667
647
665
700
720
759
719
740
787
804
787
733
768
777
772
737
782
851
851
776
791
812
813
742
742
791
818
816
766
823
850
819
780
816
804
778
762
790
811
779
780
850
862
787
837
795
781
712
665
656
678
848
840
857
857
797
728
680
687
690
694
725
742
730
687
652
627
665
696
674
707
748
779
773
733
752
738
699
703
771
834
828
759
757
786
813
766
805
821
837
777
744
753
748
800
789
798
779
805
753
707
655
618
624
637
618
643
635
617
642
641
639
608
585
583
585
598
625
707
787
782
729
728
740
751
721
694
665
638
637
638
678
750
785
752
786
813
766
755
781
787
783
730
770
769
710
709
718
737
708
729
765
770
778
738
745
762
754
741
724
781
827
813
828
857
849
783
801
798
731
706
740
752
742
688
693
729
729
811
843
790
758
773
756
719
748
770
746
787
851
864
795
690
678
651
647
621
575
567
572
597
674
749
784
765
757
726
665
655
667
702
742
784
808
806
768
797
728
774
797
826
827
804
768
754
751
754
777
785
810
807
813
849
860
800
824
830
779
732
788
843
902
840
843
876
815
786
813
830
820
775
818
850
860
804
821
841
846
774
794
826
854
802
864
874
804
801
803
794
785
723
731
762
701
802
855
873
763
699
716
740
739
741
748
711
724
739
780
813
779
832
852
878
825
791
776
765
745
695
667
682
827
933
932
898
805
811
796
765
737
687
645
639
670
727
773
807
770
799
809
809
765
724
745
779
846
820
846
870
862
777
796
821
811
750
755
799
846
839
785
835
854
839
835
849
821
761
809
836
854
830
808
853
862
816
791
811
819
778
736
755
807
867
864
845
782
794
784
793
775
796
818
851
790
804
822
822
813
747
742
757
784
758
724
779
846
873
812
799
818
798
732
750
768
783
735
695
729
736
764
714
700
711
747
716
672
646
659
681
673
700
738
760
747
721
763
787
800
780
765
808
821
790
743
734
747
808
886
857
831
830
805
777
752
729
717
689
677
685
693
699
664
636
664
715
697
728
767
799
784
731
676
679
700
710
689
700
756
792
768
784
831
821
811
737
736
753
770
748
751
809
869
863
791
788
804
800
752
785
827
850
794
778
793
785
745
757
809
849
797
843
854
829
762
780
784
749
715
759
743
718
691
734
758
773
734
742
770
770
712
696
706
715
714
713
755
780
776
732
769
801
810
753
750
762
766
726
687
686
717
783
844
848
818
783
756
705
706
724
749
779
786
754
750
771
771
723
728
762
797
774
772
766
741
681
652
673
691
702
781
816
827
747
775
768
758
708
688
694
753
897
959
931
913
902
875
834
784
752
721
737
776
805
811
817
804
804
803
790
765
710
714
722
745
739
722
777
820
768
706
678
723
728
709
744
774
771
739
761
819
862
841
771
785
805
809
793
744
762
803
820
806
826
849
835
769
795
802
823
788
830
872
874
825
857
864
823
823
849
799
847
854
855
806
836
854
849
840
850
803
794
811
843
854
849
796
842
853
827
771
805
817
797
772
818
881
883
808
808
816
815
773
775
808
840
810
837
846
831
752
728
772
839
877
829
870
879
834
771
790
766
741
707
745
798
851
813
826
862
866
800
763
777
772
742
729
766
783
758
719
760
785
802
753
774
784
789
736
740
744
743
711
718
739
783
772
783
813
816
772
756
728
688
659
651
671
703
784
792
772
688
666
674
653
626
638
662
682
692
703
725
712
639
625
617
641
690
745
794
828
834
791
791
758
739
718
702
709
707
644
643
660
711
759
791
790
794
706
719
708
708
723
715
732
739
753
756
743
695
671
628
639
685
707
664
729
796
805
807
771
764
741
658
672
680
723
824
850
854
802
802
734
746
743
756
767
768
765
775
766
685
669
658
676
732
792
837
849
862
841
822
786
768
682
714
740
804
856
800
819
818
812
709
659
653
678
745
773
783
726
760
774
793
802
788
786
743
652
640
640
755
899
938
938
931
902
870
838
799
783
783
781
796
786
795
780
770
688
707
752
773
757
732
726
721
708
707
655
615
617
636
670
751
788
816
813
757
778
725
747
754
759
726
768
789
788
704
629
619
612
650
730
815
851
828
779
797
798
828
816
833
787
739
762
771
827
771
799
815
838
743
796
817
824
808
785
726
739
771
786
796
850
825
807
764
838
801
840
857
845
781
707
715
757
801
767
700
688
692
705
773
832
868
876
825
836
771
708
730
783
837
877
788
820
853
855
812
796
815
827
771
748
812
836
828
804
806
829
856
838
832
832
784
800
797
796
782
715
691
718
797
832
823
808
736
745
782
777
827
840
795
773
795
778
806
756
675
672
730
836
896
881
821
819
813
813
789
774
741
769
739
838
869
854
774
692
704
736
778
837
870
867
871
840
829
812
802
770
714
760
787
810
830
779
759
755
766
806
814
827
837
809
798
779
767
717
723
717
716
804
829
805
737
672
672
648
628
633
697
852
848
770
803
786
801
807
807
767
717
634
658
694
744
818
851
815
699
684
712
792
852
883
881
904
902
885
771
808
814
817
847
844
739
762
786
827
842
779
809
814
819
816
802
767
767
756
717
637
642
666
766
883
896
887
834
740
725
751
692
754
794
810
777
823
832
827
826
780
819
797
735
757
823
835
855
828
788
787
759
729
710
714
785
736
754
725
733
757
739
687
685
692
698
706
679
669
687
694
704
705
645
669
674
704
707
763
779
763
824
834
829
747
710
693
680
671
648
648
695
941
983
963
952
927
899
853
771
703
657
637
655
710
784
849
887
888
869
846
799
762
771
818
877
855
811
842
890
892
825
842
844
777
746
765
816
875
858
839
877
891
851
814
829
848
861
833
855
901
919
858
832
868
888
856
840
896
919
873
851
877
883
830
799
827
878
846
840
858
843
790
818
858
862
796
813
831
841
803
833
859
865
826
873
892
862
811
837
854
851
797
828
862
878
846
854
842
836
790
812
842
860
832
799
840
869
864
812
829
844
851
813
777
819
867
897
858
819
852
867
875
837
813
854
877
891
842
847
893
875
825
857
859
798
771
797
840
819
850
896
898
866
898
908
854
771
799
822
817
811
889
909
873
810
810
854
878
863
770
717
681
691
722
745
743
744
790
826
843
831
796
829
852
848
799
793
843
887
899
844
855
869
861
828
807
821
851
839
804
828
864
879
880
856
808
813
831
853
852
831
873
911
914
875
872
886
857
797
820
854
863
812
838
868
851
863
869
823
820
875
894
856
843
864
883
854
841
864
891
863
807
781
813
913
1019
1013
993
972
930
903
879
872
869
866
872
881
888
885
843
824
860
886
904
873
831
865
903
907
884
858
898
900
875
845
885
917
903
860
897
893
858
821
845
865
824
837
874
875
834
861
811
733
705
743
764
786
827
846
792
765
796
821
796
782
808
809
764
769
800
818
788
816
837
837
790
809
830
847
855
837
831
853
865
866
830
832
854
869
850
818
869
854
791
804
814
852
848
845
760
704
694
700
664
677
664
671
711
713
745
819
856
874
859
870
846
745
750
757
788
806
754
771
841
862
862
866
843
814
786
782
759
708
718
768
809
774
753
783
792
811
783
799
813
755
778
777
748
774
771
818
813
799
779
721
763
798
810
781
828
857
834
802
818
826
779
794
817
822
768
781
792
799
754
764
784
783
780
770
774
824
845
827
829
849
850
799
813
824
822
771
745
767
840
887
894
838
851
857
848
788
762
790
843
863
808
802
823
845
813
773
814
840
842
798
843
854
841
785
798
815
825
785
799
824
852
822
860
849
829
737
729
702
667
649
666
695
750
809
850
803
828
825
784
717
699
714
764
818
834
800
835
842
806
795
810
827
793
794
834
854
821
809
838
836
789
822
828
815
756
771
829
875
895
833
843
837
835
769
781
798
850
814
823
867
894
836
806
817
817
782
749
791
854
895
890
821
843
834
792
777
803
827
778
744
742
793
953
922
918
907
871
840
812
797
802
805
809
813
826
824
819
792
809
820
824
772
812
810
771
750
796
805
745
771
799
797
740
771
809
829
783
771
796
801
789
765
806
833
831
772
780
794
818
791
815
833
835
781
795
819
823
779
806
807
784
763
808
810
761
806
831
816
770
791
807
803
754
774
796
815
769
803
820
808
759
784
791
750
734
786
826
829
780
812
829
828
769
773
770
770
726
697
688
730
1012
956
933
920
897
862
806
747
740
742
761
793
826
852
873
866
854
816
813
817
818
829
787
806
819
784
729
702
727
731
701
672
683
726
728
725
750
771
766
738
719
755
796
835
816
799
824
832
784
760
801
827
802
826
868
888
835
832
824
827
815
754
759
795
836
805
813
861
877
875
823
833
827
823
760
756
754
771
741
765
838
879
880
839
870
866
836
784
802
796
756
729
771
834
888
861
840
858
845
795
785
820
852
804
819
866
888
820
805
818
827
812
766
795
823
849
822
804
845
854
814
785
811
825
810
787
844
861
813
744
715
729
837
863
882
893
863
839
812
809
801
802
794
789
799
805
806
814
818
779
721
713
716
751
797
784
784
849
862
818
783
806
808
784
735
757
768
757
728
751
807
844
778
784
742
700
672
658
670
672
663
704
759
807
825
777
786
801
814
814
770
793
815
820
788
822
833
818
778
801
815
788
783
830
839
782
771
801
821
806
760
805
828
837
768
733
755
764
728
727
707
720
761
805
808
775
804
807
797
740
747
751
768
734
705
688
707
831
913
909
910
891
864
829
798
775
731
733
741
764
794
826
841
855
863
865
856
819
792
795
784
773
729
745
835
902
851
864
866
832
778
778
776
744
715
678
659
646
668
679
709
720
702
739
765
780
744
749
762
772
738
721
752
780
810
771
806
848
836
830
833
790
803
809
815
773
775
802
845
816
847
862
862
797
816
824
839
771
743
786
828
863
813
812
841
841
802
773
796
815
797
774
826
850
821
801
836
835
838
787
804
814
835
807
793
834
858
823
795
831
843
827
776
746
782
823
870
896
899
882
876
877
867
835
833
846
818
805
847
865
815
804
850
871
815
820
854
798
774
810
845
799
824
850
785
782
814
826
771
794
818
829
788
825
836
818
774
819
824
831
758
716
705
760
956
905
896
889
863
854
836
821
729
721
729
757
795
814
847
866
858
836
822
747
766
782
805
820
811
817
730
668
686
713
760
798
814
761
742
768
783
793
784
728
752
762
788
771
810
832
820
801
807
774
710
718
746
797
789
789
836
834
801
812
825
825
786
790
821
848
787
744
780
827
852
827
802
829
838
832
822
819
826
804
757
732
775
825
866
837
838
850
848
804
792
811
832
802
776
813
864
878
799
756
781
809
841
823
786
809
845
862
818
824
823
799
760
800
826
841
806
805
702
718
752
790
783
766
721
737
757
749
733
788
838
857
798
840
798
763
739
760
754
725
766
775
776
728
731
765
804
820
805
748
770
753
746
723
763
804
851
863
827
833
836
837
821
762
693
662
650
667
805
889
950
953
952
931
905
864
804
752
773
799
840
854
862
860
853
859
863
844
785
817
825
798
744
754
795
831
832
756
765
717
705
668
644
651
662
674
712
757
785
741
751
798
827
838
790
795
825
838
837
788
840
868
892
834
825
851
853
788
758
776
845
872
830
798
844
836
808
785
821
832
792
811
825
815
757
799
820
830
795
868
888
841
826
847
834
774
747
791
820
820
772
844
865
870
786
745
775
794
821
795
789
829
854
836
775
796
797
806
771
818
829
840
795
790
826
834
837
779
808
766
702
668
638
632
633
689
784
870
886
885
845
851
851
812
799
814
818
814
775
828
831
841
773
723
719
767
1047
978
960
946
928
905
885
852
843
804
789
819
837
882
834
876
868
829
786
770
776
779
751
746
802
827
794
755
797
809
771
756
802
816
784
831
826
751
721
741
774
797
822
836
751
707
731
676
695
710
747
773
788
767
710
747
748
732
703
711
770
813
839
845
821
777
780
785
792
787
729
713
732
845
906
919
912
900
877
856
850
818
829
837
847
830
832
819
755
705
678
684
730
804
848
819
790
821
826
828
778
782
814
841
803
773
813
836
820
761
774
796
811
799
773
815
780
725
716
744
782
792
752
732
762
790
805
769
770
803
806
817
777
813
830
828
796
824
804
829
809
748
705
682
716
791
806
769
783
812
835
838
772
779
804
822
782
807
850
886
855
838
854
844
792
785
818
854
890
847
877
883
834
856
847
837
793
816
830
845
791
809
839
858
828
851
896
900
854
842
843
839
796
823
866
881
848
861
879
854
804
816
830
766
712
691
716
881
958
956
939
902
864
835
811
799
809
819
839
846
859
865
862
869
860
855
848
771
735
736
700
676
675
759
873
827
884
879
847
778
744
759
770
808
821
794
825
884
915
911
845
853
827
760
754
780
806
784
814
841
839
804
775
809
812
804
771
809
836
862
834
835
858
859
814
813
808
826
789
771
808
853
867
819
812
817
826
802
807
839
858
846
825
851
853
819
815
825
836
795
808
842
854
811
799
817
830
788
798
828
841
800
824
831
817
785
809
810
817
758
773
824
877
887
867
854
870
865
846
808
787
800
813
819
799
848
869
869
809
814
838
837
770
748
732
804
1029
975
948
935
900
860
831
813
808
818
843
853
862
872
860
839
798
747
760
787
835
863
827
827
867
880
857
797
820
817
805
768
762
794
806
756
753
802
849
850
784
808
813
810
769
757
746
727
691
665
673
729
772
759
790
818
835
829
795
816
821
826
789
776
813
854
871
817
813
819
829
835
804
803
841
862
856
812
810
827
816
772
738
773
802
827
822
803
844
863
876
829
821
822
815
785
788
810
818
800
793
837
869
873
835
817
824
825
815
783
796
816
827
805
796
817
813
775
748
760
784
816
822
786
804
818
819
777
785
795
810
771
767
793
816
789
750
760
771
782
781
775
828
837
812
770
778
790
808
786
813
815
815
794
825
852
859
812
815
830
839
791
783
822
852
880
852
830
840
841
818
795
804
792
716
689
677
673
660
683
682
664
653
654
669
691
682
685
680
710
886
866
855
840
815
798
791
733
686
660
650
678
742
777
794
808
812
794
736
760
751
767
788
742
724
739
797
849
888
892
837
806
801
776
729
743
779
829
871
870
847
851
826
762
730
734
762
789
784
783
839
875
885
818
814
817
803
751
715
727
764
817
851
806
783
820
818
818
771
790
790
793
766
751
783
809
815
774
830
848
855
818
810
813
817
778
735
745
797
856
873
823
847
842
841
809
751
789
805
830
805
849
841
820
769
803
813
830
794
833
825
782
734
684
672
731
884
886
908
908
881
852
825
806
773
713
688
699
714
748
777
798
793
804
801
771
708
687
683
687
699
746
742
721
757
771
775
730
717
742
751
741
696
707
742
771
760
737
781
780
759
725
760
771
806
776
776
739
701
682
688
691
696
686
674
690
716
759
759
751
787
802
801
771
771
771
768
723
702
736
752
785
771
780
814
820
807
752
772
768
781
765
753
795
813
793
751
764
769
795
772
740
793
835
844
799
804
813
816
752
729
761
782
808
759
768
821
864
867
831
807
811
812
756
724
736
745
770
738
787
821
825
783
811
804
782
733
760
759
752
718
752
778
805
758
781
804
810
804
774
790
796
800
778
750
791
812
828
771
798
828
842
847
792
810
816
815
771
743
781
807
839
800
808
813
808
752
704
679
684
781
849
857
857
844
823
808
804
788
779
771
777
800
813
771
798
803
768
717
672
661
688
698
706
765
819
841
786
769
781
792
772
730
746
770
789
783
748
800
827
842
782
789
806
802
790
749
783
808
829
805
777
821
843
819
775
806
807
802
762
795
826
852
816
805
826
820
782
728
761
783
801
778
771
824
832
774
747
766
782
786
752
761
795
765
811
846
848
802
808
805
802
765
732
769
785
799
759
767
794
806
769
758
752
765
740
712
706
729
737
743
702
697
669
693
726
771
798
794
769
727
738
729
735
705
685
699
706
699
674
673
667
688
772
907
913
898
890
862
775
719
688
662
652
668
702
689
720
762
800
828
839
834
832
815
799
772
727
749
772
813
840
851
835
820
825
819
806
748
722
733
767
808
788
762
832
854
845
782
813
808
798
756
773
779
797
779
830
848
854
802
800
809
823
814
757
783
852
908
921
924
868
855
848
833
823
796
803
832
854
873
878
845
827
836
837
808
767
797
809
821
788
758
788
812
832
795
770
790
813
827
797
781
798
802
798
770
807
814
829
790
815
809
793
734
703
722
773
817
831
788
816
827
819
774
800
805
793
759
739
773
781
797
777
745
771
781
790
762
744
779
792
803
766
712
696
710
780
900
893
886
876
856
830
814
801
785
776
782
778
771
777
771
747
763
776
793
803
801
758
792
793
794
758
724
742
771
796
812
756
771
763
775
747
765
779
807
785
775
793
794
755
757
782
794
799
760
776
801
823
832
799
811
812
798
756
797
806
817
803
813
817
808
762
790
805
829
808
776
803
801
787
743
757
772
787
751
808
824
823
776
796
797
802
773
755
769
788
787
759
811
811
810
738
699
665
637
622
635
688
780
825
843
814
806
819
812
799
777
785
812
828
809
748
700
698
705
797
1046
1004
983
963
942
924
907
890
874
854
852
853
852
876
883
877
864
865
855
838
824
782
739
740
771
808
848
828
792
805
807
799
763
747
807
845
866
810
805
839
842
770
758
754
747
722
702
734
765
795
758
793
805
798
749
779
795
813
791
772
771
754
700
679
665
711
763
813
828
779
799
789
762
752
712
707
727
745
770
771
748
724
738
755
767
762
725
706
726
746
786
789
798
745
737
752
749
752
712
688
709
766
810
828
797
784
777
777
725
689
675
700
767
829
835
817
798
813
815
813
774
804
804
788
749
795
816
840
797
801
848
880
863
789
775
811
825
806
771
835
860
856
793
807
799
796
755
751
795
836
837
818
874
898
892
814
809
767
709
671
647
629
609
609
661
748
824
848
793
785
796
790
731
759
802
841
822
788
854
871
807
758
796
831
847
798
801
840
854
838
771
792
797
787
730
737
753
730
761
729
694
697
769
869
872
874
858
785
725
708
714
724
737
725
722
728
714
699
659
668
683
727
771
791
749
735
733
735
718
679
667
672
671
697
729
776
774
841
859
845
774
789
775
720
655
633
626
643
646
638
623
640
710
740
729
784
770
738
676
654
648
691
747
812
827
797
730
754
749
717
684
706
717
743
748
737
673
637
625
630
666
696
753
792
735
690
700
730
769
782
791
769
771
758
740
714
664
663
699
780
820
834
823
712
707
723
761
785
771
692
692
704
715
759
789
778
737
743
712
731
756
782
818
832
734
679
687
736
792
814
810
794
789
768
748
719
726
736
762
720
782
841
820
791
794
794
793
782
771
682
680
669
701
771
856
891
882
860
835
817
801
742
678
671
703
793
747
837
889
781
715
748
780
787
784
804
825
859
886
867
854
851
832
814
794
780
713
673
672
729
842
901
915
913
891
855
794
797
799
802
693
699
739
817
890
897
898
863
829
797
706
684
678
714
796
850
880
886
875
854
819
788
764
715
689
685
743
832
864
872
809
690
678
691
749
846
880
859
835
818
796
792
699
716
734
814
843
867
795
826
832
835
785
712
673
687
714
795
856
898
911
886
891
859
826
794
781
767
730
753
812
852
775
798
796
807
825
835
807
805
796
744
741
762
776
762
767
792
801
795
769
776
785
783
742
768
761
721
705
734
783
808
821
813
794
771
747
683
631
651
694
835
885
883
891
869
747
689
669
718
821
889
917
920
908
904
879
815
724
654
643
684
771
889
922
925
807
845
842
845
829
816
798
797
793
782
811
833
869
886
835
823
819
771
780
804
774
823
836
843
840
837
732
757
776
729
688
698
735
777
810
817
823
819
810
769
692
657
658
706
790
841
868
870
860
838
815
783
725
702
701
729
729
718
805
873
897
912
916
879
835
789
766
744
684
672
725
775
839
878
842
785
721
684
673
695
729
768
821
849
869
823
840
827
826
813
801
782
771
771
766
709
732
746
698
681
746
798
813
824
825
817
795
782
762
739
721
672
673
703
750
719
764
867
900
902
908
897
872
839
827
797
772
709
688
700
774
859
844
889
903
895
792
720
711
723
776
826
874
888
884
855
838
799
730
742
719
745
771
725
775
877
866
801
811
845
852
843
821
808
786
782
781
775
756
696
696
735
785
813
810
739
746
776
779
771
767
769
769
768
747
734
719
684
696
723
735
752
720
648
662
700
743
805
811
780
720
719
729
749
765
788
763
771
786
816
827
815
794
771
698
692
707
747
778
790
781
789
795
805
806
784
693
717
728
754
737
679
690
735
756
747
750
767
771
757
692
729
733
747
695
701
726
784
818
806
788
712
661
660
668
712
764
799
851
843
860
843
821
799
778
763
752
688
681
688
715
757
802
825
855
846
833
730
686
665
678
677
720
742
814
836
845
827
819
819
816
817
827
854
883
899
912
907
899
897
869
847
833
820
828
859
869
797
780
794
827
849
819
766
761
784
778
773
773
814
830
793
759
739
689
654
641
653
697
769
847
868
868
820
796
804
816
843
854
859
870
844
781
805
829
864
874
824
770
795
844
871
840
796
823
819
780
774
798
823
807
792
818
842
847
843
779
744
771
781
825
823
858
881
825
837
848
854
854
823
779
793
802
821
799
792
834
854
826
764
722
722
754
898
899
890
889
887
878
877
877
859
847
830
845
838
792
738
736
722
743
783
808
837
834
763
743
768
803
866
885
841
786
803
801
815
763
766
746
715
685
721
783
790
798
817
829
762
755
762
758
800
770
719
695
708
848
906
910
900
874
853
843
828
823
816
840
848
847
851
844
812
793
776
768
752
739
778
804
838
867
880
857
824
841
830
778
709
686
689
697
751
817
839
876
865
826
785
793
804
801
740
759
786
825
762
734
774
792
838
797
760
777
800
804
773
770
816
853
840
773
794
818
834
804
756
788
781
761
759
784
804
829
841
848
769
718
734
790
815
752
722
754
805
865
907
918
922
906
879
859
799
729
744
723
792
852
901
913
907
863
803
763
691
663
666
712
733
704
748
806
845
830
758
772
792
809
765
745
737
821
867
890
909
905
890
881
820
835
854
882
898
900
901
886
855
816
746
761
791
859
915
938
895
924
909
875
790
778
788
809
824
794
856
921
927
856
833
847
799
729
682
677
722
795
860
825
845
871
863
836
810
731
738
756
807
864
833
875
901
872
859
865
856
790
774
819
839
802
826
872
910
927
903
829
834
830
817
783
788
832
873
853
801
840
843
846
814
789
836
867
867
867
840
784
813
841
857
811
772
806
837
848
800
756
743
802
996
967
938
916
883
840
782
796
823
846
862
868
864
830
807
814
803
784
763
729
771
783
831
870
827
823
837
831
780
778
758
767
765
714
744
802
844
847
852
824
789
772
754
743
705
677
668
695
762
789
820
824
808
707
695
710
750
785
802
756
732
737
775
818
828
831
818
798
761
732
739
785
739
658
680
704
767
796
806
789
771
753
754
753
770
734
712
733
813
866
920
935
917
892
853
737
765
785
826
748
787
781
813
859
852
835
819
825
825
822
824
848
854
864
849
819
789
768
716
735
752
789
831
860
870
876
841
849
843
795
786
777
783
787
814
855
787
698
691
690
719