711
669
630
624
622
643
675
713
706
717
730
727
727
687
650
662
642
625
621
690
713
795
789
743
789
752
758
785
728
768
787
740
716
729
737
686
686
715
763
753
756
757
739
690
730
731
762
789
787
771
747
683
649
630
686
774
852
890
792
696
730
740
742
693
656
653
716
751
788
723
715
755
746
699
737
769
806
813
811
770
777
787
778
767
792
779
771
818
826
794
843
866
811
807
807
750
734
773
774
736
761
741
823
839
791
775
763
707
725
750
726
743
753
761
721
696
668
651
643
647
711
663
639
640
647
699
738
722
689
675
705
742
723
746
806
833
854
854
839
768
738
709
696
737
845
917
903
969
951
868
896
882
787
725
704
760
898
966
974
938
865
872
880
838
815
854
893
849
866
894
890
834
875
882
854
846
875
810
832
878
837
815
875
902
828
835
877
873
813
842
879
843
845
896
901
851
895
895
820
837
876
877
842
914
936
879
884
887
840
884
895
822
838
864
826
875
905
877
780
776
816
840
780
792
857
867
771
736
739
734
703
681
714
778
776
852
902
842
834
799
829
834
819
738
719
696
701
735
755
725
713
738
779
832
810
826
874
916
840
841
845
826
757
768
860
951
898
885
938
907
830
856
862
812
800
823
836
810
892
917
853
803
825
774
705
688
662
682
762
859
853
795
841
873
868
795
831
837
850
805
823
863
867
853
793
774
792
799
771
799
835
831
772
823
840
772
735
721
739
809
868
906
916
905
841
821
767
732
694
700
761
816
861
844
855
856
859
816
845
865
861
813
860
894
847
824
906
924
847
847
856
835
773
820
864
857
810
866
881
809
816
856
871
813
819
839
848
794
790
817
855
854
803
844
851
868
826
825
864
881
832
781
750
762
780
979
967
970
963
945
912
888
865
860
865
862
857
847
844
854
850
849
841
818
771
750
785
836
828
784
840
877
831
769
791
800
788
753
797
848
859
863
883
868
798
804
811
779
765
799
814
787
772
807
798
740
702
698
718
708
718
747
782
819
783
819
858
866
804
825
838
849
784
820
844
863
815
858
869
855
779
813
826
836
776
795
843
869
833
843
880
878
799
814
837
848
802
836
872
865
829
847
848
790
808
824
848
792
815
853
870
828
853
858
811
797
824
783
745
772
801
813
822
788
811
797
812
803
776
813
828
801
831
838
849
806
826
827
828
785
823
825
785
829
844
824
835
853
838
797
834
829
783
808
823
847
799
834
839
824
778
788
773
716
718
702
675
666
674
667
674
700
699
681
674
689
709
730
740
737
760
791
801
787
746
749
756
768
788
773
784
824
854
852
804
817
827
833
797
783
793
836
1016
992
949
923
892
860
828
827
859
885
894
899
884
875
873
859
800
793
810
821
860
840
883
899
892
822
828
845
848
808
804
822
829
805
830
848
845
805
819
813
759
739
772
798
822
803
834
859
867
837
822
834
829
834
801
799
824
853
833
807
832
843
841
811
833
846
845
818
845
856
821
819
830
822
797
806
819
844
813
823
831
831
778
794
801
799
788
826
838
814
730
702
683
668
665
656
648
670
673
662
470
861
671
662
640
623
632
643
670
691
653
637
643
676
749
798
841
867
879
864
835
792
703
696
691
737
811
834
827
826
789
750
687
694
671
721
791
884
935
948
842
869
862
771
792
813
818
818
815
815
780
783
778
795
789
768
778
794
775
763
770
780
756
791
767
827
872
887
914
915
906
868
803
740
706
692
708
759
827
779
735
769
817
787
771
795
806
814
814
838
756
756
777
844
911
938
906
875
868
796
834
846
838
852
864
865
857
853
835
824
815
819
858
877
872
900
902
850
800
824
854
842
782
759
843
907
878
941
939
940
883
885
902
888
840
867
889
917
903
882
884
881
880
857
886
903
908
866
895
902
863
816
859
880
831
857
913
900
851
895
878
827
775
753
747
729
734
715
716
786
836
863
821
832
838
815
739
736
752
791
836
832
850
830
753
771
769
808
843
829
810
812
800
797
798
784
815
831
858
810
795
854
866
865
805
755
737
743
876
935
960
947
916
887
827
765
760
767
770
780
776
816
835
852
847
828
781
796
797
786
771
760
755
729
733
703
682
678
715
803
847
855
803
820
828
782
752
768
804
846
873
859
863
876
875
820
833
840
826
854
866
845
813
825
831
845
811
884
934
953
886
923
924
871
864
870
867
810
845
860
834
856
880
894
825
854
862
835
862
883
896
858
886
894
896
842
870
876
848
830
857
871
854
871
887
887
833
857
881
888
834
870
883
853
778
743
749
832
925
992
1007
957
967
950
904
887
892
889
875
892
899
905
888
835
853
851
846
802
768
761
784
923
990
996
984
962
941
915
907
875
829
821
823
849
863
855
849
802
798
736
726
773
816
855
805
828
835
835
815
766
793
811
767
767
833
896
908
882
826
756
766
766
768
755
757
771
804
875
834
843
857
865
814
816
822
845
812
827
854
857
817
860
867
832
813
839
829
816
783
835
839
838
800
836
835
833
778
785
773
790
754
768
807
830
803
808
834
845
830
788
801
795
765
773
790
805
784
805
842
834
807
837
865
863
802
806
805
800
760
788
805
831
804
827
838
801
837
853
849
792
815
824
816
764
774
798
825
851
813
863
874
832
818
824
816
765
770
752
712
687
683
720
780
790
851
885
887
829
822
829
834
818
765
771
805
858
882
833
823
844
845
802
804
854
909
921
874
918
928
884
803
763
759
874
931
978
984
969
956
933
909
895
877
859
854
846
839
833
823
787
771
802
853
872
845
809
856
881
863
800
813
805
789
759
777
786
772
757
778
791
804
794
771
791
796
795
764
793
810
834
823
783
785
787
777
742
769
786
788
763
772
779
764
734
751
731
733
743
769
713
691
697
696
700
726
751
762
744
771
782
775
759
791
812
770
753
760
776
781
755
784
780
776
748
767
811
841
843
855
847
800
736
723
731
736
757
784
790
787
771
756
738
692
674
685
719
801
854
887
884
793
815
819
821
826
812
807
786
812
812
798
817
801
775
818
818
834
849
850
828
797
821
827
794
815
827
829
812
771
753
792
795
750
714
687
689
686
685
671
683
675
656
683
734
766
785
807
819
820
816
804
762
780
813
847
884
873
876
896
878
806
760
801
881
940
935
838
853
805
739
699
696
734
776
824
768
741
751
781
794
808
784
751
743
744
762
765
774
773
782
711
723
744
790
810
710
712
733
820
885
908
899
839
767
788
795
791
732
683
685
782
887
949
968
955
950
927
917
896
876
860
832
793
784
768
775
762
827
784
859
845
840
819
762
772
754
724
729
721
719
731
752
754
785
758
715
716
767
823
854
867
864
857
843
837
833
846
858
871
874
841
800
823
887
906
838
754
761
778
839
893
894
886
857
811
750
708
683
685
723
784
788
831
887
919
928
871
816
817
848
874
896
856
866
881
806
739
751
807
826
782
802
842
893
910
907
835
866
889
898
844
827
861
896
902
845
863
886
886
830
838
836
844
782
813
835
858
828
839
877
898
855
851
869
876
818
828
861
887
837
852
897
906
865
868
886
882
820
856
893
895
879
885
886
861
787
778
808
855
877
825
830
872
893
895
862
843
854
861
871
876
878
848
829
857
879
881
857
849
894
921
901
832
824
857
884
880
829
859
890
896
835
836
867
886
849
817
854
873
854
797
825
873
891
836
859
889
914
841
846
862
880
874
824
859
884
896
881
818
833
854
866
833
803
844
871
870
841
804
842
881
898
858
868
884
889
841
826
846
873
883
840
845
884
910
854
854
878
890
845
825
864
882
853
828
886
908
918
847
807
813
859
956
1064
1026
979
958
940
941
917
904
884
871
861
863
856
849
853
855
849
820
862
891
905
912
874
849
874
883
822
788
818
840
823
786
825
862
876
833
821
840
846
812
799
816
772
729
713
755
786
771
711
688
686
692
744
786
812
811
803
747
748
767
778
803
770
778
809
846
854
852
870
880
873
874
884
876
833
839
861
865
861
869
858
856
798
799
825
841
863
833
866
874
880
836
873
888
887
842
851
882
896
853
867
883
890
842
843
868
820
768
762
775
863
901
910
905
899
892
889
882
874
884
882
881
883
880
874
870
871
887
888
838
837
871
892
907
902
846
856
885
889
845
830
842
830
831
808
844
854
855
831
816
826
835
851
816
834
847
864
854
840
880
898
909
866
881
888
894
864
869
893
888
859
899
906
855
889
889
883
844
853
832
806
771
798
844
913
924
890
923
926
909
847
854
864
852
815
854
895
915
878
855
857
860
813
793
796
805
833
809
826
856
873
873
858
822
783
802
817
826
802
821
846
855
813
787
796
848
869
868
858
827
797
810
811
809
800
832
850
869
866
824
834
844
847
813
801
824
829
826
803
820
837
835
790
803
806
773
729
704
699
714
733
722
706
706
723
709
712
757
812
854
878
851
823
817
829
823
820
772
788
769
798
853
864
907
941
932
910
837
835
833
791
773
792
807
796
756
822
853
886
923
941
934
906
860
816
797
733
725
746
773
764
861
907
920
875
863
858
853
853
842
836
817
789
798
827
855
895
908
905
888
876
856
826
804
813
828
813
779
767
771
797
927
924
905
836
800
798
769
755
732
752
760
782
803
813
808
807
801
791
771
777
776
776
786
791
805
765
786
813
829
828
790
775
787
750
706
709
722
747
787
758
760
735
712
706
737
778
780
767
803
827
808
772
751
787
817
840
839
859
879
872
828
813
826
842
854
825
837
871
882
850
819
845
841
836
781
760
792
831
849
828
907
935
874
848
881
912
844
888
888
840
780
744
734
725
697
718
754
846
939
958
905
831
772
746
749
781
823
829
845
858
880
839
822
846
873
890
899
922
874
841
778
732
720
691
682
675
694
786
882
924
943
939
921
915
884
837
758
768
790
850
896
842
840
893
916
891
811
839
832
840
782
790
815
825
798
795
830
859
888
845
854
863
870
803
837
845
862
834
807
845
875
900
844
792
821
854
873
894
848
838
859
868
870
865
802
744
726
734
862
924
966
955
963
936
907
873
841
823
827
829
830
850
858
850
838
818
781
768
740
746
739
760
775
783
756
728
746
739
726
737
733
732
730
706
702
724
752
767
758
732
731
716
698
680
690
740
798
829
850
847
823
806
825
827
838
842
797
789
818
879
918
908
850
860
885
873
818
813
856
849
799
850
880
905
884
875
834
772
760
780
807
805
793
800
765
794
795
791
742
763
798
825
835
762
746
791
813
858
887
896
882
859
841
833
820
803
781
806
826
865
896
904
911
904
879
860
806
774
749
737
735
738
736
736
776
823
838
861
823
775
756
773
772
737
706
699
744
837
934
947
905
850
860
845
783
777
820
852
846
854
908
928
869
863
862
867
846
829
863
873
874
826
827
861
884
888
830
857
859
851
805
831
863
886
888
823
813
836
849
870
834
879
881
879
830
847
827
815
771
799
830
875
857
873
901
908
885
832
855
846
812
829
837
844
807
840
846
854
814
819
832
831
807
801
827
816
761
764
762
764
772
801
818
826
782
792
803
800
763
771
785
795
760
780
803
809
773
790
805
813
776
784
802
805
772
784
802
817
795
763
781
783
802
766
774
795
821
826
834
835
789
788
800
803
814
790
815
814
808
777
798
805
809
809
839
845
818
813
817
806
802
782
764
753
738
740
731
727
711
740
765
816
821
772
743
721
722
730
769
805
822
796
767
749
757
826
810
772
737
711
694
707
817
914
941
952
959
949
925
907
889
886
887
900
905
915
847
854
894
906
877
816
817
849
862
841
826
875
911
882
813
822
832
832
798
805
829
849
856
817
834
845
836
813
749
744
768
766
794
783
813
826
791
748
745
759
756
769
773
750
762
781
805
817
799
774
749
709
700
701
707
752
780
793
766
740
742
813
853
823
811
831
826
823
844
794
796
832
895
886
808
817
826
841
827
797
798
789
823
845
810
856
875
884
804
810
815
816
791
775
779
813
823
824
778
768
766
784
806
813
838
854
865
849
860
852
800
755
763
802
821
815
815
791
743
716
713
729
753
772
788
758
758
797
831
851
854
816
796
836
848
836
861
854
788
761
777
790
801
771
777
773
758
706
727
718
765
811
855
897
895
846
851
853
842
776
777
820
852
819
845
856
845
803
833
857
887
871
856
790
791
773
791
821
784
765
762
797
882
899
903
884
876
860
849
850
846
837
829
821
820
797
803
806
790
782
773
765
754
728
748
779
818
851
817
827
837
844
806
809
837
863
829
782
819
818
822
771
795
821
847
809
807
837
842
838
777
784
804
821
837
798
836
852
805
758
732
742
753
757
813
843
852
816
793
831
855
875
826
838
888
923
871
861
884
878
821
807
844
873
854
828
874
886
879
792
803
784
787
791
774
768
789
849
856
928
917
890
903
889
820
824
831
843
847
791
828
857
847
895
914
883
858
816
791
754
759
780
834
897
889
887
916
922
846
798
813
838
870
896
876
847
882
901
845
856
878
886
826
773
765
790
941
1006
1000
997
983
961
928
905
886
867
854
857
857
859
861
865
817
850
847
879
861
864
856
836
786
763
778
809
837
854
803
810
834
855
852
802
807
824
834
806
794
822
839
852
807
838
839
850
810
819
825
825
785
784
806
823
822
779
804
830
845
804
836
858
864
805
827
832
835
818
773
769
809
848
884
884
835
861
868
847
806
771
738
761
784
828
808
833
854
829
780
796
788
773
737
765
771
785
758
783
812
833
796
781
812
806
790
745
742
734
731
704
701
729
762
816
790
816
851
860
847
825
790
752
733
701
713
719
734
745
761
731
723
741
773
791
822
819
821
783
764
769
770
776
791
769
766
800
809
807
782
772
752
747
748
725
719
730
771
861
982
973
929
903
831
773
737
753
801
845
874
872
870
850
843
852
847
849
859
862
863
823
805
831
860
874
866
796
823
834
872
871
892
898
836
847
850
872
871
868
833
804
839
865
895
913
904
823
821
852
871
882
896
831
836
865
893
908
856
899
909
896
832
806
830
855
860
837
843
874
880
872
809
819
827
838
852
802
787
813
838
845
800
831
854
846
848
862
868
855
804
820
824
843
814
835
861
886
891
884
876
851
820
766
787
752
781
815
859
820
870
870
878
864
837
810
791
741
758
801
855
890
907
858
868
890
897
885
830
833
838
866
843
846
872
909
865
885
868
862
831
813
840
856
823
841
872
878
822
847
837
803
769
734
765
804
849
830
799
857
908
933
892
845
863
860
851
781
747
742
753
882
992
1005
993
986
979
965
946
926
905
893
893
884
888
877
845
848
823
820
779
778
814
852
883
892
863
832
844
854
861
854
841
812
827
823
824
778
796
813
833
831
780
778
804
833
859
808
817
855
879
835
781
812
828
826
788
806
822
839
803
855
862
876
847
857
858
858
810
797
820
843
854
809
832
850
846
797
780
816
850
878
830
851
883
896
852
811
842
842
847
804
809
827
838
815
799
820
839
798
797
811
831
847
801
810
839
858
847
845
884
914
874
833
862
865
867
811
837
866
903
913
856
874
895
892
896
845
808
841
884
911
878
910
913
895
831
862
864
870
829
823
851
871
825
820
851
859
827
821
867
893
897
817
775
763
793
853
1056
1028
1023
1010
991
978
950
936
915
906
892
879
868
865
854
809
841
875
907
927
930
928
901
894
888
873
820
796
820
840
853
810
781
814
854
875
819
796
824
843
844
810
796
847
870
859
821
858
866
834
832
855
877
828
858
871
871
819
831
850
870
848
837
858
867
887
894
883
816
747
744
729
717
714
732
784
806
760
729
760
767
807
847
858
850
807
815
841
848
841
822
848
870
845
824
865
907
906
863
890
925
904
837
855
879
891
851
836
878
906
858
881
887
887
849
823
848
870
853
826
851
883
913
912
860
866
882
893
891
860
872
840
816
755
770
800
817
814
812
795
759
777
809
861
905
874
891
930
932
876
870
883
893
846
850
863
891
854
828
868
865
813
784
799
779
742
720
730
762
776
730
703
707
737
782
830
854
863
838
818
827
879
921
983
969
902
823
786
749
780
903
988
1007
1000
982
973
955
940
926
913
915
885
830
853
950
1012
1026
941
906
930
923
861
835
865
892
904
846
878
896
901
885
893
905
901
858
888
914
922
914
896
884
858
814
845
883
916
915
871
916
909
851
877
877
883
849
835
875
890
884
854
878
899
897
836
856
861
871
839
831
862
882
847
884
878
862
840
798
829
839
826
824
870
891
869
894
911
909
871
866
863
825
779
798
840
878
886
853
904
920
917
862
884
877
877
835
872
889
888
838
890
902
896
844
886
898
914
883
832
878
897
914
892
909
889
876
808
805
828
858
897
906
886
905
910
877
826
845
857
867
850
813
844
872
896
908
857
858
878
890
888
846
860
868
872
882
833
856
865
884
880
835
798
783
797
924
1001
992
990
979
949
921
891
816
757
730
749
800
858
892
892
883
870
842
786
800
829
882
938
929
908
885
853
792
791
810
845
867
848
878
889
894
866
827
822
845
961
997
1003
997
983
970
944
935
935
924
926
918
919
904
878
902
906
915
893
896
836
827
872
909
903
858
887
908
900
834
846
858
870
834
852
869
873
836
839
858
861
824
853
874
875
838
868
882
901
890
836
860
884
898
899
855
855
886
910
890
838
880
899
913
877
877
887
873
835
840
867
890
890
851
889
885
854
805
814
826
838
834
851
871
874
815
821
803
807
788
807
826
813
800
845
850
866
822
837
843
837
790
768
771
816
866
1064
1035
980
934
914
896
839
812
807
813
835
861
876
864
856
857
845
790
790
807
839
854
877
874
847
859
859
861
857
838
847
856
880
834
836
860
862
843
808
828
853
865
878
835
831
842
840
808
796
818
843
871
838
872
857
779
744
761
797
805
805
841
856
875
838
809
832
860
889
917
922
880
881
879
842
854
885
914
885
903
909
908
851
855
860
850
805
828
863
911
931
884
885
893
897
857
813
841
887
889
830
843
894
913
914
870
872
869
877
855
860
884
894
880
848
883
899
901
845
841
884
901
881
839
864
857
855
804
819
857
889
905
839
855
876
873
866
869
898
910
856
826
861
897
934
899
885
925
940
886
875
917
919
913
867
905
917
931
887
862
888
892
874
840
880
907
913
876
837
871
886
895
882
876
904
908
888
854
894
898
890
832
796
797
848
1078
1070
1017
1016
1001
985
969
949
941
935
915
918
900
898
894
894
881
866
871
858
814
804
837
875
914
880
893
891
856
843
854
844
806
808
834
852
863
830
824
828
832
810
800
818
831
827
809
844
849
849
815
806
820
810
787
810
829
860
851
828
843
834
819
789
782
799
813
840
815
829
838
841
840
824
796
814
830
854
842
829
859
855
838
803
817
827
825
781
795
790
804
833
819
831
826
776
753
761
777
792
803
782
813
814
808
771
783
805
822
804
818
830
818
779
777
800
798
785
795
807
801
771
781
781
777
757
774
794
810
772
789
799
799
796
758
750
754
754
768
765
786
824
833
822
823
768
762
758
762
747
718
730
718
705
696
701
738
825
940
920
897
910
893
864
839
782
799
840
887
918
938
933
881
848
844
839
843
840
807
843
868
870
850
883
890
854
788
794
816
857
893
897
892
876
814
814
826
850
856
837
822
842
840
787
790
820
858
856
842
843
831
811
761
738
730
743
770
787
770
774
764
772
782
825
782
808
820
774
788
795
798
755
742
722
708
730
783
815
832
816
810
803
788
793
792
753
785
838
902
890
821
801
826
870
881
890
850
810
850
865
870
815
860
864
867
834
823
852
863
857
834
866
892
840
854
863
887
834
831
855
878
895
852
871
828
798
836
851
867
813
845
852
866
843
855
881
883
833
798
834
861
884
885
823
828
837
846
800
813
858
878
877
831
841
879
887
828
778
764
825
856
860
861
765
790
794
808
742
783
797
820
835
821
803
745
757
734
763
805
868
910
904
811
847
865
860
850
796
808
778
780
785
789
825
904
942
844
844
829
829
810
741
763
774
802
837
857
776
820
838
851
851
820
792
795
812
840
857
890
915
920
902
884
867
808
764
768
788
961
984
987
981
958
854
776
728
721
751
782
811
812
790
777
800
842
863
884
883
886
870
839
860
876
883
835
832
878
910
925
896
841
864
867
862
811
817
831
870
848
859
896
925
872
842
857
855
812
806
833
860
841
887
825
844
867
880
856
832
758
771
778
782
740
747
777
827
875
871
849
821
733
732
742
787
857
839
872
887
886
889
863
845
813
746
729
756
811
872
838
855
854
782
823
817
788
819
811
823
806
746
778
820
874
870
866
848
836
822
827
850
861
827
800
814
831
852
872
848
785
730
713
714
741
828
901
842
835
895
906
836
861
844
795
764
759
732
726
706
712
766
850
830
845
885
888
853
864
813
789
824
845
810
778
777
869
937
956
967
977
963
935
898
831
846
853
879
848
813
838
868
862
854
832
798
795
810
830
854
870
850
813
855
906
937
925
871
848
857
877
822
783
808
876
928
874
791
760
738
729
766
854
846
798
783
795
780
771
750
737
748
763
771
776
747
749
771
826
867
923
936
917
906
931
918
883
817
788
807
898
953
919
921
946
873
810
786
791
816
800
799
861
926
967
926
854
875
895
897
836
874
902
956
915
915
964
964
961
896
928
953
963
938
899
960
975
978
916
951
962
963
887
846
836
895
1045
1177
1095
1074
1052
1042
1009
975
950
938
933
917
896
877
890
913
928
945
949
947
958
962
953
940
923
861
890
923
946
968
898
886
909
942
940
884
848
876
893
914
881
883
914
944
931
889
931
936
948
901
939
963
986
962
977
976
975
914
912
942
962
950
949
962
962
921
937
947
941
898
905
933
949
888
885
942
970
926
953
966
960
898
925
936
933
899
923
932
909
903
927
938
889
852
848
886
979
987
966
931
900
850
824
833
843
860
866
888
868
868
858
853
842
817
791
814
833
866
851
850
888
884
874
860
824
844
848
820
813
833
868
876
861
878
882
868
856
819
836
854
818
880
902
892
880
821
779
787
776
819
867
920
948
923
914
842
827
782
769
759
772
793
809
797
794
763
740
716
717
730
733
725
714
736
767
852
796
875
892
877
833
768
758
760
767
753
765
758
737
791
860
886
901
833
801
836
849
874
863
808
854
883
914
826
857
887
905
904
836
793
804
854
907
869
805
774
801
810
819
819
827
829
826
842
848
838
882
898
905
864
845
867
876
844
829
898
965
975
886
878
899
902
854
856
869
894
904
863
889
897
917
913
870
924
979
973
903
943
912
879
917
950
959
912
921
912
897
898
868
858
893
913
925
928
913
860
842
838
847
990
991
978
967
944
949
930
879
871
867
872
897
916
836
863
887
891
894
879
874
880
853
870
892
897
892
910
911
893
851
862
832
849
853
890
853
866
907
921
896
819
853
894
905
868
868
919
930
911
870
892
910
942
929
929
957
957
903
900
918
921
915
907
856
876
900
920
878
916
943
942
890
896
915
933
885
870
899
912
884
903
941
943
889
890
879
858
818
829
886
940
951
923
978
968
919
900
916
911
891
843
886
914
918
880
914
925
905
866
900
905
908
870
914
917
888
841
824
784
818
841
873
913
921
875
818
799
845
873
898
898
867
823
846
857
867
859
876
894
914
876
885
890
891
859
814
839
861
897
854
871
892
888
856
843
875
903
917
847
821
820
789
790
750
757
811
838
866
853
830
866
888
873
841
847
879
890
883
879
905
903
869
895
900
906
884
842
818
825
849
1027
1014
980
947
921
894
884
874
874
881
880
857
856
854
860
839
814
846
885
880
881
860
822
837
845
863
861
871
887
881
843
844
829
799
773
776
805
846
883
857
833
860
868
844
794
786
785
792
800
804
864
903
907
869
891
896
885
843
851
857
861
831
866
876
866
802
795
835
869
876
850
867
883
878
845
854
855
855
816
828
847
856
839
852
873
869
882
853
832
848
863
886
854
872
896
907
860
877
865
845
832
803
762
741
724
706
697
760
822
869
932
945
931
900
904
901
856
852
876
898
857
878
901
902
890
838
839
879
894
900
912
942
949
896
841
826
850
945
1051
1025
1029
1017
1000
962
937
907
887
887
897
907
920
922
921
911
911
896
841
846
875
900
927
931
885
895
921
919
876
807
803
830
852
850
818
761
758
761
776
776
806
862
923
915
873
902
882
832
778
738
759
778
828
795
753
714
729
757
796
808
820
792
795
833
840
834
808
835
854
854
825
796
820
834
849
832
817
846
887
911
885
915
925
921
863
862
858
835
809
854
886
889
870
896
896
839
820
854
884
908
854
835
868
891
896
869
858
891
904
895
851
871
883
883
846
840
883
921
909
919
864
886
898
913
879
906
932
959
914
930
942
917
856
858
877
889
891
858
885
901
898
822
832
837
829
792
824
846
838
781
791
750
715
736
800
843
829
872
890
892
835
803
830
871
911
912
867
872
907
901
853
880
907
914
852
787
780
828
991
1056
1034
1031
1012
996
965
936
902
893
881
859
842
838
843
865
882
903
904
906
898
883
820
851
882
888
862
787
808
837
858
804
830
864
862
795
813
868
891
852
846
878
889
836
835
789
749
715
697
706
709
752
776
784
798
765
722
738
767
841
888
876
951
972
910
924
928
830
833
845
841
779
792
751
774
796
818
779
802
773
807
815
798
787
746
768
778
812
807
815
861
883
863
852
895
838
756
732
742
787
856
891
866
850
882
869
850
844
815
785
759
792
886
954
973
913
936
932
908
901
886
817
852
859
847
799
841
905
938
940
933
880
787
801
828
780
842
883
912
914
896
864
794
798
801
821
845
845
773
801
872
930
953
936
913
856
767
771
801
851
879
894
839
880
887
852
874
845
841
812
849
888
931
934
906
857
856
849
848
824
824
838
866
805
859
883
870
811
830
832
816
806
748
773
795
812
813
811
772
785
748
754
750
781
863
899
901
886
804
788
764
808
831
810
860
848
818
798
794
793
812
841
851
857
889
896
841
873
878
840
877
861
896
862
814
849
885
868
850
730
764
791
818
825
829
742
744
771
819
854
813
807
833
733
768
802
825
753
727
679
701
716
751
766
726
762
772
752
762
750
730
718
704
689
678
707
774
910
957
969
962