879
892
901
875
906
901
910
926
878
910
935
926
927
915
931
919
889
757
747
742
709
703
719
719
703
753
772
737
795
810
744
813
836
860
836
760
766
697
731
764
796
751
769
755
781
785
807
814
768
684
852
743
776
724
727
763
797
806
823
839
880
813
843
746
761
733
739
732
721
690
681
669
684
715
744
711
743
775
749
740
760
735
694
659
648
675
712
807
870
895
904
920
892
895
928
930
929
887
898
954
971
972
887
855
912
948
886
836
930
1017
981
868
911
949
906
905
1024
1059
961
995
1053
1015
949
1027
1055
1012
1080
1085
1000
1053
1060
937
999
1039
926
1030
1084
990
1058
1103
1040
1041
1098
1071
1039
1104
1066
997
1045
1046
980
1091
1094
979
1070
1065
1022
959
1057
1088
1025
1028
1080
1080
1058
1097
1078
1009
1060
1074
1015
1090
1091
1007
1095
1121
1036
1111
1124
1051
1119
1120
1030
1095
1106
1012
1084
1097
1004
1063
1100
1097
1091
1136
1130
1042
1083
1094
994
1021
1024
1056
1032
945
827
822
762
807
843
861
982
1080
1042
1093
1113
1056
1067
1076
989
995
1061
1012
1050
1104
1026
1081
1069
945
1006
910
813
775
843
1120
955
1045
1052
912
813
789
848
1270
1192
1160
1150
1128
1120
1099
1090
1082
1075
1046
896
818
820
864
933
821
839
1033
1055
1069
1071
1074
1070
1063
1058
1043
1060
1013
922
1036
1066
966
936
1060
1102
1004
1073
1085
1034
1074
1068
997
1055
1082
1086
1049
1070
1053
965
991
1082
1144
1083
1128
1125
1019
1066
1085
1007
1082
1104
1014
1066
1084
1000
1061
1072
1012
989
1021
1029
975
1035
1072
999
1063
1081
1008
977
972
973
914
978
1019
981
1036
1075
1035
1002
908
944
990
1053
966
1049
1102
1057
1082
1098
1052
949
893
927
1001
963
1033
1051
1045
954
982
982
1012
965
1013
1035
984
1025
1056
1040
964
991
1011
929
944
979
1012
931
1000
1020
1014
939
1011
1039
985
1023
1056
1018
957
1008
995
933
1031
1052
983
1013
1032
1001
972
1010
1008
933
998
1033
1010
1007
1011
981
926
996
1030
958
978
964
927
982
1004
921
967
950
890
952
891
784
768
809
735
774
845
915
937
948
901
934
851
858
879
961
980
919
954
976
978
962
960
881
886
803
830
901
806
826
989
1044
1054
1059
967
935
913
913
938
959
975
980
979
989
940
899
979
1019
1076
1033
921
988
1064
1080
1025
1037
1074
1017
1021
1080
1102
1100
994
1040
1054
1065
985
1020
1060
1045
997
1029
942
837
803
848
1170
1187
1164
1143
1134
1111
1098
1064
1052
1043
1037
1017
961
938
990
1060
1093
1095
1037
1074
1080
1055
966
1022
1057
1060
945
985
1023
1032
919
920
956
983
898
969
1027
1034
981
1045
1028
966
1006
1011
929
983
966
954
1033
1082
1020
1065
1065
1030
1066
1055
955
1030
1082
1006
1034
1077
1037
1045
1100
1078
1054
1110
1128
1055
1101
1109
1059
992
1001
1024
911
935
1017
1075
1045
1021
1054
1062
981
1036
1051
1063
995
1055
1084
1093
1026
1074
1070
1077
1016
1068
1073
969
954
1040
1101
1105
1047
1078
1102
1101
1071
958
999
1049
1055
1015
850
815
947
1045
1067
1009
1025
1045
1038
954
1029
1102
1105
1020
1096
1124
1046
908
851
968
1300
1224
1206
1181
1142
1103
1098
1076
1017
1057
1073
1076
1071
1085
1073
1070
1059
1057
1009
963
1007
1085
1101
1080
976
1021
1068
1092
1019
1050
1075
1035
975
1028
1031
1039
1056
1049
964
996
1017
993
962
1015
1017
1025
1063
1062
1034
1006
912
880
916
963
982
921
949
992
1022
925
805
832
938
1014
1021
881
892
915
916
807
747
743
783
871
932
973
985
969
976
955
830
871
871
893
908
895
914
885
907
924
904
806
739
807
862
869
838
866
931
962
973
837
765
808
895
1004
1027
970
1047
1062
1058
942
955
1005
1030
934
1002
979
959
1025
1064
1033
1061
1046
916
874
852
854
818
896
995
1059
1040
1024
885
926
985
946
1036
1004
984
908
975
1006
841
798
854
1017
1048
1032
900
957
1033
1059
1013
1000
1028
1051
1050
861
853
952
1064
1117
1115
1025
1035
1041
897
962
1022
1041
1019
854
854
910
853
976
1047
1052
1032
989
860
895
905
955
900
961
869
793
870
1049
1061
1043
878
938
974
885
941
1007
953
1057
1106
1086
1058
907
963
937
866
942
1024
1027
1002
885
784
833
982
984
885
923
977
1021
1043
1010
952
952
992
1018
1042
1036
900
983
916
1005
1034
905
992
1023
1017
978
986
891
897
848
843
1041
1084
1094
1062
1063
951
876
943
982
1014
1052
1072
1070
1051
1049
1056
1029
1023
899
979
897
1005
1028
997
851
854
949
1049
1035
988
881
896
858
874
885
917
915
892
924
964
932
994
1028
1040
1026
989
912
861
837
855
890
857
762
751
873
1112
1124
1090
1077
1043
1017
987
933
926
949
974
985
1022
1012
972
905
815
913
949
1002
1012
1003
905
864
866
864
875
917
938
872
808
742
788
950
977
978
913
941
973
987
1002
1006
985
995
1003
986
1000
951
1005
1076
1030
974
1045
1099
1024
979
1043
1017
999
1057
1079
980
986
989
979
947
972
963
974
979
924
897
964
1030
1046
979
1006
1045
1059
1054
999
1031
1080
1101
1090
1030
1072
1098
1090
1037
1031
1078
1073
1008
958
1030
1087
1032
1079
1120
1052
1076
1087
1022
1045
1064
1026
1000
1076
1107
1057
1087
1098
1036
1011
1046
1066
1035
1115
1120
1065
1109
1101
1019
1031
1078
1065
1026
1133
1155
1062
1100
1087
1006
1071
1139
1059
1095
1101
1020
1079
1088
1064
981
1044
1081
1064
964
882
873
943
1271
1210
1159
1147
1143
1120
1102
1082
1074
1067
1056
1047
1044
1051
1064
1063
1051
933
830
779
831
999
1053
1011
955
1016
1063
1069
979
1010
1088
1100
1004
1064
1100
1076
1063
1113
1052
1121
1025
1030
1058
1082
1079
919
976
1016
1037
985
923
918
890
948
986
1007
977
1046
1095
1101
1090
1067
1042
1010
1038
1048
1007
1040
1069
1021
1023
1091
1117
1025
1130
1164
1067
1101
1114
1069
1037
1100
1122
1046
1132
1128
1051
1101
1117
1123
1032
1086
1102
1082
1035
1076
1055
1025
1064
1079
996
1051
1066
1059
997
1028
1040
1025
958
1020
1039
980
1004
1013
945
979
984
893
869
935
996
1009
987
1051
1064
1018
1030
1049
1065
1029
1065
1078
1059
983
1043
1071
1071
983
1004
1046
1045
982
1021
1049
974
966
1000
997
935
1001
1031
994
1060
1044
996
1052
1060
999
1051
1053
1010
977
1013
1046
998
1056
1080
1056
1054
1061
1032
947
1018
1084
1118
1047
936
890
1103
1162
1158
1133
1135
1124
1103
1097
1003
852
800
938
1098
1105
1080
1045
1096
1135
1093
1073
1120
1117
1010
1058
1076
1053
1008
1029
1041
975
1021
1045
1000
943
1001
1045
1060
1010
1096
1126
1119
1026
1032
967
901
938
961
893
958
996
980
998
1028
999
995
993
999
1021
968
1048
1077
1076
985
1033
1048
1039
1011
1062
1083
1019
1058
1073
1057
961
1008
1008
964
955
1015
1035
977
1062
1095
1020
1035
944
865
929
976
1027
976
1033
1047
965
1002
1046
1050
1016
1035
1029
927
901
957
1049
1101
1061
1099
1118
1107
1057
1069
1053
990
1054
1060
1070
968
885
890
1065
1151
1150
1121
1113
1093
1075
1061
1039
1034
1020
1021
1029
1025
984
1004
1063
1099
1098
1095
1043
1041
1051
1073
1076
1028
1080
1099
1091
1007
1071
1088
1062
1035
1101
1048
978
1077
1113
1038
1096
1128
1039
1080
1080
1010
1068
1110
1048
1094
1104
1006
1051
1065
998
996
1040
1055
991
1063
1077
1039
1050
1063
1060
988
1024
1046
976
1011
1056
1077
972
877
850
990
1162
1163
1152
1135
1116
1102
1095
1078
1028
1016
1052
1030
1017
1009
1013
1030
1036
1042
1030
975
1012
1029
1044
1051
985
1023
1040
1047
1020
952
981
985
994
915
975
1032
1075
1003
1047
1067
1062
1006
1041
1055
1006
1016
1032
1040
979
1001
1048
1092
1021
1108
1104
1012
1031
1051
998
1069
1100
1094
1014
1067
1085
1001
1048
1072
1025
1094
1089
1056
1087
1104
1070
971
1013
1026
954
1027
1082
1091
987
1039
1029
921
927
1001
1041
1011
1064
1098
1039
1054
1063
1005
1042
1049
994
984
1042
1067
995
1043
1053
989
1031
1014
942
979
999
974
907
961
1031
1050
999
1010
1025
1002
920
928
1006
1079
1085
1013
1064
1067
1043
928
926
852
788
810
1005
1034
1016
1056
1068
996
929
967
1030
1052
931
842
837
1148
1167
1148
1116
1102
1078
1061
1035
1030
1009
1010
1017
1013
1021
1033
1037
1064
1076
1084
1040
1021
1066
1096
1091
940
927
993
1054
1072
971
1033
1083
1075
990
996
1012
967
1038
1052
1012
1057
1051
995
980
1008
1031
967
1011
1019
996
954
1033
1073
1004
1046
1082
1089
983
1033
1057
1061
974
1029
1050
1052
1009
1054
1076
991
1038
1052
1057
970
945
847
787
801
916
905
974
993
976
912
992
1026
964
1022
1038
963
1026
1070
1034
1052
1066
1028
981
1043
1072
1014
1053
1063
966
995
1011
943
1025
1041
951
1011
1032
1038
965
1011
987
928
990
1011
949
954
980
910
945
994
1018
947
998
1018
1029
972
1026
1031
1032
964
1021
1044
992
994
1051
1054
980
1021
1044
1035
924
911
878
829
913
986
961
882
914
892
848
846
931
966
907
983
1023
948
934
942
908
887
974
1007
934
953
1004
1000
962
1026
1016
918
1010
1056
1047
969
1011
976
979
980
902
879
930
995
1039
979
1040
1055
982
1030
1007
915
859
862
829
785
822
1036
984
1045
1069
1076
949
836
804
813
1145
1155
1132
1111
1119
1089
1080
1063
1053
1038
987
1034
1074
1083
1082
1069
1068
1072
1004
1004
1038
1059
1063
973
943
1004
1046
995
1060
1075
1044
1015
846
834
894
952
969
945
931
911
873
818
769
766
735
723
813
777
880
942
979
889
970
868
903
928
963
968
885
961
1006
967
900
974
998
1030
998
889
887
986
1059
1056
956
899
984
1039
1032
992
978
980
1008
1020
990
853
898
934
874
942
1013
991
1072
1076
925
813
942
1050
1053
1054
983
992
1055
1048
996
1038
1058
1069
1069
913
845
907
1037
1081
1111
1130
1083
936
839
806
862
1005
1081
1100
1083
1067
1031
885
770
790
856
1059
1128
1073
1106
981
1050
1083
1009
1063
1077
992
1069
1094
1027
1044
1048
1068
1063
1041
1052
1036
1044
1059
1075
1075
1082
1055
1034
1026
1024
1001
1014
992
1011
981
912
903
938
1014
1008
1021
1017
946
834
741
782
796
892
953
977
961
932
875
870
863
823
929
953
911
892
939
979
1013
996
925
884
858
813
776
862
939
976
996
992
987
890
812
776
779
795
799
802
809
865
998
1055
1059
1072
1064
1052
1024
918
844
847
896
946
967
966
916
809
775
889
1001
1047
1014
1018
967
896
943
979
912
844
868
967
1042
1062
1013
1053
1069
1069
1059
1063
1036
1025
948
992
1026
1056
1058
975
1015
1059
1069
1081
1047
1002
1045
1065
998
964
1016
1048
1024
1020
1010
1024
935
889
942
1002
1036
971
998
1032
1029
952
976
1005
911
844
817
791
785
895
996
980
871
892
984
1027
1023
1033
988
1007
1012
1021
1035
1046
955
975
1047
1086
1028
1049
1015
980
984
925
969
998
1027
1036
1036
981
950
931
855
781
780
804
845
902
971
1001
939
948
979
972
979
944
960
1005
1042
1075
1066
1052
990
947
891
821
793
813
886
818
749
854
1025
1093
1077
1054
998
981
854
855
825
938
1073
1104
1077
986
1023
1057
1048
1026
979
861
875
866
941
1021
1077
1066
1045
928
969
978
984
865
950
994
1026
1034
1002
938
941
957
955
896
841
807
819
1061
1110
1139
1123
1108
1089
1078
1061
1029
946
824
781
758
743
749
878
1063
1087
1072
985
867
937
1069
1092
1078
1066
1061
1072
1083
1074
1074
1067
1066
1043
986
885
909
1007
1110
1104
986
1030
1025
986
1000
1009
1029
968
970
1004
1034
997
1053
1025
921
960
943
880
808
825
982
971
971
1014
1010
910
981
1025
1022
951
924
980
984
913
954
1021
977
1044
1070
1028
1047
1056
1037
967
1014
1022
989
963
1016
1020
995
975
1014
1024
1018
896
858
835
988
1074
1079
1051
1040
1013
910
850
743
749
756
865
915
979
1024
1030
1007
873
921
952
964
869
942
990
914
933
987
1009
936
987
934
958
966
975
975
914
920
968
938
985
994
1016
1012
1009
993
971
919
925
934
957
989
1007
1019
1021
1034
1034
1050
1052
1053
1055
1046
975
935
1016
1072
1064
955
867
815
839
821
809
855
1026
1113
1093
1039
1044
1038
1005
865
792
832
995
1059
1083
1071
1087
1073
1051
982
934
1011
1086
1104
1065
980
1032
1057
1033
979
1014
954
1029
1049
1059
1018
1024
1053
1067
1058
1021
1023
1012
995
902
815
785
936
1053
957
855
821
891
990
1062
1070
1037
1019
924
928
964
1004
1027
1027
963
1006
1021
1023
1021
1017
954
981
982
996
1018
977
986
1007
1018
971
1004
1046
1001
979
1030
1011
922
911
1000
1065
1025
996
1038
1031
960
1027
1057
1059
980
1035
1056
1002
1024
1042
989
959
994
1027
1021
883
867
840
831
769
785
849
885
893
899
877
844
771
764
809
875
933
955
952
899
859
869
923
964
989
911
936
987
950
906
925
992
1052
1059
1050
1025
937
963
884
925
879
923
858
930
983
940
989
975
928
876
913
909
862
923
778
749
776
886
970
1029
1015
999
971
835
733
744
769
887
975
998
993
975
951
920
822
820
828
896
856
975
1028
1036
977
1013
978
991
980
957
943
868
833
868
967
992
1006
999
859
898
945
1015
1021
1021
1011
994
975
940
933
818
879
936
976
998
981
963
957
949
919
878
886
871
855
886
899
948
989
1001
1011
1020
1029
1031
1030
1024
978
563
357
864
811
824
878
904
898
823
815
851
898
905
874
793
777
884
982
1016
950
986
993
997
890
816
807
854
1181
1131
1132
1129
1106
1086
1052
1012
986
979
979
992
990
1011
1019
1021
1009
994
987
984
979
931
956
948
909
825
813
850
939
1010
1021
963
985
1009
1001
958
971
956
940
897
938
984
1003
1004
915
926
959
972
986
935
932
979
995
976
977
992
977
949
938
889
912
940
956
946
894
933
968
943
970
955
938
868
858
887
929
960
933
984
1006
950
911
945
963
896
941
982
996
918
962
1017
1040
1018
942
978
1011
1021
1026
973
1005
1029
1038
984
1010
1035
1044
1043
995
833
764
812
911
998
973
1004
977
947
989
1004
986
966
923
869
907
949
945
934
993
1015
950
989
992
963
900
981
1028
1015
941
992
1016
941
976
984
943
855
898
1003
1096
1050
1106
1106
1025
1023
1013
983
969
994
1020
1031
964
1003
1021
1022
966
1016
1001
995
941
963
935
869
907
917
943
873
846
915
966
994
924
946
956
928
883
834
870
878
880
813
756
736
784
816
780
871
965
1021
1023
965
993
1007
1000
957
962
988
989
912
821
789
816
1150
1126
1132
1118
1101
1076
1042
1016
1014
996
980
981
989
997
993
985
960
945
958
979
992
972
995
1011
956
888
953
1002
977
924
1008
1038
1013
918
930
927
887
927
967
937
943
983
987
938
933
938
871
896
851
771
819
960
1010
1002
1003
1002
914
930
963
986
919
937
974
994
945
868
914
961
987
989
933
951
942
932
889
927
938
942
940
979
979
894
942
943
877
942
954
964
938
884
928
933
926
954
912
839
790
780
766
742
749
823
950
1035
1011
961
999
997
846
795
849
967
929
963
1001
1027
1042
980
1020
1042
958
843
781
787
807
806
817
897
1028
1086
1095
1101
1086
1074
1044
1029
1030
1033
1032
1011
1008
928
943
1019
1041
1020
978
1055
1085
1058
924
953
956
979
927
993
1034
1044
972
1027
1015
953
914
945
981
903
938
965
967
908
921
950
972
958
957
988
997
1005
970
986
1012
1005
1001
941
930
969
1011
1031
1014
925
942
987
1024
1037
998
1008
1012
1016
977
1026
1045
997
969
983
999
992
927
832
837
893
982
1018
962
1012
1007
963
982
928
938
926
917
914
877
799
760
780
946
965
889
909
935
941
896
870
924
938
924
842
785
793
883
997
1044
1074
1075
1045
1043
1023
1021
1016
996
975
968
941
862
862
917
1011
1059
1052
982
948
971
994
997
943
957
993
1005
973
1029
1032
965
993
986
846
815
893
914
928
949
974
913
957
988
969
954
981
952
844
902
944
921
927
864
898
942
954
947
922
936
936
903
854
899
973
1015
1018
1021
1005
977
961
951
942
936
908
852
863
772
790
913
934
1011
1048
1067
1004
898
832
851
1079
1093
1071
1067
1055
1034
1017
1006
999
1029
1051
1059
1072
1060
1049
1040
1029
1034
1047
1053
965
924
944
957
999
1017
962
1022
1064
1068
1025
1054
1058
1024
952
979
975
986
929
977
1006
987
921
974
1013
1040
988
1049
1080
1036
949
992
1008
978
894
920
945
997
972
1030
1061
989
1022
1021
1016
968
982
991
992
932
988
1014
1028
958
879
925
967
1002
1008
1002
971
990
1002
972
981
972
985
984
945
959
979
1002
1004
962
975
1017
1036
1033
984
995
1021
953
830
876
956
1029
1024
886
792
795
823
774
836
900
961
953
856
833
861
904
956
984
948
991
1008
1009
946
961
993
1018
1036
959
992
1004
995
937
883
942
994
1048
1063
985
1009
1019
942
824
761
774
877
1245
1115
1137
1129
1113
1091
1072
1051
1050
1036
1033
1023
1026
1022
1021
1025
1023
1036
1016
923
962
1032
1082
1085
1080
1007
1012
1028
993
888
909
930
945
904
886
924
964
981
983
939
979
996
997
1001
945
944
969
978
972
905
932
953
956
895
935
996
1035
1047
968
997
1018
1020
947
989
960
870
785
783
884
866
833
913
973
983
957
880
896
940
939
924
845
852
909
949
981
949
956
983
989
938
896
934
953
964
928
926
953
957
896
940
972
994
954
958
993
993
915
853
815
848
856
843
847
921
1014
1054
1002
895
825
897
952
982
994
1003
1008
999
978
966
882
931
1015
1061
1060
942
954
999
1006
973
896
939
967
928
971
1009
1014
956
986
1009
1018
1019
1007
946
975
976
1009
1037
990
1027
1049
1038
998
1047
1049
959
975
1025
1062
1009
1034
1031
936
950
973
926
936
997
1016
929
974
972
934
948
972
992
925
955
979
932
831
767
807
940
901
970
1028
1042
1041
1014
932
960
1002
1002
952
984
997
996
938
944
980
1005
1007
1002
946
980
1012
1025
1033
1038
968
977
1026
1037
1031
964
999
1057
1045
973
1021
1062
1063
1026
1056
1084
1082
1044
1079
1078
1028
1012
1059
1099
1040
964
1011
1029
1019
953
1015
1057
1045
1001
1073
1025
917
967
999
1018
968
970
963
936
862
916
901
833
776
840
960
899
984
984
937
816
758
765
790
1153
1138
1128
1108
1087
1070
1061
1038
1006
991
987
993
999
989
965
957
958
956
943
972
991
930
993
1018
973
990
1021
956
983
988
905
870
830
786
868
978
1000
964
1038
1033
944
917
903
875
829
748
748
760
735
752
803
864
888
906
908
909
913
910
911
917
932
941
889
918
958
994
947
907
964
1036
1010
915
937
1005
1025
943
939
989
1022
1015
955
988
966
1002
1020
962
1027
1039
987
1021
1037
1046
990
1054
1063
1015
1030
1025
969
890
929
970
1002
940
1005
1063
1064
996
1036
1051
986
937
957
969
896
813
808
981
1092
1104
1078
1053
1044
1019
1018
1015
1019
1014
1006
1013
988
994
1010
1013
916
817
767
773
818
821
819
845
1017
1089
1077
1052
947
829
859
977
1032
1053
1068
1069
1085
1093
1035
925
959
1072
1132
1130
1043
1104
1093
1001
1029
1034
1046
979
1025
1059
1087
1083
999
1001
1050
1077
1086
1105
1071
1032
1089
1114
1089
995
1056
1092
1065
1058
1063
1051
979
979
1000
1009
954
1015
1032
1022
1006
981
915
966
995
998
931
979
974
893
888
850
832
763
732
757
826
829
779
726
720
766
820
848
863
816
813
834
865
901
849
782
755
800
1004
1050
1021
859
793
755
725
780
982
1062
1067
1061
1042
1017
960
938
940
957
964
957
867
780
809
834
793
838
932
992
920
859
917
954
934
859
915
947
905
896
930
944
876
908
936
938
914
960
985
981
938
954
954
950
885
902
905
891
832
842
920
986
990
926
981
1019
1022
940
940
957
987
938
975
1009
1021
976
921
963
998
978
970
1027
1037
978
1024
1044
987
1028
1056
1020
971
1030
1040
960
1007
1008
913
806
757
782
1142
1085
1081
1072
959
838
761
778
846
903
947
948
951
946
930
926
922
923
929
922
909
853
838
877
892
840
786
813
888
923
939
873
902
909
857
844
876
888
886
832
850
867
889
862
876
877
841
863
909
941
906
939
932
893
850
886
904
916
869
912
927
919
840
834
867
904
870
881
920
952
893
910
907
852
802
863
861
820
755
761
864
887
832
890
927
923
884
790
801
861
965
995
942
987
993
917
934
933
908
879
832
853
872
925
865
867
887
887
830
759
725
719
806
1063
1066
1054
1068
1054
1023
969
891
810
758
786
840
881
896
910
931
956
949
899
866
915
953
975
980
979
914
941
945
939
855
867
816
821
857
843
960
993
998
941
940
961
956
958
895
919
950
971
927
977
1006
1019
1012
977
942
981
1010
1040
1034
975
925
902
862
893
894
840
766
754
800
905
930
931
921
938
938
899
863
825
797
769
755
774
811
864
864
796
833
878
900
895
835
798
827
873
905
871
872
914
938
893
905
933
932
877
858
898
931
923
900
961
965
934
860
883
924
979
925
944
1003
1025
964
955
972
986
927
919
954
967
904
827
780
799
887
1141
1080
1084
1087
932
815
750
750
806
854
875
877
884
885
889
856
869
874
876
883
897
882
894
923
945
944
907
941
961
893
892
934
979
981
956
976
980
906
919
934
953
905
952
974
898
864
926
958
900
895
948
988
935
964
990
984
920
940
968
972
985
955
975
976
965
880
874
925
956
941
991
1026
996
998
991
950
889
934
946
919
931
951
950
914
924
963
973
911
952
973
988
929
970
942
930
899
980
1025
1036
1010
1043
1033
969
988
987
940
921
945
954
892
876
817
879
917
941
898
878
881
881
836
761
720
734
805
896
965
980
965
917
911
922
911
880
854
882
882
853
788
744
756
813
915
948
952
905
922
913
896
864
792
730
723
748
814
846
845
791
743
705
742
822
788
732
706
690
734
831
878
865
875
863
836
788
729
687
666
638
643
626
638
626
628
647
664
716
781
829
838
854
840
816
800
703
708
729
784
838
864
873
867
834
811
769
694
722
767
839
911
903
862
898
936
934
910
841
848
881
794
843
853
825
785
743
762
812
828
839
843
783
724
714
767
833
858
866
870
825
824
831
855
786
820
816
817
818
826
815
854
845
816
833
824
861
904
900
885
808
841
889
848
877
863
800
817
813
836
826
747
687
678
718
741
883
874
782
831
874
896
896
893
854
808
714
652
646
660
758
924
945
938
927
901
886
873
871
861
851
854
783
867
877
870
791
843
775
831
877
903
868
892
864
788
820
749
814
859
860
891
790
783
784
826
870
880
885
888
830
806
779
742
664
707
792
952
1021
1023
986
964
953
935
924
905
857
790
868
903
864
951
956
949
912
880
888
844
792
780
875
937
986
985
917
899
858
852
856
862
854
921
797
829
848
846
853
856
838
816
745
774
830
864
803
842
876
900
815
840
854
876
908
914
917
899
831
813
827
865
871
789
795
817
883
778
754
797
836
879
896
803
854
812
894
915
799
795
786
808
817
752
789
823
847
855
855
803
768
777
839
872
881
891
866
818
840
860
886
883
853
870
915
859
912
940
883
893
889
883
803
774
814
892
939
960
926
781
742
757
824
863
948
969
973
920
865
761
718
696
678
680
688
716
723
758
797
823
840
857
866
851
848
840
809
821
837
861
875
877
895
906
917
923
900
811
729
730
845
938
986
988
918
946
961
943
821
747
741
815
1190
1085
1064
1047
983
1001
969
947
928
930
935
940
963
979
937
954
922
915
933
947
957
952
938
869
861
907
949
954
879
877
926
941
919
855
874
902
937
938
886
921
951
955
941
930
907
884
902
922
951
920
960
964
928
935
924
842
859
919
931
864
916
917
895
914
943
937
869
905
923
922
899
937
949
941
889
937
949
932
935
921
910
846
855
888
924
896
934
945
945
891
842
861
893
917
881
916
948
940
885
898
941
970
912
939
926
805
825
917
909
886
923
954
963
921
957
978
955
968
968
946
814
734
753
829
961
989
1000
986
928
901
893
913
924
855
898
885
912
953
941
930
901
903
857
811
755
753
1001
1045
1010
994
981
979
980
937
957
961
896
812
750
773
895
948
984
974
954
959
962
941
941
945
964
976
994
1014
988
977
996
995
996
920
938
1060
1125
1099
1077
1100
1080
1028
933
935
987
1052
1024
1040
1051
1022
983
933
855
854
895
1003
1008
986
1041
1053
1049
1004
896
802
772
915
1076
1104
1131
1074
1105
1140
1133
1087
1115
1050
991
1120
1146
1051
1117
1123
1054
1098
1109
1058
1104
1118
1087
1093
1113
1075
1067
977
1035
1071