798
786
786
801
795
792
808
790
778
790
793
772
736
756
775
802
787
798
793
768
761
730
724
739
735
732
722
706
688
676
673
670
694
688
680
695
744
788
757
718
706
703
688
689
693
673
690
696
712
729
725
675
660
652
660
688
693
670
663
715
754
787
795
765
742
730
709
676
646
640
644
676
713
735
752
761
758
770
762
742
725
711
698
673
675
660
675
669
664
687
713
735
699
688
685
684
679
675
667
661
656
640
621
603
604
605
614
650
752
828
791
858
895
864
858
836
814
773
757
710
714
710
734
737
728
725
719
689
691
686
667
680
711
763
740
783
804
803
773
718
701
665
662
650
654
648
694
692
797
754
786
788
793
752
747
742
684
685
656
646
646
650
688
686
671
672
665
660
654
724
789
822
839
840
817
814
806
801
807
824
842
855
858
861
835
770
740
778
860
910
835
850
886
791
786
807
798
786
747
715
734
719
740
717
701
717
706
702
698
684
671
680
712
723
809
853
823
766
800
806
769
795
834
815
822
869
852
839
871
892
841
867
893
862
867
883
852
853
872
870
830
857
840
769
800
806
795
796
809
753
757
791
853
898
850
883
895
868
831
874
886
846
858
878
882
836
862
870
848
794
819
885
921
877
850
876
871
819
810
836
859
809
853
890
897
837
885
874
866
855
821
772
814
841
832
826
899
896
849
854
884
817
809
844
860
806
840
800
733
716
741
759
810
771
771
812
824
841
797
830
840
840
805
846
854
840
779
789
801
813
805
803
870
896
874
811
815
775
720
680
684
689
729
739
737
798
814
765
811
825
761
789
840
876
839
889
901
853
923
938
903
848
887
906
878
910
951
948
865
918
957
963
947
859
899
922
932
912
840
906
936
940
883
884
921
954
903
919
930
854
886
849
778
796
760
738
735
750
731
709
697
710
837
881
887
823
764
719
729
771
782
788
762
759
772
832
854
864
858
828
791
771
789
779
856
924
929
933
922
906
881
833
854
864
877
869
841
878
884
873
876
867
841
759
764
777
779
773
735
743
693
710
743
754
767
768
748
750
755
707
709
710
752
791
821
841
770
810
802
775
719
718
768
785
770
787
853
896
914
851
858
865
871
871
850
891
905
908
857
901
914
923
926
919
904
882
848
752
775
816
869
830
861
869
801
796
768
838
872
895
912
900
871
834
846
826
777
799
860
903
915
930
927
925
898
864
817
844
827
835
870
845
871
917
897
814
789
793
754
732
742
782
1111
1046
947
849
775
765
830
885
911
921
912
900
890
884
886
892
895
890
895
858
820
855
891
919
899
867
878
877
805
789
822
857
903
857
856
901
907
894
830
831
837
851
870
889
895
846
874
875
876
874
847
794
817
845
882
878
847
918
938
934
870
893
886
871
864
813
843
858
890
871
935
953
954
944
888
897
878
883
829
854
868
875
850
870
885
896
822
820
851
883
839
871
843
795
824
838
865
874
838
879
884
875
828
869
883
867
851
891
925
924
912
842
804
802
804
826
815
882
898
897
847
845
861
872
869
815
800
832
869
874
838
779
803
791
791
816
865
882
888
825
819
825
816
810
781
815
834
852
837
802
773
755
773
751
774
804
826
810
769
797
837
823
856
859
835
790
773
733
705
717
764
775
839
878
837
875
872
844
752
726
740
793
899
908
887
805
792
825
859
874
854
885
881
864
831
822
779
789
791
827
851
810
749
764
850
871
868
851
871
895
895
847
858
914
953
947
887
913
937
944
887
882
906
926
905
828
814
872
915
887
796
825
835
843
847
824
838
843
874
889
878
873
814
854
877
914
938
894
896
925
934
869
917
929
854
846
868
847
799
760
769
804
840
859
862
847
811
798
806
806
807
829
852
842
877
908
906
909
901
882
832
788
816
849
890
876
899
923
920
902
821
794
786
777
822
878
856
803
782
832
964
979
865
805
857
932
956
949
939
927
926
898
893
888
862
859
918
956
963
951
884
904
912
920
859
901
930
949
867
909
909
910
851
896
917
885
854
899
932
933
869
918
942
932
863
927
902
829
822
814
790
758
795
823
858
824
827
874
897
864
842
883
915
919
852
775
768
825
806
854
872
896
887
853
890
892
814
813
852
918
951
937
877
882
851
845
813
809
849
875
897
899
824
855
877
887
875
843
836
790
822
841
888
918
880
938
970
985
913
921
932
868
895
906
885
829
888
930
954
957
887
926
937
939
938
882
907
925
935
890
901
922
938
921
889
916
942
943
878
845
896
930
941
876
833
881
917
933
876
874
898
919
915
859
870
901
927
934
902
870
896
900
905
868
896
896
862
865
898
916
876
869
887
896
847
886
910
902
849
895
938
867
825
853
897
923
905
833
871
891
905
886
889
914
921
890
827
783
775
827
950
1004
1013
1011
993
970
952
936
926
916
911
917
921
918
928
929
926
924
887
851
888
921
933
860
918
944
930
865
913
931
881
892
927
936
871
915
915
907
849
886
903
902
876
896
910
894
859
888
891
846
861
878
891
871
813
856
863
856
793
832
838
813
789
843
863
866
827
888
887
889
839
854
875
881
836
883
907
921
877
920
941
946
898
894
902
896
825
816
823
854
859
776
738
722
742
812
807
827
871
899
826
780
812
867
935
932
845
877
908
911
855
879
894
912
867
900
938
952
882
900
923
921
867
911
925
925
845
881
928
944
958
903
912
933
944
934
875
909
934
939
896
889
917
920
853
875
916
933
871
930
943
856
864
814
867
900
935
925
906
885
840
801
783
755
787
828
894
834
913
954
950
926
919
894
865
846
797
830
899
932
891
912
903
900
829
859
839
858
803
849
878
885
871
794
773
814
877
919
919
860
878
902
911
864
889
914
943
954
906
907
917
920
902
845
779
755
785
913
959
987
979
888
840
773
730
726
757
802
860
920
944
954
943
938
924
914
905
830
817
859
927
983
913
944
967
972
901
925
936
932
888
902
931
947
904
924
941
954
886
922
927
912
855
876
907
915
864
911
942
946
898
916
902
893
828
854
889
937
955
906
913
913
909
909
909
849
860
907
932
911
879
906
910
842
830
860
899
891
857
920
960
951
873
896
876
880
814
816
854
888
885
871
924
948
915
873
919
938
946
904
890
933
944
939
853
794
779
813
1102
1075
1048
1033
1003
979
956
937
926
919
917
924
935
928
924
927
929
930
942
926
914
914
868
825
856
909
926
905
873
901
895
851
822
850
872
830
854
873
891
847
858
883
896
850
878
910
942
898
925
937
893
878
909
925
905
865
909
922
891
883
912
907
852
913
929
896
936
939
909
866
906
918
925
872
894
905
924
887
911
925
922
862
885
913
925
854
896
912
933
900
887
911
913
870
896
906
891
848
884
900
883
867
924
954
919
908
938
941
939
883
899
910
917
871
892
920
931
876
896
902
868
830
875
896
906
861
903
917
901
839
863
881
877
851
896
917
859
820
868
899
927
872
895
909
905
866
864
894
930
889
899
912
927
879
912
915
836
768
760
815
814
851
911
924
908
827
830
857
880
843
828
871
898
883
876
916
931
872
854
878
883
885
823
782
775
832
983
1013
1014
989
974
956
941
925
908
891
879
894
898
912
911
917
911
914
907
886
855
875
896
925
936
908
892
918
927
869
849
896
926
938
876
896
914
926
878
825
851
895
924
940
885
921
936
918
865
871
881
885
848
851
875
891
837
852
888
903
870
870
905
920
902
851
882
885
895
848
891
898
888
849
849
892
915
934
899
873
923
929
919
880
920
927
921
873
916
928
934
873
902
925
921
865
850
882
901
903
840
847
880
912
924
865
880
880
877
850
837
869
880
862
821
843
868
888
857
832
854
847
785
805
807
787
742
754
733
710
734
731
743
730
725
742
765
770
774
735
714
694
691
708
741
788
800
822
817
770
722
731
736
751
773
786
778
762
790
809
811
797
757
744
765
793
817
843
819
789
804
823
825
813
782
804
829
851
820
783
810
829
823
797
798
823
834
820
779
797
818
824
814
777
791
824
846
867
804
811
813
807
846
872
881
873
845
799
767
736
720
711
689
686
760
884
929
944
914
927
949
940
886
866
886
917
893
820
845
915
938
949
903
886
867
853
843
819
796
830
860
833
825
855
887
904
904
851
889
893
883
849
788
805
835
864
882
847
794
772
770
889
938
957
960
936
923
894
871
824
758
722
712
758
805
842
859
863
874
840
767
767
798
886
947
977
968
910
938
938
921
905
903
862
852
892
932
953
942
851
828
860
910
933
907
868
920
930
931
887
888
915
919
891
841
886
903
917
930
891
863
874
882
893
883
859
902
902
840
866
871
878
846
824
860
870
882
840
877
895
915
874
854
882
891
862
840
871
863
857
901
928
918
861
883
885
848
853
860
878
827
842
859
868
818
843
860
890
863
845
879
866
859
819
851
879
896
842
881
904
903
848
864
866
850
791
759
759
862
979
971
952
937
916
864
867
871
884
880
878
887
892
879
845
761
744
724
730
752
764
795
797
761
785
798
809
788
803
815
813
809
787
777
809
832
782
793
797
804
748
750
733
711
707
742
872
884
852
774
734
739
720
701
684
672
680
714
760
784
783
760
791
826
849
857
867
830
813
836
849
810
797
800
795
787
757
749
734
695
723
822
855
750
718
733
859
922
889
876
801
751
743
757
765
734
742
754
760
751
702
717
711
711
715
709
724
688
704
702
711
729
719
757
768
774
785
785
760
747
743
739
735
732
725
737
754
767
765
765
769
769
764
738
718
691
702
696
692
705
737
771
785
786
781
758
769
760
747
695
717
708
730
784
776
795
818
830
813
799
778
734
733
737
752
745
764
743
771
810
837
823
831
753
754
750
761
775
774
773
765
755
732
702
709
695
728
734
776
802
771
726
755
748
704
722
730
737
699
707
738
744
744
736
727
716
704
692
678
643
657
646
645
663
693
705
720
774
775
867
885
895
839
784
724
738
724
753
791
825
766
731
737
746
765
781
788
796
798
801
774
747
726
718
755
801
836
853
862
852
836
821
829
824
795
819
851
873
867
870
825
796
779
747
744
735
761
771
775
771
790
783
778
763
751
730
716
725
701
712
727
764
807
854
875
891
880
867
806
771
779
836
901
876
832
812
775
755
747
734
753
802
813
830
819
811
804
802
792
829
846
855
866
883
891
893
887
859
845
827
796
820
848
888
911
922
870
825
826
825
808
758
731
699
699
745
843
892
902
891
813
835
842
833
772
746
754
767
833
941
979
966
925
937
921
894
851
819
808
792
742
750
754
744
750
755
727
684
675
682
701
761
799
817
832
841
842
831
804
768
748
759
789
817
957
995
968
963
955
925
903
882
846
815
768
767
730
705
710
781
853
900
896
897
852
822
839
858
885
869
834
847
899
974
1006
970
920
964
959
898
857
891
897
891
856
882
947
954
929
830
775
774
786
816
835
846
838
857
879
898
895
853
857
890
846
819
835
844
838
812
786
785
816
793
828
857
877
869
864
879
924
949
946
914
898
933
934
894
876
918
958
938
949
976
974
894
894
926
948
904
931
955
946
873
891
910
927
886
904
939
946
908
936
947
957
901
912
920
914
870
842
891
930
947
911
916
932
930
837
776
758
794
1037
1091
1041
1022
1005
1006
982
960
954
943
933
940
958
981
1005
1021
1026
1013
1002
983
965
968
917
881
942
991
1026
1004
919
950
949
933
873
858
892
933
953
906
921
941
940
891
880
921
936
938
880
903
937
935
946
956
920
935
941
942
926
882
923
936
954
957
897
874
835
796
826
859
889
896
844
864
883
893
889
854
887
882
884
845
863
892
907
889
876
913
910
919
867
875
882
871
810
790
802
906
943
975
979
979
952
928
887
893
904
896
893
889
894
907
882
878
901
910
914
920
895
862
909
946
935
866
893
896
872
822
835
892
934
947
897
932
938
937
906
868
892
895
893
855
893
907
917
870
896
906
912
850
865
904
919
881
868
900
904
867
851
888
909
913
873
921
955
962
903
882
891
894
867
831
885
925
938
937
897
878
907
927
928
878
886
912
928
931
889
894
929
935
943
897
877
889
893
865
815
814
862
898
891
831
800
799
826
910
981
988
983
971
933
838
771
750
802
888
936
948
955
945
927
914
910
910
866
828
854
906
963
989
929
907
929
926
894
854
884
909
929
908
861
894
920
932
910
917
954
963
962
901
936
938
948
914
867
907
935
956
975
907
913
942
970
997
975
930
956
964
948
913
938
939
942
896
921
924
921
880
921
938
924
899
935
941
885
874
915
930
922
877
917
946
945
886
916
938
949
898
908
955
979
974
962
892
913
936
950
920
963
974
978
923
857
856
918
972
1004
996
949
958
965
960
912
903
925
940
958
973
915
888
929
951
973
967
900
930
954
966
942
920
961
977
962
879
837
860
896
922
949
924
937
947
949
947
938
934
937
909
893
924
954
977
953
956
996
949
830
773
762
813
834
796
795
876
949
979
976
909
928
933
937
906
890
942
961
954
893
928
946
942
894
892
927
942
916
909
943
953
945
888
892
900
911
893
871
921
956
954
913
943
951
938
881
910
945
947
883
866
896
892
825
856
854
790
814
853
871
837
884
910
933
873
885
929
947
904
915
938
938
888
894
915
926
878
896
934
928
887
927
943
877
907
904
918
880
881
908
921
870
926
930
874
868
904
895
858
910
917
891
879
834
857
893
888
830
882
922
917
848
784
752
755
844
927
958
961
958
943
911
890
889
882
870
873
891
908
916
925
925
931
939
938
939
926
863
890
909
906
849
773
769
738
714
693
671
675
672
675
681
681
668
686
692
705
694
687
712
722
750
797
796
799
859
897
895
859
893
896
885
824
842
863
893
924
852
860
920
938
925
932
927
912
858
871
896
912
887
910
921
926
919
853
887
846
793
780
836
875
896
881
858
893
900
904
869
855
886
899
896
843
898
954
986
942
940
966
967
905
943
965
976
925
938
948
936
860
896
941
939
880
926
946
858
822
805
762
725
714
737
755
772
754
732
742
789
837
860
871
844
816
828
822
832
813
761
804
786
747
734
780
854
898
919
928
909
892
874
848
800
756
707
802
949
1017
999
1005
879
923
940
925
904
883
777
784
842
918
948
914
921
944
960
954
949
930
896
815
835
808
832
837
849
862
903
901
887
881
866
869
885
905
924
929
933
927
916
921
912
915
839
1003
855
804
854
900
886
837
879
938
953
922
847
851
863
913
940
942
926
878
894
925
943
954
949
869
868
894
917
929
896
846
899
962
976
891
897
938
946
886
867
896
903
930
938
869
910
938
953
954
925
869
904
910
930
936
927
863
780
785
813
858
888
870
905
906
833
784
799
824
858
843
797
827
844
848
850
809
813
853
863
884
839
846
896
901
878
816
788
808
860
1049
1033
967
951
847
785
770
811
871
897
923
950
946
963
971
945
938
932
935
931
931
915
854
876
929
948
971
903
887
908
912
858
856
887
906
882
872
916
915
851
839
875
896
913
873
945
980
996
937
938
862
912
943
964
986
978
974
951
890
926
953
949
925
871
905
919
938
887
884
916
919
912
849
863
887
893
880
817
842
857
867
818
855
850
838
791
784
814
840
826
797
844
863
883
824
876
880
888
868
873
895
916
877
875
904
905
909
842
854
886
899
895
858
916
927
941
882
936
940
939
904
931
931
932
913
889
928
936
925
863
880
909
941
914
861
908
928
915
851
847
864
903
864
880
916
943
938
867
836
785
745
713
694
691
725
817
898
945
965
982
983
979
960
946
930
937
912
843
795
797
922
972
920
864
829
857
955
1028
1048
1040
1016
996
976
975
971
958
958
958
956
961
941
893
902
904
849
829
891
956
982
944
865
889
862
796
751
731
753
767
823
909
973
938
969
979
975
897
873
902
929
963
960
893
893
925
955
973
932
901
938
977
989
982
925
901
917
923
934
889
908
935
952
933
880
884
907
909
838
906
910
858
787
778
803
890
943
951
909
851
852
858
887
902
894
828
851
863
877
881
894
880
889
881
822
847
856
879
900
875
891
924
926
933
928
886
880
896
919
884
834
807
772
728
738
814
784
830
931
1006
1007
983
944
913
904
800
816
836
866
874
851
866
902
938
936
934
867
882
907
918
936
933
854
887
914
913
895
872
806
820
879
956
972
971
964
952
914
839
840
874
939
982
1003
1005
953
983
994
994
982
904
945
966
969
901
946
961
958
891
922
928
921
851
800
783
822
1028
1027
1041
1031
978
901
868
853
847
845
844
814
771
736
726
726
721
725
774
833
880
882
877
852
818
748
730
720
729
813
926
956
966
965
959
957
961
943
926
940
965
964
916
855
868
806
777
787
752
747
791
851
785
753
739
764
817
905
972
974
876
856
876
887
883
837
835
876
911
931
960
987
965
970
969
976
923
871
935
969
985
904
949
980
985
914
920
945
956
929
885
937
981
991
922
919
942
953
951
950
912
886
911
934
936
895
878
892
845
876
917
943
906
877
911
898
889
825
844
887
923
947
954
913
891
931
946
945
906
852
892
925
936
904
870
927
952
951
871
846
890
940
977
979
911
946
951
946
905
925
960
984
920
936
912
910
914
850
891
904
921
894
864
910
938
952
936
861
882
894
889
873
869
912
919
843
884
918
932
937
897
820
783
792
909
957
985
990
988
976
969
956
945
928
916
921
914
915
914
920
924
890
841
878
899
921
926
909
850
862
894
914
884
860
914
928
925
875
853
878
916
936
896
885
916
925
899
847
883
917
915
839
854
909
931
903
863
898
913
896
885
932
939
866
889
911
915
915
929
949
878
896
934
957
966
918
938
916
861
869
913
928
929
897
962
975
932
862
888
909
885
853
887
931
948
896
930
938
922
867
883
894
906
902
866
915
951
940
856
847
867
909
937
909
864
919
945
950
887
888
898
908
912
858
843
876
894
826
778
760
810
795
821
876
918
930
839
845
866
874
886
845
784
748
753
798
1035
1056
1062
1039
1032
1007
978
954
935
918
928
948
951
961
969
968
980
986
994
997
993
978
971
900
855
887
927
975
913
850
890
920
947
906
837
865
898
919
923
862
872
911
931
941
899
868
891
918
935
919
859
853
860
898
911
896
825
831
810
835
848
829
839
812
802
774
787
793
821
854
869
880
878
803
764
748
754
782
829
865
892
896
912
925
923
917
908
893
887
888
895
880
836
799
801
837
899
957
954
951
884
849
878
825
860
882
895
842
800
859
907
949
958
933
893
865
773
806
819
865
869
896
825
876
855
838
840
820
778
797
776
769
828
832
816
873
934
941
942
932
921
883
771
797
784
786
818
811
803
783
731
743
734
763
783
752
769
814
832
851
857
805
767
759
725
747
788
854
860
899
872
881
879
873
891
896
906
872
826
796
793
774
743
754
813
864
856
794
768
773
796
957
987
925
848
792
771
820
873
905
939
937
943
934
918
904
904
895
896
831
854
937
1007
1023
997
896
898
920
917
914
895
854
899
942
954
955
964
958
917
856
897
931
954
958
896
925
973
989
986
924
919
944
950
951
887
930
984
997
1009
986
930
962
962
952
889
910
961
983
994
991
941
923
952
962
964
955
907
959
989
1001
998
927
937
968
985
986
929
907
940
966
972
887
907
929
930
885
916
953
942
859
883
919
912
832
776
754
820
913
987
1010
1006
943
926
953
979
1005
1010
1017
924
933
959
970
981
933
844
823
867
936
963
979
913
900
928
933
938
948
945
941
901
885
918
935
940
940
910
861
916
949
978
947
894
935
951
942
892
888
927
934
951
890
908
948
974
978
900
913
938
966
964
933
966
984
974
900
877
914
958
971
970
917
965
964
956
910
929
941
946
896
938
952
951
897
871
902
935
958
980
917
938
946
962
963
895
822
796
791
884
1022
1044
1039
986
896
813
771
777
848
921
972
1000
1007
1010
1004
985
902
879
925
977
1043
1073
1084
1009
1037
1036
1030
1031
991
942
972
982
966
911
970
998
995
923
922
956
971
965
900
929
970
960
902
949
976
975
896
923
901
849
841
861
896
920
930
888
910
922
927
939
921
932
979
994
995
940
957
965
968
938
854
854
900
977
1029
1012
941
960
941
928
918
908
909
944
950
950
895
915
934
943
876
810
833
924
1020
1053
1036
967
974
976
969
953
936
888
852
908
979
1017
1020
961
976
976
979
916
914
947
978
977
937
1001
1024
1004
989
923
925
939
950
902
851
887
934
962
956
892
916
925
922
859
803
783
792
923
1041
1023
1021
1001
895
814
770
787
854
908
858
915
980
996
1003
985
987
928
899
900
895
901
882
822
855
878
903
848
840
832
813
790
776
804
867
894
843
869
840
847
878
913
939
969
958
952
948
914
892
834
844
858
877
901
922
920
863
870
906
921
928
876
821
827
807
770
742
765
853
908
907
946
970
969
921
854
896
942
992
923
870
937
957
970
896
914
961
1015
998
922
976
965
940
948
898
954
898
939
1012
1028
937
946
983
1019
1021
979
1002
1029
1038
1056
1058
1045
974
986
1020
1038
1017
1008
965
919
979
992
993
971
877
861
896
960
1006
1025
944
967
994
992
946
919
952
953
905
866
928
970
995
959
936
978
997
970
887
834
824
887
1150
1145
1099
1095
1062
1045
1011
970
949
947
947
955
958
957
965
965
969
963
955
975
971
974
934
848
841
881
970
1009
951
916
970
980
927
877
924
977
990
934
974
1005
1021
957
986
1009
1021
965
989
1018
1030
1004
940
984
1004
992
934
977
987
989
928
926
955
962
952
902
948
896
813
771
751
776
768
738
753
793
847
875
860
809
806
827
876
904
925
882
845
820
843
941
1177
1143
1099
1083
1051
1008
985
981
979
991
999
1007
1005
992
985
974
964
956
943
893
895
931
1004
1023
996
907
868
898
846
797
832
901
906
868
915
946
953
914
877
921
935
943
901
954
971
980
932
948
973
976
924
946
991
980
918
906
946
972
959
904
932
957
984
949
962
992
1000
944
966
977
982
941
907
954
996
1009
1000
924
940
976
975
997
941
942
985
1005
994
961
916
960
982
997
938
949
970
980
925
951
961
957
902
893
957
979
983
927
956
982
980
913
957
979
979
927
966
1008
985
947
994
967
948
979
987
925
935
946
940
878
901
888
909
835
821
827
799
800
779
769
765
774
802
979
1019
1005
990
969
970
962
951
925
919
909
885
861
847
873
910
942
979
977
978
980
983
951
903
830
790
821
882
929
890
888
925
926
935
861
858
871
861
815
779
749
721
713
735
780
833
843
812
854
878
869
803
847
888
849
905
954
955
914
878
878
890
898
891
843
822
824
858
891
925
890
951
966
973
983
971
945
941
943
946
915
948
978
928
982
977
924
883
838
850
868
819
871
888
862
826
894
927
893
836
882
900
868
817
875
825
840
919
931
931
859
884
899
896
866
854
867
891
904
861
878
849
844
872
934
965
946
838
833
831
857
863
863
844
793
801
800
794
730
708
687
686
691
731
753
746
727
712
741
793
830
868
876
866
858
860
868
883
889
916
938
961
984
1002
943
849
833
867
993
1042
983
904
960
954
946
882
873
907
929
895
886
938
954
903
918
953
975
983
924
948
946
919
939
922
886
819
840
802
755
719
726
781
860
876
832
892
948
952
880
904
908
923
868
912
959
983
928
970
983
941
936
889
853
865
913
952
872
868
916
944
939
878
919
935
887
867
913
936
898
933
972
950
903
741
738
715
721
736
791
844
877
891
878
865
823
802
772
785
784
811
824
861
913
940
941
932
950
966
963
926
909
905
975
982
915
1001
1002
916
965
980
879
904
946
957
889
926
956
978
910
967
979
975
991
970
914
979
1021
1033
956
908
967
985
987
906
963
1005
1017
960
964
983
980
934
866
904
941
978
991
919
944
971
958
896
830
881
952
1002
972
966
979
970
920
843
784
770
848
1073
1071
1060
1048
1035
1020
1011
988
972
961
914
951
957
974
946
853
922
994
1008
985
968
915
873
829
824
836
845
827
947
1017
1030
975
945
965
928
872
899
923
942
875
887
948
968
934
887
935
945
897
916
933
925
881
911
922
922
844
853
902
884
829
854
892
923
878
884
893
873
860
824
763
727
712
762
855
921
936
878
893
926
917
915
862
881
908
927
861
896
934
946
945
901
916
926
924
902
880
926
935
878
910
938
935
870
923
941
935
857
908
905
925
892
838
878
900
890
859
898
870
818
866
898
896
856
897
910
848
907
918
898
837
841
875
883
840
824
879
897
845
832
877
904
926
892
911
929
888
897
898
834
814
848
832
868
883
840
780
751
762
803
1064
1069
1051
1014
982
953
909
864
851
848
847
857
858
878
855
825
790
827
875
917
947
950
932
864
851
883
895
887
908
856
774
731
748
771
786
766
754
757
805
818
777
730
793
833
870
841
813
770
773
775
773
751
762
796
804
780
780
755
793
792
830
831
795
830
859
848
813
751
725
733
798
842
836
778
779
836
882
930
944
883
841
891
931
940
936
866
920
962
974
906
938
944
876
838
816
815
816
899
962
965
926
949
818
851
829
855
875
948
958
952
926
866
857
872
892
894
882
883
884
858
839
830
818
746
747
756
779
818
750
814
852
863
869
863
841
806
811
849
861
808
870
921
966
880
941
950
844
794
796
844
890
894
894
845
806
803
849
898
935
976
986
985
989
933
953
953
966
974
968
887
957
938
901
787
759
767
816
815
766
812
770
829
893
937
935
919
890
868
827
795
738
700
695
712
835
964
1029
1035
1044
1036
1008
1001
994
997
982
890
850
828
813
802
780
796
818