641
625
617
617
639
708
762
747
744
753
742
724
746
777
771
766
767
732
717
745
757
697
730
760
810
823
818
813
778
778
776
783
790
796
812
843
794
774
791
808
828
785
825
813
789
732
711
692
782
868
915
934
924
896
876
846
820
809
809
802
781
761
707
722
710
682
665
664
676
771
772
736
755
744
708
737
734
725
690
740
777
739
724
773
820
834
789
834
853
854
803
809
837
848
863
836
854
880
892
904
864
882
911
915
896
838
878
890
891
837
790
838
937
979
991
925
840
865
919
969
979
972
956
873
888
910
925
871
803
752
875
969
1002
992
968
900
899
905
870
896
910
926
914
944
952
938
883
923
928
936
878
894
929
940
882
945
969
945
859
908
925
886
920
943
916
902
947
956
900
937
934
883
829
866
886
888
843
905
937
945
852
872
875
835
901
918
890
883
908
907
837
897
899
843
876
899
898
839
764
751
711
774
878
858
833
881
910
840
803
854
876
833
792
879
914
891
843
883
898
860
806
866
893
904
849
902
897
879
811
842
847
793
741
717
779
837
851
870
852
817
854
873
888
841
846
881
844
796
813
797
736
702
675
653
696
779
831
844
856
858
861
853
842
834
829
829
846
873
896
920
931
928
914
882
838
785
699
689
684
670
739
777
760
708
694
780
792
746
820
852
790
824
775
711
759
773
733
786
820
789
765
863
833
765
740
710
730
768
751
823
859
883
852
871
829
822
836
791
845
821
771
834
865
888
815
898
910
859
915
900
817
873
893
891
907
960
984
905
943
961
904
965
1000
1002
934
992
1011
952
1009
1018
915
941
960
911
956
1002
975
896
975
979
901
976
1003
929
991
1004
949
850
902
932
879
973
1000
908
989
983
904
965
964
877
903
842
759
816
813
758
773
920
923
913
952
949
914
922
934
942
923
897
932
951
908
882
916
919
843
881
831
846
807
866
911
895
869
896
866
833
890
952
927
908
962
885
907
919
921
911
834
772
786
788
799
885
942
949
882
886
858
921
929
904
889
806
819
883
844
945
977
1002
948
990
985
902
807
845
896
931
937
883
838
841
815
850
858
873
845
787
740
739
872
936
948
955
948
937
908
849
858
861
869
872
861
851
751
739
753
831
926
811
780
834
760
799
799
769
735
742
749
783
832
862
884
814
840
799
843
887
815
870
904
925
874
813
830
871
896
843
897
921
921
807
835
884
886
898
901
894
896
904
905
906
912
901
827
830
768
734
782
848
894
896
895
885
808
772
798
891
1003
973
956
1008
986
910
929
897
810
832
890
944
904
923
969
975
951
925
838
847
860
905
926
864
904
914
851
871
865
823
836
853
871
883
830
875
875
790
789
833
878
900
798
842
832
819
824
854
898
924
920
890
898
882
851
812
762
787
787
815
866
903
930
934
879
847
867
883
891
840
879
896
919
917
896
845
859
863
859
872
861
793
752
745
764
1019
1002
981
1005
992
972
958
942
936
910
891
896
904
904
901
899
894
880
878
874
859
805
787
767
708
706
783
861
899
838
854
861
857
789
814
884
926
875
919
963
977
898
948
959
924
881
896
927
947
906
961
987
973
960
964
935
881
910
915
853
828
872
893
879
849
908
932
891
837
891
912
904
843
903
935
938
877
925
930
878
847
890
911
865
886
928
956
904
938
924
905
875
847
803
854
854
781
733
782
871
845
906
934
888
852
896
886
824
880
905
949
874
924
948
897
896
942
969
904
946
966
916
908
941
925
875
940
956
933
900
946
953
854
905
937
925
879
862
901
920
913
842
860
892
938
905
946
977
927
902
926
936
875
912
943
963
929
945
954
944
870
907
942
948
940
854
909
940
936
858
927
950
929
882
931
932
864
913
930
880
907
926
924
868
918
920
841
863
896
829
848
905
923
861
881
908
911
849
889
903
866
879
896
893
829
868
888
898
854
917
924
835
862
787
700
742
819
903
879
876
897
835
865
888
900
846
872
896
901
827
881
904
844
904
917
837
891
914
902
838
858
886
906
861
927
942
880
884
897
890
834
885
916
907
886
809
835
839
817
771
812
855
882
854
760
772
771
799
836
879
834
882
912
916
842
881
924
931
864
825
793
768
739
700
716
804
880
863
894
950
957
871
793
768
767
900
951
979
1002
996
988
926
942
948
958
964
968
966
947
952
962
973
973
921
923
935
919
850
895
930
971
906
917
960
964
889
908
937
953
929
955
982
957
905
848
867
893
907
903
852
896
930
946
930
979
989
955
946
954
948
962
965
951
895
929
968
972
909
899
877
873
836
874
917
951
916
954
950
923
897
895
929
978
982
877
808
839
793
734
719
713
692
719
715
677
699
694
705
691
678
690
694
703
713
723
762
800
846
864
864
875
867
753
779
745
747
734
726
809
811
780
807
783
787
756
781
781
747
756
794
827
851
818
832
850
860
831
852
851
822
829
856
891
864
848
893
888
835
766
806
831
868
896
833
894
940
954
882
929
930
848
852
896
937
864
925
960
961
886
948
960
906
938
942
917
853
926
944
885
929
948
941
881
937
946
892
931
909
890
819
875
935
949
901
955
978
898
932
946
894
935
957
879
944
935
835
768
758
920
1009
1029
1030
1020
1018
1006
994
979
969
964
961
960
950
951
944
941
944
944
938
852
896
957
982
989
896
917
946
919
860
914
932
886
879
910
916
847
899
918
869
891
926
953
892
926
942
942
899
945
962
973
931
951
952
944
891
917
935
944
878
908
932
945
896
956
974
929
940
953
947
881
930
933
868
786
814
839
865
822
847
876
861
842
904
899
876
866
866
815
748
717
730
779
817
860
836
790
825
853
876
811
858
897
883
894
957
978
905
941
956
936
891
922
930
857
913
947
907
930
891
868
911
900
868
928
969
890
932
949
921
887
939
958
878
908
923
868
870
908
929
863
930
956
937
941
904
882
912
907
852
879
808
854
899
939
890
884
931
953
910
907
941
955
878
915
949
925
905
930
935
936
869
910
906
819
875
924
965
967
891
871
887
884
826
871
783
841
928
965
1008
987
966
935
900
860
784
797
813
835
819
848
835
793
855
886
888
835
857
853
798
827
847
867
818
862
888
911
905
847
861
872
894
851
854
879
912
931
872
910
915
905
858
794
834
904
956
972
890
920
971
978
932
915
950
922
883
910
931
883
899
905
922
870
904
922
922
908
857
864
796
801
717
713
731
710
689
717
943
985
995
971
966
945
905
881
853
821
752
778
776
802
812
742
771
842
900
938
939
933
915
881
852
805
752
770
880
916
927
931
907
783
793
815
836
892
916
911
896
803
743
744
774
818
837
809
852
835
788
709
680
705
773
897
944
954
943
914
879
869
759
778
835
928
962
959
845
873
801
859
902
955
966
973
966
897
837
766
834
875
940
984
993
920
906
904
915
894
871
826
785
818
878
921
867
936
938
831
765
779
855
894
907
940
942
861
917
918
911
924
923
813
854
888
904
911
865
892
828
873
899
848
822
900
936
879
930
932
942
890
897
852
873
899
903
890
920
904
872
912
847
867
881
872
873
799
792
856
879
867
876
871
764
788
825
890
944
948
933
906
868
761
788
809
861
937
980
988
902
935
860
767
766
779
798
821
844
842
824
749
738
750
769
765
774
714
687
687
746
795
810
834
858
876
891
905
913
897
891
855
781
761
780
811
846
861
874
868
849
838
853
863
862
846
904
952
978
965
875
871
904
913
893
832
859
926
962
960
848
730
758
791
859
922
935
947
960
952
912
916
927
890
826
862
851
853
862
873
881
881
884
909
878
816
869
895
907
833
817
866
876
813
842
820
855
849
849
788
737
737
813
876
906
859
864
910
893
934
938
930
956
956
941
852
773
802
863
848
891
944
927
923
856
886
887
870
795
789
813
830
839
910
943
912
846
823
857
880
896
916
923
911
872
830
772
787
752
846
908
926
945
961
951
926
874
792
723
749
820
930
943
908
951
955
908
914
824
815
809
863
878
869
885
857
832
823
799
838
869
869
867
867
881
868
872
855
839
802
867
922
946
892
753
786
771
800
760
756
816
851
867
880
804
820
823
855
878
883
886
876
876
883
889
837
825
795
772
811
856
894
903
874
862
843
785
743
722
720
784
1081
1030
1003
918
861
813
798
804
823
821
802
813
837
888
916
936
944
937
939
933
930
928
907
856
864
919
982
972
902
953
896
836
853
909
939
887
936
943
854
782
795
802
789
866
907
842
871
862
866
865
814
780
765
783
838
879
898
906
878
928
933
930
909
881
835
808
781
813
784
784
756
761
717
744
771
830
876
862
813
800
778
755
739
713
696
708
769
845
895
906
917
930
923
947
946
926
925
901
829
790
763
735
724
703
733
750
791
745
728
822
890
925
862
816
862
894
919
935
931
926
913
906
906
838
790
774
753
771
788
768
735
726
721
731
757
776
800
809
812
809
812
810
821
824
832
835
842
842
801
750
787
817
861
846
746
760
750
710
723
720
697
712
742
792
815
773
807
837
857
870
883
895
904
903
913
929
955
962
965
898
875
915
954
935
909
951
905
862
818
882
898
852
900
930
885
904
934
946
896
940
952
926
887
916
932
945
916
927
943
920
866
930
948
886
937
923
864
904
942
979
961
874
938
944
934
838
855
900
948
971
943
967
976
958
976
936
904
877
795
746
719
777
870
826
823
810
805
813
815
777
840
792
746
784
892
930
935
838
876
843
869
887
896
894
891
855
835
865
921
965
1002
971
989
1001
995
976
914
957
970
933
951
987
971
896
851
930
982
1002
917
917
935
965
952
899
919
918
923
861
900
947
956
901
965
950
972
958
911
875
903
921
898
909
779
854
915
896
836
796
790
751
771
836
866
863
846
898
910
904
851
791
771
771
786
816
861
903
938
946
906
945
950
930
842
896
905
886
858
800
759
792
832
886
906
849
890
815
764
752
805
871
878
831
876
915
896
936
948
860
854
869
892
879
839
912
932
943
908
865
877
925
938
891
942
932
888
885
896
884
816
840
749
768
842
839
786
840
852
849
802
844
839
859
867
882
886
885
878
855
826
839
821
883
936
957
957
912
948
939
933
884
933
964
962
946
921
822
716
720
738
836
930
926
877
875
847
762
755
748
761
800
862
896
904
916
919
928
919
901
893
895
909
925
939
947
956
958
954
957
890
912
952
925
869
948
896
882
896
827
836
903
938
886
908
945
906
945
959
960
926
953
909
941
955
973
972
909
922
923
874
881
924
876
934
984
962
908
939
948
880
884
927
883
928
978
923
943
915
872
912
944
910
943
975
946
941
956
960
918
906
891
851
835
823
815
838
849
895
932
948
893
893
923
879
918
894
919
919
870
879
883
909
904
904
878
913
921
864
899
910
823
920
848
816
881
889
889
860
830
773
723
688
699
736
801
787
789
863
854
880
880
890
818
760
731
708
706
677
677
691
698
693
681
670
657
647
641
639
638
666
722
799
851
831
830
830
744
789
804
813
824
750
720
792
921
979
1016
1006
961
994
999
980
950
836
781
832
862
788
845
866
866
862
870
882
893
915
929
934
934
941
945
919
888
856
907
949
973
856
921
941
938
882
832
784
747
755
771
788
769
767
749
783
442
345
758
727
704
686
671
698
786
786
779
754
827
866
855
826
805
720
728
738
771
828
895
952
976
977
969
970
969
964
963
942
926
931
925
868
939
953
934
921
912
915
926
926
842
918
959
953
866
883
845
799
822
813
769
727
728
776
746
829
885
920
909
909
873
810
784
798
832
873
976
1018
1035
1042
1037
1009
961
899
859
810
806
820
766
732
798
767
787
860
886
899
910
900
908
892
866
895
896
924
942
926
911
903
869
853
811
775
815
829
877
885
842
779
735
793
867
921
919
858
858
843
820
771
743
732
716
715
748
751
749
710
779
890
924
948
956
938
907
875
863
876
894
820
857
896
932
940
895
904
906
897
897
886
849
880
890
872
896
930
927
907
846
822
881
898
905
912
868
860
789
734
724
761
816
814
887
921
940
934
897
941
944
920
901
880
875
869
833
895
949
852
768
865
1019
1032
1010
972
954
922
864
797
739
737
774
786
754
709
736
780
869
922
928
943
921
862
766
776
802
841
896
906
802
826
838
785
803
818
843
810
753
755
767
766
766
801
839
864
868
862
788
750
770
830
853
975
1009
995
977
936
915
890
838
790
820
831
862
841
796
807
740
799
815
846
863
836
787
730
725
751
786
829
859
889
888
849
801
815
840
868
885
886
889
845
860
876
888
893
845
871
861
848
837
825
804
806
809
811
764
801
824
814
785
841
875
830
844
893
901
894
788
824
830
834
802
791
863
897
888
805
867
809
873
857
836
887
901
888
893
873
842
817
822
835
849
854
864
868
829
863
853
843
841
846
791
851
870
879
875
857
838
820
759
775
807
825
833
792
794
854
909
906
804
841
847
876
802
843
815
803
774
829
882
934
908
843
877
809
706
731
747
788
842
875
874
872
791
846
860
894
885
919
932
885
833
836
791
839
858
854
786
806
829
749
799
812
826
806
823
822
793
847
864
887
885
869
855
866
877
893
898
898
905
902
914
915
923
917
919
870
892
902
896
867
838
719
687
668
705
1020
1057
1010
995
983
932
892
854
806
742
725
753
832
911
900
929
964
968
947
932
929
925
884
904
901
889
873
765
804
823
852
779
729
746
790
771
846
890
911
897
875
905
918
832
886
915
924
905
860
885
869
904
915
933
914
911
922
912
902
826
771
820
829
859
850
764
788
810
847
882
905
893
855
895
908
915
869
880
854
937
980
988
975
942
876
776
729
804
919
958
859
895
907
915
899
825
860
889
899
916
871
863
936
957
949
942
928
935
926
913
893
894
885
890
830
895
948
972
936
899
935
925
906
822
831
836
837
926
983
991
920
851
857
789
787
772
767
832
820
831
833
827
760
775
776
735
775
808
862
877
927
910
862
809
817
840
790
736
716
724
818
895
862
824
761
719
768
965
992
998
1003
989
960
933
922
910
912
889
906
903
866
868
877
899
858
890
911
917
890
835
864
854
878
877
858
876
885
875
847
886
894
879
881
797
844
847
821
777
729
727
795
853
793
854
878
874
822
795
836
900
932
913
833
873
854
807
843
838
866
817
848
892
900
880
854
835
809
792
851
859
875
878
860
767
784
791
819
847
825
857
902
892
795
849
876
928
938
836
854
859
856
837
775
731
747
823
876
903
910
918
912
891
869
867
882
874
954
964
931
821
803
798
797
812
877
897
877
918
920
894
866
828
738
754
763
839
912
951
964
968
879
925
931
936
940
817
899
961
968
872
924
852
839
866
863
807
729
763
859
973
995
970
953
943
933
941
936
924
929
938
954
952
956
968
965
966
971
973
970
968
959
946
914
953
956
870
858
925
941
888
813
856
865
824
838
891
909
875
863
883
896
901
903
868
901
915
924
940
938
891
917
927
875
898
927
960
964
938
829
853
818
777
806
758
794
759
834
866
900
865
873
872
860
853
825
783
832
910
962
956
906
915
888
822
854
872
813
756
753
814
876
878
860
772
813
831
889
902
902
906
911
886
896
944
929
917
924
925
911
861
875
887
847
847
883
906
872
911
924
927
902
887
876
844
842
863
880
828
836
923
952
925
849
874
848
824
782
806
801
854
880
835
896
894
827
859
854
892
912
892
882
908
938
940
903
833
860
893
898
896
846
871
887
872
843
896
934
931
959
989
980
910
937
979
963
874
767
819
788
826
847
751
779
763
816
835
848
782
727
729
679
704
693
717
778
845
880
903
812
854
915
897
849
862
853
854
854
826
819
798
767
748
743
715
801
993
1011
999
986
977
961
926
871
854
876
908
927
926
922
893
807
743
767
865
919
958
966
954
947
913
842
853
899
938
870
849
922
906
813
817
852
871
807
840
887
891
839
876
882
906
862
887
899
887
843
873
881
875
826
851
877
893
855
911
934
854
863
840
793
810
843
887
904
869
910
939
958
922
938
952
940
879
924
962
936
961
995
1006
953
979
966
939
867
830
911
977
1011
979
901
843
765
726
749
783
810
895
961
967
962
890
881
914
932
926
952
977
990
935
937
963
968
925
920
954
973
927
973
989
941
980
972
834
877
908
892
849
856
852
846
810
819
812
807
785
842
921
991
1014
976
1001
998
980
970
954
936
866
854
883
918
936
910
827
820
854
896
921
933
869
812
790
857
998
1015
1022
1006
996
967
942
915
896
879
869
854
844
854
872
893
904
869
857
826
800
745
712
691
707
767
822
858
818
870
915
943
867
912
941
856
873
892
895
862
919
956
964
974
950
874
862
766
795
841
851
903
919
923
889
870
863
882
888
881
867
799
798
808
825
841
838
838
826
774
788
722
704
826
893
943
936
939
951
957
923
896
862
833
805
786
801
817
818
845
851
854
859
860
873
876
825
863
892
904
874
817
887
917
928
855
828
871
947
983
977
904
924
927
909
889
851
896
927
963
972
913
940
949
851
794
773
762
828
949
1020
1012
973
993
983
965
953
928
914
867
860
896
945
978
1001
909
915
943
951
902
962
980
918
934
955
939
947
951
872
891
910
910
870
846
873
840
905
938
870
894
921
923
858
899
930
939
888
947
981
968
897
918
849
773
746
799
792
883
942
913
970
978
988
935
961
976
967
931
971
982
966
919
960
972
938
969
989
894
934
970
982
926
907
942
975
995
956
985
994
1002
930
969
1003
1009
941
877
850
1069
1108
1097
1089
1073
1067
1043
1010
985
960
945
950
973
983
976
941
968
966
952
937
934
938
890
881
900
942
962
921
980
989
979
962
896
930
945
944
891
930
939
898
902
953
968
902
931
944
938
874
923
944
910
935
991
1008
943
965
980
960
988
988
945
987
1000
975
909
955
960
970
907
929
944
955
907
965
979
967
921
947
953
893
917
966
997
923
951
954
907
931
956
961
909
954
962
906
938
965
950
922
955
967
919
941
968
979
915
944
963
961
891
934
974
993
950
994
998
943
949
968
966
919
870
908
871
829
872
902
874
910
932
947
952
855
877
860
873
831
837
880
925
934
899
940
942
937
892
906
915
894
878
915
942
934
924
965
989
942
931
955
967
896
832
866
948
1020
1033
964
986
1015
1019
947
853
807
815
817
827
934
887
821
938
1002
1009
1021
1026
1021
1015
995
935
974
1003
1009
987
990
993
968
918
848
854
900
951
994
927
1002
1015
956
989
991
984
951
911
878
871
865
858
854
855
840
823
918
987
942
1034
1058
1014
1043
1029
981
920
925
924
896
912
892
838
777
822
922
981
989
992
934
915
954
963
913
909
953
982
911
976
993
909
918
944
952
870
883
925
946
896
955
984
975
941
976
987
939
987
997
1003
964
970
984
989
928
972
995
961
1007
1018
963
876
854
938
1010
1045
974
986
988
979
909
938
975
966
956
965
967
935
885
902
922
906
850
900
933
944
917
905
915
934
866
882
901
914
867
914
936
948
912
963
985
940
965
971
901
934
942
939
897
934
944
880
824
811
927
1037
1063
1046
1039
1011
954
926
923
916
928
934
948
942
924
906
906
912
902
886
830
848
893
928
935
878
902
916
909
857
863
894
925
883
867
904
920
868
885
907
924
865
897
933
925
920
865
880
896
895
900
927
924
890
897
921
929
874
902
919
919
851
897
922
919
923
944
955
880
902
909
838
856
892
918
903
871
914
930
914
856
861
868
859
866
883
884
828
861
859
880
851
896
924
904
857
906
930
928
885
861
838
868
887
854
858
887
931
963
910
904
863
892
920
938
928
835
748
767
813
877
863
876
897
863
876
908
937
914
907
925
955
955
933
919
913
922
889
847
879
932
979
935
1007
1023
983
937
971
974
935
952
952
929
865
920
974
970
950
1019
1039
1029
979
925
943
950
964
929
921
960
986
949
991
1018
1014
944
961
980
959
882
856
925
970
961
953
960
945
877
889
917
959
924
960
975
938
923
938
948
948
896
872
896
921
876
898
931
944
898
923
937
944
893
910
934
920
834
878
975
1021
1017
970
1008
1013
943
966
982
954
951
987
995
927
910
938
979
954
946
970
976
930
937
962
957
889
918
915
919
832
780
761
783
942
1015
1018
1027
1029
1028
1016
1001
986
953
933
863
820
764
729
751
809
881
902
922
932
938
918
874
933
959
944
864
862
917
967
963
911
956
981
965
952
974
976
924
930
942
952
908
944
950
946
888
906
934
946
930
873
881
893
849
833
884
934
912
946
965
915
946
952
922
922
814
887
892
1020
1032
1024
1010
981
949
863
846
783
857
923
971
973
957
923
898
813
836
820
846
770
805
844
875
903
885
864
824
764
791
820
835
896
898
849
830
796
805
805
837
913
937
931
922
832
855
859
881
847
870
883
887
886
888
885
866
860
822
849
893
896
873
957
983
989
992
918
923
915
935
932
912
944
955
892
961
948
884
947
959
924
924
922
887
905
914
862
902
873
844
819
835
872
886
828
816
853
790
750
738
747
834
816
905
925
903
835
799
757
736
716
743
814
882
899
883
800
815
803
813
826
825
853
890
925
938
907
912
933
936
885
920
870
814
789
766
782
797
824
795
809
784
757
733
743
759
763
741
718
745
764
806
849
839
792
769
758
894
964
1019
1027