922
934
896
928
934
965
960
954
974
910
906
932
969
1026
1062
1022
1016
1021
969
986
981
1006
966
977
1015
1047
1024
1025
1055
1054
1066
1002
1030
1059
1089
1064
1006
1021
1034
989
1005
999
994
946
910
867
818
772
741
833
1022
945
1054
1149
1179
1168
1118
1085
1039
1037
1073
1060
1092
1079
1086
1053
1057
1042
988
995
1007
1010
1000
945
951
926
932
926
954
985
987
935
933
903
902
888
895
894
885
890
925
962
926
969
1003
942
944
926
907
900
910
892
874
904
946
1016
1051
1035
1005
1018
989
995
979
998
1003
1008
956
952
956
951
942
936
912
892
859
845
833
926
916
949
1030
1086
998
1979
993
1011
984
977
962
937
885
878
917
1004
1052
992
1063
1134
1157
1108
1063
1045
1054
1088
1006
1036
1087
1104
1063
1091
1091
1048
1040
1062
1049
1075
1066
1110
1087
1092
1132
1116
1154
1179
1142
1130
1069
1022
965
941
936
923
928
933
964
999
1014
980
1026
1040
1085
1094
1069
1036
963
937
925
937
935
900
938
956
1043
1095
1075
1098
1079
1095
1051
1069
1078
1069
1009
1019
1000
1021
1006
1012
1024
1005
969
971
963
974
979
1002
1007
1022
1008
1009
1019
997
977
912
881
896
873
873
893
1034
1021
1074
1071
1029
932
887
864
846
935
971
896
913
896
946
981
987
979
941
912
876
864
845
860
900
913
887
896
870
871
836
848
843
889
903
962
1014
1012
965
993
1031
967
965
962
959
915
939
903
906
919
896
901
891
918
956
962
949
922
938
956
974
1048
1129
1160
1120
1099
1102
1058
1043
1031
1000
1006
1019
1019
1024
1041
1034
1063
1084
1021
976
987
1005
1010
1029
1030
1023
1043
992
986
978
991
957
971
958
976
1014
994
1054
1096
1063
1080
1061
1028
1020
987
983
1011
1047
1013
1045
1055
1053
1084
1052
1075
1095
1085
1016
1003
994
998
992
998
995
965
922
922
917
926
914
943
955
988
947
961
961
968
940
941
951
910
938
982
1036
991
1002
1021
1010
1011
1028
1040
1016
1032
1049
1050
1066
1014
961
978
1000
978
960
992
989
987
963
926
920
917
879
875
854
833
822
890
916
929
926
876
877
845
822
804
818
853
986
1041
1072
1050
1007
929
906
892
903
917
897
877
849
847
831
881
873
876
886
910
969
968
977
971
899
866
838
791
872
923
887
896
895
882
854
842
813
867
935
955
967
944
927
901
872
851
847
856
878
865
866
832
814
869
894
873
899
906
894
892
877
890
864
866
889
922
970
973
960
952
960
941
937
919
907
872
873
875
887
868
888
894
922
931
893
907
884
906
906
950
999
990
1014
1008
1024
1049
1021
1047
1027
1049
1046
933
925
925
950
970
949
955
937
930
921
909
955
1021
1018
1081
1078
1082
1064
1040
1044
1005
990
986
951
968
953
961
982
965
984
996
957
979
975
941
950
951
956
993
987
1000
1009
999
1008
946
972
961
931
948
950
914
930
914
958
968
983
973
994
962
977
981
1008
977
1018
1044
1011
1029
1036
1017
970
945
960
938
968
895
918
919
948
974
979
976
955
905
907
899
885
886
899
894
935
974
1009
988
965
941
915
894
900
919
913
909
903
888
857
867
870
899
913
878
916
938
968
970
944
934
928
908
929
906
864
907
933
971
1002
1041
1005
1035
1063
1034
1038
1029
990
1012
1035
1007
1048
1056
1030
1021
1003
951
919
900
903
965
1050
1085
1051
1030
1012
1024
1033
1012
1025
1067
1051
1024
1040
1010
1037
1062
1052
1088
1040
1046
1070
1033
1021
1039
1068
1048
1051
1061
1024
1003
1009
954
931
943
941
931
920
915
921
944
954
961
970
979
968
994
1024
1023
1001
993
964
941
900
870
858
828
788
788
794
757
780
795
845
898
952
945
974
1004
1005
979
994
1009
1013
991
991
997
980
1007
1023
1013
1023
1021
1029
1049
1040
1044
1059
1041
1029
1044
1042
1019
1040
1070
1026
1035
1025
1027
1048
990
1002
997
970
939
938
954
969
981
970
984
993
991
1011
973
949
969
934
929
889
872
888
930
959
997
1017
1041
1067
1046
1057
1056
1023
1035
1062
1054
1086
1083
1052
1051
1036
1007
1027
1036
1024
1040
1048
1042
1037
1012
1038
1075
1059
1064
1070
1040
1052
1069
1055
1070
1078
1067
1067
1031
1007
987
962
976
924
952
982
1016
1011
1026
972
986
987
956
928
928
927
964
987
993
989
911
931
932
928
981
1015
1070
1130
1124
1141
1106
1110
1086
1090
1088
1057
1063
1070
1039
1076
1055
1083
1096
1085
1104
1104
1093
1135
1144
1130
1130
1083
1061
1067
1068
1069
1092
1135
1142
1116
1132
1102
1078
1079
1044
1068
1044
1049
1028
1051
1049
998
994
921
899
897
918
955
992
1020
1035
1002
1002
992
1008
1023
986
968
1017
1083
1089
1051
992
1003
1006
975
985
1011
1034
1047
1048
1096
1122
1094
1076
1090
1095
1079
1104
1100
1078
1125
1135
1076
1097
1115
1083
1091
1126
1041
1024
1046
1022
1058
1104
1108
1112
1138
1069
1078
1095
1061
1073
1088
1018
1026
1074
1086
1144
1114
1112
1081
1011
1017
1037
982
1022
1037
1012
1036
1062
1074
1043
997
986
942
938
907
890
926
930
990
1043
1038
992
982
987
998
984
989
1024
972
938
1003
1000
1046
1080
1053
1034
1053
1038
1024
1030
1021
1033
1067
1059
1062
1099
1081
1093
1126
1103
1116
1098
1105
1107
1093
1104
1126
1107
1108
1104
1082
1100
1144
1111
1157
1123
1118
1092
1089
1108
1052
1068
1068
1027
1030
1022
1029
1056
1031
998
1013
1052
1039
1069
1092
1040
1049
1049
1010
1039
1048
1077
1093
1046
1047
1028
1060
970
1000
961
955
915
898
900
904
889
907
935
918
942
975
999
1057
1090
1069
1050
1037
1034
1022
987
994
1005
1071
1086
1076
1095
1070
1039
1061
1100
1129
1098
1118
1125
1089
1085
1046
1020
1019
994
1017
996
1019
1027
1031
1045
1022
1040
1032
1049
1062
1062
1100
1119
1112
1128
1099
1097
1127
1139
1102
1106
1081
1091
1110
1086
1039
1032
1059
1077
1068
1045
1070
1084
1058
1065
1050
1046
1068
1093
1082
1101
1082
1069
1073
1074
1044
1075
1085
1056
1068
1064
1060
1066
1044
1033
1028
1023
1031
1012
1048
1081
1051
1059
1043
1011
1021
1045
1017
1046
1055
1029
1057
1052
1063
1086
1057
1067
1069
1070
1087
1086
1061
1077
1077
1046
1060
1063
1050
1059
997
923
896
917
965
1018
986
993
1000
963
985
982
1009
1077
1105
1107
1094
1077
1062
1076
1089
1099
1078
1104
1139
1165
1104
1103
1052
1053
1076
1083
1067
1089
1058
1043
1062
1033
1037
993
1001
1019
1054
1040
1062
1074
1063
1067
1042
1052
1056
1045
1074
1085
1059
1075
1063
1042
1062
1087
1099
1132
1092
1092
1100
1045
1028
990
967
920
885
867
872
872
889
892
950
1008
1038
1023
995
959
963
945
960
963
989
990
1042
1091
1115
1098
1084
1055
1068
1082
1057
1071
1077
1103
1113
1076
1091
1067
1059
1032
1023
1034
1047
1063
1091
1050
1088
1107
1087
1107
1101
1080
1087
1060
1044
1025
932
915
902
911
905
937
938
936
940
921
944
969
1013
1054
1050
1063
1038
1058
1049
1071
1045
1088
1081
1104
1128
1150
1076
1068
1063
1061
1011
1054
1095
1068
1079
1022
1041
1038
1022
1035
1020
990
1001
1004
1009
1051
1038
1048
1050
980
1005
967
940
941
901
899
911
912
909
880
861
848
818
819
825
828
887
924
949
971
924
903
921
930
960
964
1003
1022
1056
1060
1030
1057
1047
1080
1101
1040
1058
1009
1021
1006
964
991
1009
1035
1064
1084
1034
1041
1036
1015
989
997
979
942
921
877
845
826
832
845
870
899
899
837
820
830
908
974
1014
961
980
1000
966
940
933
936
964
1007
1000
956
957
967
972
938
855
855
846
896
1009
1028
1028
998
946
912
890
893
924
934
879
879
885
905
898
860
862
878
919
961
992
935
943
958
965
967
896
873
868
888
905
905
910
900
897
879
859
845
830
779
764
748
803
1049
1055
1047
1010
986
945
902
862
842
841
838
839
822
818
917
905
904
896
937
982
1007
1014
998
973
911
855
839
794
842
939
1020
1028
1024
1005
974
936
911
892
888
898
872
902
944
941
920
907
890
893
891
891
829
823
778
778
830
944
1015
1022
1033
996
996
940
942
938
925
877
870
860
871
890
937
968
935
923
936
976
1007
960
950
948
894
891
869
889
935
955
955
943
926
893
869
835
798
752
747
772
1043
951
999
1068
991
988
992
924
929
920
879
856
846
818
813
834
855
943
1014
1037
1052
1058
1036
1050
1030
1025
1017
999
1007
994
954
942
905
890
872
865
851
850
821
791
801
810
842
907
921
945
979
980
990
1012
988
988
969
891
899
865
853
876
857
880
846
849
858
899
921
926
965
970
1022
1031
1049
1050
1007
1020
1003
1026
1038
1032
1048
1029
1035
1036
1018
1011
957
979
969
991
984
1001
1019
972
997
978
999
976
998
1016
998
1034
1042
1022
1027
993
993
987
970
991
1004
999
1035
1022
1044
1058
1059
1038
1012
1011
980
994
968
958
926
932
939
943
922
919
905
907
906
883
884
838
791
775
789
846
966
979
981
955
904
922
933
974
1015
1056
1051
1048
1063
1053
1088
1095
1114
1096
1110
1063
1052
1045
1063
1049
1015
1022
1032
1034
1060
999
1015
988
1008
991
970
965
1009
1006
1063
1091
1050
1057
1021
1035
1012
1016
1021
992
1005
983
1013
994
1021
995
1029
994
1014
999
1014
1001
1013
989
983
991
993
1039
1041
1066
1079
1082
1086
1049
1067
1098
1059
1074
1054
1077
1099
1054
1058
1059
1034
1051
1024
989
998
963
985
997
979
989
1003
977
1003
985
1010
1035
1015
1069
1099
1053
1076
1082
1046
1060
1074
1034
1053
1039
1047
1080
1027
1051
1068
1030
1045
1026
1025
1042
1021
1044
1067
1042
1053
1021
1032
1026
971
990
929
937
959
985
974
979
983
973
912
914
901
921
921
899
910
932
958
998
1036
1041
1043
1060
1045
1053
1057
1059
1057
1068
1026
1045
1056
1026
1058
1031
1070
1103
1071
1087
1122
1083
1109
1075
1099
1072
1082
1092
1074
1102
1045
1077
1109
1064
1082
1088
1039
1054
1037
1051
1038
1052
1068
1023
1029
1049
1016
1038
1063
1026
1044
1062
1017
1031
1037
1019
1032
994
1012
996
983
999
995
1012
985
988
925
868
820
801
810
869
912
883
899
893
882
906
933
951
932
894
892
884
879
850
844
859
897
915
936
941
933
934
943
975
1001
1055
1073
1076
1077
1058
1071
1029
1033
1000
1003
965
977
963
1005
1049
1048
1027
1021
979
994
953
963
979
972
1002
990
1017
1038
1018
1036
1029
1006
1019
1039
1026
1026
1052
1019
993
1013
1030
1025
1023
1046
1010
1028
1039
955
915
906
917
948
958
949
967
946
990
1020
984
1015
964
916
943
918
933
926
953
956
968
1004
974
1018
1008
1017
1012
983
996
1017
926
912
911
912
953
957
970
959
919
910
904
880
896
918
945
962
962
943
936
912
928
940
955
936
932
924
923
919
888
864
821
816
851
905
937
936
926
916
893
879
853
869
903
921
912
922
944
961
910
912
925
944
926
908
882
879
844
862
892
915
866
881
878
887
911
920
941
931
941
937
942
971
981
964
972
969
955
937
899
905
896
896
898
907
951
990
968
985
970
959
958
933
938
943
951
952
993
1016
1008
1044
1075
1043
1041
1059
1057
1047
1016
1024
1048
1021
1033
995
1005
1030
1067
1045
1062
1050
1022
1027
1011
1022
1021
1010
1036
1041
1005
1021
1024
984
1010
1028
996
1011
1014
977
940
924
929
943
916
888
911
937
988
978
1022
998
995
1003
971
959
960
953
933
979
1056
1069
1108
1129
1062
1074
1063
1053
1052
1034
1053
1076
1061
1084
1091
1071
1065
1016
1017
1031
1042
1047
1061
1062
1081
1081
1071
1075
1015
1005
985
956
959
933
897
907
902
909
903
926
940
930
904
911
926
950
936
918
902
894
899
900
877
890
860
833
825
818
812
841
890
923
949
947
900
894
858
832
821
776
759
733
712
703
695
683
856
1050
1046
1062
1032
992
989
994
985
943
918
875
883
917
942
961
915
921
938
958
979
949
958
975
974
880
858
866
860
891
916
905
902
897
875
845
809
771
756
776
907
928
1008
1007
1087
1031
1037
1049
1023
979
966
933
879
819
815
883
976
926
932
926
940
946
937
920
899
862
854
822
851
848
864
904
973
1014
1015
938
937
907
913
932
899
899
894
934
960
926
913
928
896
909
924
925
889
889
912
938
945
909
897
873
887
913
936
935
883
901
889
857
853
816
813
831
811
833
872
923
944
881
900
903
921
944
938
934
896
907
898
863
896
943
907
953
973
966
949
929
869
860
847
847
871
883
871
882
883
915
942
898
905
905
899
863
847
840
812
806
803
808
843
858
920
852
879
896
957
1024
1063
1074
1003
984
965
922
907
891
856
891
936
927
964
983
984
973
934
938
928
894
891
920
980
1000
1037
1057
961
981
971
945
925
901
850
861
885
910
955
947
998
1022
1011
993
971
935
884
878
854
862
898
895
925
925
941
944
918
913
903
879
917
896
904
889
922
950
922
929
934
926
951
918
948
955
961
992
1023
1013
972
982
978
945
934
898
868
883
931
987
944
992
994
979
913
921
904
888
865
831
836
815
835
814
802
870
977
1063
1122
1100
1032
1012
1023
941
950
962
981
967
971
974
966
909
921
921
928
909
925
935
922
919
922
903
924
957
937
979
1007
965
988
979
933
924
910
887
913
938
994
1030
972
989
945
948
958
923
937
929
933
938
907
915
908
903
892
898
917
902
874
869
876
916
934
939
902
896
870
853
871
909
924
927
938
938
880
876
859
856
885
896
910
905
864
861
828
816
765
756
810
862
915
934
899
882
890
887
886
882
881
837
837
820
803
782
740
751
734
814
923
1013
996
1027
990
940
946
950
963
976
948
969
966
960
897
911
892
889
884
896
886
867
880
884
864
853
865
859
857
896
913
926
948
945
927
904
892
847
867
921
970
981
963
946
899
898
876
883
911
924
926
933
860
880
872
858
909
902
953
1006
1007
959
953
988
1012
1001
957
987
993
990
990
991
951
979
983
994
978
991
973
967
912
928
948
984
995
978
988
957
966
943
970
983
967
970
962
977
1000
985
979
958
989
1009
980
964
972
968
969
933
951
922
968
1029
1066
1060
1028
941
935
904
903
914
958
975
942
966
977
913
923
909
887
865
905
991
1063
1113
1086
1080
1057
1020
1017
974
1007
1045
1104
1048
1082
1089
1046
1021
1063
1093
1046
974
977
980
988
1000
962
924
919
917
906
953
1027
1084
996
1014
1003
1013
996
979
959
968
1000
1016
994
957
945
919
893
906
917
945
958
965
977
984
1007
982
1009
972
986
980
982
974
1013
1018
1082
1065
1085
1021
1039
1023
1030
1025
1016
995
992
1001
1026
1033
1034
1002
1006
1014
1014
987
976
958
972
984
994
1006
1018
991
1022
1021
996
1001
1001
977
1022
1048
985
1006
1013
979
927
906
859
842
827
837
872
880
920
904
885
881
890
920
966
979
990
953
954
965
974
923
931
959
943
965
968
968
976
938
941
915
903
877
858
899
947
960
1025
1041
1008
1008
952
948
898
854
868
848
853
888
891
883
885
903
935
954
913
932
931
903
953
983
993
1037
1100
1057
1003
1016
1005
1005
995
982
924
928
910
928
941
975
947
953
979
958
933
888
867
877
859
881
898
876
892
927
976
987
974
901
915
895
882
896
907
951
951
964
945
913
920
931
983
953
966
1004
1017
999
967
918
895
854
872
870
878
911
931
899
920
942
976
953
979
957
967
937
975
998
1030
1017
1059
1081
1073
1109
1022
1060
1034
1008
1021
1003
975
980
987
986
981
967
986
993
1062
1127
1101
1137
1032
1014
1024
1030
1033
1027
1013
979
928
921
888
927
938
946
1015
1042
1065
1097
1050
1028
1009
954
968
991
1033
1080
1048
1075
1056
1064
1096
1065
1102
1084
1096
1110
1070
1098
1063
1070
1057
1069
1078
1060
1025
945
955
972
941
972
1013
984
1002
1003
969
1020
1036
1003
939
939
949
974
965
912
915
915
962
1010
1040
1024
989
952
925
914
929
942
938
926
948
972
923
967
964
993
1002
995
1028
1025
1084
1063
1075
1078
1061
995
1019
1047
1068
1063
1094
1041
1062
1056
996
1023
1030
970
977
966
930
965
951
993
1016
978
1010
979
949
950
948
974
999
1016
1010
1001
1001
951
966
996
1047
1063
1054
1064
1052
1047
1019
981
997
992
1024
1031
1036
1029
1021
1028
1029
991
1042
1078
1066
1104
1073
1112
1093
1084
1111
1068
1110
1094
1085
1098
1046
1056
1064
1062
1001
966
977
977
1009
1036
1015
1038
1036
1048
1048
1047
1050
1073
1060
1067
1047
1053
1047
1013
1016
1025
1043
1014
1026
1023
1046
1003
1029
1029
990
1021
1053
1038
1064
1076
1038
1030
1039
1016
1015
1027
999
1005
1011
1014
991
992
1015
1031
1013
1008
985
977
963
945
936
892
894
886
891
916
945
1024
1063
1078
1040
1047
981
965
947
954
958
922
944
957
956
958
985
1009
1007
1036
1038
1063
1062
1014
1030
1011
1012
947
889
854
783
768
801
982
1016
1015
1019
1031
974
974
955
957
923
932
929
934
979
962
991
1040
1043
1028
965
914
881
833
823
876
945
911
951
988
1010
959
961
951
910
901
855
831
830
853
860
864
862
834
809
813
825
925
967
1027
980
1026
1024
1008
954
957
974
1014
1031
1030
1056
1053
1006
966
954
938
960
962
976
991
953
926
907
906
939
957
943
951
974
970
913
916
913
908
876
841
854
826
830
841
821
830
824
805
791
803
786
789
805
822
832
825
836
854
851
832
792
798
792
822
841
899
932
949
929
921
902
890
885
854
854
879
938
989
999
999
945
951
962
935
909
896
898
938
954
989
996
979
938
888
884
850
841
859
904
964
990
1023
1031
1033
1033
982
978
928
906
840
818
785
770
795
776
832
894
920
987
970
1019
1000
1001
973
966
956
992
1016
1017
1040
998
1014
989
1016
985
1011
1005
953
994
971
976
1018
1030
1069
1037
1061
1025
1065
1032
1036
1067
1079
1038
1090
1123
1061
1085
1064
998
985
957
907
900
900
914
945
968
968
1004
988
1027
1072
1017
1021
915
910
863
843
885
994
1091
1085
1106
1161
1120
1143
1124
1114
1051
1082
1136
1078
1138
1115
1079
1051
1013
1004
981
999
1021
1019
1050
1095
1052
1085
1085
1057
1078
1092
1079
1081
1081
1015
1007
992
942
967
964
946
938
902
900
884
874
867
891
930
984
989
1026
1064
1066
1069
987
973
975
983
995
1018
1005
965
973
970
987
980
911
919
896
897
913
960
1010
1078
1063
1094
1067
1001
988
943
897
880
814
798
782
772
780
805
910
985
976
986
963
916
912
901
938
962
1019
974
948
1002
1037
1041
1051
1032
976
975
978
973
948
955
963
979
946
918
938
941
943
912
917
918
947
993
1020
1022
1078
1103
1079
1025
950
953
936
950
974
961
1013
1067
1088
1124
1155
1141
1146
1133
1113
1070
1085
1085
1056
1005
1027
1059
1025
1058
1071
1051
1088
1083
1047
1061
1055
1039
1070
1067
1074
1089
1114
1055
1060
1054
1034
1053
1039
1000
1013
1007
991
1004
1021
921
936
911
902
886
869
830
826
790
779
791
818
836
854
848
848
818
852
885
904
914
923
915
892
886
916
959
990
905
940
938
935
877
893
874
954
1065
1093
1120
1121
1113
1074
1053
1043
1030
1000
1017
998
1044
1075
1060
1029
971
940
942
938
928
938
953
958
999
1068
1104
1120
1108
1081
1030
1034
1033
1039
1062
1054
1053
1057
1044
1025
1035
1051
1060
1051
1057
1038
1050
1036
1041
1015
1050
1058
1038
1029
1055
1047
1051
1026
1048
1055
1023
1031
1031
998
1017
993
1040
1042
1099
1127
1123
1121
1066
1058
1054
1059
1094
1114
1139
1103
1075
1076
1078
1076
1089
1122
1138
1093
1098
1060
1069
1077