1059
996
960
959
918
905
883
811
855
792
793
796
811
668
967
935
930
895
896
898
900
869
847
847
835
812
792
810
824
847
861
880
896
935
931
894
882
1777
913
935
924
926
923
898
918
933
881
873
849
852
875
916
961
995
985
966
974
984
994
1007
1072
1046
1090
1075
1149
1164
1138
1124
1111
1050
1121
1107
1145
1091
1101
1004
1000
997
971
911
867
875
892
924
945
910
980
1038
1070
1089
1007
1028
1049
1060
1030
1080
1136
1139
1105
1031
1067
1121
1111
1114
1051
1100
1109
1088
1059
1089
1094
1090
1057
1094
1105
1100
1063
1031
1017
1078
1031
2337
1076
1072
1206
1758
928
952
987
1057
1099
1103
1115
1109
1155
1130
1154
1158
1073
1132
1154
1146
1103
1133
1121
1205
1238
1182
1100
1130
1083
1035
979
976
940
979
973
984
1026
995
1028
1024
971
979
989
1018
1045
993
1009
1006
963
957
951
912
940
982
1030
1038
1040
996
1022
1031
1007
964
988
1035
1053
1138
1166
1178
1158
1179
1153
1152
1156
1135
1176
1158
1214
1207
1162
1186
1198
1165
1187
1198
1176
1090
1098
1130
1146
1102
1123
1056
1058
1104
1080
1109
1159
1081
1098
1084
1113
1074
1077
1104
1143
1118
1032
1081
1118
1100
1137
1111
1143
1082
1100
1109
1115
1169
1181
1111
1126
1103
1036
997
1011
1002
1032
1009
1048
999
1021
1005
1012
1040
1060
1030
1094
1074
1074
1055
1050
1068
1113
1113
1115
1027
1020
1029
1055
1045
1012
1067
1104
1036
970
1007
1033
1080
1098
1061
989
965
940
949
979
975
977
979
1001
987
898
909
916
956
961
959
976
947
984
1011
1021
983
944
931
899
902
953
1015
1067
1081
1054
1039
1006
945
965
1012
1076
1063
1003
1029
1035
1034
1018
992
979
939
927
911
946
1010
958
1010
1039
1038
1031
1015
967
975
953
931
945
913
913
961
925
969
957
980
1025
1030
1045
1054
1018
1034
1034
1007
1014
1006
920
924
887
889
884
884
883
856
859
821
795
799
806
847
846
846
888
867
876
885
919
923
957
979
961
1000
987
951
992
1016
998
1023
1049
1074
1104
1068
1105
1101
1093
1105
1075
1086
1023
1065
1068
1038
1018
1058
1040
1011
1058
1063
1021
1056
1041
988
1031
1002
957
902
924
938
1819
896
938
968
947
971
974
953
901
915
933
962
916
907
917
972
1058
990
974
1007
1056
1027
1054
1061
1032
1039
1035
1029
981
934
938
986
1026
1059
1012
1040
1041
1006
1021
1064
1062
942
966
968
1008
1044
1057
977
985
974
993
1014
1021
987
893
924
926
983
1061
1042
948
983
999
1022
1043
1042
1026
962
972
998
991
989
1016
960
1006
1021
1035
1022
978
1005
996
981
998
1063
1081
1044
1095
1080
964
975
988
944
971
1003
1032
1070
1062
1067
1057
997
939
873
900
923
966
1082
1029
1115
1060
1124
1164
1107
1074
1082
1044
1113
1155
1114
1178
1137
1166
1145
1112
1155
1137
1149
1173
1152
1092
1149
1130
1204
1192
1078
1128
1101
1121
1119
1079
998
974
1036
1052
1091
1156
1155
1205
1140
1134
1147
1075
1058
1112
1124
1107
1168
1224
1134
1173
1169
1096
1082
1108
1063
1149
1117
1155
1118
1135
1072
1091
1079
1118
1081
1078
1112
1114
1016
1095
1147
1025
1006
1034
1079
1104
1074
1070
1082
1001
1015
1029
1019
992
917
943
972
1012
1005
931
971
999
1042
1040
960
917
942
974
1033
1041
1008
917
942
944
999
1052
979
980
1009
1045
1087
1099
1099
1073
1042
974
984
1007
1028
1033
1001
1027
991
1031
1063
1059
1044
1054
1045
1018
956
986
1020
1054
974
949
981
1030
1046
994
1000
945
925
946
950
888
914
920
924
927
914
901
853
809
800
858
995
1080
1095
1008
1051
1076
1072
1063
1023
1004
997
988
939
919
973
1021
1039
1039
1021
1051
1047
1015
1005
1015
1027
971
1010
1047
1068
1070
960
971
1029
1036
1056
1085
1095
1127
1084
1108
1147
1161
1148
1184
1168
1187
1143
1170
1160
1146
1155
1141
1152
1150
1096
1143
1112
1024
1065
1041
1096
1079
1126
1129
1115
1136
1120
1137
1128
1108
1142
1143
1132
1090
1087
1126
1113
1104
1131
1092
1127
1104
1113
1111
1110
1115
1045
1050
1074
1056
1073
1117
1110
1113
1118
1108
1090
1105
1079
1122
1141
1145
1133
1154
1159
1128
1153
1142
1124
1165
1143
1085
1035
1063
1116
1143
1142
1117
1072
994
1007
1007
1015
992
1001
959
1002
1039
1067
1084
1054
1086
1072
1098
1088
1021
1054
985
1025
1068
1116
1113
1000
1038
1029
1007
915
921
926
941
959
883
926
940
1005
1052
977
1025
1046
1036
1070
1070
1067
1047
1004
984
980
961
967
960
894
892
884
875
858
843
807
807
835
905
957
985
993
978
928
949
916
902
926
867
897
914
947
998
1008
952
975
984
1003
928
959
983
1009
1049
1037
1023
1015
979
953
956
943
933
912
879
877
885
869
907
958
1003
995
954
975
913
946
970
991
1002
928
975
1025
1073
1101
1087
1059
976
1002
1021
1085
1006
1069
1131
1176
1132
1116
1107
1071
1037
999
1007
1020
1029
1028
1053
1059
935
981
1029
1097
1123
1111
1091
1028
1048
1043
979
979
993
996
978
990
1002
961
979
1004
1024
974
981
1016
1061
1065
1049
1012
1014
1029
1033
1004
1031
1045
1024
1026
1035
1033
1016
964
971
996
1030
1078
1089
1041
974
984
1016
1060
1115
1048
1078
1101
1045
1074
1085
1076
1057
1031
1007
997
1017
1013
1049
1085
1129
1142
1113
1106
1112
1090
1086
1084
1076
1059
1022
1051
1105
1129
1106
1134
1124
1104
1032
1044
1071
1055
1096
1089
1105
1098
1093
1046
1080
1043
1024
1072
1097
1118
1082
1146
1164
1169
1144
1090
1073
1090
1113
1137
1126
1117
1150
1161
1133
1146
1135
1142
1126
1171
1164
1131
1121
1134
1140
1126
1107
1041
1042
1033
990
896
910
907
887
929
894
938
988
1027
1069
1076
1039
1019
1026
1030
999
985
1031
1046
1089
1148
1134
1163
1141
1127
1078
1023
979
990
941
959
963
955
955
951
919
923
932
933
1012
1002
1096
1132
1101
1099
1055
1088
1053
1094
1093
1037
1099
1109
1076
1108
1150
1158
1127
1144
1157
1067
1103
1075
1117
1131
1127
1186
1170
1208
1177
1152
1016
1037
1059
1042
997
1021
1032
977
988
1014
1059
1036
1136
1119
1186
1174
1188
1195
1143
1185
1185
1139
1149
1142
1179
1132
1095
1063
1076
1110
1177
1183
1175
1176
1152
1179
1192
1134
1137
1133
1172
1134
1163
1178
1135
1168
1127
1158
1173
1180
1216
1090
1156
1170
1170
1179
1167
1206
1230
1238
1188
1185
1200
1158
1178
1177
1145
1165
1176
1182
1178
1177
1172
1152
1174
1159
1147
1125
1133
1161
1152
1157
1148
1141
1137
1059
1105
1109
1147
1175
1181
1187
1171
1157
1145
1127
1163
1141
1161
1108
1130
1145
1146
1145
1169
1160
1135
1095
1137
1149
1176
1140
1175
1125
1117
1160
1158
1196
1164
1180
1170
1146
1170
1107
1084
1071
1050
981
972
965
955
940
908
895
900
918
948
995
1038
1065
957
1006
1051
1011
970
979
998
1039
1021
1000
938
946
957
930
950
967
985
1015
948
992
1033
1043
962
1011
1054
1105
1130
1104
1110
1104
1157
1123
1140
1118
1045
1017
1036
1042
1086
1087
1015
996
1013
1028
987
970
971
997
1046
1054
973
981
993
1018
1010
1005
1020
1008
983
988
993
912
934
944
889
955
954
1021
1056
1064
988
1003
1034
1017
1056
1092
1112
1085
1010
1004
1005
1023
1023
1062
1044
1077
1159
1085
1145
1145
1127
1090
1020
1044
1051
997
1036
945
1021
1131
1216
1220
1197
1137
1104
1063
1080
1082
1061
1078
1057
1046
1078
1032
1098
1084
1109
1144
1063
1040
1078
1052
1094
1127
1157
1168
1104
1146
1091
999
1072
1047
1101
1077
1116
1088
1138
1172
1108
1157
1149
1177
1190
1166
1176
1159
1099
1143
1110
1131
1101
1093
1153
1095
1125
1099
1025
1037
1034
997
1022
1049
1038
1027
1018
1046
1090
1091
1141
1149
1104
1103
1140
1100
1154
1140
1097
1130
1100
1141
1175
1096
1129
1109
1117
1106
1090
1048
1043
1031
1024
1058
1047
1080
1103
1060
988
1028
1020
1033
1016
1010
1080
1088
1098
1128
1097
1079
1088
1081
1084
1116
1127
1109
1112
1157
1147
1177
1147
1120
1169
1162
1128
1181
1162
1208
1196
1106
1135
1145
1143
1104
1097
1099
1089
1132
1106
999
1055
1101
1061
1063
1075
1035
1020
1052
1077
1071
1135
1146
1081
1095
1100
1052
1051
1024
977
970
914
943
963
961
1014
1051
1068
1058
1096
1031
1081
1074
1064
1111
1126
1097
1083
1126
1098
1142
1089
1049
1065
1101
1055
1126
1147
1089
1128
1146
1127
1091
1030
1023
1051
1085
1125
1137
1122
1130
1121
1073
1101
1122
1063
1059
1013
997
1015
1032
1047
1039
1006
971
964
970
982
947
932
974
1014
1006
985
950
977
1014
989
1063
1110
1007
1040
1048
1001
925
956
988
1024
1015
1104
1100
1150
1101
1120
1114
1123
1102
1146
1155
1100
1087
965
932
907
855
857
950
1100
1146
1092
1032
1013
1028
991
1070
1083
1099
1087
1081
1143
1131
1131
1061
1082
1092
1050
1104
1132
1103
1160
1132
1156
1185
1138
1150
1157
1112
1148
1106
1156
1131
1097
1125
1061
1058
1048
980
944
972
981
1039
1014
1068
1073
1058
1099
1087
1145
1152
1094
1111
1063
1081
1070
1086
1152
1159
1170
1168
1147
1052
1067
1099
1030
1070
1126
1140
1155
1062
1034
1066
1075
1059
1048
1028
1053
1032
1066
1097
1072
1090
1077
1045
1052
1059
1028
1070
1003
1059
1103
1066
1097
1035
1085
1110
1116
1072
1132
1096
1085
1043
1032
1055
1048
1025
1080
1125
1085
1156
1113
1064
1082
1111
1115
1104
1058
976
996
1013
1031
1035
1014
1042
1032
1060
1095
1142
1136
1188
1239
1251
1215
1163
1180
1141
1145
1149
1132
1172
1155
1170
1133
1167
1137
1175
1175
1132
1167
1150
1188
1128
1187
1183
1214
1172
1180
1148
1169
1212
1169
1193
1143
1135
1134
1109
1129
1131
1130
1143
1101
1122
1101
1072
1068
1075
1117
1078
1119
1142
1177
1179
1112
1154
1130
1155
1131
1165
1169
1151
1210
1174
1222
1245
1236
1241
1249
1212
1247
1226
1220
1227
1118
1161
1169
1112
1119
1131
1065
1122
1137
1107
1127
1146
1119
1131
1142
1144
1204
1159
1200
1173
1201
1134
1154
1145
1126
1115
1053
1085
1045
1025
977
918
966
1002
1058
1069
1001
1021
1017
1007
995
983
936
952
980
987
1013
996
1075
997
1009
1050
1072
1076
1095
1048
1062
1090
1138
1123
1081
1122
1096
1109
1076
1108
1083
1072
1083
1079
1097
1081
1069
1071
1032
1084
1075
1124
1135
1145
1081
1072
1104
1063
1109
1084
1133
1108
1169
1144
1159
1086
1120
1114
1125
1158
1119
1183
1210
1184
1218
1165
1148
1116
1163
1155
1242
1182
1204
1222
1135
1188
1150
1160
1151
1127
1144
1127
1114
1146
1094
1131
1073
1095
1022
950
986
988
960
1021
1033
1061
1109
1103
1140
1143
1118
1154
1117
1146
1162
1106
1134
1177
1200
1145
1183
1133
1195
1123
1142
1177
1152
1135
1163
1110
1056
1049
1044
1037
1025
965
954
941
963
904
936
932
976
953
999
1044
1108
1129
1125
1048
1069
1091
1098
1047
1008
998
1036
1079
1105
1085
992
1014
999
947
991
1030
1043
1053
1006
1018
1026
982
1002
1025
1062
1103
1028
995
1024
1063
1093
993
1021
1041
958
1003
1031
1085
1015
1055
1080
1057
1028
1045
1055
1057
1068
1063
1026
1046
1023
1004
1029
1043
960
977
1007
1067
1116
1112
1078
1031
1030
1060
960
925
963
1011
1048
1055
1086
1082
1017
1014
993
927
947
917
894
901
955
1012
1045
1023
970
963
973
946
970
1012
1130
1191
1172
1133
998
1006
1000
942
949
941
999
1036
1037
959
986
987
994
1016
975
1013
1033
1029
1004
1004
997
999
962
1019
1081
1105
1101
1022
1006
1003
985
1037
1143
1194
1166
1129
1047
1071
1081
1007
1022
1051
1079
1082
1040
1065
1061
1049
1024
1037
1040
1097
1145
1122
1068
1105
1097
1114
1115
1146
1184
1106
1161
1105
1094
1115
1132
1067
1090
1136
1146
1076
1074
1107
1091
1141
1203
1197
1131
1143
1025
1054
1070
1089
1111
1105
1050
1048
1061
1087
1017
1063
1086
1104
1014
1061
1076
1087
1059
1006
1021
1049
1092
1090
1062
1071
1096
1110
1026
1080
1027
1065
1025
1072
1084
1079
1065
994
1023
1034
993
1041
1106
1026
1076
1114
1116
1026
1054
1060
1056
998
1042
1093
1117
1125
1103
1055
1015
1020
1043
1059
1063
1040
995
988
979
1000
1023
995
1050
1058
1012
1024
1035
1032
967
936
978
1029
1081
1107
1146
1151
1107
1132
1141
1156
1143
1094
1099
1059
995
1006
1031
1059
1025
1076
1122
1120
975
1012
1021
1073
1129
1154
1165
1083
1098
1135
1137
1098
1123
1090
1039
951
965
988
1025
1104
1110
1121
1124
1043
996
1006
937
904
868
924
1058
1082
1170
1192
1135
1032
1044
963
1014
994
989
969
922
899
890
862
832
846
849
869
884
875
876
868
900
900
914
943
937
892
929
907
883
889
871
908
931
932
952
1014
1072
996
1036
1040
1053
1045
1045
1042
1001
976
988
923
942
897
942
946
946
962
988
983
1010
1008
1026
1026
1103
1177
1165
1188
1188
1123
1162
1193
1127
1174
1122
1074
979
931
897
936
1071
1079
1005
1027
1037
1009
1037
1074
1099
1172
1218
1209
1240
1234
1200
1240
1241
1202
1244
1255
1220
1211
1261
1263
1156
1166
1119
1116
1072
1072
1082
1083
1146
1105
1117
1151
1109
1123
1153
1135
1155
1123
1154
1129
1153
1161
1157
1153
1136
1158
1131
1138
1140
1157
1172
1141
1151
1169
1149
1118
1131
1155
1136
1172
1134
1098
1009
1053
1053
1014
1082
1069
1102
1021
1003
965
998
975
997
1077
1157
1151
1158
1170
1144
1116
1144
1147
1092
1070
994
1078
1063
1020
973
939
923
919
910
899
874
861
896
938
958
1040
1091
1118
1125
1134
1129
1057
1101
1099
1219
1260
1267
1219
1173
1148
1172
1196
1229
1256
1248
1258
1235
1266
1271
1223
1232
1273
1250
1266
1313
1242
1256
1288
1247
1237
1265
1163
1151
1138
1021
1025
1008
1054
1071
1026
1080
1063
1068
1115
1097
1130
1160
1134
1147
1139
1196
1249
1195
1210
1217
1187
1210
1215
1233
1255
1221
1254
1213
1177
1125
1156
1116
1154
1155
1157
1131
1112
1106
1107
1098
1113
1090
1125
1106
1145
1121
1158
1168
1161
1183
1152
1150
1185
1147
1137
1151
1136
1096
1059
985
1003
971
965
998
992
1044
1068
1098
1063
1103
1091
1092
1156
1146
1225
1186
1222
1173
1207
1165
1211
1155
1184
1127
1148
1152
1106
1138
1094
1096
1116
1157
1202
1205
1177
1158
1137
1101
1068
1086
1037
992
1026
1038
1107
1109
1163
1179
1181
1198
1190
1133
1143
1097
1126
1163
1205
1159
1089
1104
1057
1037
1052
1071
1055
1041
1017
955
943
934
887
918
946
1026
1097
1121
1119
1060
1078
1086
1065
992
980
998
1070
1130
1078
1076
1095
1112
1133
1081
1116
1121
1111
1085
1029
1035
1080
1141
1177
1162
1126
1092
1133
1134
1116
1126
1149
1161
1130
1063
1049
1011
984
1027
1039
1109
1169
1212
1207
1199
1212
1169
1193
1225
1228
1214
1165
1179
1166
1241
1231
1208
1189
1182
1151
1207
1190
1219
1224
1207
1226
1218
1146
1173
1220
1213
1227
1181
1172
1174
1225
1147
1192
1188
1221
1185
1169
1161
1168
1195
1146
1198
1172
1191
1186
1164
1145
1116
1114
1097
1119
1090
1117
1138
1146
1101
1081
1124
1202
1240
1242
1254
1179
1226
1239
1223
1256
1219
1143
1190
1187
1215
1264
1228
1201
1221
1166
1138
1152
1145
1173
1199
1157
1077
1145
1202
1240
1228
1200
1163
1090
1098
1125
1176
1198
1144
1117
1085
1088
1065
1072
1055
969
992
979
1038
1025
1071
1064
1104
1134
1145
1177
1145
1187
1200
1212
1203
1242
1201
1201
1163
1196
1187
1242
1270
1252
1280
1281
1267
1241
1232
1183
1229
1218
1245
1255
1221
1249
1245
1225
1224
1162
1196
1128
1162
1131
1067
1066
983
1017
1032
1002
1046
1084
1107
1118
1159
1137
1152
1111
1104
1148
1151
1111
1168
1144
1143
1104
1040
1052
1061
1107
1160
1142
1124
1134
1133
1169
1195
1158
1211
1186
1181
1163
1203
1154
1124
1157
1143
1184
1120
1171
1126
1192
1163
1188
1214
1169
1193
1157
1182
1206
1182
1209
1161
1200
1153
1127
1097
1109
1110
1157
1174
1165
1183
1130
1099
1011
944
976
993
1005
961
921
908
898
936
980
1048
1031
1104
1123
1169
1184
1158
1057
1119
1146
1174
1136
1146
1141
1144
1092
1020
1024
978
971
958
992
1025
1066
1148
1217
1248
1207
1222
1194
1151
1194
1201
1273
1230
1242
1260
1227
1242
1213
1230
1190
1210
1201
1214
1193
1205
1204
1236
1218
1179
1188
1160
1193
1191
1163
1175
1153
1212
1151
1196
1211
1202
1211
1201
1224
1214
1219
1190
1172
1173
1200
1148
1178
1189
1192
1206
1157
1217
1243
1193
1216
1177
1209
1210
1161
1205
1197
1215
1208
1182
1182
1197
1257
1199
1226
1240
1176
1213
1229
1202
1207
1136
1186
1156
1146
1107
1107
1122
1095
1157
1164
1184
1162
1188
1164
1093
1126
1158
1160
1106
1159
1111
1196
1160
1187
1220
1233
1207
1227
1225
1189
1163
1213
1197
1231
1132
1135
1091
1098
1125
1139
1086
1086
1098
1095
1020
1045
1081
1095
1043
1065
1078
1088
1079
1009
1036
1053
1063
1041
1128
1174
1180
1210
1170
1200
1145
1175
1139
1159
1142
1180
1163
1157
1178
1188
1183
1185
1158
1146
1168
1150
1159
1131
1156
1136
1173
1166
1139
1128
1149
1153
1115
1148
1145
1148
1149
1165
1155
1179
1122
1200
1181
1167
1155
1116
1152
1136
1164
1124
1155
1152
1190
1215
1231
1197
1181
1177
1150
1148
1193
1174
1185
1162
1210
1170
1200
1183
1160
1186
1129
1119
1151
1075
1088
1092
1085
1021
988
990
1000
995
957
890
913
905
1009
1072
1103
1150
1182
1151
1098
1078
1046
1076
1092
1094
1181
1159
1155
1175
1159
1179
1159
1173
1164
1144
1188
1217
1238
1227
1211
1205
1183
1181
1171
1124
1140
1124
1188
1194
1196
1197
1174
1146
1161
1108
1122
1172
1211
1188
1232
1194
1149
1178
1148
1107
1109
1110
1165
1172
1168
1148
1150
1155
1106
1116
1070
1099
1142
1093
1123
1014
1049
999
1002
969
977
986
1016
1021
1060
1084
1108
1120
1142
1179
1202
1178
1209
1177
1190
1154
1168
1151
1100
1105
1127
1107
1064
1079
1130
1134
1116
1115
1141
1133
1125
1098
1124
1151
1153
1181
1163
1186
1176
1164
1176
1166
1195
1169
1196
1204
1220
1197
1200
1177
1127
1127
1182
1174
1217
1229
1136
1151
1123
1081
1108
1104
1092
1139
1120
1129
1157
1130
1169
1197
1134
1149
1135
1102
1124
1108
1119
1110
1058
1049
1055
1014
1056
1041
1044
1051
1005
943
921
961
1005
1058
1076
1068
1105
1088
1091
1109
1110
1152
1147
1167
1205
1187
1177
1172
1134
1130
1123
1064
1039
1061
1036
1103
1104
1041
1059
1052
1063
1084
1072
1033
987
988
981
951
979
1027
1079
1113
1097
1118
1099
1090
1090
1075
1127
1183
1148
1152
1146
1145
1083
1081
1054
1080
1081
1063
1105
1095
1134
1164
1155
1167
1157
1150
1130
1138
1146
1149
1185
1176
1165
1164
1165
1190
1163
1167
1169
1134
1141
1013
1032
1007
1010
983
988
979
986
1021
1027
1072
1101
1098
1152
1193
1108
1047
1059
1091
1118
1026
1056
1082
1065
1047
1039
965
961
944
967
1037
1108
1022
1076
1103
1115
1119
1081
1046
1011
1027
1060
1060
1019
1013
1008
953
926
948
980
1017
1085
1123
1170
1180
1186
1110
1117
1105
1091
1100
1108
1149
1112
1158
1149
1135
1151
1156
1133
1138
1126
1103
1098
1112
1095
1110
1073
1139
1185
1126
1146
1128
1090
1090
1077
1060
1100
1136
1155
1141
1140
1100
1061
1033
1015
1023
1062
1092
1120
1122
1104
1124
1123
1083
1095
1149
1137
1139
1143
1112
1125
1111
1118
1128
1081
1109
1107
1075
1114
1112
1135
1133
1124
1144
1116
1116
1093
985
1021
961
970
978
992
998
1001
959
965
972
957
941
937
951
919
976
1012
1053
1062
1045
985
986
935
924
924
963
996
973
983
999
966
992
1008
937
967
997
1018
1005
997
999
1019
1033
1021
1068
1111
1152
1061
1111
1115
1117
1106
1098
1022
969
952
925
931
984
1041
939
968
974
1012
1059
1065
1049
951
968
966
987
973
965
965
996
1019
979
998
1032
1017
1025
1076
1120
1120
1087
1051
1003
960
951
978
1025
1066
1200
1229
1219
1196
1202
1103
1022
1011
971
928
914
902
884
860
877
880
945
967
958
949
933
911
908
879
852
854
831
824
842
858
895
872
930
1016
1142
1047
1077
1051
1080
1075
1046
1055
980
990
987
996
928
911
896
863
842
921
957
966
930
882
874
818