889
861
827
814
813
819
854
874
878
893
901
917
933
939
945
919
924
898
858
819
790
784
786
794
817
828
820
827
852
842
818
795
818
822
818
799
781
813
813
845
899
864
870
881
898
902
913
888
897
904
854
889
903
906
874
869
896
927
908
904
901
879
911
905
932
951
1065
1045
1009
951
930
919
891
914
897
927
940
977
1030
1035
1015
1029
990
988
946
986
958
970
959
920
910
952
957
998
989
1010
1020
1004
987
965
911
937
968
983
999
952
927
912
909
895
849
857
875
899
953
999
1017
1014
1056
1046
1053
1092
1128
1092
1096
1102
1064
1072
1050
1083
1072
1083
991
941
912
872
895
921
918
963
1019
1069
1064
1098
1139
1124
1105
1129
1104
1139
1164
1130
1106
1101
1098
1090
1113
1114
1130
1140
1140
1123
1056
1043
1011
1045
1069
1094
1038
1033
1009
941
912
878
811
962
1052
1021
1025
1001
979
930
894
865
799
788
775
771
764
822
966
965
959
994
981
1016
985
992
996
972
959
928
922
934
938
895
917
942
936
947
966
923
923
887
881
874
892
909
926
918
890
927
917
963
950
961
949
918
896
903
924
877
971
1013
1022
1021
992
976
936
931
914
905
899
952
987
966
955
924
915
884
843
811
778
758
746
764
780
790
782
816
863
906
909
900
893
881
856
859
887
896
911
926
943
923
918
912
907
891
906
880
912
909
878
876
880
846
823
782
760
743
735
726
759
785
789
799
814
824
817
821
772
854
788
784
813
832
834
826
853
884
893
906
918
879
883
834
824
815
823
894
887
882
878
886
904
929
916
928
884
903
847
888
865
824
781
784
806
818
804
804
800
785
793
770
750
742
745
729
750
820
866
981
975
1000
1022
1006
1008
1015
1011
946
959
968
952
912
940
944
953
904
935
951
960
933
887
826
840
837
809
825
811
854
883
925
960
950
973
1026
1020
1041
1002
963
991
1005
993
1036
1032
1038
1034
961
933
982
959
985
962
1000
1050
1034
1094
1030
1040
1060
1004
1036
1017
1033
1051
1030
1058
1029
1045
1046
1000
1042
1053
1028
1085
1104
1061
1067
1034
1075
1057
1066
1091
1037
1084
1025
1036
1020
1020
1045
1020
1037
1072
1045
1042
1054
1010
1005
991
952
962
965
935
939
922
920
890
897
890
893
925
960
962
938
962
953
979
992
1030
1015
1011
954
936
933
958
996
1014
996
999
945
996
995
918
998
947
967
941
930
907
910
902
883
856
860
824
869
886
888
953
1007
1010
983
1031
1052
1063
989
986
1004
1000
978
977
987
1024
1009
1057
1103
1093
1020
1033
993
985
987
992
997
987
952
912
929
946
988
963
995
984
969
982
995
996
964
955
965
916
878
937
1027
1054
1101
1086
1051
1068
1069
1005
974
981
955
952
918
885
882
863
871
892
896
894
900
887
920
939
938
980
977
999
988
997
1033
1037
1069
1085
1075
1036
1058
1002
1034
979
1041
1082
1104
1140
1096
1085
1069
1057
1046
1045
1046
961
994
991
1020
1041
1012
1011
1033
1000
1007
1017
1038
1051
1040
951
998
1005
1033
1071
1012
1047
1022
963
944
938
929
925
934
947
971
979
946
951
931
968
1017
1039
1088
1056
1082
1031
1062
1074
1096
1136
1124
1125
1079
1094
1123
1110
1071
1089
1055
1057
1036
1038
998
1024
1034
1022
1042
1046
1038
1060
1047
1045
1035
1025
1032
991
992
986
973
979
1013
990
975
960
940
908
892
903
917
948
960
1014
1003
1024
986
962
975
949
986
986
1052
1035
1062
1070
1064
1075
1081
1059
1080
1075
1072
1087
1040
1057
1022
1027
1001
999
979
1005
994
996
990
1023
1002
1032
1056
1042
1009
1023
1013
1009
1044
1044
1069
1087
1068
1074
1048
1041
1079
1084
1097
1098
1040
1045
1021
1043
1037
1083
1067
1057
1083
1043
1070
1034
1030
1029
967
1018
1024
1027
1065
1066
1028
1062
1042
1032
1039
1050
1073
1057
1092
1066
1061
1024
1013
1021
986
1007
1016
1022
1010
1004
1033
1009
1041
1043
1049
1045
991
1004
1026
1051
1071
1061
1065
1057
1025
963
957
927
978
1012
1032
1037
1024
988
999
935
954
989
1018
1040
1055
1055
1040
1012
972
923
938
960
1016
999
1022
990
969
1002
1021
1031
1086
1117
1065
1095
1066
1060
1081
1050
1079
1089
1065
1077
1049
973
996
965
1006
1009
1012
1025
1012
1002
1002
1001
1015
1059
1080
1065
1071
1054
1084
1067
1096
1076
1072
1071
1062
1056
1047
1033
1037
1073
1106
1116
1123
1142
1114
1131
1100
1130
1105
1146
1124
1157
1119
1156
1116
1148
1112
1127
1090
1057
1047
1021
1078
1064
1067
1069
1088
1072
1021
1023
1014
1050
1057
1049
1055
1015
996
950
919
899
855
850
822
833
855
874
935
909
945
980
987
1026
1050
1044
1049
1073
1074
1045
1062
1044
1084
1089
1072
1083
1116
1091
1058
1017
964
961
957
996
1044
1014
980
988
1009
975
949
930
898
818
822
817
872
907
910
887
881
884
898
896
897
881
845
839
878
906
949
990
960
919
884
835
802
798
834
868
834
874
910
951
1000
968
946
972
1023
1088
1123
1109
1031
1045
1027
1008
944
858
840
824
875
1055
1042
1003
1003
935
939
939
961
929
979
1037
1065
1053
1006
918
888
867
850
882
902
902
880
865
861
821
781
798
845
967
1096
1162
1140
1172
1157
1125
1098
1084
1065
1075
1059
1063
1064
1052
1070
1048
1047
1013
1031
1060
1106
1091
1082
1051
966
938
953
988
1028
1023
1058
1058
1012
1019
1021
1042
1022
1014
1001
1025
1047
986
982
1007
974
978
937
957
968
922
933
931
933
962
973
1013
1040
1035
1016
1004
1027
1052
1060
1046
1020
1014
976
943
922
910
921
905
932
948
950
973
961
998
1022
1022
1075
1063
1090
1077
1087
1066
1080
1048
1051
1061
1051
1060
1032
1054
1026
1059
1047
1035
1075
1104
1094
1082
1096
1074
1032
1024
1024
987
1000
1001
1004
1000
1008
999
995
986
991
1003
1003
944
954
946
916
852
819
807
825
839
813
811
777
799
785
791
811
777
795
808
825
844
854
858
821
820
827
849
894
918
970
948
952
938
941
927
958
1000
988
1040
969
975
986
991
990
985
970
912
901
865
857
871
895
908
896
862
860
857
859
852
867
876
915
934
906
924
919
908
915
935
952
965
955
922
914
896
894
896
864
800
799
801
857
922
950
940
918
916
846
868
847
895
952
986
919
944
932
913
856
842
820
812
865
894
942
963
963
927
921
905
907
913
889
877
881
883
897
937
955
959
943
890
869
820
775
812
875
889
938
996
996
932
943
936
896
896
893
849
876
881
891
905
911
908
878
849
807
827
844
989
981
974
998
1002
985
958
897
896
891
896
895
911
931
948
960
940
938
938
954
887
877
885
938
985
973
979
988
944
956
969
975
972
949
926
918
916
923
958
986
972
991
983
887
872
884
901
1017
999
955
973
973
965
948
891
875
887
894
942
967
922
944
901
917
918
925
884
913
919
937
944
924
932
929
950
957
958
937
935
911
951
988
1041
977
1016
1018
967
1002
976
975
981
951
909
887
859
829
761
761
796
805
899
905
973
1000
1027
1055
1007
1033
1009
978
907
906
890
909
971
1004
991
947
947
936
905
926
931
899
929
945
954
949
935
924
920
919
856
873
881
957
1054
1076
1055
949
967
963
960
949
918
912
906
901
863
876
838
858
811
813
806
861
891
933
940
887
898
885
870
877
889
843
851
864
866
904
919
936
948
889
931
952
962
965
902
918
925
913
934
961
977
975
979
998
1006
1002
982
958
945
907
892
907
949
913
942
952
924
957
944
915
852
855
848
847
902
945
992
1011
945
943
928
886
860
814
792
751
792
862
1004
965
1020
1025
987
965
938
914
887
841
827
787
752
776
775
751
801
814
815
791
753
776
772
833
865
836
861
880
901
900
865
830
854
864
876
936
978
974
1004
974
1014
963
893
864
844
782
769
786
1036
984
1002
1031
1010
1007
1006
1001
1027
997
1003
1007
1013
1060
1030
972
965
948
986
983
1015
1042
1054
1070
1067
1111
1096
1098
1098
1046
1022
974
987
941
913
932
946
976
1018
1049
1033
1042
1042
1008
1036
1022
1047
1031
1044
1071
1036
1065
1061
1081
1087
1055
1079
1038
1063
1065
1065
1047
976
1010
987
999
1032
1019
1037
992
1022
1016
1051
1079
1055
1063
996
1010
951
977
1003
1008
1052
1033
1030
1044
1047
1060
1050
1056
1044
1038
1052
1025
1068
1045
1046
1063
1039
1054
1024
1005
975
935
893
897
868
871
854
831
820
849
829
837
866
874
903
953
1005
992
1019
1035
999
1008
1039
1050
1023
1050
1065
1085
1072
1096
1067
1069
1020
1001
1040
1079
1105
1025
1054
1036
1061
1070
1115
1140
1117
1116
1090
1073
1073
1061
1067
1104
1132
1087
1108
1088
1055
1031
979
988
1043
1070
1108
1146
1103
1106
1097
1050
1039
982
998
954
1003
982
1024
1008
1055
1015
1063
1037
1039
1021
1021
1002
1016
1028
1005
1042
1085
1104
1094
1065
1102
1101
1073
1041
1074
1092
1080
1100
1130
1106
1053
1063
1080
1087
1064
1107
1118
1078
1057
1092
1126
1090
1068
1092
1122
1145
1113
1140
1154
1149
1185
1145
1147
1123
1144
1166
1168
1176
1078
1080
1044
1040
1034
1083
1100
1117
1126
1142
1170
1155
1174
1161
1179
1203
1212
1209
1196
1162
1171
1137
1167
1177
1171
1183
1116
1157
1174
1097
1140
1159
1107
1135
1155
1102
1150
1177
1172
1215
1159
1162
1121
1148
1152
1056
1055
970
1018
1020
1012
1020
1001
1008
997
963
943
931
900
832
813
794
798
782
770
771
765
760
738
737
717
706
723
721
893
1076
1075
1074
1036
1010
989
939
861
819
821
813
813
932
993
1021
1057
1071
1135
1116
1140
1118
1083
1113
1106
1101
1128
1107
1112
1114
1073
1109
1127
1161
1183
1143
1175
1194
1140
1162
1133
1142
1188
1117
1134
1113
1145
1150
1182
1149
1187
1172
1177
1166
1181
1168
1148
1161
1118
1093
1120
1092
1151
1050
1101
1129
1168
1158
1071
1095
1047
1025
1028
1011
1007
988
926
919
862
833
874
904
999
934
966
1030
1033
1082
1090
1016
1005
981
976
1005
1027
1073
1068
1065
1026
1032
1037
1055
1037
1065
1063
1040
994
1010
1024
980
1004
1005
1005
1025
1032
1015
1012
972
980
1009
1026
1015
950
953
900
879
903
974
1000
1039
1084
1128
1100
1104
1105
1110
1086
1106
1101
1115
1091
1071
1087
1102
1100
1084
1001
1009
1014
1015
990
965
944
882
893
914
1087
1101
1140
1156
1184
1153
1089
1046
970
966
938
986
1014
990
1008
1046
1054
1098
1111
1082
1108
1105
1107
1092
1125
1091
1097
1073
1102
1122
1078
1060
1084
1070
1081
1027
1048
1052
1104
1116
1126
1136
1106
1113
1092
1083
1090
1053
1093
1102
1099
1109
1076
1102
1115
1068
1091
1047
1084
1088
1100
1080
1109
1094
1109
1105
1092
1085
1032
1033
999
1036
1030
1078
1079
1128
1106
1137
1114
1112
1120
1104
1101
1108
1099
1086
1094
1106
1099
1109
1126
1116
1111
1101
1112
1099
1096
1101
1137
1139
1186
1165
1156
1151
1138
1126
1126
1108
1137
1157
1154
1133
1154
1130
1132
1115
1124
1099
1115
1169
1115
1143
1122
1102
1096
1083
1044
1047
982
990
990
1069
1096
1086
1084
1082
1075
1047
1059
1036
1042
1044
1049
1042
1067
1054
1081
1076
1067
1100
1024
1049
1028
1027
1071
1070
1071
1044
1062
1060
1058
1021
1010
1012
1009
1037
1019
1054
1024
1054
1026
1055
1058
1030
1058
1073
1080
1108
1085
1088
1077
1082
1095
1042
1072
1040
1083
1060
1034
1069
1047
1038
1038
1045
1031
1019
1010
976
982
972
954
901
887
825
828
833
840
808
800
777
750
743
747
780
847
864
909
926
931
944
948
944
973
997
1012
1047
1066
1065
1076
1052
1078
1068
1066
1050
1058
1034
1023
1028
1008
1045
1084
1092
1079
1043
1030
1018
1022
1038
1044
1066
1086
1084
1091
1071
1071
1062
1048
1057
1079
1098
1090
1051
1070
1072
1078
1056
1061
1098
1113
1141
1126
1133
1110
1094
1083
1088
1074
1077
1093
1106
1143
1118
1121
1110
1095
1116
1091
1092
1108
1063
1078
1095
1122
1067
1074
1103
1058
1081
1080
1052
1082
1070
1022
1008
1022
1057
1057
1053
1081
1080
1078
1089
1070
1085
1069
1078
1078
1092
1083
1098
1134
1150
1146
1188
1150
1170
1146
1117
1139
1084
1122
1065
1052
1099
1070
1116
1107
1097
1104
1063
1098
1090
1081
1115
1099
1120
1130
1086
1102
1128
1083
1125
1138
1111
1136
1102
1113
1098
1085
1117
1104
1101
1114
1049
997
1002
1003
992
980
996
979
997
1030
1053
1031
1055
1049
1047
1052
1039
1036
1062
1037
1060
1090
1069
1099
1081
1085
1094
1068
1088
1045
1048
1032
1041
1050
1050
1060
1072
1058
1046
1007
954
962
974
965
1007
1032
1029
1047
1033
1032
1049
1050
1081
1082
1101
1099
1106
1084
1107
1101
1075
1104
1131
1107
1132
1063
1041
1052
1040
1063
1022
1053
1030
1054
1049
1026
1059
1059
1066
1085
1066
1105
1089
1109
1074
1041
1063
1060
1033
1090
1119
1079
1103
1015
1022
1003
952
939
892
870
868
824
866
844
888
915
912
938
967
972
985
983
993
988
992
1011
1004
1035
1035
1034
1006
1008
972
921
918
916
938
950
955
961
980
996
1003
1031
1037
1042
1039
1029
1045
1008
1014
1009
1034
1017
1043
1053
1059
1056
1073
1059
1038
1040
1053
1038
1057
1026
1021
1017
1004
1021
1010
1023
985
998
1010
1030
1069
1087
1097
1079
1064
1037
1043
1042
1043
1047
1026
1020
983
965
959
958
952
955
957
943
929
930
908
908
893
873
901
913
933
928
931
947
969
988
1017
1000
1014
1005
997
1012
1009
1023
1039
1025
1048
1044
1040
1030
1013
1004
992
1004
994
1009
1024
1032
1030
1040
1029
1019
1031
1027
1051
1052
1062
1044
1058
1039
1043
1037
984
997
938
932
911
903
930
919
938
957
946
966
978
964
987
974
993
1021
1012
1048
1066
1115
1106
1097
1099
1075
1078
1063
1079
1107
1131
1149
1128
1086
1095
1107
1098
1070
1092
1104
1073
1108
1125
1112
1141
1126
1134
1157
1122
1142
1077
1111
1137
1105
1140
1167
1109
1122
1090
1045
1103
1151
1135
1162
1151
1143
1134
1104
1136
1104
1139
1108
1125
1134
1097
1124
1094
1089
1114
1075
1087
1105
1084
1105
1136
1101
1149
1126
1128
1151
1101
1123
1038
1051
1030
959
938
889
846
863
849
882
894
895
934
910
935
919
951
979
1011
1050
1075
1047
1085
1090
1063
1083
1057
1082
1093
1070
1074
1081
1062
1098
1118
1124
1117
1134
1104
1102
1139
1117
1170
1126
1104
1142
1093
1105
1115
1072
1100
1063
1098
1094
1098
1140
1093
1116
1138
1101
1126
1119
1127
1152
1132
1129
1122
1141
1116
1143
1093
1127
1089
1124
1094
1137
1100
1133
1089
1122
1079
1047
1030
1003
1016
971
1022
1037
1020
1031
987
990
936
935
910
885
902
890
916
938
939
973
967
1013
1010
1008
1036
1000
1027
1051
1042
1062
1050
1078
1100
1061
1085
1069
1079
1089
1063
1089
1052
1068
1087
1044
1072
1033
1056
1061
1024
1080
1036
1057
1069
1027
1028
1004
1021
1048
1027
1063
1060
1106
1147
1063
1092
1045
999
1016
1063
1074
1167
1129
1121
1136
1097
1120
1124
1076
1088
1082
1072
1097
1089
1095
1110
1082
1114
1080
1077
1041
1034
984
1003
998
996
1002
977
992
971
998
1033
1004
1039
1060
1031
1062
1060
1040
1069
1082
1037
1043
1015
1041
1063
1047
1099
1084
1104
1094
1062
1067
1013
972
980
989
1054
1136
1112
1100
1122
1070
1069
1023
1000
1011
980
987
999
968
991
1005
976
1021
1002
1025
1060
1027
1054
1027
1018
1009
997
1015
990
1042
1041
1039
1057
1032
1070
1068
1062
1076
1023
1025
1005
985
1036
1118
1069
1096
1088
1026
1040
1021
995
1022
940
987
1000
950
930
1033
1064
1074
997
1013
974
927
907
894
866
850
827
824
832
840
858
881
932
963
890
899
882
864
859
859
852
843
827
802
800
807
826
820
822
823
808
813
795
859
916
1029
1040
1010
1027
1040
1039
977
941
896
913
913
916
973
1020
1007
1038
1067
1072
1069
1054
939
956
959
966
902
915
938
942
979
1000
1008
969
976
918
932
953
979
987
963
990
1006
1007
1012
955
979
998
1044
1072
1074
1040
962
963
952
905
915
943
979
989
974
965
964
954
940
981
1016
1065
1100
1083
983
968
940
937
962
994
1021
1023
1002
960
944
923
912
915
926
930
968
978
946
931
877
873
884
905
951
925
938
935
956
976
979
970
938
922
903
917
950
969
920
947
939
930
909
854
873
818
893
963
1020
1015
986
938
938
903
916
915
919
924
938
991
1021
1013
1006
1017
971
1001
1014
986
1007
944
974
994
1031
1028
997
1010
1032
1013
1013
1019
1029
991
1002
998
978
952
904
903
910
904
957
996
1025
1033
997
956
953
934
890
847
862
897
982
978
1024
1017
997
980
969
955
929
891
847
813
776
765
786
1003
1104
1137
1150
1132
1108
1084
1037
1031
1005
970
938
897
867
849
825
854
860
865
896
928
939
984
1001
979
1002
1012
991
1001
1032
1097
1112
1100
1117
1131
1108
1106
1068
1058
1070
1072
1027
1043
1021
996
1025
1010
1031
1023
1038
1034
1012
1019
1039
1065
1071
1083
1071
1081
1079
1106
1098
1101
1077
1092
1064
1084
1091
1076
1103
1123
1098
1123
1118
1107
1131
1078
1108
1089
1105
1101
1119
1121
1135
1092
1024
1010
989
978
934
904
873
831
793
796
784
758
774
765
763
751
757
754
723
727
727
716
724
729
762
807
969
950
1039
999
1043
1046
1080
1065
1070
1059
1019
1011
996
979
1005
1017
1015
1059
1046
1039
1016
1050
1082
1029
1049
1060
1034
1040
1025
1021
992
949
948
955
942
974
996
1007
1006
1002
1015
1065
1065
1111
1023
1061
1062
1075
1072
994
997
995
986
938
949
951
969
979
956
984
1008
1022
1029
1084
1080
1138
1130
1159
1113
1060
1068
1025
1054
1061
1024
1044
1065
1044
1071
1024
1045
1034
1021
1023
1028
1036
1056
1009
1026
981
1005
943
966
962
972
1000
1011
1034
1015
1053
1014
1051
1008
1023
998
976
977
972
1024
1029
1057
1067
1047
1050
1043
1029
1024
1009
1020
1033
1015
1017
1012
1001
1034
1073
1043
1058
1042
1027
1028
1019
1009
1002
1002
1010
1002
1041
1042
1071
1052
1065
1032
1048
1004
1015
1010
1013
1023
1055
1029
1000
1047
1072
1116
1079
1037
1026
1012
990
980
960
937
926
898
894
900
918
945
979
975
986
954
987
998
1003
1021
1016
997
1010
978
997
974
1019
1036
1057
1079
1072
1029
1040
1031
1022
1002
992
998
980
1012
1047
1010
1040
1023
1049
986
988
975
961
922
953
955
930
964
964
978
998
976
979
938
896
883
862
840
875
875
863
819
831
820
834
839
855
861
856
881
884
940
980
1031
1036
1022
1058
1063
1068
1064
1071
1032
1059
1030
1063
1059
1058
1036
1033
1038
1034
1060
1046
1081
1066
1004
993
953
933
931
935
895
866
862
825
802
777
742
748
732
716
723
719
703
724
745
785
808
866
916
941
930
925
907
932
972
1008
1057
1081
1064
1078
1068
1059
1072
1037
1048
1050
1040
1020
1029
1032
1010
1026
988
997
1006
1004
1021
985
991
1008
1017
1002
981
924
891
866
892
932
963
988
1027
1021
1037
1019
1034
1037
1016
1037
1065
1054
1073
1034
1032
1009
1026
1050
1079
1063
1056
1062
1028
1016
988
1001
995
1013
1023
1035
1055
1053
1007
1021
972
983
991
959
971
977
994
998
1003
996
1009
987
1002
1023
1010
1009
1018
1021
1002
1021
993
1001
1006
1012
1009
1014
1011
1021
1012
983
981
956
913
922
935
938
963
994
974
964
974
955
944
930
897
915
919
906
940
965
937
965
980
947
962
976
973
967
994
1008
980
979
981
950
950
895
904
860
819
772
785
765
818
824
895
915
938
940
933
909
908
916
879
913
910
892
934
902
901
948
924
980
993
947
975
996
1005
1011
997
940
869
877
865
884
880
962
1021
1032
1022
999
915
928
878
857
890
933
920
977
969
985
1023
1052
1057
1049
973
992
964
969
983
967
1001
1016
981
1033
1014
1021
1051
1028
1072
1011
1033
964
942
952
937
986
992
1031
1053
1037
1060
1044
1046
998
993
1000
1018
1024
992
1008
1021
1030
1035
1071
1089
1050
1068
1008
1053
1098
1099
1101
1119
1132
1131
1109
1106
1095
1099
1124
1169
1186
1139
1121
1119
1087
1110
1072
1122
1125
1151
1134
1131
1109
1049
1067
1038
1097
1014
998
950
992
1008
1019
1016
1010
984
978
948
927
905
915
914
882
895
892
939
969
999
1013
1044
1019
1047
1030
1025
1034
1011
993
1007
985
1018
1033
1050
1054
1006
1014
983
1020
1033
1043
1064
1088
1057
1067
1065
1044
1051
1063
1008
1063
1012
1057
1079
1075
1094
1041
1038
1015
1031
1017
1048
1042
1041
1089
1038
1066
1042
1067
1031
1043
1058
1057
936
930
952
966
904
941
935
956
970
976
973
950
919
861
858
868
923
966
996
997
983
1007
1027
1039
1008
980
970
985
955
968
990
1013
938
938
927
959
944
985
1017
1048
990
1046
1018
1037
1062
1090
1130
1036
1068
1074
1064
1033
1007
986
959
939
951
997
1034
991
1001
1004
929
932
900
890
919
944
1007
1037
1024
1005
1012
1016
962
955
969
1000
1032
1051
1024
1050
1046
1055
1049
1054
1086
1132
1081
1096
1075
1084
1049
1062
1067
998
1035
1053
1015
1073
1087
1081
1096
1066
1064
1054
1066
1065
1072
1075
1050
988
1018
1006
1033
978
1008
1016
998
1039
1017
1038
961
941
923
936
959
1000
1018
1039
1009
993
1003
979
977
953
1006
994
1037
1030
1005
1025
1030
1004
1029
1026
997
975
930
938
902
946
935
948
955
936
985
982
996
992
1016
1037
1046
1029
1029
974
993
966
985
998
981
1046
1018
1047
1025
959
996
995
971
1012
996
1031
1021
1044
1053
1035
1057
1017
1043
1012
1028
1047
1009
1053
1056
1013
1012
960
963
955
954
991
1020
1049
1033
1065
1029
1058
1034
1049
1028
1045
1033
1017
1028
1023
1039
993
1030
1025
1062
1068
1092
1048
1062
1022
1021
1010
1034
1011
1063
1037
1088
1059
1078
992
1025
1006
977
979
900
906
881
872
829
800
789
799
815
869
884
890
888
877
840
838
833
855
904
878
891
866
885
907
915
916
906
914
907
871
882
882
940
911
896
908
909
908
901
870
873
896
946
1001
977
1020
1043
1019
1009
957
942
920
858
868
863
897
960
935
954
963
973
986
966
920
925
909
904
916
921
929
898
908
925
901
927
970
1013
1010
979
968
964
960
961
944
943
936
938
946
956
920
939
940
974
987
993
966
945
879
881
838
836
866
888
884
829
838
809
835
922
1022
974
955
976
974
981
989
983
910
929
930
909
872
863
911
959
1028
1021
1072
1040
1094
1078
1021
1040
1013
1017
1032