926
878
850
909
965
982
971
1017
1037
999
1005
1039
1064
1056
981
995
1005
982
937
937
932
910
947
950
982
1018
995
1012
1010
959
922
893
897
885
942
992
1009
1028
1008
992
1005
1017
1018
1008
948
930
946
916
910
884
868
890
903
915
930
926
939
961
967
944
967
932
920
945
969
961
949
899
907
868
874
903
922
1059
1049
1097
1077
1061
1061
1085
1053
1013
994
942
913
904
890
936
954
949
951
961
1004
1022
1033
1021
1020
1034
985
1003
1004
991
953
945
980
994
989
1010
984
940
936
976
979
1032
1051
1063
1016
1025
1025
1003
1035
1063
1113
1098
1104
1140
1121
1134
1112
1117
1146
1086
1133
1121
1117
1082
1019
974
949
942
914
934
912
921
930
975
995
987
1000
953
954
953
1004
1021
1044
1071
1082
1064
1111
1101
1138
1103
1134
1139
1132
1137
1089
1093
1117
1104
1083
1017
1005
980
1008
1089
1076
1095
1031
995
999
1052
1100
1149
1078
1102
1064
1104
1092
1142
1166
1190
1179
1137
1115
1123
1101
1112
1127
1116
1098
1104
1105
1066
1057
1105
1114
1143
1096
992
1006
967
963
1006
1020
1019
1041
1067
1060
1036
960
976
979
1030
1054
1057
1043
951
987
1014
1036
1068
1046
1020
988
976
927
935
928
1000
1070
979
1011
994
956
959
966
968
956
920
915
908
908
948
923
958
988
990
988
935
939
936
910
938
949
996
1056
1044
1042
1079
1041
1078
979
1008
986
1000
938
985
1008
1014
1071
1075
1084
1047
1045
1024
1036
998
995
953
971
958
987
1007
1016
993
1009
1019
1024
1010
1024
1024
1000
973
954
938
918
914
906
928
975
1030
1004
1046
1040
1045
1040
1046
1045
1003
1024
1016
1019
1023
1010
994
989
989
956
980
981
1024
1042
1104
1060
1098
1103
1050
1059
1071
1077
1060
1086
1103
1026
1021
1043
1036
1046
1078
1075
1104
1108
1068
1117
1139
1150
1174
1165
1113
1098
1130
1094
1077
1123
1100
1092
1122
1146
1106
1130
1089
1122
1084
1116
1062
1069
1082
1060
1078
1048
1072
1057
1041
993
948
959
979
1068
1101
1089
1061
1023
954
948
896
863
847
969
1053
997
1013
1000
984
918
925
868
905
970
1005
1008
983
998
978
1018
1021
1016
1058
1081
1093
1060
1001
997
1004
997
1002
1014
992
1001
949
913
933
918
946
973
963
1010
1029
1023
1034
1037
1059
1022
987
1032
999
941
989
994
951
972
967
980
978
915
936
944
966
916
953
960
989
1010
1011
985
930
941
948
929
965
993
1012
1038
988
988
985
968
923
899
860
855
920
988
956
995
1055
1086
1053
1036
999
991
993
987
998
979
968
979
1026
1055
1055
1048
1019
954
968
987
990
993
931
948
931
915
882
829
835
841
908
868
902
962
1013
1001
982
961
938
897
893
863
928
976
992
964
1019
1017
1037
1033
1067
1093
1039
1076
1072
1101
1106
1093
1051
942
968
965
928
960
1053
1136
1117
1083
1020
1033
996
997
1049
1087
1139
1100
1108
1118
1130
1099
1029
1048
1043
1024
960
979
987
1004
987
987
986
956
931
958
941
938
986
1062
1049
1078
1035
1068
1029
1051
1041
1012
991
936
879
847
815
847
857
896
1045
1065
1136
1111
1152
1035
1066
1048
1006
1021
1013
1055
1079
1062
1063
1023
1067
1129
1113
985
1013
1016
1033
1052
1056
1004
1021
981
1005
968
1058
1067
1096
1068
1059
1041
1002
1000
1000
961
1008
994
1048
1029
1045
1095
1106
1044
1072
1024
1050
1026
1046
978
962
977
964
954
968
970
954
999
1079
1069
1126
1094
1066
1002
1015
990
1014
952
998
1051
1047
1048
1009
1034
986
1030
1062
1088
1033
1030
1003
1027
1023
1057
1055
1036
1093
1120
1119
1000
937
951
926
955
984
963
993
907
945
977
1071
1114
1021
1054
1115
1123
1117
1063
1020
1034
1023
991
942
907
893
873
876
847
866
909
949
949
936
898
881
886
880
902
984
992
966
989
1002
960
989
1008
1019
1034
1080
1043
1037
1036
1006
1034
1059
1086
1008
1029
1002
983
1005
1023
983
1017
1063
1083
1039
1048
1063
1113
1091
1001
1034
995
948
955
947
955
976
935
953
906
917
899
883
866
919
973
979
938
934
927
878
907
986
1116
1148
1087
1010
1045
1083
1003
1035
1077
1066
1050
1029
968
929
934
909
957
1068
1082
1097
1071
995
1067
1129
1172
1161
1115
1073
1022
986
976
958
964
948
944
939
985
1012
1030
1061
1062
1067
1064
1036
1064
1045
1074
1072
1079
1032
1096
1119
1081
1129
1147
1104
1150
1165
1128
1168
1188
1145
1177
1176
1153
1197
1151
1156
1165
1147
1228
1146
1172
1200
1156
1033
1067
1061
1039
1093
1156
1193
1134
591
1148
1014
1043
1046
978
1033
1084
1094
1014
1016
1011
994
975
947
957
986
1003
1018
1026
986
1022
1024
957
1022
1025
1061
1105
1123
1115
1098
1121
1080
1081
1099
1145
1168
1162
1091
1054
1050
1076
1143
1166
1185
1168
1105
1137
1126
1103
1098
1158
1138
1060
1069
1040
1043
1034
1023
1043
1087
1065
1068
1083
1057
1119
1037
1095
1120
1046
1091
1049
1064
1101
1005
1026
1044
1014
1057
1067
1073
1094
1053
1117
1093
1120
1062
1103
1118
1106
1116
1135
1143
1135
1132
1143
1132
1041
1038
1019
1029
1075
1088
1162
1204
1106
1126
1074
1083
1019
950
959
982
1063
1203
1242
1186
1131
1022
1056
1090
1026
1038
1089
1102
1042
1062
1014
984
945
954
943
980
988
973
1058
1107
1095
1138
1134
1122
1144
1121
1104
1065
1066
1067
1106
1104
1091
1050
1073
996
938
924
899
975
1037
965
1004
1021
1031
1002
1024
1006
1062
1112
1123
1017
1053
1085
1051
1076
1082
1067
1012
1042
1081
1116
1101
1067
1038
980
973
972
976
976
968
974
975
905
861
842
864
1155
1087
969
1019
1024
1040
1049
1099
1078
1114
1060
1080
996
1014
1000
971
948
917
919
905
980
981
992
946
931
927
961
987
1064
1108
1118
1113
1056
1093
1103
1074
1036
963
979
980
1087
1145
1147
1103
1011
1049
1050
1033
1003
947
953
971
970
1020
1060
1089
1078
1063
1056
1108
1122
1099
1050
979
992
959
964
937
929
932
933
964
1006
1079
1116
1101
1146
1057
1063
1075
1058
1001
989
959
917
939
914
915
938
1040
1068
1058
987
1016
1003
1004
959
971
971
939
888
896
857
860
901
1035
1019
1134
1137
1032
1058
1011
1013
1022
975
999
1030
1019
996
1027
1055
1048
1025
973
924
871
866
937
999
1012
1055
1060
1013
1034
1021
1063
1039
1024
1012
1022
1049
1059
1053
1026
1061
1059
1073
1101
1117
1121
1116
1065
1088
1056
1037
1050
1079
1073
1097
1042
1016
1042
1051
1054
1025
970
982
1001
1023
978
957
947
991
1004
1023
1058
1028
1083
1085
1126
1125
1150
1159
1120
1154
1081
1112
1094
1107
1079
964
981
987
1046
1062
1120
1150
1056
1016
1062
1095
1123
1104
1016
1051
1064
1011
1050
1098
1076
1107
1080
1143
1100
1126
1170
1131
1127
1114
1080
1029
1026
1006
1059
1082
1100
1091
997
979
964
943
952
959
978
969
951
1040
1056
1075
1146
1163
1097
1158
1136
1164
1114
1094
1109
1077
1021
1019
1030
1012
1067
1109
1123
1058
1004
969
994
1009
1089
1052
1055
1084
1070
1133
1099
1094
1080
1084
1019
1016
995
1015
1021
970
1042
1042
1109
1154
1149
1087
1063
1013
970
991
1007
1042
1050
1107
1117
1134
1118
1131
1146
1140
1121
1025
1068
1041
1098
1139
1135
1148
1133
1110
1107
1137
1097
1126
1040
1039
1067
985
962
959
990
1054
974
1014
969
970
1008
975
1002
1040
1080
1077
1069
966
973
968
986
1024
1042
996
1008
1021
1005
968
959
984
1068
1111
1130
1021
1067
1082
1086
1046
1032
1033
973
996
1024
1101
1072
1125
1149
1156
1065
1075
1053
1041
1053
1043
950
978
1032
1074
1023
1069
1108
1108
1005
1032
1021
1014
957
977
961
928
969
1054
1019
1106
1128
1133
1121
1090
1060
1000
1005
963
994
1037
1056
1060
1019
1036
984
916
941
961
1036
1029
1033
1057
1029
1030
1009
994
977
955
936
900
867
835
893
1021
1057
1164
1172
1154
1061
1072
1077
1034
1018
1027
1055
1011
1019
1020
1021
981
1003
1034
1064
1071
1067
1030
1050
1003
1050
1093
1105
1093
1067
1009
1036
999
1035
1048
1067
1109
1019
1007
976
993
959
977
987
987
1013
1011
1023
1062
1086
1070
1099
1083
1099
1057
1066
1095
1060
1079
1073
1061
1083
1084
1079
1093
1074
960
958
920
855
856
1002
1016
1015
963
955
989
994
1005
1036
1054
1064
1092
1095
1108
1125
1080
1087
1112
1104
1070
1101
1107
603
519
1116
1087
1094
1072
1039
1025
1049
1074
1075
1056
1021
1031
1065
1115
1119
1153
1103
1008
1014
1038
1045
1029
1020
1019
1040
1042
1021
1053
1070
1065
1038
1026
1044
1042
1049
1047
961
980
989
1034
1088
1084
1078
1017
1029
1033
1024
1015
991
989
953
982
1016
1088
1106
1102
1082
1058
991
935
946
946
1000
1029
1043
981
1006
989
994
1004
1009
1070
1065
1099
1047
1072
1031
1042
1047
1009
1021
1012
1038
988
1018
1007
1046
1018
1027
1023
1044
1033
1062
1038
1072
1020
1046
1001
1020
1058
1036
1106
1078
1100
1102
1078
1093
1037
1047
1062
1037
1047
1056
1090
1100
1097
1123
1083
1105
1107
1071
1101
1049
1066
1069
1010
1018
1035
1040
1025
1069
1021
1035
1049
1033
1016
1037
1067
1019
1054
1055
1083
1069
1075
1123
1131
1114
1118
1099
1042
1075
1106
1039
1075
1131
1067
1040
1044
1009
1039
1052
1066
1071
1082
1091
1088
1117
1052
1032
1063
1104
1073
1107
1086
1094
1106
1078
1082
1092
1044
995
1021
1025
1011
1040
1070
1050
1095
1070
1093
1128
1062
1104
1131
1072
1098
1111
1057
1075
1088
1045
1062
1034
1073
1060
1051
1070
1049
1070
1075
1044
1052
1046
1078
1071
1069
1071
1048
1051
1056
1008
1016
1028
1011
1033
1038
1042
1002
1007
1026
1070
1080
1062
1061
1069
1000
957
960
918
927
963
947
936
975
997
1103
1070
1105
1079
1062
1040
1003
994
1017
1043
1006
1051
1054
1111
1044
1074
1087
1073
1093
1112
1091
1016
981
994
1009
974
1002
1003
1013
1013
950
972
990
1005
983
976
978
970
991
1018
1017
1028
1055
1081
1059
1026
973
989
1018
1019
1032
991
967
963
972
1041
1084
1120
1137
1196
1144
1143
1158
1116
1104
1086
1073
1093
1086
1102
1108
1079
1064
1080
1046
1071
1087
1062
1058
1068
1035
1019
1077
1076
1034
1009
1032
1030
1015
975
957
965
978
982
934
954
942
995
1097
1108
1036
985
971
989
934
975
998
988
1004
1052
1018
1080
1093
1063
1124
1174
1095
1114
1128
1148
1079
1100
1095
1070
1090
1081
1128
1098
1139
1136
1134
1062
1114
1085
1120
1102
1137
1120
1121
1083
1123
1102
1127
1113
1108
1149
1082
1127
1132
1086
1106
1096
1092
1126
1102
1121
1137
1114
1123
1127
1118
1068
1100
1075
1104
1101
1071
1084
1099
1073
1101
1078
1104
1099
1082
1096
988
1008
1013
977
963
993
1007
1015
1020
1017
1043
1033
1022
1028
1000
1000
1011
997
996
988
1012
1003
1048
1046
1060
991
943
965
953
968
969
955
981
996
1039
1082
1066
1069
1029
1044
1079
1093
1123
1146
1153
1141
1129
1115
1107
1080
1047
1049
1077
1067
1059
1063
1076
1088
1085
1089
1096
1116
1091
1104
1086
1086
1091
1102
1082
1080
1102
1100
1065
1063
1088
1066
1068
1104
1114
1100
1132
1122
1071
1073
1034
1066
1069
1059
1104
1094
1085
1121
1090
1104
1129
1085
1105
1130
1097
1114
1132
1108
1065
1077
1053
1050
1074
1045
1005
991
995
998
1017
1025
1022
1057
1018
1025
1046
1054
1047
1008
1011
1049
1047
1047
1047
1016
1031
1055
1079
1046
1076
1097
1077
1111
1111
1083
1094
1074
1078
1066
1069
1082
1069
1077
1033
978
972
989
1003
1019
1020
1047
1029
1059
1021
1055
1076
1088
1109
1077
1065
984
1013
1017
1044
1005
982
1031
1044
1095
1115
1090
1115
1085
1099
1074
1097
1086
1108
1112
1092
1118
1090
1091
1043
1071
1061
1080
1101
1113
1073
1106
1064
1037
1061
1055
1065
1062
1039
1055
1060
981
1008
969
943
910
901
878
865
912
923
948
993
963
992
1004
1006
1023
1068
1080
1119
1082
1091
1100
1050
1068
1091
1077
1046
1071
1075
1050
1092
1092
1083
1056
1075
1045
1062
1060
1063
1094
1126
1165
1123
1148
1098
1112
1103
1087
1119
1105
1122
1117
1079
1107
1077
1098
1066
1117
1145
1123
1095
1115
1089
1118
1084
1063
1011
1056
1033
1105
1083
1115
1108
1105
1126
1106
1141
1134
1164
1136
1166
1148
1163
1128
1150
1112
1101
1014
1021
1085
1143
1133
1140
1087
1117
1111
1128
1154
1111
1178
1194
1217
1229
1167
1199
1148
1183
1122
1133
1090
1140
1100
1143
1124
1158
1145
1139
1120
1149
1147
1149
1148
1155
1177
1162
1177
1200
1186
1185
1141
1193
1181
1164
1150
1187
1166
1180
1150
1182
1191
1209
1213
1173
1168
1138
1111
1117
1107
1138
1170
1120
1135
1148
1173
1171
1161
1163
1135
1151
1171
1162
1201
1216
1201
1174
1137
1153
1109
1128
1121
1145
1143
1175
1127
1146
1142
1148
1140
1143
1138
1133
1135
1142
1153
1167
1135
1133
1119
1104
1063
1091
1103
1058
1094
1128
1138
1063
1041
1068
1090
1089
1085
1103
1108
1098
1028
1010
990
1022
1053
1068
1090
1016
1062
1069
1075
1065
1015
1016
1032
1020
1021
1006
1015
1044
1027
1056
1077
1049
1074
1049
1046
1050
1058
995
1025
1044
1040
1035
1010
1018
1008
1025
984
1021
980
1021
1042
1052
1059
1077
1064
1105
1110
1146
1150
1110
1107
1114
1112
1148
1167
1113
1023
1058
1089
1103
1111
1060
1069
1062
1037
1021
1048
1050
996
964
961
992
1085
1118
1075
1033
1077
1086
1067
1101
1131
1142
1075
1103
1109
1062
1097
1039
1080
1113
1110
1082
1090
1027
1023
1020
1012
998
985
947
938
914
963
1031
1036
1056
1076
1062
1093
1137
1089
1114
1018
1023
1055
1049
1082
1043
1087
1077
1069
1059
1036
1075
1102
1136
1139
1156
1129
1155
1152
1153
1135
1163
1135
1164
1144
1121
1115
1117
1088
1121
1090
1102
1147
1120
1118
1103
1089
1077
1118
1139
1133
1198
1156
1122
1130
1087
1104
1069
1046
975
987
1008
1013
989
1022
1051
1049
957
990
1006
971
1017
1047
1061
1126
1201
1179
1183
1177
1142
1147
1143
1123
1153
1186
1154
1167
1154
1134
1194
1197
1203
1213
1205
1184
1169
1139
1117
1150
1143
1189
1132
1150
1161
1096
1045
1011
990
988
1063
1267
1259
1282
1253
1226
1215
1214
1197
1252
1224
1168
1156
1125
1144
1173
1152
1184
1177
1146
1157
1162
1147
1160
1172
1174
1138
1098
1131
1152
1146
1188
1137
1149
1104
1145
1171
1133
1178
1167
1175
1168
1145
1143
1158
1096
1124
1105
1134
1117
1125
1158
1149
1173
1188
1143
1166
1145
1146
1124
1134
1146
1167
1142
1134
1146
1129
1123
1121
1110
1104
1107
1128
1086
1104
1117
1060
1096
1119
1088
1121
1151
1094
1118
1137
1145
1115
1150
1146
1114
1124
1081
1129
1095
1037
1067
1116
1121
1094
1055
1021
1015
982
998
1023
1090
1090
983
1007
1035
1053
1046
1108
1101
1118
1124
1149
1105
1138
1134
1123
1148
1116
1148
1118
1147
1145
1155
1147
1171
1146
1162
1146
1155
1115
1143
1145
1173
1123
1133
1096
1091
1094
1129
1102
1146
1142
1154
1135
1123
1154
1140
1151
1092
1094
1011
1046
1099
1119
1106
1097
1075
1038
1058
1076
1075
1076
1082
1116
1112
1138
1179
1184
1146
1157
1146
1118
1142
1123
1141
1116
1104
1088
1061
1075
1068
1054
1038
1008
1048
1079
1074
1040
1063
1060
1054
1013
1024
1016
992
945
953
953
955
958
930
978
992
996
973
982
977
976
979
985
972
1003
1008
915
941
928
990
1078
1123
1038
1105
1076
1087
1041
1095
1086
1087
1109
1105
1086
1056
1020
976
952
910
859
907
1003
973
1064
1079
1156
1156
1055
1100
1052
1076
1083
1096
1127
1057
1035
998
951
971
967
1017
1032
1040
979
1048
1104
1089
1048
1024
1011
1005
982
940
929
935
926
954
1003
1025
1057
1070
974
1010
961
948
940
970
1023
995
1015
1052
1078
1064
1011
1021
1032
989
1021
988
1045
1094
1045
1066
1080
1051
1052
1038
992
1011
1029
1050
1043
1022
1011
979
916
880
892
938
1107
1124
1151
1144
1151
1180
1182
1194
1163
1157
1158
1151
1074
1104
1065
1079
1044
1089
1063
1126
1162
1097
1106
1061
1096
1065
1075
1115
1086
1130
1083
1125
1121
1131
1125
1110
1044
1085
1112
1102
1127
1110
1128
1099
1083
1053
1093
1064
1076
1079
1090
1078
1108
1090
1101
1094
1093
1119
1060
1086
1050
1101
1107
1130
1120
1136
1109
1118
1094
1134
1091
1110
1140
1111
1149
1132
1155
1175
1155
1176
1105
1114
1063
1097
1093
1101
1131
1104
1161
1119
1145
1166
1141
1114
1109
1118
1100
1128
1092
1144
1106
1102
1075
1085
1083
1119
1062
1116
1164
1145
1163
1104
1121
1120
1116
1127
1081
1110
1102
1098
1092
1077
1101
1054
1122
1076
1104
1078
1098
1123
1105
1098
1102
1081
1073
1065
1086
1112
1105
1105
1128
1132
1118
1146
1114
1128
1109
1088
1100
1102
1114
1099
1139
1158
1140
1138
1047
1091
1068
1110
1128
1143
1105
1132
1109
1099
1116
1117
1142
1103
1111
1098
1049
1018
987
960
909
886
821
823
796
826
943
1104
1109
1198
1208
1209
1260
1199
1188
1149
1117
1054
1055
1073
1074
1114
1085
983
963
1003
1010
1002
984
1003
994
1002
967
980
985
977
948
962
971
974
991
1008
1056
1074
1089
1051
1022
998
1003
1005
1009
1009
1028
1024
1009
1027
963
957
956
959
986
1015
959
970
983
989
981
943
939
920
900
902
897
930
984
996
1025
1062
1109
1089
1069
1060
1005
1016
992
1032
1097
1028
1044
1066
1048
1044
1023
993
996
999
968
981
1006
999
987
978
994
1044
1047
1065
1075
1082
1050
1049
1045
1013
958
951
901
912
919
1008
1086
1090
1132
1139
1035
1080
1085
982
1022
1025
1072
1002
963
1029
1096
1102
1083
978
1013
983
989
1034
1099
1045
1051
1099
1082
1015
1008
984
964
953
958
967
945
965
993
947
998
1053
1001
1054
1107
1104
1097
1070
1025
990
976
936
970
1015
1076
1038
1075
1112
1127
1094
1063
1056
1040
1057
1063
1041
1030
976
979
973
956
976
1057
1084
1049
1017
1057
1025
1092
1102
1086
1039
1080
1066
1069
1037
966
913
914
936
925
979
1036
1066
1058
1013
1010
1000
939
960
963
984
1003
947
967
962
930
942
954
915
933
971
1002
1032
1063
1048
1075
1067
1062
1060
1018
1043
1034
1080
1074
1072
1119
1104
1081
1130
1099
1108
1098
1072
1111
1090
1082
1086
1104
1067
1121
1107
1113
1109
1147
1164
1146
1110
1145
1172
1171
1118
1085
1134
1109
1128
1117
1102
1077
1144
1078
1109
1080
1084
1095
1081
1118
1098
1110
1112
1126
1124
1152
1120
1104
1104
1103
1085
1063
1006
990
978
920
950
941
964
956
922
969
969
971
977
962
974
1003
1032
1020
1046
1058
1071
1018
1013
988
972
961
963
1017
1037
993
1020
1045
979
1029
1008
977
1005
1027
1047
989
1000
993
1010
1028
1062
987
1026
1065
1081
1039
1072
1072
1062
1048
955
985
990
1012
1014
936
967
980
1021
1047
1003
1048
1056
996
1029
950
915
991
1053
1109
1153
1058
1107
1119
1062
1101
1081
1071
1061
1006
1007
1041
1060
1037
1005
1001
976
1035
1084
1062
1084
1050
1062
1104
1111
1112
1084
1043
1014
1005
1025
1059
1011
1101
1156
1154
1142
1096
1043
1063
1063
996
1043
1039
1006
1014
1018
1017
1040
1043
976
949
921
920
991
1056
1067
1076
979
1032
1033
1022
1058
1063
1012
1040