1050
1067
1090
1093
1104
1119
1092
1087
1111
1070
1074
1091
1102
1086
1112
1130
1091
1107
1091
1069
1085
1114
1089
1082
1098
1083
1092
1098
1103
1096
1096
1085
1026
992
948
921
912
895
868
863
888
892
905
930
938
923
896
900
900
879
895
884
922
873
847
863
877
866
891
913
926
926
925
935
916
934
945
920
927
952
988
973
936
941
942
935
923
909
961
946
972
1009
1001
1031
1042
1060
1070
1066
1025
1039
1025
1015
997
1055
1092
1121
1098
1111
1044
1076
1035
1048
1049
1076
1080
1148
1110
1153
1123
1134
1085
1132
1117
1115
1127
1149
1188
1187
1183
1101
1129
1101
1130
1095
1150
1153
1189
1186
1158
1188
1202
1130
1097
1124
1173
1209
1230
1221
1235
1173
1198
1208
1217
1203
1177
1184
1170
1169
1120
1164
1122
1173
1136
1157
1137
1169
1166
1098
1149
1165
1162
1181
1158
1115
1103
1104
1040
1071
1089
1041
1092
1115
1093
1107
1100
1078
1105
1076
1122
1131
1108
1121
1083
1110
1080
1123
1083
1083
1084
1076
1118
1079
1127
1139
1077
1087
1063
1092
1050
1073
1043
1047
981
1021
949
969
941
955
926
957
909
936
914
936
895
930
937
983
1021
1063
1122
1138
1135
1093
1091
1044
1054
1010
1063
1091
1100
1133
1073
1029
1021
1027
990
996
991
962
970
951
939
961
945
953
960
940
985
1032
985
1014
1015
998
1012
1018
1015
914
935
958
981
954
971
981
908
915
938
970
1021
958
945
950
936
944
963
977
895
909
921
969
1024
1053
1061
1039
934
944
933
897
953
1039
1081
1038
1064
1068
1060
972
970
976
1021
1077
1104
1099
1076
954
942
904
921
1004
1065
1092
1074
1052
1003
1007
978
1026
1072
1046
1129
1183
1174
1143
1114
1017
1040
1066
1083
999
1037
1072
1104
1118
1107
1015
1021
1024
1031
1051
1052
979
966
1009
1044
1065
1022
1038
1042
1068
1074
1075
1064
1059
1065
1060
1066
1058
1104
1073
1142
1100
1123
1141
1129
1129
1096
1133
1147
1147
1101
1146
1171
1153
1177
1128
1162
1142
1111
1119
1091
1149
1154
1157
1107
1162
1159
1146
1083
1111
1081
1115
1109
1164
1123
1156
1120
1127
1126
1062
1124
1138
1129
1132
1111
1046
1969
923
948
986
1032
1057
998
1049
1067
1011
1052
1072
1023
1055
1144
1167
1146
1104
1028
1038
1024
1009
1007
980
1047
1073
1094
1153
1109
1138
1127
1050
1065
1057
1049
1102
1064
1094
1099
1076
1050
1028
968
952
931
959
983
1023
1031
994
1010
1019
1031
1017
1013
960
983
1012
1005
1060
1092
1041
1075
1098
1037
994
970
940
972
1008
1055
1068
1065
1105
1085
1076
1109
1107
1144
1146
1154
1150
1167
1143
1098
1131
1089
1121
1112
1156
1160
1167
1126
1163
1157
1172
1202
1188
1171
1193
1169
1167
1186
1152
1172
1131
1165
1150
1158
1068
1076
1117
1122
1076
1115
1074
1127
1078
1079
1068
1076
1075
1052
995
1033
1037
988
956
931
897
846
840
862
951
1004
947
980
1006
1026
975
947
972
996
980
1039
1029
1073
1090
1063
1053
1068
1084
1072
987
989
987
1018
1065
1088
1047
1109
1161
1107
1137
1131
1107
1113
1034
1016
954
915
887
910
940
954
1035
1010
1063
1052
1105
1113
1079
1120
1092
982
973
998
964
1063
1038
1048
971
931
940
942
947
948
957
975
962
1041
1056
1102
1129
1179
1156
1193
1159
1155
1167
1171
1227
1201
1197
1210
1168
1133
1157
1176
1196
1112
1110
1072
1105
1119
1110
1175
1181
1195
1210
1158
1158
1122
1066
1101
1029
1088
1121
1074
1087
1081
1045
973
979
909
942
949
1016
1038
1037
1055
1054
1029
1018
1065
1027
1080
1068
1106
1104
1130
1087
1077
1128
1126
1125
1099
1060
1117
1063
1128
1124
1186
1104
1092
1045
920
941
884
928
869
891
946
1050
1146
1159
1081
988
980
989
1011
1014
960
990
994
965
970
980
922
929
943
941
881
903
921
945
962
954
941
911
905
935
980
1002
1050
1079
999
971
978
1013
1040
1065
1024
1005
1018
1042
1061
1042
1021
977
996
1039
1004
1048
1094
1064
1109
1138
1060
1067
1102
1104
1078
1008
1017
1022
1032
1009
1053
1085
958
971
980
1011
1028
1035
1035
1021
1006
955
960
977
1022
1086
1118
1070
1093
1089
1070
1083
1053
1053
1054
1063
1061
1041
1000
896
908
933
938
982
1044
1110
1124
1111
991
1007
993
958
975
999
1031
1063
1029
1064
1093
1005
993
958
970
1013
1028
1010
1034
1045
1056
1032
1041
1043
1012
1042
964
1023
1068
1096
1075
1049
1072
1075
1053
1070
1079
1074
1054
1024
1028
1044
1032
988
1015
988
1025
1089
1092
1000
1008
1029
1044
1015
1019
1037
1061
1079
1082
1042
999
1017
992
1019
977
1036
1092
1075
1044
1049
1063
986
993
1002
1016
972
1005
1036
1068
1034
1071
1070
1032
1060
1067
983
1005
996
1001
1014
1025
1017
1018
978
1000
1028
993
1021
1026
1013
1010
1018
965
982
972
981
950
991
1003
1022
1069
1117
1122
1099
1090
1091
1052
1066
1055
1018
1014
1017
990
1004
1023
1004
1048
1059
1077
1007
1061
1063
1048
971
950
963
976
1002
1002
948
866
885
918
1003
1113
1173
1159
1135
1084
1056
1051
974
1001
1027
1003
1038
1067
1063
1047
936
944
954
955
987
1019
1010
1033
1063
1070
1032
1037
1036
1020
978
989
1029
1065
1031
1082
1090
1069
1018
1020
1021
1020
990
1012
977
1003
1031
1077
1078
1109
1050
1081
1078
1073
1049
990
999
1018
1041
1011
1042
1041
1106
1131
1183
1200
1122
1090
1092
1072
1086
1054
1054
1030
1030
1056
1044
1077
1104
1120
1171
1156
1142
1044
1091
1128
1139
1085
1111
1084
1108
1160
1109
1126
1088
1110
1116
1054
1085
1080
1057
1051
1031
1084
1126
1092
1156
1152
1146
1177
1144
1146
1142
1113
1137
1112
1175
1111
1133
1162
1149
1187
1161
1191
1103
1121
1059
1088
1066
1111
1141
1151
1156
1147
1178
1123
1157
1180
1138
1172
1176
1216
1205
1149
1184
1194
1183
1211
1146
1159
1134
1160
1181
1131
1167
1182
1149
1165
1161
1143
1208
1181
1201
1168
1163
1184
1126
1144
1080
1121
1070
1014
1032
990
975
1018
1054
1063
1076
1075
1065
1033
1002
924
929
935
990
938
987
1034
1091
1114
1123
1041
1064
1028
1076
1094
1101
1142
1152
1105
1074
1095
1081
1023
949
942
969
989
1071
1122
1123
1139
1101
1125
1114
1134
1102
1136
1105
1139
1125
1158
1119
1146
1092
1126
1098
1148
1141
1197
1159
1148
1165
1129
1172
1159
1184
1165
1175
1190
1131
1159
1133
1169
1067
996
1051
1026
1065
1062
1085
1102
1103
1093
1132
1112
1151
1133
1159
1146
1178
1159
1160
1133
1156
1146
1160
1162
1159
1182
1159
1177
1120
1134
1127
1065
1063
1104
1152
1089
1068
1092
1126
1126
1101
1084
1049
1016
972
955
938
931
953
988
1051
1091
1095
1062
1074
1014
1028
1055
1071
1032
1045
993
1009
1038
976
1001
991
987
1016
1050
1072
993
1030
1057
1070
1076
978
990
1003
1028
1057
1054
1013
1033
1060
1071
1077
1054
994
1008
1026
1043
1070
1088
1010
1019
1025
1031
959
947
961
927
921
931
961
949
943
967
999
1022
1025
1032
987
937
963
962
1006
1120
1156
1144
1160
1121
1130
1100
1125
1117
1087
1054
989
978
943
929
928
977
1069
1134
1155
1078
1090
1100
1084
1054
1012
1012
1013
1050
1098
1127
1116
1061
1059
1062
1050
998
1031
1063
1052
1063
1104
1121
1116
1055
1057
1002
977
1015
1044
1074
1052
975
950
971
989
986
974
990
1067
1092
1110
1131
1131
1101
1105
1149
1112
1154
1133
1143
1082
1109
1089
1148
1188
1176
1131
1132
1107
1159
1108
1150
1122
1155
1134
1171
1107
1089
1075
1060
1038
998
951
956
1006
992
995
1047
1061
1028
978
895
879
857
857
917
897
920
973
1035
1092
1097
1102
1002
1027
1046
1068
991
1053
1094
1136
1123
1065
1094
1109
1103
1020
1047
1090
1117
1049
1052
1097
1071
1151
1160
1193
1152
1175
1188
1146
1140
1134
1179
1112
1191
1185
1109
1128
1095
1122
1073
1136
1146
1200
1217
1156
1119
1129
1165
1170
1138
1147
1050
1085
1113
1124
1181
1166
1115
1148
1172
1148
1161
1215
1202
1203
1220
1170
1211
1200
1232
1163
1203
1168
1040
1066
1062
1007
984
954
925
894
823
824
959
1014
989
1105
1151
1151
1087
1134
1112
1129
1129
1077
1132
1146
1179
1139
1126
1179
1148
1182
1152
1197
1203
1181
1172
1212
1238
1204
1205
1187
1225
1193
1225
1169
1178
1225
1162
1198
1173
1190
1209
1214
1124
1122
1139
1126
1024
958
983
1035
1097
1095
1104
1102
1075
1007
1008
998
1004
954
974
939
986
1029
1082
1093
1099
995
1005
963
943
986
986
1015
1031
970
985
1011
1036
1007
1007
1024
1013
1042
1059
1069
1022
983
991
1040
1083
1058
1023
1022
1028
969
945
940
947
979
1010
1049
1042
987
978
978
936
922
908
917
980
1022
1084
1152
1144
1165
1164
1084
1097
1118
1143
1185
1177
1193
1107
1126
1144
1133
1111
1124
1146
1176
1138
1192
1189
1179
1223
1232
1228
1277
1255
1261
1193
1217
1188
1170
1229
1204
1222
1167
1149
1129
1086
1115
1065
1117
1140
1163
1153
1159
1133
1108
1145
1150
1129
1139
1127
1181
1219
1188
1208
1215
1212
1195
1146
1098
1133
1164
1169
1152
1162
1122
1117
1126
1108
1060
1057
1019
1059
1065
1099
1038
1076
1042
1026
1057
1049
1060
1081
1085
1080
1134
1131
1148
1154
1134
1130
1149
1146
1168
1172
1151
1173
1149
1193
1174
1208
1169
1195
1171
1229
1200
1183
1171
1155
1221
1233
1232
1236
1255
1249
1266
1211
1240
1188
1232
1218
1193
1216
1218
1222
1233
1173
1115
1058
1018
1044
1043
1130
1094
1127
1101
1107
1110
1093
1086
1022
1049
1015
1045
1095
1154
1163
1098
1126
1106
1126
1120
1154
1145
1123
1149
1178
1111
1161
1146
1178
1136
1136
1145
1201
1178
1219
1161
1186
1135
1161
1126
1162
1151
1138
1166
1118
1168
1147
1192
1131
1146
1112
1131
1108
1131
1157
1125
1177
1160
1161
1138
1132
1142
1104
1095
1137
1122
1182
1191
1195
1179
1137
1143
1136
1146
1134
1171
1199
1190
1186
1201
1203
1152
1208
1238
1238
1263
1216
1239
1252
1228
1253
1217
1244
1239
1212
1249
1227
1263
1213
1221
1173
1152
1153
1104
1112
1113
1163
1109
1091
1029
976
937
899
921
979
1057
1083
1081
1074
1064
1057
1077
1063
1096
1064
1062
1096
1071
1123
1151
1141
1140
1149
1112
1164
1172
1157
1210
1196
1150
1162
1088
1079
1065
978
911
990
1117
1172
1178
1097
1086
1063
992
1011
926
941
973
1011
1011
1048
1102
1125
1114
1069
951
937
917
886
880
845
820
838
807
837
915
996
1029
1037
975
1001
1011
971
1000
1090
1140
1178
1162
1140
1106
1040
1062
1070
1020
1041
1035
980
1013
1041
1054
1004
1024
1073
1124
1148
1142
1065
1093
1046
1026
1053
1123
1087
1140
1164
1178
1181
1143
1092
1067
1094
1131
1126
1058
1087
1050
1094
1114
1148
1141
1058
1070
1054
1023
1008
996
981
955
959
957
1008
1076
1155
1168
1120
1063
989
996
1030
1056
1050
978
930
914
954
1012
1083
1106
1077
1050
1069
1057
1075
1084
1115
1121
1121
1095
1112
1121
1155
1172
1176
1197
1107
1113
1132
1138
1146
1100
1135
1148
1155
1154
1169
1196
1195
1205
1188
1190
1156
1146
1171
1160
1179
1214
1150
1184
1120
1174
1148
1219
1165
1207
1143
1127
1101
1060
1036
1081
1161
1150
1184
1188
1129
1069
1059
986
968
1033
1085
1129
1085
1124
1108
1133
1106
1114
1150
1131
1161
1177
1119
1171
1151
1182
1161
1151
1191
1165
1208
1178
1156
1143
1174
1127
1185
1193
1216
1184
1198
1203
1226
1162
1192
1171
1201
1182
1209
1183
1198
1186
1183
1198
1183
1160
1173
1181
1190
1228
1203
1228
1183
1209
1213
1175
1222
1246
1182
1197
1189
1212
1211
1202
1165
1175
1187
1244
1191
1219
1210
1190
1219
1229
1254
1221
1213
1225
1225
1226
1226
1221
1228
1186
1212
1212
1267
1226
1245
1188
1209
1198
1209
1207
1181
1208
1226
1218
1176
1198
1227
1213
1186
1092
1119
1114
1091
1060
1094
1125
1098
1127
1130
1187
1223
1233
1170
1212
1184
1213
1208
1184
1181
1176
1212
1196
1234
1198
1236
1204
1230
1176
1188
1102
1116
1106
1070
1082
1094
1124
1091
1125
1150
1150
1106
1088
1115
1054
1092
1130
1131
1091
1119
1164
1159
1205
1210
1201
1237
1230
1225
1201
1212
1192
1178
1180
1163
1160
1154
1174
1165
1191
1195
1221
1174
1188
1147
1147
1149
1142
1141
1112
1146
1162
1186
1218
1158
1176
1208
1197
1177
1213
1117
1112
1132
1181
1242
1213
1224
1195
1215
1163
1192
1164
1194
1171
1179
1158
1166
1179
1204
1253
1224
1232
1217
1178
1201
1185
1217
1170
1183
1232
1207
1190
1207
1130
1138
1149
1201
1174
1150
1181
1116
1153
1186
1165
1199
1198
1169
1178
1168
1187
1216
1226
1205
1203
1163
1169
1155
1138
1096
1146
1160
1195
1179
1195
1175
1186
1185
1166
1179
1179
1170
1177
1186
1205
1198
1205
1208
1206
1248
1225
1273
1249
1245
1225
1271
1232
1252
1262
1243
1276
1163
1121
1175
1218
1103
1042
1005
1018
1019
1033
1014
982
975
985
1015
1031
1014
1040
1094
1163
1158
1185
1185
1175
1195
1139
1104
1120
1165
1145
1212
1219
1196
1201
1161
1156
1192
1206
1203
1235
1193
1217
1245
1208
1218
1140
1173
1197
1192
1196
1180
1187
1142
1147
1192
1153
1146
1093
1119
1166
1233
1248
1227
1207
1186
1180
1156
1182
1214
1217
1215
1263
1231
1230
1197
1219
1182
1206
1157
1146
1148
1144
1137
1108
1108
1171
1204
1171
1085
1072
964
982
972
980
1028
1065
1072
976
979
983
1005
1027
1007
1000
1011
1000
994
1011
1041
1014
1040
1065
1074
1091
1026
1030
1055
1064
1055
976
980
988
1004
1029
1050
963
995
1019
1055
1089
1091
1045
1048
1065
1082
1088
1095
1009
1020
969
951
1006
1043
1068
990
1002
1018
1055
1054
1022
958
926
943
1008
1074
1024
1038
1085
1105
1085
1007
972
973
961
914
928
944
976
987
1000
941
965
1009
1034
1139
1227
1261
1215
1192
1112
1090
1106
1145
1156
1139
1094
1105
1158
1192
1184
1178
1200
1137
1152
1158
1129
1063
1075
1101
1099
1047
1066
1080
1012
1038
1130
1202
1216
1181
1083
1096
1069
1014
987
984
995
1019
1012
944
943
956
1014
1110
1071
1063
1109
1192
1231
1204
1161
1104
1069
1041
985
963
963
1019
1083
1108
1119
1029
1029
1054
1124
1123
1178
1188
1174
1162
1131
1143
1090
1076
1075
1084
1038
1064
1056
1032
1020
1020
996
988
986
1007
1028
989
1017
1077
1046
1065
1057
989
969
979
968
941
993
1002
1009
1034
1007
1007
1022
997
1000
1000
972
1017
1060
1102
1122
1126
1108
1078
1019
1032
992
1050
1118
1144
1197
1176
1167
1100
1093
1131
1140
1141
1164
1162
1199
1177
1219
1200
1176
1156
1149
1184
1154
1176
1177
1177
1143
1173
1216
1202
1215
1192
1221
1224
1165
1193
1220
1199
1213
1205
1181
1189
1146
1168
1156
1177
1173
1217
1233
1175
1173
1095
1024
1062
1079
1092
1108
1109
1067
1068
1062
1044
988
955
983
1060
1132
1117
1084
1137
1159
1147
1122
1070
970
989
1030
1109
1160
1154
1149
1144
1173
1168
1195
1191
1205
1217
1206
1189
1136
1153
1156
1224
1246
1224
1133
1150
1141
1063
1104
1095
1115
1184
1169
1164
1177
1114
1145
1123
1106
1122
1144
1186
1146
1174
1215
1196
1216
1197
1151
1176
1156
1188
1165
1169
1178
1156
1166
1178
1180
1224
1173
1186
1121
1147
1137
1127
1120
1069
1044
1045
1014
1069
1081
1108
1164
1190
1162
1171
1110
1145
1152
1128
1100
1155
1206
1227
1216
1197
1212
1223
1233
1211
1206
1216
1147
1146
1119
1114
1053
1030
1023
1061
1039
1100
1152
1160
1113
1069
1079
1090
1100
1074
979
965
968
1015
1104
1161
1169
1208
1234
1247
1242
1210
1207
1237
1214
1207
1181
1161
1175
1145
1171
1151
1157
1155
1161
1165
1200
1170
1192
1153
1138
1168
1119
1170
1180
1188
1160
1186
1209
1180
1203
1194
1253
1214
1216
1124
1136
1154
1203
1148
1143
1175
1164
1166
1169
1099
1119
1135
1097
1107
1111
1102
1101
1114
1100
1082
1114
1133
1148
1143
1168
1180
1126
1064
998
947
958
1075
1181
1179
1133
1106
1085
1042
1021
994
1002
990
1025
1090
1134
1113
1119
1112
1057
1052
987
996
1029
1053
1031
1001
978
972
968
1012
1033
1087
1104
1076
1076
1089
1091
1081
1060
1088
1108
1094
1115
1129
1081
1067
1071
1066
1070
1045
989
996
971
1020
1055
1120
1167
1156
1089
1086
1047
1017
1015
1028
1081
1080
1033
1050
1034
1092
1096
1057
1037
1004
980
979
984
984
961
966
972
973
1020
1103
1167
1087
1043
999
990
1000
1023
1021
971
927
876
831
778
757
752
775
784
801
795
786
790
816
921
972
956
990
1001
1009
994
1010
1016
1011
986
961
959
970
967
962
986
1038
1088
1087
1121
1132
1040
952
983
1046
1138
1080
1146
1197
1099
1124
1139
1144
1066
1097
1111
1087
1104
1130
1085
1092
1118
1096
1097
1074
1053
1061
1064
1063
1059
1022
985
962
954
953
923
921
914
932
940
933
892
898
903
941
1012
1086
1116
1110
964
979
958
957
994
1034
970
983
1006
1026
1031
1037
1012
970
987
1008
983
1017
1055
1067
1063
1033
998
972
980
946
980
1053
1123
1088
1091
1103
1095
1059
1027
989
965
905
925
992
1134
1030
1112
1159
1158
1092
1109
1108
1099
1101
1005
1035
1066
1076
1033
1065
1098
1105
1042
1056
1094
1128
1091
1164
1175
1152
1108
1104
1021
1051
1090
1045
1127
1169
1163
1060
1101
1079
1074
1099
1101
1101
1043
1060
1077
1104
1040
1085
1172
1193
1194
1109
1072
1092
1104
1021
1065
1085
1105
1149
1121
1133
1049
1132
1179
1189
1211
1145
1105
1063
1077
1080
1052
1029
1040
960
966
1006
1119
1246
1268
1226
1114
1123
1095
1122
1077
1114
1132
1038
1035
1021
1014
1044
1105
1190
1186
1151
1105
1071
1030
976
943
970
1065
1213
1191
1168
1172
1162
1132
1093
1059
977
953
968
996
1063
1077
1051
1054
1074
1094
1077
1068
996
999
1025
1062
1082
1064
1041
952
961
970
1012
1084
1077
1105
1055
1013
986
958
960
953
931
911
887
863
839
823
810
863
877
974
1019
998
1049
1022
969
942
899
873
857
882
974
996
1067
1097
1097
1098
1102
1083
1025
1007
1009
997
980
964
1013
1047
1091
1029
1064
1025
1026
1047
1037
1041
1032
1025
1019
1057
1096
1105
1099
1133
1151
1142
1041
965
932
915
918
904
873
822
794
806
836
1055
1063
1022
966
913
863
797
749
733
736
770
787
826
921
964
988
1018
1004
979
947
896
893
878
847
797
777
809
854
887
981
1069
1051
946
960
894
874
838
788
754
734
719
710
701
699
717
712
769
992
1043
1021
1026
1005
964
990
999
986
1009
979
1042
1128
1116
1161
1124
1098
1082
960
974
1041
1163
1160
1209
1171
1177
1189
1136
1158
1139
1172
1187
1192
1177
1168
1205
1177
1183
1136
1203
1191
1161
1229
1238
1161
1182
1098
1137
1107
1158
1225
1225
1226
1202
1144
1073
1003
1008
1006
1023
1028
1139
1131
1171
1133
1143
1082
1115
1070
1107
1121
1147
1154
1177
1213
1156
1186
1174
1163
1125
1047
1015
996
958
924
893
861
832
848
930
962
1033
1037
965
954
928
909
882
832
792
792
797
817
851
871
894
907
896
899
906
963
1012
1015
972
991
1037
1086
1081
1072
1075
1080
1070
1022
1029
1045
1056
1069
1042
1003
1000
1045
1016
1061
1084
1108
1119
1098
1058
965
956
938
943
938
938
963
957
1074
1115
1149
1127
1138
1129
1139
1123
1116
1074
1062
1067
1058
1021
992
1005
1019
1009
1034
1074
1075
1135
1046
1127
1130
1181
1217
1203
1172
1181
1178
1067
986
968
902
846
908
1159
1180
1210
1185
1147
1106
1029
1052
1008
964
939
939
909
878
822