1071
1083
1141
1111
1172
1222
1179
1200
1167
1210
1159
1235
1192
1207
1189
1180
1179
1212
1148
1156
1198
1205
1250
1214
1199
1189
1198
1177
1070
1098
1184
1233
1227
1143
1155
1155
1167
1136
1150
1151
1109
1121
1019
1043
1010
1036
1063
1039
1070
1065
1065
1019
1008
982
993
937
957
909
907
904
910
885
869
835
820
806
804
795
807
811
802
838
859
843
831
850
954
990
1041
970
1005
973
1005
1000
986
1000
992
1035
1009
998
1030
1030
1015
996
992
958
981
1001
1023
1055
1029
1055
997
983
984
1003
1074
1074
1076
1131
1174
1137
1135
1129
1165
1217
1182
1187
1139
1137
1092
1155
1264
1200
1218
1209
1169
1068
1064
1100
1149
1101
1166
1158
1171
1146
1164
1188
1112
1162
1152
1103
1124
1124
1096
1018
990
1002
984
1039
1064
1097
1065
1138
1209
1176
1211
1204
1176
1223
1257
1222
1270
1263
1233
1247
1219
1308
1324
1263
1290
1251
1257
1228
1240
1209
1245
1272
1216
1232
1224
1190
1175
1164
1173
1138
1133
1112
1146
1117
1148
1095
1148
1141
1135
1139
1099
1127
1103
1133
1133
1098
1122
1114
1154
1121
1146
1138
1144
1093
1088
1091
1023
1071
1106
1113
1126
1120
1128
1114
1109
1146
1066
1074
1095
1020
1047
994
801
1098
963
880
963
920
889
871
839
831
837
827
836
831
830
825
827
818
817
783
776
878
902
954
1012
1011
1041
985
980
923
876
850
833
879
904
954
996
1023
1085
1073
1117
1082
1045
1087
1118
1037
1049
1009
945
895
915
912
914
922
931
975
1034
1134
1151
1121
1166
1193
1198
1194
1121
1043
1065
1142
1148
1060
1074
1189
1131
1128
1183
1162
1095
1096
1146
1164
1128
1097
1118
1172
1197
1066
1039
1027
1102
1193
1149
1149
1198
1159
1186
1229
1205
1247
1250
1180
1242
1156
1202
1248
1182
1188
1131
1190
1176
1202
1213
1181
1250
1277
1231
1269
1273
1217
1269
1265
1361
1212
1227
1210
1180
1244
1199
1215
1083
1113
1165
1205
1180
1192
1188
1088
1115
1139
1113
1110
1193
1217
1185
1191
1192
1182
1169
1178
1178
1229
1216
1208
1394
1128
1119
1119
1071
1062
1118
1153
1167
1090
1116
1120
1088
1034
1041
1042
1026
1071
1172
1125
1103
1131
1179
1187
1164
1132
1114
1124
1148
1014
1064
1013
1027
1101
1099
1076
1116
1152
1074
1112
1141
1119
1121
1156
1188
1076
1147
1206
1171
1191
1207
1174
1181
1177
1082
1146
1192
1170
1174
1207
1199
1183
1196
1119
1081
1126
1171
1144
1176
1173
1180
1190
1188
1113
1063
1063
1106
1166
1144
1049
1029
1029
978
1012
1027
1009
1031
1033
1003
1001
1030
1042
1035
1048
1061
1076
1079
1044
1000
1037
1059
1089
1107
1041
1069
1052
1086
1080
1061
1080
1076
1126
1129
1104
1080
1111
1136
1033
951
938
983
1038
1141
1167
1164
1109
1076
1078
1039
934
952
967
947
974
1015
1074
1090
1130
1136
1140
1146
1188
1165
1145
1116
1163
1128
1160
1113
1152
1158
1151
1159
1169
1153
1199
1355
1214
1247
1140
1100
1107
1085
1040
1049
1041
1007
1041
1034
1067
1143
1140
1140
1118
1147
1137
1185
1170
1145
1133
1160
1170
1160
1136
1009
1021
1023
1042
1077
1055
958
954
983
1011
1078
1019
1020
1033
1056
1095
1041
1049
1074
1073
1034
1049
1082
1107
1095
1074
1042
1007
994
1014
968
978
1008
970
1002
1017
985
1021
1058
1038
1014
1015
1042
991
1031
1062
1100
1076
1043
1042
1007
1044
1088
1111
1119
1096
1063
1008
962
972
1003
1044
1027
1054
1055
991
983
980
958
990
1014
1030
1072
1076
1064
1033
979
977
963
971
951
978
999
1037
1016
1048
960
969
1005
1026
1020
1008
949
949
936
909
911
884
884
919
952
985
989
956
979
960
982
1028
1117
1080
1137
1162
1151
1147
1100
995
970
960
988
982
953
1007
1088
1146
1142
1141
1147
1126
1054
1074
1095
1104
1012
1000
1001
975
977
1026
1124
1149
1163
1159
1169
1162
1132
1096
1098
1088
1085
1063
1013
1047
1109
1130
1185
1178
1173
1177
1175
1174
1170
1133
1102
1103
1145
1102
1172
1157
1159
1189
1114
1138
1100
1114
1105
1040
1012
959
950
914
908
856
843
816
801
783
761
753
757
779
795
822
868
900
937
977
942
1000
995
921
972
925
922
934
927
935
965
968
947
945
963
954
990
960
1057
1101
1192
1144
1144
1127
1131
1121
1151
1088
1097
1034
1085
1094
1059
1129
1123
1119
1074
1074
1037
1070
1080
1071
1062
995
1022
1021
969
996
1047
1087
1114
1110
1047
1079
1100
1172
1192
1136
1138
1096
1123
1139
1064
1023
1016
967
961
975
1040
1054
1080
1139
1198
1195
1196
1230
1190
1225
1219
1222
1262
1192
1195
1199
1085
1064
1033
965
938
979
1056
1122
1151
1185
1236
1199
1221
1171
1185
1151
1187
1263
1249
1276
1209
1248
1197
1180
1146
1134
1173
1153
1195
1170
1152
1186
1191
1221
1207
1229
1221
1229
1222
1267
1203
1204
1210
1234
1206
1216
1180
1180
1151
1196
1152
1191
1168
1204
1196
1200
1216
1199
1218
1180
1067
1025
1042
1008
1010
1033
989
972
994
1044
1112
1130
1127
1119
1097
1093
1113
1120
1125
1167
1157
1134
1173
1142
1152
1180
1138
1144
1130
1095
1114
1113
1114
1109
1127
1124
1138
1133
1162
1144
1101
1109
1149
1135
1148
1184
1174
1189
1181
1194
1172
1190
1107
995
1001
1011
1016
1099
1125
1071
1066
1077
1068
1065
1101
1095
1097
1139
1159
1155
1176
1153
1142
1149
1146
1164
1163
1174
1142
1139
1151
1169
1146
1146
1163
1165
1166
1144
1122
1143
1129
1149
1138
1134
1108
1091
1028
960
978
962
1021
1024
1094
1121
1164
1143
1169
1126
1151
1148
1113
1130
1104
1154
1164
1175
1114
1062
1103
1082
1117
1120
1122
1097
1100
1067
1104
1091
1100
1085
1107
1098
1116
1140
1146
1175
1185
1168
1184
1173
1146
1049
991
960
937
905
892
907
964
945
1013
1046
1063
1099
1096
1061
1031
1041
1022
1026
1108
1144
1178
1175
1329
1216
1271
1181
1198
1188
1204
1148
1162
1176
1184
1161
1175
1176
1180
1169
1132
1149
1103
1088
1097
1067
977
1003
1031
1099
1037
1050
1048
1021
1028
1008
1013
1020
1049
1098
1073
1118
1158
1131
1167
1165
1046
1075
1040
1018
1020
1033
1041
1065
1130
1085
1119
1147
1148
1157
1148
1165
1150
1140
1121
1130
1139
1114
1137
1107
1127
1123
1119
1124
1114
1134
1120
1047
1017
1031
1068
1078
1133
1170
1129
1154
1157
1093
1065
1063
1060
1016
1002
1037
1088
1174
1148
1157
1188
1135
1137
1104
1124
1131
1100
1125
1088
1112
1153
1149
1192
1193
1155
1160
1137
1132
1152
1154
1096
1117
1082
1129
1127
1155
1188
1152
1147
1145
1127
1141
1133
1127
1155
1111
1101
1087
1113
1124
1128
1153
1120
1131
1109
1117
1090
1096
1134
1138
1168
1136
1142
1123
1121
1103
1099
1127
1094
1129
1107
1128
1152
1119
1130
1149
1164
1181
1209
1178
1197
1170
1192
1189
1191
1201
1170
1188
1182
1156
1153
1152
1110
1110
1108
1062
1067
1109
1153
1193
1184
1109
1121
1161
1191
1184
1146
1138
1188
1218
1202
1174
1096
1073
1071
1041
1031
1044
1089
1133
1093
1115
1129
1104
1104
1125
1089
1117
1142
1055
1063
1062
1025
1068
1057
1104
1128
1104
1127
1055
1051
1048
1018
1021
1061
1104
1056
1003
1019
1045
1087
1073
1051
980
992
994
977
974
947
942
975
1000
1077
1147
1108
1141
1194
1148
1145
1175
1166
1116
1101
1101
1083
1082
1094
1137
1117
1152
1151
1141
1142
1138
1154
1164
1163
1156
1178
1146
1184
1174
1161
1188
1158
1179
1156
1143
1160
1118
1117
1147
1143
1145
1175
1148
1158
1195
1160
1182
1164
1185
1178
1182
1156
1174
1122
1148
1182
1142
1146
1142
1104
1116
1076
1101
1128
1112
1098
1100
1086
1094
1099
1071
1092
1088
1105
1133
1140
1087
1094
1096
1116
1122
1129
1129
1072
1067
1062
1066
1063
1096
1116
1058
1076
1110
1095
1100
1067
1002
952
912
914
918
966
1036
1105
1104
1123
1079
1094
1127
1139
1079
1096
1116
1103
1135
1160
1142
1162
1127
1117
1136
1098
1122
1104
1103
1113
1074
1042
1053
1089
1069
1119
1133
1139
1105
1118
1113
1106
1139
1112
1143
1184
1158
1153
1126
1131
1081
1072
1094
1070
1076
1104
1103
1095
1088
1046
1023
979
930
893
833
778
782
852
1003
1065
1012
991
1002
1019
938
941
952
937
919
981
975
1016
1035
1058
1027
1003
989
956
984
976
1026
1044
1138
1125
1166
1125
1133
1109
1124
1169
1200
1184
1168
1137
1153
1168
1198
1211
1160
1101
1070
1039
1061
1052
1098
1137
1115
1070
987
984
962
932
979
1002
1036
1147
1170
1207
1197
1158
1158
1097
1124
1048
1103
1109
1140
1148
1163
1155
1216
1200
1178
1179
1127
1019
1017
1024
1016
1003
943
941
955
980
998
969
925
938
927
928
1023
1069
1192
1170
1198
1184
1168
1171
1147
1152
1178
1160
1204
1215
1219
1186
1193
1177
1194
1171
1214
1180
1199
1151
1179
1146
1131
1125
1005
1017
949
907
960
1001
1027
1121
1146
1133
1169
1127
1156
1124
1156
1146
1184
1229
1106
1152
1087
1123
1168
1173
1144
1149
1117
1107
1154
1116
1149
1155
1106
1167
1197
1188
1191
1112
1144
1165
1163
1189
1159
1048
979
1000
1015
1079
1132
1132
1128
1021
1033
1038
1042
1055
1044
1001
996
990
1027
1020
1104
1109
1156
1119
994
962
989
1027
1097
1135
1149
1108
1069
1104
1110
1167
1194
1235
1210
1257
1184
1056
1044
1046
1022
960
999
1012
1001
1070
1072
1102
1136
1163
1188
1189
1137
1144
1145
1171
1176
1183
1197
1173
1172
1176
1121
1018
974
1007
968
992
1043
1075
1007
1041
1062
1024
1040
1074
1065
979
991
979
1005
998
1003
1042
1064
1091
1104
1104
1103
1104
1107
1057
1056
1039
1055
1104
1078
1086
1100
1102
1014
1043
1053
1020
1008
1034
1072
1106
1135
1113
1143
1125
1141
1122
993
1019
1026
1046
1068
1032
1048
1063
1064
1068
1029
1047
1044
966
986
979
1004
1143
1187
1192
1333
1223
1204
1165
1153
1110
1111
1067
1094
1084
1111
1127
1155
1125
1080
1047
1052
1074
1105
1095
1108
1065
1072
1066
1107
1146
1143
1146
1073
1069
1020
1041
1010
1026
1061
1111
1105
1160
1136
1143
1138
1113
1098
1036
987
976
980
918
932
946
994
1104
1139
1158
1138
1126
1081
1126
1096
1132
1130
1146
1101
1144
1125
1162
1147
1160
1181
1181
1148
1167
1174
1146
1160
1099
1125
1102
1142
1100
1126
1098
1110
1066
1076
1122
1136
1195
1214
1151
1166
1156
1140
1107
1082
1060
962
1004
1058
1143
1187
1174
1172
1053
1037
985
906
901
830
849
934
1017
1079
1080
1054
1051
975
951
927
893
943
1042
1150
1149
1142
1131
1171
1149
1145
1151
1127
1135
1069
1072
1062
1002
1040
1001
1023
998
1038
1045
1038
1020
957
965
958
922
912
884
873
900
884
946
972
1069
1100
1144
1123
1123
1143
1102
1097
1062
1105
1091
1132
1170
1156
1180
1138
1073
1086
1052
1082
1105
1084
1094
993
985
979
984
1021
1038
969
985
995
987
991
982
958
927
894
883
851
885
953
978
1052
1106
1096
1079
1052
1085
1048
1033
996
968
918
895
847
844
813
854
929
1002
1037
1046
990
974
964
953
986
1007
1081
1048
1059
1098
1016
982
1003
995
935
934
941
918
952
951
1029
1156
1186
1086
1104
1109
1079
1045
1014
976
940
966
997
967
1020
1048
1048
1027
1004
1006
973
977
1002
1022
1030
961
988
1010
936
956
967
1004
969
1017
1008
1074
1100
1096
1092
1082
1056
1044
1023
946
951
945
938
899
938
985
1010
1131
1197
1166
1185
1155
1108
982
997
957
897
915
935
1012
1088
1037
1073
1105
1160
1134
1121
1166
1149
1182
1216
1208
1206
1150
1095
1075
1004
1025
1030
1041
1061
1142
1091
1108
1060
1035
1074
974
1037
1043
1091
1126
1069
1102
1147
1085
1130
1149
1194
1198
1222
1274
1218
1196
1193
1121
1146
1178
1110
1105
1014
1009
986
952
951
908
938
951
986
994
978
1017
1011
1058
1056
1076
1103
1097
1110
1091
1100
1123
1133
1147
1161
1149
1181
1149
1183
1175
1165
1097
1087
1075
1110
1076
1128
1105
1107
1089
1089
1085
1070
1103
1085
1137
1152
1144
1123
1145
1110
1123
1142
1121
1179
1183
1168
1184
1172
1195
1153
1149
1168
1146
1184
1143
1194
1185
1192
1203
1186
1203
1146
1174
1171
1161
1187
1167
1203
1190
1191
1193
1179
1195
1167
1219
1184
1188
1150
1168
1168
1218
1236
1204
1217
1164
1187
1188
1179
1195
1209
1108
1091
1042
1014
1035
1036
1021
1052
1084
1106
1172
1144
1151
1172
1149
1194
1138
1170
1147
1146
1188
1190
1169
1198
1158
1179
1171
1161
1196
1154
1213
1199
1216
1207
1179
1189
1108
1143
1042
1067
1073
1025
1059
1043
1054
1050
1048
1054
1092
1031
1009
1040
979
1025
1054
1066
1118
1143
1116
1078
1014
983
992
998
1012
1028
1008
1035
1021
1078
1086
1123
1086
1111
1087
1049
1052
1050
1023
978
984
1039
1044
1094
1107
1132
1160
1173
1163
1198
1147
1176
1128
1162
1130
1151
1140
1145
1138
1143
1097
1021
1046
1081
1046
1031
1039
1054
1076
1066
1069
1063
1047
1090
1147
1146
1149
1185
1164
1156
1191
1155
1199
1172
1198
1167
1156
1122
1150
1201
1182
1191
1168
1193
1217
1178
1203
1106
1035
1050
1009
988
968
939
941
932
956
977
975
994
1004
997
1048
1084
1091
1115
1114
1113
1120
1111
1132
1109
1116
1102
1099
1087
1069
1046
1088
1102
1117
1122
1091
1108
1096
1116
1118
1107
1075
1025
1025
1055
1092
1142
1172
1133
1164
1165
1104
1095
1110
1119
1079
1112
1114
1111
1118
1135
1141
1030
1024
1008
985
1008
982
1002
998
982
990
979
965
979
970
980
992
1028
1038
1076
1071
1085
1099
1099
1115
1099
1106
1110
1084
1103
1109
1000
1004
1001
1021
1054
1050
1066
1034
1054
1041
1030
1044
1014
1016
1031
1063
1062
1085
1086
1065
1088
1092
1090
1121
1111
1072
1110
1104
1124
1114
1075
1090
1090
1101
1086
1076
1037
979
954
947
944
973
966
995
1001
1021
1000
1008
1011
1029
1063
1087
1121
1139
1127
1145
1144
1176
1150
1181
1161
1171
1180
1135
1142
1110
1152
1179
1181
1185
1183
1171
1180
1178
1212
1178
1196
1162
1222
1215
1215
1176
1141
1142
1111
1169
1188
1232
1240
1241
1215
1149
1099
1110
1126
1106
1161
1115
1098
1076
1054
1042
1058
1071
1132
1097
1129
1095
1138
1147
1168
1166
1160
1181
1171
1160
1150
1095
1135
1150
1170
1203
1160
1198
1149
1158
1142
1125
1162
1149
1202
1162
1189
1165
1178
1196
1171
1173
1137
1157
1143
1201
1193
1207
1152
1133
1073
1094
1133
1154
1163
1188
1165
1180
1111
1117
1120
1106
1145
1163
1165
1171
1173
1188
1202
1191
1216
1194
1193
1150
1020
981
957
936
988
1074
1115
1171
1110
1066
1013
993
970
981
991
1038
1045
1067
1068
1094
1084
1077
1075
1061
1052
1021
1041
1041
1037
1034
1035
1018
1006
1023
1003
1035
988
1032
1094
1121
1216
1208
1171
1189
1165
1104
1131
1159
1125
1133
1124
1084
1126
1181
1134
1126
1172
1149
1161
1142
1143
1110
1124
1104
1123
1158
1176
1202
1181
1200
1163
1190
1182
1195
1215
1197
1176
1202
1181
1154
1174
1145
1123
1149
1099
1153
1107
1135
1121
1112
1092
1084
1121
1105
1142
1173
1112
1139
1164
1133
1101
1089
1089
1125
1112
1135
1122
1143
1135
1149
1149
1167
1109
1126
1115
1147
1164
1126
1134
1140
1168
1146
1144
1130
1144
1113
1138
1092
1136
1173
1134
1146
1032
1026
1018
999
979
1011
1021
994
1020
1026
1021
1029
1023
1068
1062
1088
1050
1092
1106
1094
1052
1074
1065
1080
1099
1088
1110
1140
1126
1113
1104
1129
1098
1116
1081
1103
1053
1084
1104
1082
1096
1002
986
896
912
909
962
959
974
974
910
921
914
879
876
870
881
886
891
922
912
933
899
890
945
1000
984
1060
1056
1103
1145
1090
1125
1084
1075
1066
1068
1121
1175
1128
1167
1140
1125
1063
1089
1067
1129
1088
1124
1064
1085
1085
1144
1204
1182
1191
1206
1168
1173
1172
1126
1099
1097
1080
1138
1194
1227
1175
1132
1040
1022
983
985
1003
986
1000
975
1019
1055
1053
1041
1057
1052
1029
1023
1054
1066
1104
1090
1131
1101
1137
1156
1089
1106
1102
1095
1116
1069
1097
1021
1005
973
961
933
953
937
945
1007
1014
1085
1145
1170
1138
1157
1117
1170
1144
1128
1149
1109
1141
1186
1182
1192
1222
1181
1161
1160
1136
1177
1197
1211
1244
1183
1143
1061
1081
1122
1116
1164
1133
1147
1129
1116
1155
1104
1138
1096
1099
1144
1114
1180
1146
1094
1115
1091
1083
1111
1107
1120
1120
1091
1113
1092
1115
1122
1094
1142
1176
1120
1134
1113
1176
1163
1191
1176
1175
1189
1100
1014
1011
998
1022
1050
1053
1108
1091
1133
1085
1122
1124
1117
1166
1159
1216
1113
1104
1054
1027
983
969
959
969
1043
1044
1049
943
962
950
968
998
1008
1028
1041
1031
997
954
973
968
1007
1009
986
992
948
962
958
991
979
1030
992
1025
1033
934
946
924
917
909
860
879
853
808
802
804
821
813
841
845
854
908
931
962
964
952
942
940
922
893
842
841
800
818
829
862
879
932
938
936
889
891
856
866
891
913
919
842
857
854
858
863
830
828
817
824
847
855
860
820
830
813
821
816
854
905
951
994
1007
954
968
969
937
922
929
941
956
962
938
948
970
999
1001
980
964
940
938
945
958
960
956
959
976
966
992
975
952
957
963
916
918
893
863
854
846
844
853
808
830
845
896
968
1018
1011
968
968
958
956
961
960
951
922
935
942
978
966
976
951
973
955
956
976
1008
1027
977
938
899
894
930
1011
1042
1031
925
964
989
981
1043
1024
989
1003
1001
1067
1022
954
941
915
925
921
898
923
907
883
854
844
831
839
851
920
1038
1070
1113
1124
1103
1048
1023
978
931
892
861
854
915
1029
1061
1162
1117
1151
1130
1125
1036
1037
1011
1014
1042
1085
1098
1067
1044
1058
1059
1073
1039
1071
1068
1074
1120
1107
1144
1079
1085
1003
1002
1009
1033
1021
1035
1014
979
951
953
938
939
900
922
884
902
909
950
928
1005
1019
1045
1034
1046
1070
1062
1051
1083
1085
1058
955
966
951
944
953
963
958
946
916
880
861
820
808
810
831
990
1154
1326
1222
1163
1083
1035
967
896
891
914
951
999
1053
1084
1070
981
937
912
903
910
872
911
944
930
959
992
971
1016
1051
1068
1066
1104
1049
1074
1034
1055
1050
1030
1021
1020
992
1028
995
1046
1056
1069
1055
1085
1058
1081
1044
1063
1048
1057
989
944
969
973
1009
1069
1084
1125
1112
1130
1103
1126
1097
1125
1127
1077
1099
1060
1107
1090
1138
1123
1145
1099
1118
1069
1016
951
905
928
961
996
1032
1030
963
969
963
985
1009
1064
1070
962
976
988
1032
1073
1096
1098
979
1004
1020
1013
991
964
964
988
1061
1097
1005
917
936
957
962
1016
1091
1110
1097
1083
1053
1016
966
962
973
961
938
994
1061
981
969
1001
1055
1100
1054
1005
921
933
950
960
971
931
921
909
916
938
956
972
928
879
881
886
918
980
937
936
951
943
892
877
867
870
866
886
866
874
883
868
890
884
878
953
983
1072
1082
1039
1071
1057
1063
983
968
943
980
1012
993
1020
942
895
881