976
946
913
880
870
862
851
874
889
900
969
1035
1125
1151
1087
1034
1024
964
947
998
1089
1159
1095
1102
1022
972
947
935
944
979
942
905
881
829
4771
1423
253
841
726
821
794
787
769
728
1483
850
980
999
330
766
562
286
331
604
892
863
791
771
735
735
732
731
382
325
817
4688
414
1199
785
781
584
355
620
546
359
439
1006
873
877
946
878
875
865
873
501
1296
883
915
1695
1639
777
754
734
718
961
460
690
699
276
410
713
718
773
869
894
948
781
707
369
915
939
3678
4187
1502
755
744
393
354
736
763
796
832
845
937
1031
1053
822
1244
1011
961
948
930
922
979
1064
1025
1053
1020
975
949
917
895
900
927
973
981
961
999
1062
1050
1073
1131
1028
994
1023
1082
1049
1077
1094
366
673
1078
597
553
1148
1156
1113
1126
1060
1038
1064
1024
979
1019
986
994
952
927
902
898
894
909
949
949
948
953
925
897
895
896
896
867
869
858
834
821
778
794
764
759
784
817
868
1003
987
1001
1025
952
983
973
1970
894
911
896
902
863
1705
817
803
769
774
771
773
770
834
889
907
939
988
962
978
979
990
1004
1092
1113
1018
1069
1099
1130
1108
1045
1021
1011
951
922
918
908
895
929
959
972
1017
1066
1069
1145
1211
1151
1215
1178
1169
1187
1160
1037
1069
982
925
932
919
944
964
956
989
1044
1052
1119
1096
1116
1097
1107
1089
1120
5276
1050
1103
1069
1096
1066
1021
1016
956
1010
981
879
1003
896
914
874
904
937
966
960
1004
1021
1014
2863
940
905
917
874
868
899
974
1004
1033
1062
1062
997
992
955
969
1005
1008
1096
1082
1094
1054
1096
1080
1087
1026
1039
1040
1027
1089
1100
1071
1046
1070
1125
1085
1102
1070
1059
1019
1016
971
1011
966
967
996
954
967
989
1046
1023
1087
1116
1088
1129
1126
1117
1018
1019
1027
1083
1050
1099
1127
1049
1085
1076
1017
1037
1023
951
923
941
936
924
943
985
1018
983
895
916
902
915
879
910
954
979
986
961
904
913
925
945
908
979
941
1014
1019
1059
1081
1028
1033
1000
995
993
1017
1004
1002
971
967
898
931
936
961
916
905
912
888
909
921
950
998
1051
1033
1038
1044
1006
992
1002
1031
1044
1056
1092
1030
982
989
1023
999
1036
1062
992
1005
970
954
957
974
925
923
923
917
915
892
857
875
894
938
965
959
884
925
902
968
960
1052
1077
1129
1177
1188
1190
1142
1177
1134
1164
1092
1114
1113
1107
1024
1051
1037
1084
1096
1139
1110
1132
1057
1095
1104
1065
1010
947
1019
977
1042
1021
970
966
956
937
918
853
851
823
805
775
812
835
916
980
925
929
878
894
899
924
964
972
979
974
945
939
946
963
946
931
934
926
867
904
914
864
850
877
910
962
992
911
939
938
925
917
844
862
842
849
900
936
955
927
926
931
908
917
929
975
1022
917
938
906
891
922
964
956
1003
1014
1002
980
966
918
916
916
943
983
1014
1028
1030
995
1005
1007
914
958
902
961
995
1010
1065
1090
1090
1046
963
961
964
962
958
900
948
974
1029
1066
1069
1106
1111
1119
1063
1103
1063
1093
1138
1097
1106
1053
1093
1039
1071
1000
952
943
904
894
885
948
999
1021
982
931
889
889
864
837
825
773
796
866
882
1028
1037
1126
1116
1139
1116
1068
986
1024
1000
1028
1031
1019
985
1000
1005
1057
1108
1093
1088
1041
1066
1017
1046
1053
1002
985
923
910
918
879
930
944
910
934
919
927
922
940
921
968
990
1004
998
958
906
873
857
856
887
926
898
954
959
929
952
961
919
949
966
1004
990
916
939
957
967
921
966
988
992
973
1036
991
1059
1040
1056
1056
1000
1050
1025
1031
1055
1054
1067
1094
1051
1056
1075
1015
1049
1048
991
1054
1053
1013
1053
1005
1056
1081
1020
1033
1055
1046
1101
1114
1073
1104
1093
1093
1104
1044
1083
1101
1138
1103
1146
1114
1136
1079
1075
1023
1032
1074
1063
1046
1077
1066
1027
1067
1011
1027
1051
1015
1076
1066
1041
1070
1074
1022
1073
1087
1050
1074
1041
997
1045
1007
1041
1072
1077
1029
1039
1023
1043
993
1027
1054
1009
1035
995
1033
1039
1035
1045
1022
1028
1054
1021
1056
1004
1001
1036
1051
1124
1090
1096
1098
1023
1071
1088
1032
1096
1129
1068
1127
1141
1116
1107
1119
1105
1056
1103
1090
1031
1096
1125
1071
1110
1134
1152
1096
979
1019
979
979
991
993
1074
1076
1032
1074
970
990
993
992
967
945
898
906
900
903
845
873
894
948
973
953
977
1021
1041
947
980
1002
1002
991
953
1007
1054
1037
1104
1075
1119
1143
1088
1123
1110
1025
1062
1067
1079
1039
1088
1124
1065
1111
1104
1100
1120
1154
1123
1170
1119
1144
1087
1097
1035
1075
1024
1067
1113
1059
1090
1083
1053
1077
1081
1027
1074
1022
1054
1040
1014
1021
1049
1083
1069
1102
1091
1109
1109
1080
1074
1089
1093
1054
1089
1043
1067
1036
1100
1036
1079
1054
1080
1046
1071
990
992
1008
1028
1057
1074
1082
1061
1020
979
971
950
914
931
993
977
1101
1079
1147
1103
1121
1114
1085
1087
1020
1069
1069
1119
1154
1133
1110
1061
1078
1077
1005
1039
1016
1093
1066
1127
1071
1089
1047
1083
1076
1115
1092
1129
1120
1098
1130
1114
1176
1223
1164
1146
1110
1060
968
979
1001
1024
1129
1059
1106
1069
1062
1069
1027
1059
1052
1083
1090
1088
1095
1047
1091
1058
1091
1082
1047
1088
1032
1085
1113
1062
1109
1134
1088
1121
1083
1105
1070
1096
1077
1098
1157
1158
1152
1185
1131
1138
1099
1078
1098
1104
1137
1108
1156
1141
1159
1112
1094
1054
1052
1015
1065
1054
1078
1044
1095
1066
1015
1052
1072
1072
1077
1060
1039
1005
1030
1006
1049
1034
1098
1076
1112
1087
1076
1067
1074
1093
1063
1020
1033
1049
1022
1047
1038
1040
980
1011
1026
979
1003
1004
1014
1027
1015
1027
1039
989
1010
995
1053
1061
1121
1162
1131
1146
1126
1118
1098
1075
1077
1073
1084
1114
1129
1117
1104
1120
1069
1011
983
956
941
938
944
990
1022
1003
986
1016
996
1023
1047
987
1028
1010
1024
987
1035
1032
1017
1062
976
1012
1000
988
1006
1008
953
983
1003
958
899
916
944
997
1014
1012
1038
1024
1016
959
914
915
902
922
901
872
916
949
1010
1027
1015
979
968
977
954
949
948
962
974
961
948
956
983
995
966
971
978
990
985
948
976
1024
997
1037
1054
1047
1009
977
982
975
949
949
975
1012
985
1029
1053
1002
1025
1058
1058
1043
1028
982
972
962
967
993
1042
1092
1090
1056
1032
1000
964
979
1010
1060
957
1008
1038
1062
1090
1086
1012
987
968
951
979
1017
1005
1012
1044
1063
1031
933
936
916
947
1001
1064
1097
1066
1002
993
946
950
984
986
1023
1016
1048
1067
1076
1080
1003
904
921
905
873
838
827
835
846
835
831
913
968
985
987
986
932
937
924
914
916
922
923
908
926
933
929
902
919
913
940
967
932
934
947
930
915
899
841
861
834
805
790
792
830
880
929
983
1007
1025
1028
1039
1054
1101
1081
1116
1071
1122
1113
1063
1062
1020
1005
942
888
893
834
827
785
803
950
1115
1148
1180
1113
1111
1110
1108
1130
1146
1182
1187
1185
1152
1212
1214
1313
1346
1314
1333
1215
1277
1334
1245
1247
1264
1267
1235
1214
1211
1227
1236
1232
1262
1275
1249
1285
1174
1208
1218
1272
1270
1278
1164
1134
1024
986
935
971
1038
1088
1083
1163
1161
1175
1143
1128
1164
1148
1187
1133
1157
1132
1128
1148
1145
1183
1197
1203
1158
1149
1067
1101
1117
1060
1102
1062
1085
1076
1114
1145
1125
1166
1084
1105
1085
1123
1104
1146
1149
1162
1158
1129
1128
1058
1103
1098
1128
1093
1136
1076
1097
1075
1070
1060
1022
1067
1063
1121
1046
1055
957
900
864
834
805
839
831
801
864
882
905
954
964
986
1015
982
1045
1072
1065
1121
1055
1033
1028
989
1057
1047
1102
1117
1136
1140
1084
1104
1100
1112
1126
1043
997
1057
1007
995
1024
1004
987
967
964
986
1002
1003
1004
1033
1065
1086
1114
1175
1182
1151
1165
1136
1148
1180
1170
1190
1187
1176
1193
1171
1182
1179
1171
1191
1192
1214
1190
1189
1180
1127
1032
979
975
933
941
967
932
979
1005
998
928
961
895
910
861
854
850
834
831
823
811
797
787
783
771
799
789
878
897
968
947
913
873
882
896
868
879
893
920
910
927
945
942
958
939
905
929
977
1085
1088
1174
1189
1173
1179
1153
1187
1170
1188
1140
1181
1206
1161
1204
1150
1171
1186
1202
1172
1188
1115
1150
1223
1160
1201
1139
1112
1126
1128
1178
1149
1157
1160
1159
1144
1158
1188
1190
1188
1192
1170
1146
1161
1066
1085
1109
1108
1103
1091
1013
1056
1082
1033
1096
1045
1087
1051
1100
1165
1146
1193
1166
1204
1115
1110
1118
1105
1106
1103
1096
1099
1104
1112
1064
1108
1103
1132
1109
1134
1107
1113
1064
1054
997
998
985
962
982
1040
1081
1103
1150
1124
1102
1108
1064
1064
1080
1058
1062
1067
1037
1066
1077
1050
1009
1001
964
969
983
984
1021
1010
994
1020
987
964
990
978
995
996
989
1010
1032
985
1029
1032
1009
950
947
935
939
914
864
883
854
866
933
940
991
978
994
975
992
996
995
1022
1006
1011
1005
973
1009
984
1022
1060
1019
1047
994
1016
978
976
941
969
950
979
1013
995
1046
1077
1069
1100
1085
1124
1136
1120
1059
996
1030
1028
1092
1113
1145
1163
1142
1134
1121
1070
1100
1092
1096
1098
1113
1144
1093
1114
1104
1082
1066
1083
1092
1107
1131
1065
1107
1077
1067
1102
1073
1094
1090
1081
1099
1091
1138
1110
1098
1085
1028
1044
1087
1086
1088
1106
1087
1054
985
994
999
971
998
1033
1064
1095
1060
1078
1094
1070
995
996
1012
1058
1062
1147
1120
1166
1150
1143
1156
1102
1104
1126
1108
1079
1057
1106
1113
1116
1081
1032
1057
1072
1037
1089
1096
1078
1112
1130
1127
1132
1097
1127
1093
1100
1123
1150
1128
1106
1131
1089
1099
1107
1081
1123
1045
1072
1063
1034
971
975
961
941
959
994
1001
984
1023
1001
1041
1059
1020
1051
1069
1053
1080
1084
1120
1071
1083
1096
1077
1088
1067
1086
1066
1104
1080
1117
1079
1100
1085
1094
1039
1072
1094
1100
1088
1088
1110
1105
1149
1129
1162
1115
1152
1130
1138
1120
1146
1147
1124
1131
1083
1060
1101
1104
1134
1120
1064
1090
1033
1045
1010
921
932
932
935
929
923
920
937
958
956
964
985
986
998
1013
1066
1120
1099
1128
1117
1077
1091
1086
1026
990
1005
1016
1049
1088
1166
1139
1132
1146
1114
1096
1109
1069
1084
1095
1098
1091
1073
1048
1041
1056
1031
1031
1023
973
968
961
968
953
975
957
938
961
968
954
941
968
997
1037
1039
1059
1035
1056
1075
1074
1098
1115
1119
1143
1137
1153
1146
1151
1140
1152
1022
1056
1081
1085
1009
1015
1025
1017
1012
992
930
938
973
988
1023
987
1011
996
976
995
1001
1000
1005
983
972
915
912
906
898
883
853
868
885
930
898
979
1038
1120
1079
1083
1041
1063
1046
1036
1058
1059
1060
1034
996
1021
1013
1070
1096
1033
1027
1014
944
931
924
893
913
912
932
954
957
997
992
1006
1038
1028
1068
1078
1093
1078
1070
1066
1041
1079
1074
1094
1117
1136
1121
1106
1100
1105
1092
1099
1058
1037
1007
1046
1059
1064
1077
1065
1093
1074
1101
1065
1065
1043
1058
1041
1035
1052
1034
1065
1083
1063
1088
1085
1094
1065
1073
1112
1101
1102
1108
1107
1082
1112
1109
1115
1084
1066
1012
1020
981
1006
1032
1048
1016
1019
1023
1015
1009
990
948
947
951
1019
1122
1146
1196
1142
1167
1194
1183
1195
1157
1140
1114
1103
1088
1094
1065
1070
1025
1040
1064
1068
1073
1068
1009
983
968
979
996
976
1005
975
1001
987
1015
1028
988
1011
974
937
939
883
882
866
837
840
848
841
873
871
843
824
818
796
778
752
789
868
968
1075
1100
1144
1143
1137
1132
1110
1119
1112
1103
1103
1081
1066
1043
1040
1078
1056
1063
998
954
971
945
992
1028
1069
1069
1102
1059
1087
1054
1078
1084
1094
1056
1090
1097
1116
1098
1134
1159
1153
1160
1106
1072
1065
1060
1104
1158
1193
1178
1131
1167
1142
1149
1131
1145
1120
1140
1108
1053
987
939
915
872
874
886
884
902
912
922
927
910
911
925
954
967
1031
1078
1086
1146
1157
1184
1162
1132
1107
1129
1141
1122
1135
1136
1162
1180
1159
1182
1154
1167
1165
1202
1183
1174
1109
1135
1177
1210
1169
1162
1087
1121
1090
999
1012
1006
1035
1039
1055
1071
1110
1091
1096
1106
1121
1155
1185
1160
1160
1167
1167
1135
1146
1156
1199
1184
1204
1177
1159
1132
1143
1156
1222
1216
1225
1201
1217
1224
1228
1216
1248
1285
1269
1279
1255
1217
1247
1251
1228
1212
1174
1150
1225
1228
1299
1285
1215
1178
1128
1125
1130
1155
1207
1230
1194
1190
1164
1157
1092
1133
1105
1008
1047
1049
1063
1078
1086
1094
1064
1073
1042
974
947
911
878
854
856
896
890
916
938
922
941
970
999
1019
1059
1062
1079
1109
1063
1107
1124
1110
1068
1090
1038
1085
1054
1106
1085
1099
1104
1068
1088
1092
1093
1051
972
1019
1030
1057
1088
1088
1118
1116
1164
1128
1179
1172
1193
1189
1193
1191
1192
1193
1177
1190
1198
1237
1297
1236
1276
1254
1240
1185
1219
1277
1085
1113
1086
1082
1054
1043
1061
1098
1123
1084
1047
1058
1051
997
992
986
1013
1012
1021
1012
1002
958
965
979
935
952
977
979
957
943
955
973
972
962
950
881
897
857
874
914
948
917
937
951
968
944
966
944
979
1007
1020
1030
1026
1002
923
933
926
966
1027
1056
1064
984
1016
1033
1011
1013
1009
993
960
974
970
979
930
910
901
924
923
959
1012
968
990
1022
1008
1031
1040
950
990
1012
986
998
1008
1005
1016
954
951
945
899
945
1015
984
1030
959
979
946
942
924
885
872
846
815
799
787
783
772
749
740
778
821
854
895
949
959
950
962
965
953
946
938
945
948
981
1011
1041
1064
1010
999
994
973
970
959
969
979
980
990
993
995
998
1002
995
997
981
967
947
957
951
939
1021
993
991
979
971
963
962
959
961
937
944
952
936
950
970
974
974
972
920
928
923
917
934
938
906
873
866
849
832
813
797
790
799
798
800
767
803
780
812
803
843
848
865
955
989
1065
1060
1055
998
990
992
989
1027
1001
1009
1005
986
994
979
999
988
986
970
946
955
935
995
1035
1063
1087
1011
1043
980
999
988
1006
956
997
1001
1057
1129
1066
1100
1074
1109
1092
1081
1048
1059
1087
1096
1065
1062
1040
986
997
1003
985
964
969
953
992
1010
977
1040
1071
1060
1119
1094
1112
1122
1075
1094
1102
1076
1103
1135
1105
1127
1127
1094
1131
1103
1076
1106
1137
1113
1147
1112
1095
1044
1063
1076
1065
1086
1065
1144
1141
1098
1098
1057
1055
1099
1090
1089
1073
991
941
999
983
954
963
959
916
929
904
917
934
926
938
938
884
914
947
1001
1062
1094
1082
978
992
1022
1001
1081
1126
1211
1175
1155
1089
1028
979
956
938
919
925
928
959
986
983
1026
1066
1064
1117
1094
1032
1054
1108
1088
1042
1034
987
1008
1008
1001
979
953
905
887
854
865
942
940
1020
1070
1071
1035
1058
1072
1081
1021
1033
1013
1011
960
996
957
937
928
918
943
938
956
976
955
977
987
1005
979
933
952
977
960
939
994
1022
1019
972
994
1008
1017
991
977
988
979
1012
986
1010
1061
1079
1080
1053
1049
1013
1020
1041
1044
1115
1097
1122
1117
1112
1132
1087
1100
1141
1112
1138
1115
1128
1153
1159
1186
1123
1134
1141
1101
1113
1135
1136
1174
1156
1124
1140
1150
1086
1109
1135
1068
1043
1036
993
986
1007
1040
1047
1082
1048
1068
1080
1063
1086
1099
1104
1136
1096
1115
1113
1144
1100
1122
1107
1097
1103
1108
1056
1068
1097
1138
1122
1134
1146
1125
1082
1082
1068
1013
999
1018
1058
1046
1091
1148
1121
1153
1126
1088
1080
1079
1064
1076
1048
1026
1052
1083
1025
1029
1017
1015
992
1005
996
1045
1063
1113
1091
1122
1097
1105
1085
1089
1096
1076
1092
1093
1125
1126
1132
1112
1126
1126
1158
1194
1171
1188
1155
1171
1129
1141
1156
1131
1156
1137
1187
1153
1160
1152
1166
1148
1145
1120
1108
1126
1143
1087
1073
1071
1072
1048
1032
1010
950
973
988
1024
1048
1095
1079
1084
1059
1081
1110
1064
1093
1105
1016
972
980
966
920
902
887
887
867
847
840
842
847
852
843
837
837
840
839
854
872
865
872
891
944
962
916
895
893
898
913
922
940
962
953
988
1006
999
1017
990
1033
994
1040
1021
1067
1023
1064
1006
1045
1063
1054
1063
1036
990
1004
966
1006
1021
1007
1058
1015
1045
1067
1049
1050
1053
1083
1053
1104
1117
1057
1083
1099
1091
1127
1113
1113
1122
1047
1064
1080
1064
1091
1051
1088
1092
1073
1063
1048
1020
974
1004
964
995
1006
1026
991
1047
1021
941
975
957
1011
999
1048
1043
1051
1065
1041
1090
1055
1111
1118
1148
1095
1120
1091
1061
1074
1062
1115
1121
1063
1067
1090
1079
992
1018
1049
1086
1116
1118
1115
1074
1004
1042
1061
1110
1129
1216
1153
1156
1185
1113
1136
1087
1142
1137
1182
1171
1187
1121
1093
1093
1038
1066
1029
1065
1059
1055
1049
1059
1094
1095
1101
1103
1094
1023
1057
1024
1021
1039
1050
1072
1084
1051
948
993
963
986
953
1005
976
1021
1069
1098
1084
1058
973
965
960
951
910
938
960
983
1004
1017
1017
943
974
1002
1057
1046
1059
1079
1066
1030
1019
1034
1057
1088
1073
1031
1041
1026
989
1002
928
940
940
951
977
1000
1021
1030
966
1001
987
950
963
986
1036
1069
981
1015
1013
1000
909
904
906
891
859
864
893
932
940
927
915
920
928
926
882
880
883
900
872
895
929
956
924
915
918
947
984
1004
1009
996
943
899
907
926
899
932
959
1011
1046
1062
992
1021
1004
984
970
965
956
901
928
939
920
902
941
904
954
979
984
921
928
926
853
848
863
867
888
895
908
922
891
837
859
854
850
899
937
990
1063
1090
1069
1099
1066
1070
1016
1028
1017
1070
1089
1032
1052
1048
1012
1053
1051
1053
1083
1053
1050
1029
1084
1153
1142
1137
1117
1094
1111
1074
1100
1057
1096
1055
1045
1059
1026
1065
1012
1001
1004
1034
1039
990
1000
929
880
868
828
801
842
854
921
943
954
968
1003
960
958
948
889
933
972
1070
1116
1112
1108
1082
1096
1132
1180
1131
1176
1177
1149
1069
972
1002
1014
980
1036
977
976
956
1000
1023
1057
1108
1068
1085
1054
1063
1020
1042
1034
1056
1051
1068
1070
1082
1099
1040
1088
1107
1069
1101
1133
1096
1128
1061
1085
1089
1041
1077
1061
1073
1102
1121
1092
1057
1087
1028
1055
998
1038
998
1069
1086
1112
1117
1114
1094
1114
1120
1087
1114
1070
1127
1123
1135
1104
1127
1143
1109
1119
1089
1123
1093
1164
1129
1147
1136
1112
1126
1109
1095
1124
1095
1134
1053
1047
1060
1044
1084
1088
1097
1085
1098
1118
1098
1130
1128
1152
1115
1138
1117
1119
1077
1101
1072
1062
1085
1048
1120
1064
1115
1065
1093
1071
1110
1059
1103
1057
1085
1075
1043
1065
1035
1090
1104
1132
1163
1100
1065
1074
1022
1058
1058
1040
1062
1038
1059
1040
1068
1064
1099
1096
1095
1121
1083
1124
1092
1110
1099
1136
1069
1099
1067
980
1002
986
903
867
864
839
837
825
868
885
891
892
885
926
935
968
1020
1017
1009
941
891
880
856
822
789
800
830
843
859
918
928
1000
1038
1033
1053
1047
1016
943
929
897
935
963
926
889
886
883
868
883
886
869
875
883
890
888
918
943
961
1012
1046
1073
1077
1074
1056
1092
1098
1092
1148
1097
1089
985
991
953
910
954
985
1000
987
957
968
950
942
956
933
950
931
971
989
981
1007
996
1009
968
988
950
961
930
920
915
889
848
811
800
787
784
796
811
836
823
799
817
802
820
854
873
888
884
852
834
820
834
846
919
944
966
1017
978
1028
1104
1103
1034
1049
1035
1012
962
1012
999
991
1042
1024
1042
1000
1001
1025
973
1000
1002
1000
1044
1053
1072
1085
1025
960
969
932
968
990
974
1011
979
1009
1016
999
1016
1044
1008
1070
1095
1078
1048
1053
1067
1058
1085
1078
1148
1099
1131
1137
1111
1157
1129
1124
1119
1103
1120
1141
1076
1125
1069
1118
1100
1116
1120
1086
1112
1079
1068
1051
1067
1025
1035
1027
1053
1096
1165
1160
1120
1086
1037
1036
1026
1060
1075
1105
1061
1062
1021
1046
1031
1048
1072
1042
1069
1073
1069
1026
1067
1087
1086
1086
1104
1105
1095
1077
1118
1140
1210
1178
1139
1107
1059
1010
1030
1023
996
996
989
1016
1056
1021
991
991
992
926
946
969
1003
1054
1017
1038
1024
1006
989
954
938
916
887
818
831
814
845
909
951
1000
1007
1010
953
930
913
907
926
918
911
896
940
942
898
839
817
827
785
782
794
798
791
759
762
761
769
782
804
815
774
770
792
820
809
830
874
854
853
817
784
757
719
702
689
674
678
690
734
807
849
895
952
976
976
967
962
903
854
810
758
733
721
700
689
681
672
672
671
699
757
808
786
768
748
726
732
709
680
686
660
674
661
664
689
761
825
830
819
854
896
930
960
968
991
917
923
896
900
936
1002
961
972
1073
1133
1096
1080
1065
1022