540
536
537
543
548
552
551
554
557
558
562
563
562
560
554
551
547
547
551
549
556
564
565
563
567
568
571
570
573
569
566
575
577
579
579
574
571
570
566
562
561
560
555
556
553
556
552
545
537
537
537
541
544
552
562
566
565
566
574
574
575
565
566
565
563
561
561
558
559
562
565
570
566
572
574
574
570
569
568
564
561
557
558
561
560
563
560
559
563
564
566
565
566
570
573
571
566
565
564
564
563
561
557
558
561
560
567
561
561
563
563
566
568
570
577
576
578
574
569
570
570
569
567
564
565
567
567
566
567
571
573
576
574
570
566
567
563
562
559
560
562
566
569
569
570
575
578
581
577
575
576
573
570
566
565
566
564
569
569
566
570
574
572
571
569
567
571
571
565
563
563
561
561
559
559
561
563
566
565
567
573
577
583
585
583
579
578
577
574
576
575
570
568
571
576
582
592
583
584
585
587
588
588
587
580
569
561
552
545
546
550
566
573
574
568
571
574
573
574
574
570
569
566
564
563
564
567
572
579
574
572
575
571
575
580
576
575
578
580
581
582
578
579
584
580
576
567
566
566
561
558
553
544
543
544
543
547
548
557
560
563
561
555
548
569
567
569
569
572
577
579
585
592
598
599
600
600
605
610
622
621
617
616
611
609
607
606
602
601
599
598
592
584
579
573
567
568
572
569
569
572
574
572
565
561
555
538
528
524
521
514
514
517
520
535
565
585
591
602
632
630
637
621
628
633
633
631
1225
606
604
589
582
578
576
579
575
577
584
587
586
586
587
589
588
587
586
589
595
600
595
596
591
587
584
582
582
584
589
594
592
591
597
596
601
606
612
605
604
604
604
606
600
603
605
606
609
602
601
606
604
594
594
590
587
589
588
592
596
600
604
603
609
607
608
605
606
599
593
588
589
583
588
597
599
611
621
629
641
635
634
623
626
630
631
633
624
618
624
626
635
631
622
631
634
627
619
618
621
619
611
612
616
620
621
610
613
616
615
607
602
604
603
607
599
599
606
611
623
618
612
613
610
609
598
596
600
598
599
597
599
603
608
601
592
591
596
595
605
610
602
603
605
604
607
608
606
605
611
614
622
619
617
624
622
612
606
600
601
599
596
598
598
600
600
605
619
624
628
619
618
623
619
617
611
604
608
607
614
619
614
614
623
621
620
614
608
605
606
608
609
608
615
612
619
619
615
605
607
610
613
615
614
621
628
624
617
615
623
625
618
607
604
604
596
598
596
592
582
581
575
571
573
578
579
584
593
598
604
601
588
577
566
559
549
537
535
531
534
538
554
572
579
600
621
636
624
617
617
617
621
608
602
604
597
587
587
590
596
603
601
600
606
612
622
622
618
621
623
628
615
604
605
605
610
614
625
620
623
614
609
611
616
621
635
647
644
638
640
643
651
648
648
640
631
614
607
603
595
587
584
575
572
573
580
587
590
600
610
625
624
614
622
622
621
612
610
612
605
597
585
576
579
577
591
590
594
613
628
645
632
615
614
615
610
601
599
604
612
617
623
627
637
649
658
658
651
642
637
634
629
620
619
627
628
637
631
635
647
647
647
632
626
621
618
614
610
616
625
630
635
626
620
622
609
596
593
596
600
609
612
614
620
627
633
626
621
623
627
621
616
620
628
620
610
609
616
627
621
618
618
620
621
627
615
621
619
613
605
600
604
593
595
587
585
578
571
563
563
567
581
586
602
613
616
614
624
646
661
666
640
629
632
637
640
643
640
623
614
618
627
632
635
624
626
635
637
649
646
635
633
632
632
620
611
609
607
611
606
607
611
620
614
619
621
626
627
615
612
612
612
617
619
609
609
613
618
630
628
627
608
599
593
581
577
574
569
574
575
580
592
601
602
619
636
654
643
649
646
644
627
614
611
606
594
581
576
566
563
558
558
574
587
599
628
661
674
649
637
647
645
645
629
628
629
622
612
604
608
620
631
646
647
638
631
637
630
636
631
625
630
632
628
615
615
611
611
615
620
618
610
611
616
618
621
612
608
612
618
620
623
613
614
617
615
617
609
612
621
631
642
628
622
629
629
627
617
614
617
614
608
606
608
611
617
619
613
612
622
627
619
613
612
603
593
578
569
571
569
573
582
594
599
597
604
612
614
619
611
607
615
618
619
615
610
613
616
628
636
623
630
633
637
640
644
633
628
630
630
637
639
629
624
631
629
639
637
627
624
630
639
645
633
634
640
648
647
640
633
625
614
603
596
594
592
592
596
604
604
601
602
609
611
615
615
610
611
616
616
625
624
617
614
618
619
625
629
632
621
617
612
610
612
620
615
619
625
628
641
644
634
639
641
639
624
618
622
619
622
617
619
634
639
640
634
624
626
621
620
620
610
606
611
620
634
648
646
638
660
668
662
643
628
622
613
611
604
601
610
620
636
660
645
646
665
663
659
645
633
633
626
622
616
606
607
604
604
601
600
602
610
626
629
627
629
640
632
634
643
650
658
653
652
643
635
636
633
633
627
619
616
609
608
616
606
600
598
585
567
563
556
544
542
540
555
580
575
587
603
613
619
604
598
591
596
615
630
644
650
648
642
629
621
612
610
617
630
639
631
644
645
626
623
630
635
623
616
615
614
613
616
612
620
630
628
628
621
622
624
624
622
616
618
618
627
625
614
604
602
600
604
620
627
619
625
629
640
641
645
641
630
621
620
626
622
611
612
605
607
610
608
611
604
595
590
581
578
575
571
579
574
571
567
565
568
576
589
598
598
603
613
613
610
605
595
591
590
583
577
579
585
594
599
610
610
604
587
582
572
557
560
551
548
556
559
557
559
574
593
591
597
590
583
582
576
569
566
559
557
545
548
547
556
557
577
592
612
626
622
613
603
581
576
566
562
556
556
548
555
559
580
585
590
594
582
583
579
578
573
564
566
569
587
599
618
628
634
622
620
629
620
605
595
597
595
594
599
607
605
601
606
600
602
614
622
622
615
624
625
621
613
609
608
601
598
577
575
568
562
567
568
571
570
573
577
576
571
566
565
566
567
573
573
575
591
608
629
646
621
617
617
606
588
572
565
566
569
577
577
603
631
654
660
634
620
617
615
609
599
598
604
613
611
604
604
598
594
588
588
578
568
560
548
539
532
532
536
535
531
534
537
543
549
551
556
562
564
566
563
562
566
571
580
593
590
587
595
600
604
599
598
605
609
614
606
601
606
611
616
609
604
612
609
601
592
577
573
579
593
594
591
594
616
616
603
596
604
608
604
602
596
597
603
607
613
605
601
602
606
605
607
601
592
594
599
616
630
624
621
636
645
642
631
624
629
628
634
621
614
615
614
610
612
606
600
607
616
619
620
615
624
622
627
623
614
609
610
613
614
607
605
609
619
620
626
619
615
626
624
623
611
602
604
603
613
623
615
613
621
628
635
633
625
617
622
623
621
612
607
607
604
605
603
598
600
604
603
608
606
611
616
619
612
610
609
606
600
593
583
574
576
579
593
606
609
609
625
644
642
633
626
630
630
633
627
619
616
621
628
626
616
615
616
608
608
603
593
578
573
563
557
561
563
571
575
579
581
572
568
564
571
572
569
567
563
563
564
569
572
574
567
563
568
568
570
566
561
560
548
552
550
548
552
565
591
616
626
637
640
627
606
600
591
585
573
563
555
546
537
530
524
523
520
524
519
531
614
769
773
725
710
678
671
632
625
628
634
628
615
607
601
602
600
594
589
594
607
609
611
603
610
620
625
634
621
617
625
620
612
604
606
610
617
615
612
621
627
631
621
624
631
634
636
621
614
610
612
618
616
628
643
640
651
656
643
650
651
650
639
631
623
616
607
611
614
623
631
638
646
653
668
668
679
676
651
639
631
619
616
607
607
620
631
639
640
652
658
664
642
636
634
630
618
610
613
611
620
620
606
605
604
613
614
609
605
615
620
628
618
617
624
624
627
621
629
637
648
630
624
617
604
595
574
565
561
546
551
547
563
591
591
587
590
605
616
603
590
575
567
552
550
545
534
526
527
524
523
524
527
530
533
534
543
550
553
554
555
554
552
548
548
550
552
555
560
600
653
728
764
760
751
709
660
646
624
608
607
599
594
592
593
598
601
600
599
609
629
652
647
646
675
678
652
640
646
649
640
615
611
608
605
600
591
578
584
596
613
614
638
643
646
619
607
613
614
615
603
603
616
632
654
646
639
645
651
655
646
636
633
634
644
637
630
638
651
657
663
644
639
655
658
665
655
642
637
637
646
647
633
629
643
659
662
649
638
643
650
658
664
644
632
638
646
656
652
637
643
658
663
672
647
635
633
626
618
619
603
591
586
574
576
571
573
582
584
580
580
582
590
605
614
604
605
621
625
623
614
618
643
646
640
625
610
611
607
604
597
600
619
630
646
643
640
655
665
662
638
626
621
620
627
631
625
626
640
655
660
642
632
638
638
634
613
604
607
613
626
649
641
637
642
647
645
634
632
635
632
634
627
641
645
647
634
627
631
634
640
632
629
634
634
637
639
626
621
627
634
635
620
615
613
617
630
635
626
615
615
619
626
632
623
625
635
642
629
617
620
619
626
619
599
594
595
590
582
573
567
565
570
578
586
585
585
604
618
633
618
604
610
621
622
625
611
609
618
625
638
639
625
625
644
660
656
641
634
641
646
644
640
624
615
623
631
639
655
637
632
643
640
637
629
627
630
634
643
647
635
633
648
662
656
645
632
627
624
616
610
605
605
625
647
667
646
631
635
625
628
615
610
609
609
611
606
600
607
617
623
638
635
628
639
648
656
656
634
627
630
633
632
631
633
658
673
671
649
653
657
655
630
624
624
627
626
618
618
640
648
663
649
649
670
673
678
652
635
637
641
646
654
640
641
651
654
660
643
646
658
667
660
641
631
631
616
602
587
578
586
598
604
640
658
666
639
627
624
633
631
621
612
619
626
636
624
624
643
649
648
645
634
633
630
632
628
616
612
620
631
640
642
629
625
634
639
642
654
638
630
633
637
642
645
629
627
638
649
654
644
638
646
650
657
646
633
632
627
631
633
619
612
618
622
637
627
632
646
655
649
646
658
658
658
639
634
633
641
636
629
628
641
650
661
665
655
647
652
660
659
646
635
642
645
646
646
647
646
662
669
675
655
641
646
646
643
651
636
629
645
655
653
637
636
641
650
649
637
630
628
620
606
598
594
598
615
636
663
648
651
657
657
655
637
633
646
647
629
626
634
646
658
657
646
641
620
604
592
586
592
591
589
584
576
580
580
585
601
614
616
624
623
622
607
594
584
584
578
571
570
572
581
590
597
598
594
595
579
578
575
577
583
587
588
580
577
584
589
598
612
619
633
641
660
681
681
651
665
646
641
643
648
631
613
603
606
609
613
618
620
614
629
637
641
623
625
640
640
633
625
632
638
636
625
627
628
627
642
636
625
613
602
613
640
659
667
649
661
663
674
657
641
655
666
678
669
660
671
673
679
681
656
651
659
662
682
668
668
669
666
656
640
634
631
638
649
657
662
646
657
671
689
687
661
647
645
649
650
647
650
641
658
677
708
709
676
659
665
663
661
648
632
634
642
651
654
652
654
670
680
666
655
664
667
665
651
643
657
655
664
664
645
641
652
659
636
621
600
591
578
576
570
573
574
570
578
583
587
592
588
592
592
596
600
606
599
598
611
617
624
642
637
642
665
674
671
640
614
610
599
599
599
608
615
626
638
659
659
672
642
634
640
642
648
647
633
628
637
641
660
649
649
668
669
667
644
642
642
646
653
650
638
631
645
654
679
659
646
649
656
653
653
637
630
632
636
641
639
627
634
653
668
670
673
669
645
632
640
634
631
633
627
641
635
623
622
641
651
649
623
619
614
609
616
621
610
593
588
599
622
611
612
633
642
655
659
645
640
648
645
639
629
627
637
648
661
641
639
647
646
643
633
623
628
635
638
640
630
634
649
652
664
649
639
638
639
643
655
645
637
645
645
638
627
635
638
625
620
626
620
612
617
620
620
614
617
624
630
631
628
634
636
626
617
605
595
604
630
638
635
656
670
686
667
677
672
670
646
642
648
656
642
650
665
677
673
659
676
691
700
673
675
692
702
700
691
678
685
685
682
677
669
696
702
704
700
674
664
661
660
654
645
654
658
668
656
664
664
669
652
641
655
655
660
647
644
663
680
687
659
653
661
660
663
658
639
634
643
649
653
640
636
643
648
651
650
644
651
658
657
644
642
653
657
646
640
654
657
662
647
639
646
660
664
651
647
663
658
650
641
655
657
656
648
651
660
663
660
646
656
663
668
648
661
663
672
652
646
661
668
682
655
645
652
650
651
648
643
649
654
661
646
630
634
645
646
641
630
632
636
646
660
655
646
675
686
688
664
659
662
661
656
639
641
653
657
667
655
645
658
667
666
651
649
666
679
690
688
665
652
659
658
643
648
661
671
677
663
657
673
675
676
662
656
672
679
679
663
655
665
668
672
653
641
641
636
634
629
620
630
635
634
628
622
628
618
606
603
603
605
616
621
614
630
654
666
670
658
640
642
644
646
634
620
625
628
633
626
618
628
635
636
635
623
635
640
648
642
630
636
643
642
641
628
626
634
640
645
631
626
639
642
649
646
635
643
643
641
631
620
633
644
646
639
630
642
650
662
657
667
650
637
646
631
616
611
611
605
609
606
602
597
598
600
614
599
598
604
613
609
601
612
615
621
612
601
587
579
601
618
637
657
669
679
682
668
657
644
621
607
609
626
650
655
651
642
634
611
596
588
584
588
596
604
604
602
598
593
583
569
574
575
589
612
624
632
616
631
644
652
649
637
643
631
622
616
611
612
612
605
610
608
602
609
617
632
640
640
624
607
600
597
590
593
599
594
589
598
595
595
594
585
588
581
572
571
568
569
575
590
598
606
617
635
633
627
618
603
600
597
590
590
582
572
569
571
576
579
587
579
586
588
585
564
558
556
557
562
564
568
585
589
604
605
604
605
598
588
575
568
557
557
563
575
591
587
600
624
636
647
623
615
614
611
609
617
629
637
641
633
623
618
617
621
622
646
659
672
663
638
631
618
608
598
590
579
575
564
564
565
577
605
638
659
673
657
646
628
615
598
572
568
560
562
569
581
595
622
637
608
618
625
635
634
628
633
646
661
655
640
642
634
631
637
627
625
628
632
640
624
625
638
646
656
645
633
636
622
608
591
585
605
621
621
644
674
657
651
673
680
658
644
653
645
645
640
659
659
626
639
645
642
625
620
619
621
615
593
578
570
563
564
559
559
568
575
584
592
594
621
657
683
667
648
666
680
681
654
641
661
676
681
657
642
647
658
673
657
639
634
643
647
663
671
667
659
646
632
613
593
592
592
604
631
649
632
641
649
648
620
614
612
608
616
603
605
612
616
630
632
610
603
605
613
627
646
643
643
636
627
612
598
593
590
600
604
611
615
627
652
659
665
649
638
634
629
620
604
598
589
581
582
587
593
583
590
596
618
613
604
609
616
611
607
601
585
581
573
571
569
574
575
577
574
583
581
586
594
607
618
617
621
626
640
644
657
643
628
627
605
596
579
582
572
570
579
590
588
592
601
607
594
590
595
605
603
608
626
646
646
639
650
680
686
666
646
637
638
642
641
656
646
646
639
613
599
596
598
593
605
648
666
672
652
660
684
701
666
646
639
643
653
646
635
651
682
707
677
692
724
720
685
673
680
685
689
665
652
660
677
697
716
691
685
696
694
667
658
668
678
690
682
660
666
684
690
703
674
672
683
665
655
642
649
657
676
660
650
661
671
674
662
656
667
676
680
660
649
658
674
695
705
686
665
671
671
674
675
656
646
651
656
682
693
679
660
669
683
689
696
668
648
650
657
670
683
675
669
683
699
710
709
677
671
664
663
657
639
628
630
644
640
639
653
663
657
652
667
679
688
691
669
652
647
655
672
676
678
690
683
671
655
647
643
642
636
634
617
600
597
602
621
660
673
689
731
768
743
702
685
688
693
702
695
686
691
679
674
673
653
644
648
662
662
656
674
683
705
701
677
688
676
658
647
643
644
640
629
644
643
652
649
646
642
644
646
651
645
637
637
642
650
667
657
646
656
658
664
666
646
646
659
667
666
647
639
630
623
630
633
627
629
648
664
684
674
666
662
677
678
668
648
643
647
656
660
644
646
666
682
684
657
651
654
661
664
645
637
635
627
634
624
625
644
662
679
662
660
671
668
665
652
646
648
655
666
666
658
670
683
676
659
652
660
664
652
632
609
603
595
598
624
651
637
623
643
647
646
630
632
632
620
612
619
634
641
626
616
624
633
628
624
636
644
653
651
637
657
664
675
683
671
653
660
663
680
691
661
648
636
658
685
704
719
724
722
701
682
672
651
642
656
666
684
703
710
698
683
691
687
682
651
648
646
649
649
636
635
620
617
614
606
604
607
610
618
611
624
627
627
623
614
622
621
614
614
608
619
638
668
690
705
697
715
702
688
674
668
660
661
647
647
641
644
638
637
656
681
693
676
666
678
683
684
687
681
657
658
665
676
691
664
661
663
663
667
676
673
655
643
646
658
660
666
659
662
676
689
685
666
657
651
637
624
606
608
623
622
625
643
678
685
695
668
657
668
677
656
655
651
636
638
641
652
641
650
658
664
649
648
658
654
653
639
646
645
635
629
646
654
672
666
659
669
652
649
637
634
637
640
649
647
661
684
701
715
703
691
698
696
706
675
666
677
688
696
687
674
689
687
677
658
658
652
645
639
642
641
637
650
662
652
641
634
635
637
641
633
638
654
668
692
694
686
692
677
655
656
650
654
659
650
645
660
671
684
681
675
683
691
698
681
653
640
632
624
617
601
592
596
601
596
609
622
630
622
609
616
628
628
629
632
656
689
705
691
711
733
742
703
698
685
661
668
671
662
670
688
691
692
676
690
690
706
714
693
695
697
690
685
670
688
688
671
681
661
669
661
641
636
634
643
646
650
682
708
716
704
687
688
685
678
674
672
679
661
660
668
674
671
655
646
649
651
660
653
643
647
657
658
652
634
640
643
656
662
655
648
668
671
665
646
641
642
633
622
634
636
620
629
635
625
616
618
621
609
599
599
610
619
622
614
614
633
643
667
680
692
680
667
695
708
712
710
674
649
638
663
677
684
677
670
681
670
662
658
664
664
665
674
684
693
701
696
668
658
663
673
687
673
663
688
687
669
657
666
664
660
644
653
657
655
644
634
633
628
629
622
609
604
597
601
615
625
625
651
680
693
681
651
643
639
628
618
599
588
575
571
573
579
589
585
581
590
596
604
611
605
602
605
604
616
620
616
627
648
672
678
661
645
649
642
623
613
613
618
619
606
601
604
606
597
597
595
611
632
657
677
658
669
679
676
669
660
639
646
646
646
651
627
628
645
663
706
755
717
709
723
713
716
691
678
686
686
699
687
681
698
709
670
663
677
672
646
640
643
646
636
613
614
621
636
660
658
642
631
650
659
666
668
635
631
607
602
596
582
581
579
580
583
587
585
582
577
575
570
570
564
562
569
583
595
619
637
639
621
637
639
646
632
618
629
619
626
616
603
604
612
627
639
633
627
646
670
640
627
640
658
669
667
660
641
628
614
607
603
606
613
614
619
612
601
597
604
616
647
651
657
697
706
703
672
661
650
645
638
636
627
617
628
651
665
672
683
669
647
657
655
646
628
618
622
622
633
629
619
626
629
615
607
608
613
627
641
641
641
629
623
629
637
649
654
654
674
675
651
640
627
614
602
591
590
599
604
614
618
647
666
654
620
640
647
631
634
633
641
641
643
636
631
645
665
687
696
678
651
629
633
621
597
590
586
588
604
599
594
625
644
664
679
685
665
678
685
682
681
661
659
671
679
691
662
664
688
689
690
669
648
658
658
664
670
648
655
676
688
711
694
673
675
671
670
646
639
655
671
703
698
687
713
723
729
702
671
659
661
657
674
672
657
686
705
717
733
694
689
693
692
682
658
644
647
651
659
663
666
673
693
683
671
661
642
646
646
658
643
643
656
645
647
635
632
621
613
602
596
604
623
627
625
680
694
710
708
688
669
672
675
677
664
654
686
703
705
676
662
646
700
723
724
714
705
689
672
650
631
614
600
598
604
624
643
660
678
668
668
670
669
653
647
621
622
617
619
627
622
611
627
632
637
634
628
611
609
603
605
599
594
579
582
590
609
644
654
644
681
656
655
645
634
609
606
606
609
617
617
637
624
620
640
650
656
628
625
618
606
605
620
613
612
612
616
618
628
618
607
619
640
669
696
701
717
694
688
677
681
674
657
635
612
602
594
595
592
597
612
671
643
672
734
717
664
677
679
676
659
633
635
631
646
645
629
609
600
611
627
623
636
676
681
677
654
628
621
620
625
634
625
655
688
717
691
655
670
690
692
697
675
660
646
629
608
596
590
584
593
606
627
640
644
696
768
806
722
702
684
677
661
630
606
590
582
565
554
544
536
531
537
560
574
664
812
867
874
789
746
729
707
720
736
689
665
642
643
645
639
630
622
645
666
689
696
703
703
669
636
620
615
629
642
638
692
713
710
704
669
640
638
653
663
644
627
645
660
684
676
641
650
672
644
647
624
608
605
594
591
584
589
607
654
725
704
704
740
761
715
675
688
676
651
642
635
634
648
663
681
696
722
711
688
656
629
609
593
602
628
686
773
784
790
750
724
688
682
686
674
670
643
638
658
681
705
716
678
659
669
677
678
647
646
656
656
643
619
604
597
596
598
599
624
651
664
667
651
637
653
649
644
626
618
615
622
611
603
605
619
614
606
626
728
692
707
677
670
657
649
640
641
644
653
660
664
681
686
688
688
678
669
648
629
629
627
622
617
635
636
644
632
664
688
695
665
659
665
651
650
633
621
628
638
654
669
659
667
689
683
677
658
635
619
628
641
660
668
670
647
653
655
669
681
669
660
672
681
665
656
633
618
611
616
628
629
616
652
683
667
666
653
651
636
637
632
623
620
628
626
642
646
641
646
675
704
706
694
692
647
631
633
627
635
637
639
623
636
644
655
655
641
627
633
642
625
601
598
584
573
567
557
555
552
543
549
563
579
585
579
581
584
589
585
593
611
611
615
621
608
621
641
652
665
657
642
654
648
646
632
628
621
612
606
615
622
641
656
655
639
621
626
635
637
626
619
605
596
601
610
634
659
658
663
670
668
646
616
591
568
562
556
573
585
607
626
650
645
665
681
686
704
710
694
677
666
650
625
590
573
588
566
567
570
581
588
593
597
603
595
593
590
590
593
593
605
614
623
643
651
664
657
662
644
614
610
616
631
633
636
613
619
622
622
642
634
662
683
682
651
624
607
595
605
629
651
646
630
648
666
691
704
674
687
690
705
697
685
686
685
689
686
670
674
701
728
733
732
694
705
708
712
688
664
657
676
683
711
718
690
695
679
685
682
680
669
652
657
650
636
646
658
674
680
665
684
697
678
670
663
648
644
650
652
672
691
712
726
745
737
696
677
667
641
621
602
603
633
657
663
746
784
796
714
670
685
675
657
637
631
631
637
632
626
648
664
681
692
657
644
658
664
672
649
632
643
649
659
660
638
642
641
662
670
683
660
647
675
687
675
670
646
640
636
644
664
684
681
665
651
648
646
648
653
639
622
624
625
631
636
619
600
599
587
601
625
650
648
660
675
689
682
665
645
647
647
652
649
640
637
653
672
690
691
667
674
673
671
678
653
646
656
664
666
683
667
674
697
709
692
669
680
681
673
665
643
647
663
669
658
652
648
629
627
634
637
631
624
637
649
663
676
666
649
668
679
680
664
644
641
652
652
654
638
618
611
610
619
636
652
656
676
693
710
678
671
681
682
686
674
671
650
633
631
642
670
692
688
668
671
696
703
718
711
679
671
677
680
687
690
670
650
660
656
661
658
642
644
658
682
685
659
657
657
655
641
618
604
604
612
608
624
662
674
647
627
627
630
647
661
669
678
647
640
641
647
646
658
651
666
691
658
646
627
625
617
611
617
626
634
642
635
625
612
609
599
592
590
595
607
625
647
666
667
667
692
695
701
692
657
646
646
643
628
615
611
627
641
646
660
667
648
653
663
665
651
639
647
657
669
661
653
669
676
680
656
662
674
681
668
664
651
635
638
647
652
679
666
653
676
679
668
641
632
631
618
626
623
624
627
622
607
598
603
611
609
598
603
620
635
636
642
644
621
612
614
624
636
643
632
630
636
649
648
636
613
596
583
567
551
539
539
536
555
577
650
724
765
733
697
648
611
587
579
570
586
603
635
679
692
694
683
665
661
658
642
632
620
615
607
620
638
651
667
677
673
649
624
612
635
651
660
667
655
642
628
608
604
605
616
618
629
637
629
618
603
589
587
589
601
607
621
633
640
632
623
617
613
625
643
644
627
611
615
620
629
635
619
632
646
663
658
645
633
642
640
637
633
628
609
596
590
584
573
569
575
590
618
645
662
659
641
639
618
604
595
590
600
601
613
622
642
681
706
720
702
676
663
654
646
634
631
626
621
620
618
621
637
652
661
644
646
643
616
608
598
589
581
569
564
568
582
600
619
414
828
622
603
594
597
608
631
633
650
649
653
643
639
635
636
608
611
630
653
684
713
711
681
687
668
674
688
716
733
701
672
631
620
604
598
598
595
610
643
670
669
685
683
657
634
622
601
585
583
583
595
605
610
613
610
618
646
687
699
718
726
717
706
688
668
661
647
631
611
603
595
602
618
650
646
628
654
663
666
669
653
636
638
638
642
650
651
634
625
633
641
651
661
644
637
648
651
645
625
606
593
582
583
595
617
647
634
624
638
654
669
645
626
618
616
606
615
607
598
589
598
607
601
618
641
661
667
646
657
660
657
638
625
625
621
627
646
667
688
668
659
647
620
605
604
604
613
617
619
604
595
598
602
610
616
610
607
604
599
595
578
571
566
566
568
584
617
639
669
683
688
669
657
637
616
607
600
586
574
572
575
584
590
591
602
609
622
609
618
601
596
600
605
613
618
625
617
613
604
597
605
613
630
654
666
655
658
640
628
642
640
655
646
647
660
646
621
628
623
613
624
641
639
612
623
643
651
640
639
659
662
657
636
634
639
647
637
627
643
661
675
680
659
657
662
666
641
640
660
666
674
672
656
646
660
668
674
684
685
672
655
661
663
670
680
665
660
675
669
678
666
655
679
682
681
664
647
657
656
660
654
641
661
677
688
676
654
663
673
680
683
653
649
657
653
646
630
639
651
659
663
649
663
677
679
663
646
646
642
643
633
625
635
614
590
592
582
584
595
609
638
666
675
644
640
640
635
617
613
607
597
599
597
596
598
616
632
646
655
663
639
641
646
658
657
643
643
643
634
633
625
616
616
626
634
642
649
683
704
702
675
649
645
638
627
615
1192
584
564
569
568
576
591
587
588
596
596
596
606
613
612
604
607
595
589
589
585
579
598
602
614
598
589
576
567
554
537
534
529
530
548
589
657
693
859
915
895
854
801
729
677
634
615
608
601
626
638
652
630
619
604
606
608
617
630
654
676
686
696
690
662
643
613
608
604
620
665
703
718
740
680
672
688
681
670
646
647
654
662
655
636
627
637
654
664
670
656
647
623
625
629
642
683
654
654
657
662
648
637
624
625
648
684
695
700
746
769
782
762
707
706
708
710
699
664
666
660
671
682
660
663
669
646
643
639
628
612
609
602
602
604
601
604
614
621
631
639
645
646
641
647
649
643
638
620
606
604
612
621
638
660
670
659
660
672
673
670
655
646
643
632
622
623
614
605
615
632
655
692
693
704
696
676
668
638
630
627
628
635
635
627
632
633
637
653
644
642
653
652
638
624
623
603
599
586
588
598
611
608
607
642
666
687
698
663
643
642
639
647
656
635
630
634
639
632
653
634
618
607
611
626
629
627
613
615
623
611
605
594
579
591
574
567
582
593
582
579
563
548
546
550
555
583
623
626
598
585
590
651
684
708
743
769
738
725
733
750
782
780
766
735
707
749
750
767
739
696
701
712
716
717
685
680
691
695
715
694
664
669
670
678
686
669
660
663
676
684
695
665
668
679
693
694
669
661
676
683
684
664
657
663
665
681
658
655
672
679
688
668
662
680
689
707
677
664
674
679
696
684
670
666
669
683
656
680
678
678