601
604
610
605
611
621
630
629
625
604
587
582
577
570
562
554
551
552
550
548
544
538
534
524
519
516
517
524
535
534
539
549
553
550
542
537
528
525
526
533
535
531
554
562
566
564
540
542
534
533
525
527
531
533
537
538
547
567
581
579
562
556
556
547
532
529
526
521
513
516
517
524
533
537
536
540
548
554
559
553
565
580
588
580
561
556
548
538
537
541
543
551
574
584
575
579
593
590
572
565
569
560
544
537
542
548
580
578
568
581
597
609
598
580
570
567
575
590
594
592
604
625
649
660
637
620
626
630
640
637
615
613
610
615
623
618
625
639
648
657
643
628
625
631
644
648
629
620
623
634
648
655
638
618
609
602
602
603
597
596
601
607
613
629
613
603
593
587
588
603
598
591
604
615
641
647
632
652
668
679
672
650
641
646
650
658
647
642
647
654
654
633
634
642
658
672
647
641
652
655
656
644
639
641
650
656
634
634
636
645
631
611
603
603