467
467
466
461
464
462
469
470
476
480
488
510
505
495
485
481
475
477
472
477
477
485
492
515
521
524
536
536
528
522
526
518
516
520
542
549
555
542
532
549
551
550
543
559
561
563
547
549
549
548
536
545
564
555
564
561
554
549
548
550
560
571
583
569
569
569
575
574
569
555
547
551
555
547
534
532
528
522
510
509
516
547
577
601
587
580
601
618
636
643
614
583
566
549
543
540
558
576
583
569
576
596
622
638
615
622
614
611
610
599
598
583
584
594
613
601
605
589
573
561
543
527
520
516
517
522
522
540
557
570
571
596
589
568
556
552
555
547
543
551
527
521
514
504
498
489
491
496
489
483
482
484
482
478
477
478
483
491
508
570
582
623
650
596
572
585
590
586
598
577
556
533
529
518
515
524
536
524
515
513
527
558
562
568
570
581
572
563
582
601
639
637
618
602
604
616
616
589
596
615
599
616
631
632
614
592
593
590
588
581
580
607
634
643
628
662
675
658
616
612
614
620
623
619
669
682
680
692
669
631
613
609
604
603
580
585
602
613
632
627
624
653
664
626
588
577
559
557
539
533
531
531
549
597
642
668
692
707
666
634
604
607
619
647
646
646
715
753
746
675
671
672
669
677
645
615
628
666
728
708
720
764
775
739
692
636
617
621
650
693
674
691
730
753
689
654
627
632
606
582
567
563
551
542
544
539
534
528
527
524
522
522
520
528
535
538
526
544
567
593
613
618
628
614
598
615
642
684
693
650
626
596
569
565
563
584
612
647
661
687
656
651
656
640
633
619
619
606
625
650
642
632
596
604
604
604
622
614
617
608
590
603
626
648
642
634
676
707
710
658
649
646
632
616
599
612
650
693
722
666
657
652
652
629
617
619
619
610
599
576
597
626
627
677
743
770
709
678
675
668
647
628
644
673
665
649
679
672
637
627
626
628
632
597
586
572
557
545
542
543
550
588
624
657
653
624
650
669
665
634
645
643
662
686
675
650
623
653
716
772
748
743
766
743
698
673
677
676
650
665
686
712
722
691
711
743
761
711
700
702
704
713
685
691
702
715
723
694
692
719
734
705
683
701
702
704
697
685
648
662
675
707
703
677
688
694
702
693
654
655
686
709
707
679
710
720
725
690
666
685
688
686
662
670
692
709
685
669
697
708
699
667
649
646
637
641
661
642
640
665
710
735
729
687
667
664
666
663
640
652
678
701
686
671
695
689
681
658
625
618
624
627
637
618
637
669
691
678
664
668
662
650
618
621
626
635
632
629
656
671
655
633
622
593
578
565
564
568
585
605
612
624
615
620
622
610
607
592
589
568
567
567
575
587
579
573
561
547
543
545
552
559
574
589
627
627
611
582
608
625
618
623
646
654
643
622
635
642
650
636
658
708
762
757
694
657
651
661
673
655
650
677
699
704
673
676
695
706
693
652
650
655
654
654
667
659
633
646
687
705
682
728
742
711
677
663
666
681
686
688
660
644
648
673
721
723
706
740
763
778
756
702
685
685
705
706
691
666
690
701
648
648
661
690
699
710
684
651
666
669
682
676
662
696
721
762
757
710
691
688
685
688
676
673
653
640
647
641
660
690
707
723
724
709
688
671
664
647
645
649
650
647
627
616
629
648
665
663
637
652
654
645
661
663
646
633
646
669
680
646
648
666
676
656
636
660
664
668
647
667
678
655
645
657
668
688
668
647
655
674
678
646
654
673
686
696
668
630
635
664
668
653
673
688
698
688
700
670
652
673
703
723
683
698
719
729
688
668
679
703
698
667
674
710
740
749
708
729
739
742
713
675
663
677
677
687
679
667
698
734
742
714
713
721
729
699
666
660
663
678
694
699
670
676
701
724
729
700
673
680
680
691
696
684
653
661
660
643
648
639
642
669
692
722
695
666
688
691
690
687
667
650
644
663
682
683
650
621
638
644
632
678
700
685
661
672
678
671
642
643
659
673
670
655
680
701
680
673
704
698
689
665
670
680
659
649
653
631
649
680
706
724
701
689
692
688
680
641
622
619
630
647
655
639
619
600
589
576
571
576
580
593
610
633
635
628
646
651
656
654
642
623
615
610
593
607
622
650
677
676
729
782
791
746
724
726
730
709
680
692
712
711
685
692
719
730
717
691
709
708
671
670
674
686
704
688
655
646
654
656
672
708
734
698
681
676
671
641
639
657
668
655
634
637
626
614
623
607
604
618
643
676
664
650
660
658
659
641
631
618
606
620
646
683
709
721
745
755
696
666
679
678
650
645
669
685
683
669
702
732
752
701
689
704
722
699
675
689
712
742
725
710
746
755
729
686
691
688
685
664
666
677
700
711
697
663
662
651
650
635
619
615
630
657
676
707
705
671
707
735
751
714
685
694
696
703
686
686
702
714
696
707
701
712
732
724
716
691
648
625
622
621
633
644
662
649
648
668
677
660
643
650
643
621
598
590
607
606
616
641
653
631
662
680
690
668
650
619
623
635
671
686
676
736
771
786
716
733
726
729
683
671
685
697
695
688
697
725
720
691
670
665
675
663
680
702
711
729
691
700
704
697
697
703
701
669
653
652
648
609
597
604
637
689
697
699
664
618
588
585
593
620
651
667
648
637
660
684
728
705
678
712
716
729
698
679
702
711
731
729
694
707
710
732
720
687
716
723
737
711
676
694
707
697
664
674
688
687
698
682
661
685
696
702
687
725
736
725
704
681
670
667
647
635
657
671
698
723
706
720
734
747
733
701
679
688
699
717
714
681
708
717
709
696
672
656
683
717
723
718
691
693
711
724
725
689
680
691
705
714
682
663
675
693
722
719
681
671
694
705
718
682
690
709
710
704
678
670
681
684
676
667
711
729
725
709
667
661
675
686
671
619
623
622
639
668
648
623
620
609
611
604
609
618
627
624
626
636
637
636
628
634
649
675
667
646
654
673
692
682
645
648
654
654
630
611
612
591
600
578
571
565
564
564
561
572
585
598
589
593
611
633
640
665
707
749
718
697
718
723
697
697
720
740
706
695
728
717
771
738
692
674
650
638
618
614
617
638
665
712
754
755
816
805
731
728
722
711
668
658
667
697
712
693
724
772
804
797
720
665
631
631
644
689
718
693
763
800
748
694
729
771
786
716
668
656
657
690
728
700
761
789
746
738
740
721
686
684
693
707
691
690
703
713
675
673
667
675
662
654
698
729
740
771
793
742
728
729
725
684
679
703
739
727
714
748
775
770
714
684
698
691
672
702
710
748
742
694
684
699
718
686
674
687
713
723
721
697
661
658
667
660
646
645
665
682
664
661
683
688
664
688
689
697
673
681
698
736
742
733
730
686
678
690
707
714
701
732
768
814
819
790
761
702
688
693
717
754
715
735
778
792
768
699
685
692
708
712
673
694
738
708
701
682
668
678
672
682
656
642
646
665
739
838
869
779
747
728
690
676
662
657
665
677
697
688
680
676
646
650
659
693
688
692
741
741
703
703
692
662
626
619
653
664
661
716
715
706
660
682
693
678
671
700
729
698
668
689
700
677
671
643
639
646
655
664
685
727
702
657
668
687
688
673
645
636
626
620
615
615
611
623
647
663
668
693
703
683
669
638
622
611
615
632
633
629
618
633
642
621
613
625
633
623
624
640
646
633
626
620
626
615
619
635
627
625
622
616
618
604
594
600
614
641
647
644
674
726
746
719
698
721
744
772
728
665
641
651
694
700
688
733
774
773
711
715
713
729
686
675
682
660
690
733
741
719
772
811
785
723
724
734
751
739
717
697
665
651
654
677
737
816
862
839
759
727
721
729
734
714
728
746
781
773
723
719
728
703
690
657
646
644
668
722
730
762
813
834
750
726
739
728
703
687
705
714
726
701
732
755
748
750
733
686
689
698
724
754
729
705
748
778
793
730
719
723
724
691
692
720
735
695
702
717
719
690
704
717
741
718
698
730
752
756
719
677
684
699
731
709
695
727
768
773
729
720
727
706
673
675
689
694
667
650
659
680
714
706
686
716
730
740
704
682
688
696
703
676
679
695
719
717
686
712
726
739
717
677
672
678
684
688
671
692
722
703
710
719
713
690
674
667
646
632
614
589
585
577
580
590
604
612
602
605
611
618
641
643
643
666
693
701
706
697
684
658
659
660
638
644
646
657
663
684
668
676
694
708
695
683
697
715
689
676
678
692
687
668
663
686
703
687
676
692
670
640
645
707
730
689
682
703
716
706
686
694
732
751
710
699
716
709
678
675
701
721
735
727
703
712
741
753
772
733
700
719
719
719
680
667
683
685
714
720
712
752
767
732
703
728
728
701
676
687
702
708
688
697
694
684
683
666
680
692
688
667
685
689
703
680
666
684
706
693
667
666
667
650
649
667
702
706
705
739
778
754
719
721
724
731
735
698
693
719
735
773
744
726
771
735
714
677
657
673
694
728
729
756
830
857
820
733
728
726
741
729
705
720
743
762
720
712
729
750
739
709
712
734
762
732
706
716
729
701
711
730
757
748
735
752
750
734
711
716
738
732
702
687
704
738
777
742
729
738
750
741
699
693
710
722
717
692
713
729
741
743
693
694
702
725
721
679
680
701
730
692
692
714
699
711
701
670
679
686
675
665
646
662
686
711
706
682
700
724
715
678
665
670
656
667
668
657
652
671
696
693
690
659
660
640
609
597
604
614
612
661
703
672
666
648
643
621
611
615
621
646
656
631
646
666
685
716
763
818
800
771
767
765
751
730
727
737
750
775
745
729
729
752
723
702
718
727
699
693
722
762
711
726
746
757
712
713
726
735
696
680
700
735
775
737
718
743
748
705
690
698
700
721
697
695
719
743
701
712
721
723
727
683
673
672
681
654
654
636
636
640
619
630
625
648
667
683
693
697
680
668
651
651
630
619
607
603
598
601
611
638
683
722
729
728
723
685
664
669
669
674
672
656
675
700
732
754
695
694
680
657
663
661
656
656
688
731
719
714
725
728
708
681
675
666
636
637
677
690
688
745
771
802
736
726
733
732
710
678
699
710
722
702
738
780
771
712
721
718
694
675
686
693
709
690
676
692
736
778
729
693
706
696
670
655
678
693
693
682
691
704
743
760
758
683
694
686
677
683
663
648
657
687
713
760
729
694
662
647
652
660
665
683
695
687
693
686
694
675
680
672
674
683
686
688
729
740
717
743
755
752
726
697
667
641
626
627
653
652
664
688
729
768
771
742
688
677
657
640
626
607
596
618
641
668
670
745
827
829
721
733
756
724
688
709
718
713
667
643
663
691
676
709
770
807
730
715
736
752
714
688
696
713
707
693
740
798
757
722
756
766
750
732
749
765
731
721
701
700
735
762
806
759
751
756
758
815
832
764
751
734
739
745
718
713
732
769
790
748
709
718
722
688
671
687
716
711
685
727
767
776
717
728
734
725
692
680
696
716
708
690
725
760
779
723
714
720
729
724
687
698
691
671
659
688
718
728
703
710
730
697
669
651
641
648
666
685
701
741
781
784
731
701
694
688
665
642
626
614
618
658
707
730
753
753
694
688
695
698
682
652
649
651
673
675
676
713
727
731
698
729
749
744
704
701
708
692
669
643
625
639
652
658
720
795
791
718
711
715
716
707
660
655
686
719
718
690
738
782
711
675
669
659
646
628
609
630
662
719
771
807
816
796
772
743
724
686
671
683
729
804
803
755
773
769
702
691
697
686
658
647
656
666
688
729
754
761
736
740
737
726
698
656
653
657
680
670
686
681
695
692
705
695
663
638
612
594
584
574
573
568
562
561
573
579
574
595
625
625
678
726
787
751
731
688
674
675
646
656
631
626
633
637
630
630
632
642
664
664
667
652
648
632
625
626
629
630
636
629
617
595
586
585
608
646
701
768
756
722
702
678
649
634
600
596
595
617
638
684
712
699
681
691
722
721
715
687
657
643
623
621
619
625
647
660
666
645
635
621
617
622
629
631
659
765
777
722
699
689
672
671
675
672
663
646
654
649
634
641
657
677
701
740
769
761
736
725
717
689
639
622
646
696
722
752
724
704
729
736
685
676
679
699
685
674
713
744
753
728
706
725
741
742
731
705
709
722
760
739
707
735
762
785
749
712
734
760
775
733
711
734
759
768
718
738
771
794
738
719
734
743
762
712
717
754
784
745
720
702
692
676
683
688
712
688
688
717
727
740
724
709
738
754
750
706
712
743
779
742
735
754
779
752
717
741
748
712
680
694
711
699
734
740
689
726
759
761
720
692
708
724
738
738
730
697
715
731
769
783
725
734
751
767
747
709
694
721
760
722
722
688
681
669
665
665
654
649
638
639
631
624
614
621
627
634
660
653
648
666
704
723
697
708
682
649
638
623
630
654
671
712
750
765
746
786
783
807
800
745
740
769
800
809
809
743
729
742
758
759
728
716
760
774
741
704
723
745
746
702
699
725
746
727
718
757
773
753
727
748
768
776
776
733
714
736
772
786
743
726
733
750
769
761
716
741
757
719
713
715
729
713
671
644
653
674
660
657
659
658
676
702
713
708
743
754
735
705
729
748
734
712
741
748
731
702
736
769
767
709
707
719
750
757
711
720
736
737
708
708
731
728
703
688
697
725
723
692
683
696
729
753
723
703
741
745
728
739
771
750
747
746
718
708
717
717
749
768
787
771
747
779
792
759
710
695
705
725
730
720
758
774
754
713
720
705
664
668
688
717
699
708
749
760
777
765
711
720
715
714
726
701
696
748
767
787
745
724
731
746
726
690
707
721
671
656
705
720
666
695
728
737
734
732
729
725
723
738
717
724
743
732
714
709
688
671
635
619
631
658
680
702
710
699
678
695
725
734
695
648
631
667
702
740
773
722
699
733
764
756
723
687
699
735
749
733
690
724
748
760
718
692
714
724
699
683
672
650
646
645
650
660
647
654
657
665
658
650
664
690
727
743
749
761
717
698
721
729
714
694
718
755
775
729
729
730
704
682
706
720
700
691
712
743
716
702
731
747
734
708
720
745
745
705
693
707
707
685
696
729
769
771
722
723
736
737
733
711
691
712
737
758
745
722
751
778
771
727
705
717
728
734
706
692
721
741
732
711
728
724
719
703
688
708
727
737
710
726
761
767
740
710
714
726
724
740
737
700
710
726
717
691
715
738
715
703
713
737
750
760
763
748
688
684
695
700
673
669
714
768
802
742
756
765
754
700
684
704
715
709
717
760
796
768
731
750
754
749
725
707
733
754
766
743
764
805
832
794
735
741
739
715
688
711
728
728
696
714
747
744
716
693
720
736
733
731
694
688
714
731
726
694
695
742
784
784
719
703
722
727
720
690
694
709
728
733
709
706
713
730
737
695
678
706
709
723
699
698
711
725
718
690
670
677
679
688
647
632
660
684
674
677
705
709
695
662
661
668
669
651
655
679
708
693
678
705
732
749
706
691
707
725
691
670
705
724
742
701
710
731
741
715
708
765
771
776
734
706
697
673
650
660
676
703
713
720
762
753
711
680
680
681
660
658
670
694
717
725
723
685
650
648
646
649
651
644
624
634
647
672
671
677
655
640
626
603
593
595
601
622
660
694
717
717
695
686
640
639
632
642
649
653
646
656
686
711
668
678
702
688
688
677
670
664
632
617
614
622
642
725
719
712
695
664
645
642
654
671
697
671
682
710
742
764
737
683
689
683
697
717
693
681
666
646
618
616
628
679
750
771
785
771
730
701
657
646
633
634
646
647
648
646
657
684
700
693
701
719
732
726
744
753
752
750
734
732
723
694
723
787
786
725
744
741
666
671
709
696
675
674
686
716
738
765
780
775
744
729
715
698
658
650
662
667
666
691
713
730
726
683
686
680
667
651
625
629
632
642
652
675
675
705
712
706
682
691
698
706
671
655
665
680
681
650
630
658
690
689
678
713
733
685
671
688
733
772
717
710
752
792
799
742
724
767
798
806
755
774
794
816
749
720
753
794
818
742
745
776
798
793
724
717
738
750
747
698
708
730
763
739
699
710
734
757
752
695
688
688
721
753
714
693
715
732
746
700
707
735
766
795
750
757
811
863
885
816
737
735
742
783
771
718
762
801
814
749
720
741
767
753
726
703
736
763
774
717
714
740
766
735
718
745
767
765
707
708
738
751
738
714
742
758
764
740
698
700
710
735
709
692
707
730
704
682
700
726
747
758
724
710
721
744
758
734
687
709
740
764
748
709
712
722
737
743
729
729
754
778
798
744
701
719
729
722
687
693
726
782
807
750
720
745
751
706
684
693
681
642
641
709
735
726
765
777
731
694
710
729
729
688
710
746
794
762
747
815
827
755
729
747
758
761
729
741
762
792
763
723
766
793
788
736
751
771
788
737
698
725
744
774
744
771
803
814
745
715
730
756
755
714
716
749
787
793
753
742
768
771
739
704
735
768
776
754
709
716
728
748
713
738
768
780
760
708
692
686
689
669
669
691
704
698
678
702
713
711
682
665
693
698
698
675
664
703
716
714
679
664
674
707
716
682
667
692
715
701
674
651
652
649
658
655
633
646
634
611
606
638
642
634
659
682
673
672
640
624
624
642
666
665
657
669
692
724
720
674
652
646
654
676
689
684
684
722
749
766
711
674
660
657
652
661
661
657
674
701
673
677
682
686
684
673
659
642
629
625
614
619
600
598
602
614
637
643
642
628
602
609
609
618
621
616
612
608
621
634
640
624
615
623
611
611
631
660
685
678
699
715
727
703
655
661
665
674
655
646
660
698
738
707
712
695
692
662
644
637
637
661
710
693
732
750
696
672
682
724
756
721
680
685
710
821
843
792
820
858
833
770
710
685
697
755
863
890
905
909
877
850
775
721
715
697
671
728
783
758
801
838
821
735
715
743
760
746
705
750
848
912
823
805
836
852
814
748
771
816
845
839
765
784
818
820
741
738
769
768
723
755
785
810
758
739
774
812
789
770
811
851
850
794
742
767
789
759
761
827
870
824
781
810
825
771
725
730
771
795
802
720
696
729
751
740
679
653
670
688
668
647
642
634
636
647
650
640
631
628
609
607
595
585
576
565
564
557
562
581
599
631
684
768
763
737
703
709
734
776
765
744
714
703
681
668
660
623
619
615
619
656
738
770
786
803
814
817
808
730
723
715
730
749
745
705
743
752
703
713
688
687
697
734
766
790
750
749
731
696
663
634
629
625
617
610
633
650
762
859
863
776
805
802
714
688
658
639
632
641
648
642
628
622
631
645
688
769
814
869
840
740
715
708
690
708
745
772
767
746
779
819
813
745
699
695
699
703
710
724
711
695
702
684
665
669
669
653
673
703
729
702
736
751
752
747
717
726
752
764
723
722
726
749
719
707
754
792
771
731
736
714
678
685
736
737
728
755
790
807
718
696
711
735
773
824
851
824
788
766
752
691
685
679
700
735
753
756
717
695
684
689
703
719
749
741
693
666
669
675
696
727
775
765
755
744
754
690
690
688
700
713
732
707
730
697
687
712
729
694
716
748
723
697
724
742
743
696
717
771
818
825
778
724
745
732
733
703
723
797
848
773
755
761
765
724
705
719
746
791
745
719
703
699
689
688
732
766
771
709
712
737
740
714
688
700
729
774
760
717
720
740
749
767
715
684
693
706
727
714
717
787
824
756
731
750
765
729
713
733
750
723
699
706
726
789
824
753
772
750
743
751
713
695
729
749
696
701
725
737
737
692
672
677
688
668
663
682
688
708
692
681
667
646
636
636
639
645
643
639
673
688
688
683
659
649
656
646
652
643
629
622
630
632
629
628
644
658
627
611
624
661
704
708
672
691
717
743
727
698
719
760
799
747
788
833
836
774
779
798
747
716
747
720
736
785
823
833
769
738
714
669
649
652
653
647
643
660
675
677
667
694
729
773
751
714
721
712
700
699
688
686
677
666
645
665
685
709
745
754
754
736
692
689
685
650
651
659
682
688
664
685
705
708
719
676
674
658
625
631
657
651
668
720
767
794
746
734
744
752
702
690
724
753
755
724
741
729
771
794
794
793
773
741
699
697
706
725
749
783
775
721
688
663
652
646
652
658
650
663
654
642
650
686
714
703
688
714
736
736
672
658
655
656
652
650
613
613
594
580
573
573
576
586
586
582
599
621
646
637
631
675
690
703
674
651
654
661
736
734
715
681
630
622
646
690
688
767
843
753
754
785
746
694
691
684
695
698
699
708
675
652
656
679
707
683
701
726
725
703
690
657
635
601
588
571
563
562
572
574
604
635
688
674
748
814
801
800
747
733
714
719
734
711
718
745
770
765
728
741
778
814
839
765
769
755
716
670
688
658
674
693
737
715
696
661
649
650
616
609
604
604
632
641
653
696
758
769
690
684
684
698
702
679
678
670
676
667
649
649
649
645
636
632
633
636
637
617
619
618
596
589
583
574
573
577
599
604
611
620
615
616
630
625
630
638
647
653
646
654
646
647
651
660
657
676
679
690
687
665
652
622
622
621
611
612
629
646
673
732
804
757
715
721
729
713
670
664
654
657
682
688
651
656
646
654
627
620
621
627
656
688
662
660
660
674
680
709
734
736
728
715
698
689
668
634
617
614
634
658
675
710
702
678
658
663
678
694
692
674
690
709
715
719
696
671
681
683
700
741
729
724
729
721
726
695
658
651
652
650
672
680
681
657
661
678
699
671
670
669
650
624
609
606
609
633
660
694
752
793
839
813
707
683
664
666
698
728
730
705
696
702
738
751
725
660
633
614
604
591
574
564
554
555
557
560
590
637
738
761
765
731
721
660
626
634
645
671
710
327
330
625
622
623
607
605
591
590
595
618
669
715
727
755
783
771
759
738
765
771
751
686
634
617
619
678
736
789
722
688
716
740
761
771
779
714
694
717
729
698
683
672
771
823
816
820
792
777
783
781
777
776
797
760
718
725
759
796
762
716
735
768
733
689
700
702
714
696
707
745
748
710
687
691
720
740
699
705
729
752
745
706
723
743
733
688
683
683
709
726
697
690
715
764
808
797
725
695
707
717
705
682
678
702
738
734
707
689
686
715
729
681
678
683
705
688
658
655
655
673
686
681
659
665
677
652
638
647
665
686
670
654
663
675
659
636
619
637
658
646
660
685
735
773
739
718
732
741
730
687
708
743
766
757
741
784
800
768
716
735
748
740
711
710
752
757
734
696
712
723
738
717
683
701
741
783
750
714
725
729
737
710
685
703
738
772
761
734
754
762
771
722
685
688
695
715
700
681
720
757
740
696
688
703
712
684
661
685
714
734
716
704
737
762
773
720
696
718
732
734
698
690
723
750
742
705
730
753
770
726
693
726
739
759
749
743
760
778
754
714
723
720
746
715
693
724
741
764
746
717
745
717
736
724
746
752
742
727
688
693
694
697
709
705
715
719
711
668
645
650
675
703
691
717
757
792
720
740
770
801
727
719
747
744
757
722
709
750
776
743
692
688
678
698
720
732
767
714
718
733
725
695
688
711
730
719
708
747
772
737
707
710
697
683
657
641
638
666
712
725
732
723
682
661
683
709
688
677
712
749
753
711
729
732
763
739
709
723
732
742
696
692
710
732
767
713
709
716
704
673
661
646
623
621
641
646
680
688
687
689
679
674
668
657
658
662
658
662
642
619
628
612
625
632
639
646
649
656
653
645
649
672
671
663
622
618
599
584
598
615
624
630
615
620
633
650
628
633
634
632
633
629
625
619
603
606
604
618
605
610
632
656
675
672
653
627
622
613
612
613
617
616
631
639
646
650
634
614
602
588
586
589
591
582
584
587
587
592
594
597
594
598
596
593
591
588
590
578
574
586
585
590
572
573
574
577
585
597
603
621
607
612
604
596
601
595
577
570
568
569
577
582
584
575
575
580
595
601
594
588
573
560
550
542
534
530
519
511
509
503
503
490
489
484
482
478
477
476
479
479
481
499
523
559
595
591
624
575
558
541
531
527
522
520
515
512
511
513
521
543
608
626
624
633
635
592
596
608
625
640
651
650
655
646
615
596
593
581
582
569
563
551
556
555
550
543
541
534
530
527
521
517
510
506
499
501
500
506
548
629
708
781
834
827
838
827
788
756
720
701
675
637
622
664
666
670
723
774
786
790
702
667
671
687
721
720
673
682
717
777
729
704
707
717
741
701
699
731
763
774
718
760
784
726
710
729
777
716
700
759
817
778
722
729
771
831
793
789
808
843
766
738
739
764
788
728
699
712
745
761
712
687
672
675
679
670
658
639
619
609
304
303
1213
583
592
366
848
616
633
634
621
610
611
643
675
650
666
707
712
678
707
724
726
692
695
715
747
733
688
688
669
633
707
774
740
699
720
748
785
739
713
721
709
665
643
643
666
712
746
771
765
748
729
699
679
672
687
709
773
872
928
917
881
771
707
688
668
675
682
697
729
721
746
777
792
771
720
732
766
777
744
709
749
801
825
778
783
789
782
735
723
725
726
709
696
743
745
766
768
704
700
709
719
750
736
717
755
782
770
704
716
738
755
756
709
721
730
778
735
748
752
716
701
724
730
750
732
711
719
670
671
674
696
689
697
757
750
747
716
680
646
617
607
604
600
635
650
672
646
617
604
603
596
593
599
596
585
584
585
565
563
551
549
552
553
564
580
609
627
668
696
681
692
688
702
735
761
767
701
692
682
708
757
813
736
684
649
643
627
605
593
592
600
588
611
641
694
738
727
729
718
698
654
668
719
717
667
685
709
796
865
865
838
743
742
764
803
759
725
738
773
723
686
686
685
697
716
715
689
704
702
692
681
713
744
719
725