658
646
623
623
618
614
594
594
600
625
656
669
685
660
668
669
675
671
639
637
636
636
618
601
601
599
592
577
570
567
564
571
581
596
597
596
612
634
651
630
631
647
667
686
657
666
670
655
642
652
675
695
686
682
699
706
675
638
623
611
589
586
581
585
576
581
592
584
576
580
581
590
600
603
614
647
707
750
727
699
716
721
703
679
691
702
712
687
692
713
735
710
699
733
750
733
706
718
725
738
708
703
731
748
712
704
724
741
738
694
687
681
683
666
676
681
691
684
667
684
694
686
674
678
702
729
725
704
722
739
749
734
704
709
707
708
686
693
697
670
679
683
688
700
688
675
653
616
611
594
586
583
586
604
634
672
715
731
724
766
788
791
736
713
719
717
711
689
693
705
723
741
718
731
748
756
763
732
710
723
727
739
755
726
718
749
771
769
728
719
740
763
770
737
715
735
749
768
727
712
746
752
729
707
705
683
662
658
674
695
678
691
673
670
685
697
710
694
693
721
733
752
718
711
725
746
759
762
722
718
734
735
739
720
699
716
725
735
712
703
730
732
732
706
700
705
718
700
687
694
708
721
714
709
735
754
758
728
715
721
718
713
716
701
688
696
709
721
709
729
752
766
751
725
698
706
716
708
700
727
756
768
734
721
735
758
759
766
741
726
748
756
765
704
679
671
661
645
646
637
637
627
629
638
645
643
644
661
679
693
704
699
711
730
750
713
707
715
714
697
683
693
719
743
724
749
765
771
726
753
775
771
723
729
743
768
732
728
766
799
828
761
735
743
752
743
720
706
724
750
775
742
749
775
785
742
741
751
754
763
732
720
744
776
798
735
742
754
766
785
775
754
737
723
710
683
678
665
661
690
724
750
718
753
799
839
830
770
769
762
761
754
728
733
780
815
822
770
792
818
828
769
771
750
716
683
690
734
798
783
789
832
850
769
750
755
739
707
701
727
769
797
759
751
798
827
825
772
760
782
786
813
776
744
766
802
831
860
789
786
794
811
856
793
771
797
798
786
753
730
745
773
793
769
779
743
719
715
720
731
729
794
825
801
784
800
800
795
759
732
758
771
793
814
761
747
761
783
783
752
776
798
818
837
788
760
775
789
811
790
788
820
841
847
833
773
754
766
825
843
784
816
867
861
783
755
766
789
769
753
797
806
816
765
795
829
848
836
787
749
770
793
818
822
773
793
839
892
885
804
752
778
797
813
810
757
747
781
801
823
778
766
800
821
800
777
812
822
833
774
747
784
820
811
805
870
878
892
811
793
805
826
792
804
834
851
816
775
773
771
735
709
730
765
737
746
804
874
819
788
811
752
749
773
792
780
784
833
869
839
831
829
835
794
787
818
851
818
810
836
855
876
817
813
813
821
785
770
804
858
814
809
859
880
833
807
807
794
756
780
812
832
790
782
812
830
828
797
747
771
774
811
797
773
781
823
851
871
783
778
789
799
782
739
775
799
846
871
802
775
799
823
846
799
757
784
802
829
769
728
750
815
797
769
792
792
788
783
772
764
755
762
788
806
824
829
847
852
852
846
784
737
751
781
836
780
789
836
855
771
761
777
788
774
742
758
760
782
798
779
759
795
816
830
806
748
771
780
787
760
736
758
787
812
811
768
759
760
773
796
773
754
809
832
848
801
767
771
771
781
755
767
818
863
781
795
786
772
739
727
728
739
738
708
719
723
746
738
729
762
784
726
713
715
722
736
745
721
706
693
677
646
649
631
631
668
731
765
764
727
766
764
771
765
743
697
688
683
689
720
716
714
690
703
717
713
721
704
693
688
677
671
669
687
702
722
739
760
784
778
781
791
757
731
700
712
746
778
740
743
777
808
803
744
776
805
771
740
753
773
771
734
734
747
774
811
785
850
873
907
881
795
801
790
783
795
807
783
771
821
888
861
780
796
810
825
826
770
786
806
836
834
813
814
828
779
802
807
806
758
765
798
832
799
787
821
823
818
793
811
835
856
818
770
795
798
820
784
768
802
848
856
806
736
735
713
690
688
681
675
687
694
677
685
693
705
726
740
730
727
740
762
795
811
786
759
779
782
788
746
751
774
813
794
773
822
843
851
780
743
762
782
796
757
781
822
842
771
786
810
815
768
767
791
818
791
764
804
827
827
795
776
821
814
771
746
767
781
759
760
798
830
823
771
801
819
802
759
768
787
803
754
744
759
793
805
753
786
836
880
807
775
809
830
832
771
761
803
835
845
779
784
832
864
832
780
803
848
862
865
838
781
795
813
828
769
792
801
816
806
758
779
801
797
771
747
782
815
829
783
752
794
808
759
756
766
780
760
735
772
820
857
790
787
798
817
771
745
787
808
849
825
785
819
854
838
803
755
771
805
859
845
801
831
859
862
790
801
828
830
789
790
824
832
794
804
869
905
865
790
829
847
881
817
795
810
824
792
758
789
804
805
745
739
772
802
826
786
760
797
801
812
771
768
797
808
852
797
800
838
857
822
789
816
825
833
763
745
770
804
836
782
802
836
844
813
758
771
796
830
797
765
779
812
849
806
773
799
808
805
775
753
792
809
829
777
771
800
825
803
766
771
793
793
760
732
757
767
782
743
722
749
787
827
847
773
788
796
820
799
744
758
783
803
765
747
778
816
767
716
703
677
662
656
634
616
611
606
591
587
582
580
582
581
588
583
584
585
606
638
668
688
724
761
773
808
806
818
816
814
820
827
811
804
790
747
717
693
697
747
735
729
749
715
698
720
702
714
741
743
709
725
749
765
757
726
750
802
826
834
766
768
796
827
829
764
758
792
816
837
769
778
799
818
823
779
789
803
813
804
767
778
806
836
833
854
779
770
777
800
833
817
802
853
875
862
776
758
770
791
800
757
786
820
852
866
787
787
805
822
818
764
787
821
847
819
774
806
841
843
787
774
807
801
807
737
761
796
831
824
783
797
812
810
811
769
743
775
820
842
804
744
767
789
790
787
769
736
742
766
794
772
739
778
829
828
781
804
826
833
768
732
764
783
798
764
740
780
776
708
686
686
694
682
663
654
635
628
612
598
600
587
581
576
580
591
606
610
614
610
622
637
654
680
666
707
806
889
864
797
868
896
836
752
794
820
835
763
812
883
883
792
829
882
809
796
892
920
902
785
789
819
854
804
793
889
928
848
844
860
871
792
788
827
873
825
786
852
906
926
812
789
829
854
844
779
832
896
839
733
707
701
696
680
661
648
636
630
621
623
620
620
621
619
620
626
622
639
666
674
695
737
794
817
739
729
762
747
712
714
731
741
717
675
676
715
700
688
720
771
812
776
746
771
797
779
727
743
758
753
710
745
809
853
825
815
831
848
832
771
795
819
847
802
766
819
854
812
734
739
745
749
704
718
722
742
791
766
725
709
912
896
807
802
743
705
680
663
653
645
629
615
606
593
582
580
579
580
583
594
595
599
589
627
725
786
782
851
850
736
727
749
743
700
703
739
788
823
752
786
787
780
732
729
767
810
815
759
780
815
827
817
767
760
810
850
870
813
773
800
802
764
737
768
804
836
780
771
807
823
785
749
780
788
780
740
787
828
840
769
782
811
795
738
729
752
815
863
865
788
830
830
826
845
798
773
836
898
884
846
759
775
780
835
777
771
808
828
770
774
814
829
788
729
745
749
791
783
747
777
825
856
831
761
782
795
833
839
777
755
771
807
818
768
789
847
918
861
746
732
720
712
688
698
731
785
792
753
790
814
791
729
725
729
755
779
778
757
773
776
745
760
781
788
797
757
732
764
794
776
742
767
815
844
816
778
809
818
827
759
741
743
762
789
745
760
800
845
874
797
813
813
786
743
721
739
771
796
753
747
775
807
773
724
735
732
720
715
699
717
735
750
766
732
734
746
764
771
735
711
727
741
755
708
676
677
695
683
684
715
756
776
727
741
787
793
754
705
702
708
741
711
745
789
852
799
754
791
812
798
747
734
775
786
755
734
776
843
880
860
794
753
766
777
819
804
757
755
785
814
830
786
775
781
795
776
736
745
759
795
820
739
744
775
805
813
796
747
731
762
791
813
814
773
755
795
850
886
860
765
791
823
847
814
742
738
769
815
866
779
780
816
793
787
740
761
783
794
742
723
748
793
787
740
766
799
822
796
738
766
774
750
707
697
693
714
698
750
779
767
732
740
729
721
710
688
681
693
717
710
731
794
810
827
802
733
727
743
726
721
718
693
689
705
732
751
750
730
702
675
662
650
656
664
668
685
683
719
780
853
834
825
806
762
739
721
699
681
681
655
666
683
729
788
817
804
780
817
854
843
818
760
766
781
748
744
740
738
755
756
796
830
872
865
843
814
783
755
726
727
740
749
763
801
763
749
738
755
748
747
767
778
769
697
692
672
659
670
675
694
708
703
680
669
702
721
738
733
696
697
690
674
683
702
695
717
692
710
729
741
726
738
738
732
699
695
688
692
689
683
675
680
669
677
683
680
653
643
647
654
673
689
691
689
698
696
674
665
669
675
695
713
715
691
697
688
687
677
662
660
664
664
673
680
685
677
661
664
674
696
703
725
704
707
709
675
676
671
665
663
664
661
652
654
671
687
719
723
697
674
677
674
695
710
690
688
679
682
687
690
688
675
675
678
696
722
782
831
858
854
861
840
774
726
694
704
693
713
729
777
761
709
686
713
771
826
834
832
834
815
808
794
793
795
806
813
836
849
861
863
865
830
755
770
783
816
747
775
834
801
741
785
813
836
825
827
765
756
742
768
785
822
844
804
795
814
849
850
788
752
758
742
706
698
727
724
723
771
808
831
769
771
782
791
772
730
751
771
795
777
754
805
824
850
796
789
819
836
837
785
746
757
764
790
741
754
761
771
725
746
750
761
750
717
684
684
695
755
801
865
823
808
834
844
842
799
752
778
814
857
856
798
853
882
896
840
810
818
823
782
777
813
827
789
887
896
883
794
821
842
852
840
779
791
789
802
753
770
820
847
797
796
816
798
792
764
729
752
790
828
857
792
763
793
834
890
866
818
837
846
838
833
793
801
852
891
862
809
858
889
899
812
791
811
823
790
776
828
896
896
810
844
858
861
791
776
811
815
758
760
797
877
808
760
818
840
768
762
783
809
851
810
780
813
834
828
813
776
776
809
836
830
765
792
835
846
841
797
771
830
852
863
803
773
813
862
897
849
853
865
881
867
805
855
849
847
797
784
828
857
810
795
848
894
845
773
808
836
842
778
749
802
846
893
830
881
926
887
807
775
791
824
864
789
803
856
895
903
834
760
805
832
853
816
775
794
827
876
867
774
756
784
813
774
853
875
880
824
811
828
844
840
768
785
799
844
854
774
830
871
890
813
800
824
850
834
768
789
810
823
841
783
772
817
868
869
792
796
799
749
728
733
732
710
713
737
765
727
742
780
836
806
762
788
782
786
752
727
751
770
781
757
719
726
753
790
771
729
762
771
782
753
725
745
754
771
732
724
752
799
832
775
782
827
853
853
778
809
832
854
852
781
789
829
849
834
788
844
883
877
796
789
810
833
816
752
780
828
853
802
779
847
880
863
781
786
779
746
713
710
726
733
721
706
747
773
828
831
834
807
766
711
688
671
654
640
649
685
703
714
689
741
744
723
747
760
733
698
708
721
692
700
720
729
729
706
694
687
681
678
711
771
828
847
832
828
747
725
688
682
692
708
742
758
771
746
707
701
696
724
729
729
707
706
713
694
688
702
715
719
692
694
706
714
730
746
733
700
700
680
683
676
680
682
668
674
672
693
705
765
794
796
811
799
768
724
699
688
671
690
703
749
746
732
771
795
744
750
779
789
771
737
721
723
712
708
719
711
717
701
721
752
799
763
757
765
774
771
751
741
727
689
676
689
710
729
720
702
711
723
724
718
717
692
700
700
704
706
704
709
708
707
692
719
740
729
715
679
679
667
671
681
685
702
722
750
769
772
781
786
777
778
766
738
725
734
738
734
722
698
692
666
665
666
706
742
749
715
721
704
700
708
682
691
681
666
648
637
633
633
642
643
637
640
656
652
661
679
708
728
751
746
730
733
721
723
709
705
718
751
790
745
741
804
874
826
746
763
786
803
809
765
724
743
769
819
855
818
843
874
886
833
752
747
759
782
791
747
754
791
812
755
729
729
718
681
683
653
633
628
620
614
614
611
607
608
609
619
630
634
660
689
735
721
689
701
704
749
771
795
773
715
686
697
724
708
693
740
806
797
754
815
840
777
724
740
760
771
723
730
776
824
871
831
827
842
866
853
765
766
796
816
865
799
795
840
854
766
788
797
808
761
736
750
788
798
744
729
756
782
829
841
831
778
801
843
849
868
788
800
837
879
843
779
850
869
866
780
788
815
830
765
764
813
858
840
786
827
843
833
762
764
794
814
799
758
788
844
871
806
802
835
847
842
760
744
761
793
825
784
813
852
870
871
813
771
812
830
813
784
747
712
733
743
796
795
771
825
853
887
871
851
779
805
834
857
830
756
794
846
888
823
781
828
850
860
776
767
791
818
829
774
830
874
882
855
816
864
886
861
806
780
797
779
726
690
690
673
657
654
666
685
680
678
700
723
730
732
702
711
745
797
859
826
774
813
854
875
809
843
881
870
822
875
839
803
846
784
724
745
752
728
735
775
818
802
772
827
868
847
777
807
848
870
793
762
827
846
838
798
858
900
876
815
797
826
860
846
794
838
886
905
857
793
828
867
872
798
772
813
861
867
804
819
842
821
781
824
849
829
756
773
795
806
782
747
770
811
836
819
772
811
826
829
796
783
833
870
880
808
771
808
835
834
772
805
832
867
819
783
804
815
833
780
795
826
829
783
771
818
844
829
796
816
845
870
837
804
839
854
854
804
791
848
888
891
822
789
822
847
854
802
747
779
795
792
735
746
786
816
802
753
770
786
796
760
738
774
810
830
775
746
788
816
837
775
782
813
834
804
763
811
844
854
789
796
833
871
885
812
841
867
853
808
765
826
842
817
761
766
765
785
826
782
785
829
854
801
773
739
953
884
882
879
857
840
822
813
810
820
847
883
891
893
884
863
858
843
838
841
825
823
762
783
834
845
792
752
782
803
805
743
739
754
762
773
745
733
779
752
714
706
715
718
715
697
699
704
681
666
680
708
744
761
770
747
785
802
807
783
748
754
771
780
738
737
776
808
846
810
780
825
842
830
764
760
784
794
762
732
717
732
774
758
721
740
730
732
722
726
739
753
752
727
748
780
815
827
835
798
780
800
815
820
794
769
791
818
842
820
760
769
781
807
792
762
813
810
779
766
814
840
842
799
754
787
819
817
774
745
790
834
864
867
793
785
797
810
813
770
794
838
852
847
796
773
792
807
827
776
793
826
842
822
769
787
817
833
787
760
789
813
737
697
697
680
673
657
654
643
633
636
644
661
688
701
691
697
731
766
782
789
756
759
785
814
805
730
698
692
669
678
730
738
758
815
847
833
793
744
756
746
758
764
727
726
712
690
667
671
686
690
745
785
798
789
767
764
772
774
766
728
716
720
762
773
772
835
860
837
767
770
779
773
733
688
693
729
734
693
685
666
651
644
656
675
693
692
697
713
703
697
676
681
727
758
767
777
752
732
692
690
711
713
715
738
746
718
734
789
824
824
797
769
765
747
721
688
673
674
680
677
692
687
673
683
697
708
717
692
667
691
729
748
699
731
756
765
766
763
743
728
698
681
656
651
658
678
669
707
737
750
728
714
714
682
675
684
690
699
697
682
668
676
678
673
692
703
698
720
694
684
694
705
735
751
713
701
696
707
692
666
673
649
651
656
670
679
667
685
714
710
708
670
679
692
694
707
705
703
702
707
712
701
695
688
658
654
650
655
661
676
676
657
660
667
679
704
723
766
776
776
779
773
763
760
760
773
778
797
731
689
686
704
714
671
659
651
645
643
659
675
701
687
696
728
745
740
709
675
671
701
724
740
715
741
777
813
782
758
788
776
731
690
700
715
752
774
758
833
880
870
785
799
775
769
731
728
769
790
748
765
826
843
774
792
830
820
800
750
726
732
761
798
812
817
786
764
808
830
836
834
772
786
797
773
723
726
756
825
843
776
835
872
871
795
738
752
767
784
749
751
771
709
697
683
679
664
658
649
646
632
634
631
631
632
638
641
664
700
737
780
825
789
798
802
819
786
725
730
729
720
698
753
801
824
771
757
783
791
750
706
687
670
659
660
662
650
643
642
631
625
628
630
636
648
637
636
641
654
667
692
689
709
760
807
813
744
727
750
752
747
717
764
778
763
729
746
755
766
729
696
736
767
718
693
720
757
787
780
739
771
783
825
765
725
734
737
707
702
713
761
771
740
766
802
811
790
732
752
765
793
814
777
773
819
863
877
845
777
815
813
814
749
745
787
818
789
785
856
842
731
706
687
660
650
629
608
604
594
579
573
567
559
563
567
577
586
620
686
735
806
854
859
821
837
858
886
853
738
721
865
1065
1021
985
943
858
726
713
719
723
708
762
789
808
780
718
696
723
782
855
764
789
835
876
786
746
783
793
767
726
768
818
848
787
791
824
886
888
813
857
885
825
733
759
815
854
790
901
942
898
835
788
815
854
855
881
849
833
892
878
862
797
770
828
893
910
870
828
867
878
842
771
806
809
796
736
778
867
917
834
829
850
862
812
790
839
884
880
814
805
842
852
754
727
713
713
704
747
786
808
762
772
760
762
748
756
802
815
860
850
827
890
941
906
813
734
734
756
764
726
702
729
766
727
762
806
823
745
768
774
794
795
743
776
772
766
781
728
723
729
718
684
671
658
671
711
777
810
824
834
831
809
795
775
758
774
772
805
819
838
829
844
810
739
748
765
770
725
695
716
763
808
764
743
773
834
844
793
747
769
787
803
818
761
735
702
703
706
738
775
777
793
815
831
818
814
778
723
708
729
770
825
877
839
809
856
863
810
769
789
790
825
811
752
808
854
860
858
789
780
808
828
826
766
771
837
870
847
767
766
787
825
802
757
825
851
842
771
759
766
733
730
729
702
717
713
711
713
686
693
702
712
714
697
687
681
691
684
714
743
776
789
734
730
722
728
726
710
701
702
728
698
705
739
809
835
763
821
831
800
726
702
704
728
771
746
708
733
756
773
753
715
716
780
794
731
696
701
707
712
688
718
754
793
812
796
777
787
760
708
723
750
799
842
802
816
869
876
855
758
731
745
787
865
899
897
897
868
859
835
854
869
871
862
852
829
820
800
757
739
776
816
765
746
821
864
773
739
758
767
768
724
728
733
717
688
697
724
778
813
818
749
736
733
739
715
692
678
677
697
684
674
698
738
776
728
706
712
722
698
705
708
704
709
689
683
683
688
685
679
703
726
750
729
719
758
786
809
790
750
765
773
783
796
777
745
788
775
726
711
688
659
658
680
688
681
671
649
652
638
628
632
626
639
649
667
690
706
691
679
676
667
710
743
774
873
954
955
926
903
844
792
764
767
756
717
723
828
870
801
811
848
845
761
776
774
765
720
731
753
777
795
773
734
726
763
794
793
736
754
778
776
804
794
742
760
777
820
829
756
747
738
733
714
706
715
707
687
674
683
686
707
710
690
715
749
800
833
849
870
820
791
819
806
774
749
793
832
870
884
838
752
773
794
816
805
749
767
779
792
768
728
708
716
728
736
691
691
711
743
770
727
721
731
746
751
706
704
681
669
647
652
657
672
695
660
644
645
638
641
641
651
679
737
793
730
751
777
784
769
737
749
756
733
717
723
720
690
716
725
710
758
771
759
712
710
726
747
728
711
758
797
822
769
738
804
826
831
818
880
897
813
818
818
806
736
744
768
804
848
798
820
859
876
869
802
787
810
840
831
765
812
851
830
771
750
843
891
872
781
769
764
781
798
756
739
775
806
785
738
763
798
801
762
748
778
840
864
784
796
823
838
781
728
739
767
804
818
780
755
806
822
827
788
744
783
810
833
772
791
817
856
859
781
823
895
917
859
778
813
821
822
760
789
819
860
879
818
834
852
859
847
785
785
818
869
836
784
840
863
827
791
834
840
840
771
786
809
826
805
761
839
877
863
765
771
780
792
758
725
760
787
834
827
789
811
835
853
848
796
757
791
835
858
854
781
816
836
852
813
789
824
848
854
780
804
822
821
766
832
850
828
771
817
847
843
786
756
784
833
841
773
788
804
800
747
788
810
823
789
739
770
788
813
784
801
825
847
849
774
789
806
820
781
759
798
835
845
800
767
803
820
825
771
753
801
799
756
742
803
899
921
835
869
846
829
786
755
783
798
835
793
768
828
877
931
880
833
862
859
852
790
774
822
843
881
864
817
854
858
842
817
744
751
776
795
842
833
770
829
849
871
845
782
789
801
817
828
778
749
721
709
730
724
725
753
783
807
794
780
762
741
724
684
675
678
704
790
791
737
728
770
847
886
890
862
826
738
714
705
714
745
773
773
751
730
709
671
673
659
674
739
829
895
917
913
793
782
759
707
713
702
699
695
702
719
733
698
696
702
691
712
756
770
749
730
716
688
681
657
663
667
676
671
669
666
662
634
637
619
624
625
662
688
712
705
689
716
737
717
701
693
688
670
665
650
635
638
640
640
669
716
735
748
773
737
740
729
714
691
682
668
666
665
674
657
683
721
728
687
714
712
752
774
771
722
724
726
739
721
715
695
706
756
817
859
881
872
828
783
781
781
748
711
720
734
764
749
737
819
882
888
813
797
789
778
740
727
736
760
755
716
742
802
810
827
768
756
776
786
782
744
791
819
834
804
790
841
868
856
854
782
769
778
790
755
792
842
877
848
772
773
791
812
805
776
822
856
890
834
799
820
811
789
734
742
752
785
816
772
865
901
913
825
834
840
834
775
756
788
813
850
802
789
854
869
886
801
802
827
836
813
770
821
814
780
826
818
809
813
761
770
821
848
853
767
763
747
724
745
761
795
819
765
798
834
843
778
772
796
822
865
864
841
797
838
855
832
788
837
843
846
779
810
833
826
800
814
757
769
799
842
820
787
834
866
867
831
849
854
789
791
814
856
875
814
831
851
848
777
765
809
847
875
815
848
885
890
815
815
847
855
801
782
829
851
852
759
752
776
806
833
813
790
837
861
862
794
822
825
835
799
755
798
845
882
843
787
828
849
863
800
768
772
792
808
775
815
848
860
794
827
854
854
786
788
812
850
864
789
825
851
865
806
729
701
681
677
659
664
676
688
716
759
771
764
775
788
801
773
736
747
705
685
676
653
656
653
650
648
644
659
679
710
728
742
746
758
763
758
752
705
698
683
666
650
647
653
655
644
643
623
606
597
580
571
564
559
567
602
680
688
729
843
854
873
857
816
807
723
695
687
677
712
767
801
862
994
936
903
859
846
791
755
751
728
755
756
771
744
718
693
678
671
663
662
651
642
630
619
609
601
600
619
638
634
618
634
642
655
666
669
657
649
657
670
729
743
692
685
775
779
801
815
829
811
808
788
732
774
792
853
842
843
833
794
750
756
790
827
851
838
810
799
754
777
818
833
762
711
701
677
663
650