607
627
651
659
632
623
620
611
611
608
600
584
574
563
554
550
545
544
540
541
540
560
565
571
591
597
600
601
594
448
701
557
549
549
545
564
582
607
642
646
636
651
646
750
490
595
591
686
2076
6728
634
650
640
624
1849
1211
602
590
593
603
602
604
614
602
603
616
634
637
621
622
626
638
648
652
644
630
629
633
643
649
630
626
638
640
647
647
631
635
642
649
657
639
629
627
629
637
642
623
620
619
628
642
632
626
625
631
645
649
641
625
619
624
635
646
935
2548
414
2141
1412
5378
631
634
646
656
427
838
631
650
680
1096
489
2334
3253
644
656
659
633
529
741
634
634
612
608
604
609
614
626
638
626
622
627
635
648
655
660
636
631
631
641
650
658
642
639
643
637
634
617
604
602
601
607
622
638
631
631
651
665
682
664
648
645
653
660
656
638
629
630
631
647
648
643
635
633
622
604
585
574
567
558
554
552
548
548
549
551
547
542
536
536
549
554
567
578
590
593
578
573
581
585
603
602
614
606
595
594
600
598
603
604
595
594
606
628
653
667
659
639
629
634
640
642
630
616
606
609
618
627
631
629
610
604
603
603
608
618
486
746
606
607
610
603
616
625
616
610
606
606
604
603
608
617
613
610
628
642
651
664
657
640
628
619
613
610
614
604
603
602
615
630
641
648
635
626
624
620
613
599
593
592
595
605
608
607
602
596
595
597
605
602
599
601
611
614
611
449
559
794
604
604
604
599
588
585
591
588
584
577
568
570
581
583
579
584
580
611
317
296
417
802
597
595
598
616
637
629
626
633
632
629
615
604
599
601
607
594
603
610
616
624
616
586
571
571
576
591
622
323
303
437
837
619
621
625
631
634
637
625
621
634
640
649
624
615
616
621
633
642
636
629
633
637
648
653
651
635
626
627
637
640
635
623
624
623
627
634
638
626
620
627
634
648
657
639
622
620
619
609
613
606
606
618
629
640
628
622
611
591
577
567
557
553
553
571
606
614
618
646
714
759
719
684
693
702
696
668
644
643
643
646
651
642
638
648
664
675
658
664
681
683
656
666
655
644
665
660
655
636
630
643
660
652
658
678
688
687
665
656
639
628
632
640
650
653
653
664
682
680
676
647
642
655
663
669
663
650
660
654
631
615
614
603
600
603
613
611
593
598
588
590
594
589
598
607
619
627
627
619
616
604
599
593
586
590
593
598
603
603
618
653
708
699
676
1366
659
653
658
652
632
637
636
629
631
629
630
637
645
657
673
655
646
652
649
647
641
640
654
666
662
648
653
660
673
665
647
646
654
653
644
654
665
646
648
664
666
678
659
649
649
658
659
653
636
639
647
660
664
647
644
653
666
656
662
666
640
628
625
630
641
653
641
640
650
667
672
671
649
647
646
646
631
627
621
629
627
629
649
665
688
674
649
633
627
627
636
623
623
643
653
652
646
649
664
667
663
640
631
633
637
639
632
634
650
671
699
661
654
660
651
634
631
634
642
650
654
647
645
619
624
613
607
612
625
622
625
644
657
662
645
637
636
646
650
640
659
658
639
639
657
655
646
657
684
693
679
658
660
672
663
668
661
653
646
652
658
660
642
644
653
643
628
611
608
599
603
604
613
626
624
643
653
661
650
643
660
673
684
679
666
678
684
699
695
662
657
671
683
692
680
665
672
667
680
678
651
646
647
658
664
672
656
671
694
701
711
685
674
679
687
683
665
658
683
683
682
674
671
659
643
646
656
650
636
635
649
705
749
708
702
719
716
684
664
665
670
677
671
651
650
678
696
723
751
723
691
694
695
675
659
675
662
657
638
646
669
697
679
681
708
720
710
679
648
633
655
670
674
679
681
690
684
679
669
672
672
675
672
656
670
690
713
722
700
670
687
699
685
688
660
668
667
675
681
665
658
672
676
672
655
659
651
630
631
633
646
668
655
652
653
663
680
669
649
660
653
654
645
644
615
607
599
585
579
588
602
587
592
596
592
596
598
593
585
578
568
558
551
549
547
558
571
585
597
604
608
639
674
714
756
712
711
718
712
704
703
692
689
680
676
683
685
690
675
698
688
667
649
649
648
657
642
635
649
677
697
680
667
671
688
711
716
692
682
687
683
677
682
665
661
675
677
691
688
673
697
707
684
664
648
642
644
636
640
638
666
692
688
695
717
676
624
622
605
585
572
564
561
562
563
580
595
619
629
629
637
645
658
660
661
661
674
678
697
702
673
658
675
688
695
698
665
657
662
684
679
663
661
674
692
703
679
661
662
660
672
654
658
683
680
666
655
659
673
669
659
658
672
667
693
709
715
675
652
660
657
675
659
665
688
696
669
688
689
660
634
644
648
635
643
660
660
652
660
678
694
665
656
665
669
682
655
651
656
667
653
636
640
646
662
653
633
636
644
652
641
629
631
647
671
690
662
670
698
729
713
681
691
691
689
667
664
673
678
662
677
697
696
671
659
637
631
635
635
625
633
650
661
649
645
654
659
648
635
647
655
641
648
656
670
669
641
631
636
649
695
703
678
690
677
654
641
647
650
655
643
653
667
651
646
653
663
672
674
652
635
633
626
630
614
600
603
611
612
615
647
648
671
715
726
725
680
667
670
668
668
647
639
627
630
649
682
705
707
681
646
639
626
615
596
596
598
601
582
584
573
572
571
568
576
581
576
572
564
560
561
567
592
622
651
674
710
741
709
679
676
656
641
615
617
610
615
605
619
632
666
671
661
675
682
712
694
666
674
683
677
666
668
675
688
701
687
670
704
751
755
744
710
676
674
684
689
686
665
667
688
703
693
689
714
701
683
663
646
637
630
643
670
677
670
706
726
741
703
688
698
696
700
673
666
672
701
741
738
732
748
742
738
700
689
695
697
712
689
711
721
714
685
681
684
681
658
646
652
664
686
682
695
722
753
713
696
700
696
665
641
622
634
649
652
646
660
686
729
715
690
714
729
702
666
672
669
674
650
650
680
741
726
738
801
810
732
723
725
679
658
642
672
686
711
718
738
720
693
675
645
628
617
616
620
630
633
629
611
607
601
595
585
589
598
601
634
647
660
657
647
651
659
680
658
648
668
695
704
674
674
687
689
687
691
667
649
650
663
684
680
683
709
724
716
680
688
689
686
686
651
645
646
648
647
649
677
705
717
698
657
644
661
684
679
669
665
654
640
646
665
688
698
679
689
701
709
677
670
670
676
669
662
681
689
688
693
703
708
680
666
664
673
688
675
665
679
701
715
710
676
665
670
664
661
661
645
651
674
696
722
736
688
668
669
681
686
696
665
655
657
675
709
772
722
702
712
720
731
694
670
669
681
694
679
670
679
706
718
709
673
684
691
697
692
668
655
663
683
704
718
694
688
697
709
707
696
664
649
647
659
670
678
646
646
657
645
635
625
644
651
637
635
640
659
683
670
660
671
686
707
723
698
678
684
697
705
695
665
666
679
697
706
687
674
678
690
702
718
689
672
667
675
681
691
666
658
668
684
698
692
680
693
711
708
685
661
658
661
678
680
659
652
662
664
669
659
651
658
681
688
702
685
683
704
713
716
683
671
686
685
335
336
687
719
734
727
694
716
732
731
700
707
710
711
716
683
668
669
688
679
663
663
684
710
680
666
676
687
681
673
650
647
647
651
663
654
661
687
711
725
700
694
697
699
694
669
653
650
653
661
667
650
658
681
699
708
692
672
679
687
688
664
663
674
687
708
705
698
717
733
725
694
702
715
714
687
681
694
691
672
675
688
721
685
664
673
664
653
635
625
621
617
620
605
604
607
612
608
614
612
603
614
632
663
705
711
1407
688
649
633
625
625
615
611
627
643
616
624
628
616
604
602
604
601
602
590
580
582
586
592
586
596
606
618
618
608
622
643
627
630
602
600
605
621
620
612
628
646
663
642
637
659
675
688
669
660
672
680
680
648
641
644
640
628
620
627
634
639
634
628
648
672
706
696
680
707
706
668
662
669
671
667
664
681
701
717
709
676
677
688
694
681
666
670
668
673
675
672
646
652
667
686
699
688
678
695
685
653
643
644
635
637
632
626
634
647
663
645
623
623
626
620
606
592
594
592
592
617
648
700
702
683
668
676
718
738
763
751
729
729
709
672
692
698
737
737
757
778
757
734
698
685
674
673
662
632
654
663
696
705
673
685
703
701
686
683
691
662
659
662
669
679
662
666
684
688
670
689
703
702
682
666
673
684
688
658
656
642
625
606
602
597
591
578
577
575
575
579
575
579
585
591
591
599
601
604
606
608
620
625
625
614
616
611
611
611
629
628
611
614
621
645
641
636
647
667
658
647
652
658
659
638
637
645
652
656
642
653
673
677
656
636
640
643
656
669
673
651
643
645
653
652
637
634
640
653
648
636
644
662
666
664
651
654
662
656
655
628
628
627
620
615
604
602
602
602
610
616
618
619
621
629
624
613
607
613
621
615
611
621
632
644
637
616
617
618
630
636
634
628
633
632
627
633
635
615
619
616
607
597
592
621
622
623
631
643
649
642
620
617
628
652
670
679
687
653
654
658
665
664
653
635
644
640
645
644
630
635
646
660
665
646
641
645
654
663
660
640
641
646
663
669
678
655
655
672
674
674
665
653
667
684
676
665
649
649
661
672
677
660
652
657
678
688
689
673
668
670
654
652
623
601
596
587
583
584
575
568
562
556
557
548
549
553
554
562
582
585
591
617
620
664
691
665
631
612
597
570
561
548
540
531
529
528
534
548
554
552
564
597
628
632
634
271
386
699
720
678
653
676
707
757
711
681
688
708
724
715
663
658
381
270
637
627
632
646
652
646
690
671
712
672
670
689
718
685
667
684
701
717
694
691
709
721
688
676
693
704
686
662
670
688
717
695
681
690
708
712
671
656
649
640
647
674
688
653
647
657
672
677
434
873
636
623
617
625
619
603
600
590
583
577
579
568
579
575
580
573
575
581
587
605
601
609
626
644
668
616
630
635
653
696
683
668
635
639
632
600
592
585
4099
581
570
570
578
593
608
602
623
655
680
669
671
698
709
703
662
659
676
686
663
655
656
677
700
685
683
709
727
720
677
665
669
675
655
646
652
649
635
623
625
629
637
624
616
617
622
636
637
628
632
665
700
690
670
674
695
714
684
661
656
673
686
688
672
686
724
749
719
674
684
696
701
659
652
654
644
631
613
604
584
587
582
587
605
597
614
622
621
613
609
613
625
644
647
644
661
727
782
778
729
750
766
776
714
704
721
731
724
697
707
736
759
751
715
703
740
780
813
815
745
700
703
714
683
652
648
660
672
693
665
662
665
665
646
640
648
650
659
650
625
634
630
623
610
612
610
618
626
615
622
632
654
653
646
654
621
618
605
603
598
591
593
597
615
634
631
636
655
672
666
648
646
650
662
642
634
645
675
688
664
664
688
698
704
670
666
668
682
678
666
660
676
682
672
639
636
651
655
647
644
633
636
644
654
648
646
669
689
706
693
676
688
699
685
675
656
659
677
650
629
618
610
602
605
599
603
619
654
701
731
696
688
692
713
710
693
662
649
651
651
650
664
683
688
684
671
658
637
616
593
584
572
571
575
596
614
638
642
644
629
627
621
604
598
593
593
622
654
668
674
653
647
623
613
602
584
571
563
558
564
590
659
727
734
713
683
688
656
635
641
641
638
619
598
605
616
626
622
617
639
658
680
666
646
671
697
726
690
671
680
667
680
657
656
667
682
662
643
655
673
660
669
665
631
632
637
631
647
647
648
629
616
623
621
611
619
612
605
617
628
641
642
637
662
680
692
674
674
690
713
725
683
675
672
687
709
680
659
666
664
701
679
709
713
725
686
658
640
630
637
651
678
693
677
702
751
784
744
694
699
694
688
670
651
668
675
701
703
665
654
680
691
695
673
650
654
674
680
677
644
639
646
665
699
718
697
663
669
677
681
661
650
663
680
701
700
720
710
670
668
637
624
618
613
639
2040
710
686
702
716
737
706
691
646
651
646
643
628
616
625
644
678
694
663
668
677
678
669
644
644
643
637
645
621
617
632
638
620
635
641
654
665
662
663
639
633
622
620
598
600
601
605
4733
608
616
634
642
649
656
639
645
629
613
587
581
581
587
604
618
624
658
672
678
679
660
654
638
625
623
614
619
618
607
624
656
693
661
685
654
655
648
654
642
628
612
605
590
582
584
588
600
609
605
607
641
665
650
664
631
594
590
578
581
600
604
605
622
634
670
710
728
706
676
672
654
644
642
632
635
627
604
608
620
629
626
604
611
619
636
658
676
682
662
655
644
612
604
593
592
612
620
654
656
629
625
633
646
655
654
636
617
607
604
604
606
626
630
633
674
728
696
686
727
722
693
660
675
670
666
651
642
649
646
659
651
645
662
658
632
608
595
595
612
634
629
646
648
623
612
610
625
656
688
709
688
674
691
687
663
655
668
695
720
743
740
681
689
700
691
663
673
651
641
625
626
610
604
604
600
588
586
581
580
597
621
649
648
633
667
666
641
637
645
629
626
650
676
675
656
681
707
714
694
743
772
737
688
703
725
749
688
682
660
641
627
629
636
635
627
646
672
695
681
679
696
684
671
651
645
649
695
697
738
790
802
745
714
718
726
695
668
676
701
724
693
678
684
683
686
668
657
644
658
679
671
668
676
705
693
705
735
736
670
646
650
642
638
639
642
619
611
610
604
599
595
604
598
608
626
668
668
688
724
749
701
675
699
698
703
673
696
718
719
707
748
770
729
705
717
716
702
692
711
702
670
679
700
727
714
701
733
732
716
692
695
706
733
714
701
722
733
739
695
682
699
701
719
714
692
703
731
728
755
743
725
686
679
692
713
1394
666
679
693
696
673
687
707
740
749
717
731
768
759
720
718
733
746
736
699
696
690
661
635
645
651
653
688
694
680
666
680
702
699
673
696
725
773
736
715
735
753
759
708
724
751
763
776
729
730
765
806
797
773
703
686
681
681
665
675
695
736
718
705
737
745
729
732
688
680
694
724
722
704
768
774
780
809
792
712
716
717
728
703
700
731
787
756
770
787
780
723
721
735
752
749
720
730
756
770
712
697
708
703
702
674
691
711
743
757
727
694
684
660
638
620
620
618
621
638
648
666
651
653
692
725
751
715
695
721
743
783
744
709
721
738
755
729
713
739
778
776
732
738
750
737
700
711
726
746
762
718
726
755
795
806
734
733
745
751
740
721
751
804
856
791
744
756
772
781
746
733
758
779
777
744
713
716
727
738
729
731
728
702
685
703
729
769
791
751
753
793
800
746
718
740
763
749
717
747
774
770
724
749
758
753
709
716
765
775
795
735
717
730
727
756
763
702
669
681
692
670
683
716
756
761
724
701
712
734
728
691
671
677
685
689
667
668
693
718
740
702
715
740
746
752
709
689
701
715
740
745
697
723
736
752
715
732
747
750
725
702
712
725
744
745
717
742
743
747
712
695
719
737
780
812
758
718
733
744
741
712
696
718
734
750
715
712
736
759
728
705
718
725
736
698
706
732
742
700
705
713
733
720
712
728
710
712
710
712
674
662
662
661
669
662
655
663
659
626
616
602
603
604
613
628
648
680
683
686
662
661
660
655
660
653
654
656
649
667
684
716
740
708
706
722
729
711
680
688
688
687
659
658
671
687
673
653
647
678
667
668
694
722
705
695
722
745
755
704
689
709
729
705
693
725
756
770
723
733
745
763
737
737
769
778
736
764
781
796
751
728
760
792
803
758
748
763
778
783
723
720
743
768
757
730
745
777
781
754
710
725
744
757
761
724
748
764
779
741
709
722
727
731
698
692
715
746
780
728
718
728
734
736
698
690
698
719
739
708
710
734
753
711
698
701
719
742
733
693
693
697
696
684
687
717
743
774
732
720
728
732
688
668
663
668
667
359
286
649
653
677
689
696
702
670
674
686
697
679
674
686
706
716
708
721
737
752
748
699
688
693
699
703
675
688
670
668
659
658
644
640
636
630
619
619
610
603
599
600
604
620
627
658
701
723
758
779
774
706
728
746
737
722
721
685
678
688
705
744
750
701
715
728
741
749
714
702
729
721
684
716
720
730
692
703
716
722
738
699
690
700
705
686
658
667
693
694
675
690
712
732
698
696
721
750
732
695
729
748
758
710
706
716
730
733
697
706
727
757
763
719
689
689
701
737
798
831
812
756
702
698
687
689
671
668
685
705
732
719
694
724
736
743
708
699
714
717
718
693
693
709
729
718
689
707
717
735
709
702
730
755
764
768
725
712
717
727
737
700
711
733
769
778
732
737
761
758
718
733
738
743
712
704
720
746
787
752
725
754
771
801
748
732
760
778
776
733
712
729
749
735
696
714
696
701
670
680
688
695
667
675
654
646
631
626
615
608
600
590
588
589
586
589
590
584
594
609
638
640
664
715
779
819
799
785
785
757
729
684
687
708
739
756
720
703
744
779
775
797
730
725
748
755
744
702
690
725
763
797
842
835
776
751
788
781
771
740
760
774
791
757
775
796
816
755
725
747
743
757
723
727
756
770
730
697
724
729
703
664
665
676
693
716
689
691
708
713
716
668
662
666
669
670
656
671
677
687
671
663
688
695
690
677
652
663
671
668
673
651
646
665
672
666
634
1242
1203
612
618
608
618
637
649
663
660
639
617
1246
659
679
664
681
736
766
730
700
716
724
707
668
675
690
700
716
564
688
895
774
743
711
729
722
725
694
670
684
707
739
746
708
725
749
735
703
666
682
692
710
697
698
726
756
755
719
680
684
689
693
697
700
671
660
674
677
692
665
675
696
699
696
651
657
651
646
652
649
647
635
627
623
615
614
602
595
595
602
615
621
629
647
665
635
630
625
623
622
605
598
592
582
579
586
588
1172
576
585
620
676
724
738
697
690
707
725
700
663
674
685
703
692
669
688
703
659
666
687
695
709
691
672
681
688
708
691
675
688
683
671
670
669
641
641
646
668
679
702
690
686
698
708
678
668
675
689
713
688
674
688
696
706
674
671
678
697
685
654
648
652
667
662
656
647
666
680
698
680
677
677
690
695
671
655
656
664
665
650
640
647
660
658
653
637
645
659
678
688
660
645
641
647
654
661
674
657
664
656
635
633
648
677
699
693
661
670
658
654
637
622
637
657
684
671
660
672
699
701
656
646
655
663
662
681
698
720
716
685
719
731
747
746
742
707
695
697
708
723
691
675
688
699
701
672
652
663
670
672
655
642
646
654
662
675
658
646
659
674
688
666
649
653
661
648
642
631
642
660
670
666
654
670
686
702
685
657
661
667
677
659
655
670
679
688
666
652
665
679
691
663
647
654
662
668
656
639
647
657
661
647
632
636
659
686
687
659
658
659
666
669
647
644
648
677
688
668
674
699
707
699
658
652
650
674
679
664
655
662
682
680
656
646
655
656
635
622
619
608
598
587
589
582
583
600
617
634
625
617
637
652
666
668
646
659
676
679
665
651
667
674
673
659
658
683
705
706
679
660
671
681
666
649
653
662
675
682
668
673
681
696
697
677
654
666
679
688
676
654
664
676
681
668
651
677
688
692
672
652
662
658
639
620
625
628
622
629
648
662
676
655
646
654
652
654
631
637
643
660
666
663
654
676
688
691
665
647
648
643
645
630
621
625
626
623
612
620
643
654
670
665
651
655
658
676
688
681
657
661
668
671
679
657
661
679
683
698
689
654
650
662
670
691
679
667
688
702
723
691
681
697
692
698
716
708
687
699
715
718
707
672
676
673
669
666
646
659
679
694
697
684
670
676
683
691
675
659
670
691
701
677
650
659
674
654
636
618
617
626
648
676
672
655
669
690
708
712
675
666
677
696
704
688
676
694
710
715
683
681
694
689
689
663
641
646
648
657
639
649
665
688
710
681
661
669
680
697
709
709
699
666
668
676
701
734
722
695
717
741
754
736
686
686
668
630
614
621
621
640
666
701
712
706
719
726
729
711
688
698
702
726
741
739
735
742
754
740
692
686
675
659
635
633
636
626
611
630
685
684
677
722
729
736
687
664
659
663
683
692
683
665
666
688
707
720
725
688
689
677
666
642
643
647
672
710
688
688
725
737
745
696
692
701
722
727
717
701
723
724
716
700
719
731
721
668
652
638
624
619
625
632
627
618
627
632
645
654
657
653
649
656
674
691
662
678
685
696
691
654
652
641
642
627
604
599
589
583
580
584
608
633
641
624
621
646
642
649
659
667
639
634
640
635
652
692
736
727
712
666
656
654
664
677
665
647
647
668
684
673
668
638
639
632
640
645
637
656
682
708
708
714
742
755
730
691
713
697
685
671
645
651
679
715
762
723
720
756
760
736
694
700
720
714
688
673
695
739
732
680
691
659
633
630
616
613
615
615
616
606
610
610
604
593
589
579
576
578
569
576
576
603
614
640
658
673
670
664
647
631
627
620
624
620
614
627
623
627
618
635
651
629
628
616
607
591
585
568
569
574
577
582
596
600
614
618
621
611
611
595
595
595
593
588
601
602
600
618
658
682
676
642
641
638
630
615
607
595
597
601
621
640
656
654
651
624
615
614
624
630
639
639
633
610
611
611
620
625
615
604
605
610
617
604
614
622
631
636
607
608
605
605
601
597
591
592
598
599
613
614
617
607
597
604
609
606
596
575
582
567
558
548
545
542
542
542
556
556
546
545
550
559
555
563
588
622
638
627
656
666
663
641
640
649
681
655
629
619
602
605
613
635
651
672
675
670
650
655
649
621
615
618
643
631
645
649
674
662
629
624
617
622
601
606
612
634
642
642
623
618
616
626
609
611
604
607
616
629
643
639
648
623
637
633
613
613
597
593
602
596
597
589
596
613
650
641
623
629
654
661
647
620
609
608
611
612
616
630
657
671
706
685
686
705
711
689
644
632
619
612
612
606
597
597
605
618
634
643
623
616
627
623
608
611
612
611
625
617
611
598
596
588
595
615
622
617
623
657
683
704
665
654
687
712
731
698
712
767
779
787
714
740
787
806
781
715
722
737
750
730
694
728
749
774
760
704
691
705
707
700
684
696
698
690
671
666
673
691
698
687
669
683
706
732
720
697
716
735
729
664
651
626
615
603
598
603
610
628
649
647
633
634
651
658
675
667
660
681
717
726
768
802
783
719
735
739
721
688
695
720
766
796
719
729
734
750
744
686
676
689
716
700
719
777
782
712
717
729
694
671
656
661
658
657
680
707
694
752
771
770
711
733
738
758
716
705
733
735
762
753
719
736
766
778
722
720
734
735
746
691
691
712
735
701
718
731
690
646
627
629
617
625
629
615
614
617
620
642
654
638
643
667
718
774
728
754
804
836
789
728
768
746
742
769
755
708
744
782
813
750
771
809
799
766
780
801
764
722
740
742
723
704
735
769
783
726
751
771
772
718
733
748
780
710
698
723
755
792
743
751
792
793
705
699
716
717
1356
664
655
657
673
682
661
666
658
656
631
619
606
592
574
567
558
553
564
583
602
614
643
646
654
688
692
672
688
707
694
671
637
663
698
747
723
726
774
814
756
724
761
771
724
720
751
746
699
723
745
779
751
703
707
726
757
726
706
736
776
833
782
760
753
717
712
713
724
732
711
715
758
795
764
751
772
776
804
735
712
736
768
804
788
729
761
799
833
804
733
729
731
738
715
753
804
835
762
749
772
743
733
771
806
810
736
736
774
823
808
740
737
775
820
798
748
772
785
788
722
740
705
683
690
702
693
670
682
725
705
710
730
734
699
681
698
733
748
717
752
814
865
764
769
793
822
771
729
767
820
836
763
773
804
819
772
739
756
772
732
766
805
778
784
783
729
711
727
735
750
705
707
733
762
795
746
766
785
792
737
735
746
750
722
739
759
778
741
751
737
747
710
691
690
701
710
688
692
720
775
770
728
738
738
750
713
712
740
801
785
734
747
753
761
725
729
750
783
793
725
743
753
734
698
719
714
718
684
685
698
694
681
707
735
757
713
719
744
769
757
719
715
729
754
768
718
697
725
751
769
719
708
728
748
733
715
713
686
658
666
706
702
687
714
736
725
691
697
719
738
709
703
740
776
819
752
736
745
762
741
699
714
738
781
770
722
733
787
791
779
733
735
744
763
778
747
705
728
755
787
794
748
728
739
759
744
701
690
688
694
709
719
725
719
672
666
670
677
679
673
662
659
638
631
620
621
623
614
637
666
701
717
704
705
706
722
695
690
667
672
665
666
666
670
664
671
673
663
658
661
642
647
653
648
657
671
675
657
672
693
685
690
708
707
679
704
718
702
670
700
709
689
721
757
794
736
755
808
838
748
775
781
776
736
757
714
726
755
807
844
772
808
754
692
691
688
682
680
688
692
705
662
650
628
604
590
586
580
576
570
571
567
567
562
576
594
619
650
656
679
718
753
761
703
712
707
713
674
680
691
718
695
717
768
783
725
722
729
726
703
694
719
743
771
726
712
732
706
693
671
684
696
682
725
760
739
712
745
756
730
706
718
720
686
685
702
731
714
719
778
829
834
737
739
744
760
732
709
744
777
802
733
758
780
772
723
735
748
747
719
757
796
773
744
773
778
773
721
713
734
770
762
742
782
798
811
739
718
721
702
701
678
696
719
749
727
706
730
739
762
743
704
720
745
773
766
729
739
771
820
799
737
748
755
772
752
731
761
818
823
761
761
778
789
749
726
738
764
814
781
753
776
797
817
754
728
737
743
738
719
761
826
863
781
780
787
804
754
737
760
785
755
739
774
819
812
759
785
787
777
719
740
757
781
741
745
787
816
810
747
725
742
771
782
737
727
755
776
820
784
752
791
815
832
755
754
776
760
736
773
793
759
746
774
788
790
758
769
795
821
786
750
779
806
802
741
747
762
785
742
722
761
790
827
776
772
819
842
837
756
772
779
820
814
755
759
799
817
821
778
739
759
777
773
730
730
774
840
812
787
852
860
795
786
761
750
720
695
714
736
764
734
736
769
783
754
726
753
766
764
719
714
725
741
757
719
735
760
781
748
734
748
752
706
704
705
710
687
686
717
714
738
698
691
712
746
738
698
720
743
774
781
738
752
767
758
719
744
744
770
784
748
799
832
808
776
813
831
787
761
774
813
816
757
742
774
803
787
745
775
812
841
777
765
789
825
862
796
781
808
823
791
734
752
748
729
692
714
724
689
690
672
667
682
712
754
755
747
775
804
789
743
762
784
782
729
731
747
771
787
756
744
765
794
776
724
725
733
756
783
750
724
750
762
777
736
729
755
731
693
688
694
706
712
694
724
730
700
685
698
726
744
727
699
671
662
653
643
630
640
670
659
666
710
745
775
735
706
723
733
740
700
704
711
690
722
763
772
771
754
699
713
710
706
699
687
686
679
675
656
654
648
662
693
752
723
750
798
813
780
727
741
763
771
752
726
750
796
824
834
771
761
768
790
792
785
725
701
706
725
752
730
778
816
811
755
717
727
729
713
688
697
705
713
700
739
776
758
729
759
771
736
721
745
720
726
753
787
758
771
799
810
754
754
767
741
709
734
748
769
771
724
729
708
724
696
684
689
687
686
662
658
664
680
697
687
697
735
766
796
748
767
782
778
719
747
775
781
730
726
756
800
807
758
800
831
768
779
802
813
782
743
768
809
816
774
759
796
806
795
742
744
754
774
762
736
781
822
796
805
755
758
778
775
760
740
716
734
747
758
767
727
721
745
767
761
717
723
750
769
756
717
724
721
713
685
679
700
737
733
718
740
760
754
706
698
701
691
666
663
666
688
710
683
688
703
721
705
681
696
708
710
686
693
698
670
654
647
620
598
589
578
575
585
595
576
573
575
578
1148
563
573
571
595
608
622
627
628
633
637
634
640
636
618
597
574
564
553
543
528
520
514
510
502
502
499
490
490
491
993
488
491
490
494
504
530
568
609
638
614
613
614
641
651
663
638
641
665
646
617
600
584
577
587
1179
593
608
610
629
635
650
670
649
642
646
665
677
687
691
690
674
651
635
614
604
589
592
606
644
660
667
639
645
649
649
638
619
612
617
635
665
658
721
798
753
771
745
719
684
683
680
680
658
664
703
752
797
733
702
689
661
633
633
627
632
651
657
660
663
646
642
650
675
711
736
714
729
741
767
797
764
756
760
781
749
714
746
790
825
762
756
785
775
726
733
766
762
723
699
724
771
795
827
759
743
751
769
762
744
756
800
833
853
759
758
795
794
781
723
732
765
775
799
780
731
741
750
767
744
727
753
788
810
831
738
712
720
772
800
829
851
827
805
767
719
730
740
767
798
836
769
736
746
698
670
638
642
664
707
724
716
716
754
764
777
736
727
759
791
783
741
719
749
771
768
726
754
781
799
812
759
741
737
739
761
791
745
740
783
858
790
745
762
780
808
758
735
764
787
824
794
742
750
775
780
734
710
737
771
773
772
729
735
750
773
743
729
760
786
803
721
740
724
686
670
658