622
590
603
599
573
573
581
579
578
573
564
548
548
556
546
543
556
560
549
554
558
558
543
540
547
556
557
553
548
563
576
586
571
566
578
578
573
558
563
560
548
551
557
551
556
545
533
535
522
515
507
504
503
508
513
513
524
531
530
524
533
541
539
539
544
542
541
534
541
542
551
548
539
543
554
550
541
551
544
549
555
555
551
545
540
538
525
521
523
524
531
548
574
577
562
562
568
576
564
557
554
563
561
557
552
574
579
594
586
576
589
592
594
583
570
578
582
589
580
571
571
576
585
597
585
578
593
591
598
590
577
581
581
586
588
579
571
575
581
591
592
580
580
590
594
595
587
574
582
590
596
592
582
577
589
589
596
589
575
582
594
600
606
596
588
593
594
602
591
580
582
583
595
597
600
587
604
615
634
622
610
613
617
622
615
605
591
589
601
613
624
610
609
619
617
611
591
598
605
606
604
599
588
593
604
621
625
617
602
607
607
610
599
584
586
597
601
610
612
603
590
604
609
619
610
595
579
580
583
594
594
587
598
608
608
613
591
591
594
597
592
585
576
580
587
592
594
586
576
582
587
590
590
575
580
589
591
587
573
571
580
590
603
604
591
585
593
593
596
595
585
604
613
608
593
594
594
593
584
577
586
582
607
615
629
628
605
586
580
591
587
592
590
582
575
563
551
547
539
536
528
537
574
619
644
632
655
645
626
604
593
599
603
604
593
583
596
594
583
576
583
584
588
597
611
604
602
588
595
603
598
590
582
594
604
614
635
619
614
620
629
621
604
598
593
579
582
590
594
594
610
624
623
616
633
642
647
631
617
621
624
622
616
603
591
596
603
611
614
607
629
644
651
638
622
610
616
620
618
627
622
629
642
653
658
659
661
631
614
611
612
620
627
620
631
652
672
663
653
622
617
617
616
616
603
599
610
626
630
621
606
621
638
643
632
614
617
624
632
625
607
604
612
619
615
604
615
633
639
628
616
629
630
619
605
607
608
614
616
609
611
623
625
640
626
621
628
630
624
607
604
608
599
601
610
616
644
631
613
627
635
626
609
613
611
609
599
591
588
605
617
635
627
617
631
646
636
652
634
614
613
606
607
611
606
601
623
641
666
651
627
633
664
656
631
616
620
614
613
610
603
603
601
602
588
576
579
576
573
568
577
581
569
573
580
590
595
591
587
603
613
620
604
593
598
600
605
592
583
584
584
586
582
581
589
600
603
594
602
603
606
606
594
598
604
602
591
584
589
590
590
589
584
593
600
612
612
598
597
601
603
608
595
586
594
593
599
594
586
587
597
609
611
602
587
593
596
603
598
589
594
602
606
593
583
589
591
598
600
590
593
605
607
604
594
600
617
613
607
598
596
600
601
597
590
592
596
604
600
594
597
604
602
597
590
599
604
603
596
588
592
597
602
599
591
597
592
592
585
592
595
601
592
591
593
599
604
607
601
601
610
610
604
591
596
600
604
596
593
607
620
610
604
609
612
615
608
594
594
592
590
592
589
580
598
605
609
608
605
622
626
623
608
606
604
604
603
590
586
599
604
616
609
595
603
610
610
598
586
594
600
596
589
573
566
576
581
588
593
599
597
599
598
600
607
614
620
614
612
620
622
620
614
607
598
590
596
604
594
601
617
604
600
605
607
619
625
621
610
611
617
598
584
572
576
577
571
582
595
613
613
612
620
624
637
626
613
604
611
615
605
596
602
608
609
604
591
588
588
589
584
583
587
591
596
590
594
605
616
622
610
599
602
612
609
602
589
600
593
584
574
568
567
564
558
556
564
573
589
607
613
612
625
637
648
639
629
618
601
601
604
600
575
570
586
612
603
613
619
637
636
615
602
604
604
604
603
597
616
642
697
688
662
663
657
655
649
632
609
610
621
623
630
633
616
633
653
664
657
660
639
616
609
610
608
608
600
604
625
644
663
644
625
630
640
633
624
609
612
618
631
627
604
615
633
645
647
618
608
614
622
624
621
608
629
639
647
646
623
638
645
643
626
616
605
593
583
578
571
563
566
554
555
548
544
539
540
539
542
544
541
536
537
542
539
549
552
553
554
553
547
543
530
522
519
518
524
515
514
517
527
539
538
524
528
529
521
516
514
518
516
519
514
512
508
503
513
535
552
545
557
559
554
532
527
521
519
523
550
560
589
609
600
697
767
967
854
741
699
681
630
606
580
558
547
541
543
559
589
589
581
596
618
630
613
644
662
663
659
654
643
617
627
642
657
658
653
651
663
670
667
665
641
646
655
653
650
652
621
612
590
581
569
552
548
534
526
517
511
499
496
489
484
484
481
479
486
496
500
521
546
592
618
659
619
616
615
610
599
614
599
579
563
567
574
581
576
563
577
572
560
556
555
563
558
549
560
578
590
587
585
582
573
559
546
545
550
550
558
598
635
635
619
597
599
608
617
625
593
597
607
608
602
595
590
573
577
588
598
606
591
592
618
621
611
593
612
625
627
604
610
621
629
620
604
623
630
633
623
616
637
641
648
616
601
609
609
615
602
597
616
629
646
642
639
615
618
630
628
609
596
608
609
619
607
596
604
608
614
601
592
602
618
627
617
607
622
626
628
609
600
604
612
604
591
597
608
612
624
631
611
606
599
579
588
586
587
573
563
571
585
617
616
624
657
654
654
645
627
610
596
578
571
571
563
573
583
607
628
635
624
609
608
601
588
570
563
558
547
540
535
537
548
596
650
684
680
634
650
650
650
650
633
603
587
583
575
561
551
547
562
591
626
624
612
615
632
640
626
610
603
603
610
608
603
604
616
620
612
605
597
600
604
616
614
626
624
611
615
629
647
647
635
619
607
586
580
588
602
605
604
626
646
658
669
645
622
625
632
629
623
603
614
630
648
637
628
648
666
677
658
629
649
660
667
641
632
630
649
661
676
657
664
685
689
668
650
670
674
677
650
632
645
645
646
659
653
635
657
676
693
693
664
655
679
692
694
662
631
637
641
645
649
636
637
661
672
677
646
649
658
640
623
630
618
599
599
602
1161
563
551
541
532
527
528
530
531
546
557
580
588
603
643
663
639
636
652
651
636
620
618
626
634
627
612
623
631
639
642
625
631
638
648
624
620
630
625
613
614
629
634
634
647
656
638
616
617
626
632
632
625
652
666
669
646
646
644
640
636
620
619
627
635
624
624
604
597
615
624
639
631
653
670
670
645
641
636
636
624
608
616
624
623
609
620
642
646
639
626
646
651
655
637
616
623
625
625
635
620
608
622
639
647
635
625
634
638
635
623
610
623
630
637
625
607
623
631
640
628
615
625
634
629
622
605
616
619
628
630
623
619
628
644
646
629
621
625
626
633
629
615
614
635
645
635
623
610
741
761
707
672
645
639
635
635
647
659
682
691
691
706
711
704
693
675
661
658
636
617
623
630
634
631
632
648
662
653
642
659
667
637
620
628
642
650
646
635
647
674
693
706
688
659
649
658
660
663
656
637
639
651
668
682
659
644
655
659
659
645
637
649
649
662
669
655
639
654
661
669
656
640
644
650
656
655
637
636
644
639
636
627
654
666
675
652
655
664
664
651
632
640
643
648
652
641
642
662
669
678
659
642
638
643
654
643
626
618
640
653
668
676
661
658
666
677
662
652
632
637
644
650
647
632
645
651
651
640
622
617
622
632
632
617
640
661
673
647
633
641
643
648
631
612
616
622
625
615
618
632
611
598
603
600
601
586
580
585
581
579
573
581
587
582
584
582
581
608
641
661
645
643
649
664
675
660
637
631
630
634
633
626
622
615
603
598
609
594
603
588
576
570
561
556
554
548
545
537
526
522
508
504
501
500
514
519
530
557
609
619
651
663
675
706
657
646
651
659
627
610
618
643
634
623
618
615
602
613
620
631
633
628
623
612
610
600
582
582
585
586
580
585
601
599
581
576
576
590
594
595
594
605
606
581
581
593
598
588
582
584
579
568
570
572
572
561
555
554
554
552
550
550
554
556
550
559
577
594
595
586
623
650
658
639
636
647
646
640
619
595
585
617
626
624
637
643
638
636
627
628
622
610
612
617
610
596
614
633
634
621
625
633
633
613
614
614
617
607
605
612
617
610
601
604
614
619
619
605
608
617
620
612
605
604
604
612
604
594
602
609
604
592
608
613
612
600
592
596
590
592
596
600
632
646
638
624
646
646
645
622
620
631
634
627
612
616
634
651
676
659
646
651
657
661
652
631
628
634
640
635
627
619
631
636
640
625
622
648
658
661
638
613
617
621
630
627
633
655
679
670
647
629
634
641
629
619
638
647
646
629
614
628
631
640
623
611
610
623
643
646
628
638
666
668
642
604
604
599
589
575
582
586
583
572
579
592
607
607
598
606
609
615
601
587
588
589
575
585
602
638
660
684
665
652
633
614
594
593
588
595
593
597
624
660
672
650
630
634
639
627
606
584
572
576
597
604
602
598
620
642
657
641
639
644
653
649
618
611
613
629
617
600
610
613
624
614
613
622
635
648
647
620
617
628
629
626
604
605
605
613
616
606
600
620
642
661
643
623
621
622
613
599
588
598
604
605
604
617
646
673
669
646
637
637
625
605
609
612
615
611
598
607
623
648
640
622
634
650
641
616
602
604
609
622
615
612
625
638
648
620
603
613
619
629
622
601
602
606
609
600
606
612
615
605
609
613
620
614
604
594
603
608
594
591
602
610
603
591
592
604
616
609
596
588
602
612
619
610
592
603
600
609
603
596
594
601
585
570
569
570
563
544
538
539
542
560
575
584
607
620
640
637
625
616
622
630
625
608
588
591
598
617
616
611
634
668
687
659
633
643
639
627
612
606
609
619
607
599
604
614
628
627
609
614
615
618
611
597
604
597
596
585
595
608
628
626
612
618
628
635
620
602
602
604
607
598
587
600
602
611
611
612
618
641
631
617
621
623
608
600
604
613
619
622
607
602
604
615
617
599
616
623
626
610
604
604
602
604
595
592
610
622
626
618
622
623
625
617
597
601
599
598
599
588
598
609
617
612
622
633
646
632
626
627
637
619
604
600
610
621
623
602
582
605
619
646
653
641
622
626
632
639
628
607
595
600
613
625
641
636
628
635
651
639
625
626
621
604
590
594
590
593
590
598
604
621
610
605
614
617
615
609
616
622
612
592
595
601
601
596
575
577
582
663
656
646
633
624
617
613
609
591
568
561
563
579
594
607
617
616
634
655
652
650
639
608
596
596
593
589
582
586
603
630
646
639
632
646
656
659
637
606
603
602
594
588
582
590
606
603
591
602
617
626
615
607
611
605
599
588
595
596
605
605
602
610
616
629
620
607
607
615
625
627
612
614
612
613
613
602
594
606
622
641
651
623
623
619
622
621
616
600
602
603
607
599
601
607
621
646
659
636
637
622
609
599
585
589
587
572
558
550
551
563
584
615
634
660
680
664
639
640
644
625
604
602
606
608
598
599
601
602
594
584
596
607
614
610
612
617
620
607
601
586
592
602
612
608
598
599
603
608
604
588
592
605
619
611
596
603
605
603
590
571
572
575
582
573
567
581
590
604
604
586
600
609
612
605
584
578
582
584
578
575
569
582
591
600
600
620
636
662
646
629
637
636
631
617
614
607
611
613
601
602
606
613
608
616
627
633
611
599
598
603
595
586
589
592
605
610
617
623
630
623
640
639
628
607
603
602
601
595
581
586
588
601
597
595
607
611
627
624
607
598
616
620
618
607
604
616
613
610
604
601
613
630
629
617
620
640
658
663
643
621
609
614
622
603
573
574
586
583
597
617
655
677
648
631
629
632
627
620
599
591
605
625
610
609
631
636
618
631
627
622
604
608
622
613
604
617
630
659
673
671
637
624
623
633
646
638
625
630
637
657
643
634
643
662
663
631
626
642
655
660
639
624
636
635
637
625
622
632
636
623
604
618
634
645
628
619
630
632
637
643
624
613
613
633
647
659
651
632
646
658
654
638
627
632
626
632
626
620
641
656
671
652
648
658
659
641
614
605
613
631
649
637
645
678
707
712
690
686
659
641
620
619
616
601
583
577
569
568
563
561
550
543
542
527
520
513
507
502
497
490
484
484
482
482
500
538
563
565
582
646
751
725
762
811
862
779
684
656
658
657
639
622
603
579
558
566
578
601
618
618
605
587
589
606
603
603
577
572
583
604
647
643
650
616
593
595
618
625
615
599
616
639
646
631
640
646
649
625
612
609
618
623
612
609
619
603
597
574
587
597
621
629
620
620
626
624
607
594
596
610
605
586
592
597
617
631
633
626
620
599
573
573
570
572
573
574
579
565
576
592
603
600
573
580
578
595
606
616
603
619
593
602
592
601
582
561
559
562
573
590
600
611
599
583
584
589
588
572
552
553
565
579
610
625
633
609
583
584
591
593
597
603
586
568
550
555
563
578
591
589
596
612
641
638
633
623
629
626
608
591
574
563
563
561
554
559
579
607
611
617
637
651
625
599
613
620
609
592
600
615
624
616
603
594
572
571
574
583
576
573
579
586
580
579
584
591
589
563
569
575
585
599
601
603
579
1103
545
555
577
584
605
604
607
589
592
586
585
603
606
602
597
595
589
570
577
599
605
620
625
604
578
596
603
628
637
647
621
608
598
612
615
601
596
592
568
574
587
609
636
670
657
617
615
634
648
257
392
642
604
607
608
632
633
651
646
646
647
652
633
606
607
619
622
633
628
616
601
609
626
625
627
610
576
585
598
605
614
620
673
676
678
666
652
620
611
597
575
574
595
618
630
641
646
629
631
601
592
611
615
624
618
620
611
592
572
573
582
605
396
852
623
633
631
614
608
628
628
621
592
591
615
625
632
641
651
637
601
599
601
602
609
607
610
608
608
608
591
591
608
579
583
593
617
634
640
651
652
638
641
624
604
594
613
622
630
613
595
594
608
597
598
623
618
632
621
599
601
612
615
605
599
574
565
569
583
597
604
617
614
611
604
608
602
591
586
582
589
583
583
605
618
634
646
624
595
597
597
608
608
599
582
587
588
584
588
596
586
604
633
641
624
624
644
654
640
615
622
625
627
626
612
610
619
630
592
601
632
654
643
640
653
665
662
620
627
629
645
638
626
632
655
666
682
655
658
665
669
642
634
657
656
664
649
657
665
669
647
644
639
660
663
648
634
626
637
620
620
643
659
645
619
614
634
644
638
629
610
615
603
604
577
583
611
604
609
626
624
632
623
600
598
600
610
621
617
604
613
645
666
681
649
654
659
668
666
645
625
624
639
655
664
670
647
660
671
677
671
648
635
638
653
673
664
641
634
647
662
671
652
663
682
687
661
639
641
652
659
647
632
645
654
665
656
652
671
675
659
632
626
639
641
633
620
617
627
642
632
617
617
628
624
622
608
620
640
640
632
622
621
627
623
611
621
640
646
640
649
671
680
665
658
672
677
651
641
637
646
666
649
664
692
708
717
687
653
652
672
685
676
663
668
696
724
677
688
682
669
648
628
644
664
651
639
646
674
676
649
636
644
650
646
622
623
617
601
593
599
603
604
599
597
606
615
614
607
617
629
637
626
610
623
634
652
627
628
656
658
655
646
630
605
582
586
602
621
625
620
646
668
695
676
644
646
651
659
645
627
632
646
670
675
652
658
672
700
700
662
658
674
684
677
646
640
648
653
669
658
648
690
723
732
701
692
701
706
686
659
646
668
688
704
688
684
721
725
717
666
668
662
659
647
638
650
679
707
702
686
706
720
712
670
664
673
677
659
646
643
658
669
675
687
748
772
736
685
651
650
657
669
659
639
654
680
717
742
696
684
697
707
675
649
647
658
676
682
661
669
690
697
677
657
676
686
705
676
652
647
661
679
695
702
675
688
703
703
670
642
647
649
663
654
632
639
660
692
695
673
661
670
696
696
675
650
653
660
659
637
627
635
661
680
671
647
671
682
687
659
640
644
649
659
648
626
637
645
648
647
631
629
652
671
683
665
646
661
668
673
661
642
642
663
677
693
672
663
693
714
713
688
655
649
630
617
617
632
641
637
626
641
661
670
653
660
669
669
668
645
633
646
666
681
691
666
661
683
703
700
674
654
662
663
665
645
646
660
684
681
666
672
682
699
694
658
661
662
672
678
656
645
661
679
690
683
660
688
704
717
688
660
660
671
668
658
645
659
676
670
660
661
679
695
699
673
653
657
657
656
641
655
692
728
719
702
709
711
705
667
676
685
685
661
662
682
688
693
667
688
703
718
682
662
670
671
680
662
646
641
662
686
713
706
675
688
673
666
679
654
637
652
660
662
639
649
657
673
658
644
651
662
661
647
632
642
644
628
612
594
606
640
645
640
689
700
694
671
656
661
666
658
638
638
655
678
696
674
685
711
715
693
660
665
675
678
666
649
672
682
704
689
673
693
701
711
671
657
670
681
673
659
652
673
693
700
682
663
668
681
684
676
650
648
662
685
715
682
677
699
696
715
693
668
677
679
686
683
670
643
649
669
704
701
674
685
700
716
701
687
684
691
688
676
659
664
693
690
700
671
678
685
686
689
662
659
665
676
671
657
663
688
734
713
713
693
687
688
669
645
646
661
688
686
664
692
752
681
670
671
669
659
627
646
651
658
662
646
656
674
697
699
679
669
684
688
692
687
675
651
664
678
702
688
670
680
690
716
699
683
659
683
696
723
715
679
691
698
705
730
700
687
703
722
766
721
686
688
705
716
729
722
693
703
722
727
726
695
673
691
706
728
697
676
686
703
696
682
724
742
745
726
682
695
700
718
711
684
693
741
739
740
698
697
716
727
729
698
668
680
682
682
678
658
684
686
708
707
669
669
681
699
706
688
657
666
667
667
661
645
654
683
714
714
687
678
709
711
689
665
651
671
668
687
658
665
674
687
691
664
680
684
686
674
653
653
672
695
705
692
676
693
705
695
669
687
694
701
680
657
667
678
689
669
661
688
713
722
700
677
679
688
683
657
641
657
671
682
667
646
636
652
650
626
613
623
624
622
599
605
622
632
615
634
657
662
676
661
676
709
714
706
673
676
694
713
706
684
717
730
724
687
711
704
699
660
686
698
712
699
705
746
766
756
710
712
709
712
691
668
675
691
698
683
690
725
757
727
699
708
712
717
674
655
665
671
688
674
689
732
757
729
720
737
744
697
661
661
672
693
681
674
691
721
733
699
678
686
708
702
683
687
706
698
664
687
694
714
688
669
688
702
684
666
669
675
677
653
636
653
678
710
682
680
705
736
710
677
695
698
681
655
652
680
701
689
682
676
689
707
691
683
718
716
715
671
676
674
678
688
677
712
747
726
712
707
694
664
672
695
723
703
678
699
707
730
696
693
717
749
722
707
729
730
696
664
670
669
681
662
658
688
717
715
690
688
705
726
706
683
675
678
687
666
639
649
658
652
631
648
661
659
641
632
646
669
677
679
683
725
732
727
688
660
674
689
694
702
676
666
692
707
700
676
695
719
722
715
678
664
675
702
696
682
687
716
769
721
690
705
698
693
669
652
672
688
703
687
664
691
729
763
716
675
675
685
688
687
658
660
685
713
696
669
663
649
636
632
627
624
619
604
602
604
602
595
592
606
629
659
667
653
675
704
734
737
695
661
667
688
729
703
690
702
728
748
707
681
689
706
716
706
677
696
731
755
743
688
674
682
686
695
680
660
670
698
734
743
699
689
694
705
681
650
654
668
682
673
647
663
681
725
683
684
693
705
688
656
654
654
662
646
617
602
707
766
790
765
768
751
734
719
683
641
622
613
612
618
618
619
609
596
584
599
620
632
639
628
603
607
613
621
609
597
598
620
627
647
646
627
647
668
684
698
675
641
636
639
649
648
639
636
656
678
720
706
678
661
672
660
660
647
653
657
666
681
656
654
669
693
703
669
670
674
677
671
646
636
654
669
683
695
683
666
681
685
674
647
648
656
670
664
646
648
667
673
685
657
659
677
687
683
655
654
671
672
673
665
641
640
655
671
683
668
646
654
660
677
684
671
651
669
684
687
662
653
669
666
664
657
637
616
637
668
674
678
676
672
648
632
638
650
664
690
716
703
695
699
715
706
699
669
673
679
678
673
653
642
654
676
696
676
652
653
678
641
621
610
593
579
568
559
553
552
550
557
563
575
577
586
612
627
625
604
649
676
696
689
680
644
645
646
646
633
632
633
656
695
720
724
689
661
644
660
658
653
649
636
637
633
668
631
601
602
639
638
638
630
623
614
616
618
620
614
620
639
645
654
633
607
605
580
580
583
583
575
579
577
570
562
555
550
543
546
533
527
522
520
514
516
524
525
535
560
597
642
658
675
700
734
709
666
673
672
662
641
634
645
670
666
646
672
695
708
680
645
644
656
664
639
647
672
689
684
667
681
685
671
661
639
622
619
643
671
711
723
688
660
653
656
669
670
646
624
616
618
645
655
653
647
627
631
664
688
701
723
701
657
641
643
643
646
636
625
636
665
673
670
655
663
677
675
653
628
604
593
598
620
646
655
641
659
688
721
706
673
664
673
679
678
647
646
642
625
630
647
683
696
696
675
646
620
637
643
677
672
644
627
634
644
646
638
629
623
629
627
635
630
614
631
657
687
677
649
646
654
653
654
636
630
641
662
686
688
662
639
648
664
693
672
646
637
630
601
587
597
616
610
612
631
644
668
650
633
631
632
646
645
624
616
624
646
678
684
650
644
644
646
644
630
601
599
611
625
642
630
619
630
642
654
648
611
590
612
639
642
652
653
672
680
691
669
639
629
636
644
651
652
640
652
662
671
663
639
650
653
662
652
628
609
620
635
650
641
655
671
688
676
649
642
646
654
651
633
634
639
671
682
655
641
651
652
650
636
630
626
640
643
629
626
641
667
676
660
645
616
610
616
632
651
645
638
661
689
715
716
670
635
616
604
596
586
568
577
596
622
654
642
634
653
658
659
648
650
637
612
586
568
562
562
576
596
608
611
612
600
587
566
566
573
577
580
583
560
545
537
540
542
547
554
566
571
575
579
574
562
565
555
608
642
699
749
766
772
733
688
668
656
638
611
593
601
631
652
670
707
745
710
646
650
657
657
662
664
666
658
636
599
590
591
596
572
563
582
610
647
631
600
604
602
601
634
661
652
640
618
604
608
609
609
603
577
571
596
608
644
652
624
595
604
623
645
627
629
639
621
622
632
633
622
598
600
604
592
604
606
614
641
633
602
585
603
611
602
611
611
601
575
590
620
660
663
634
628
645
662
653
656
649
633
606
580
578
598
656
728
732
738
754
717
680
644
617
590
587
580
569
587
604
641
673
660
638
604
608
622
617
613
596
594
589
584
574
595
611
638
651
622
636
655
655
631
618
609
596
596
602
592
601
626
630
652
644
656
700
712
674
646
635
631
629
633
627
620
635
659
673
663
701
719
676
652
647
654
638
628
627
641
646
640
629
647
680
671
656
659
662
624
606
642
642
663
672
669
654
652
605
608
600
614
634
637
634
614
604
625
621
631
629
619
609
584
588
603
610
603
620
632
617
639
681
685
688
673
670
646
632
619
601
603
614
626
641
643
666
661
644
647
615
600
589
593
604
605
621
622
627
609
621
659
685
669
675
664
667
671
672
664
647
648
642
622
608
606
671
725
709
712
735
736
688
660
662
685
679
661
659
690
731
706
672
682
720
758
730
681
674
686
697
702
676
685
704
720
687
673
682
719
704
688
698
704
692
681
651
651
679
703
706
689
715
768
727
690
678
691
706
685
660
655
677
692
686
666
673
678
635
622
629
631
618
629
646
641
624
627
645
658
659
645
650
676
696
709
683
662
650
672
698
697
686
705
733
736
688
677
681
680
659
653
672
699
691
655
648
675
683
653
669
696
723
706
670
671
690
695
675
656
667
693
731
698
687
688
703
701
668
661
686
683
667
646
646
670
695
696
689
674
682
688
688
659
647
650
633
614
607
626
657
656
643
662
687
683
667
648
658
652
643
655
686
699
672
666
672
674
665
664
644
648
652
624
604
621
652
651
650
679
721
704
663
672
666
666
652
659
695
714
688
658
675
703
713
685
674
684
698
670
655
665
699
726
722
685
665
682
676
654
623
643
666
655
674
711
729
699
686
685
693
681
662
675
716
809
944
809
735
729
735
733
695
680
699
727
760
736
710
716
729
710
677
690
704
711
676
668
688
726
750
713
717
739
733
710
683
704
721
746
719
685
684
702
725
729
688
693
709
735
723
706
716
740
734
698
688
706
725
729
699
713
720
750
784
741
705
712
731
727
715
686
688
716
748
783
777
742
750
761
758
706
694
712
725
754
733
691
704
725
749
731
700
728
741
765
730
693
704
723
730
705
700
674
644
626
613
612
618
614
603
603
610
619
620
622
611
631
649
671
669
660
665
702
716
715
688
681
683
679
665
653
665
673
699
688
672
691
709
710
688
692
689
688
659
636
646
663
691
706
685
659
665
689
696
682
647
652
667
655
648
655
656
648
621
627
632
621
605
587
578
568
567
560
559
557
559
561
557
550
548
552
559
571
578
600
601
612
620
617
614
603
578
570
572
589
606
596
601
650
683
697
684
753
778
726
685
653
618
610
599
590
574
563
561
556
549
547
547
557
572
583
603
599
627
630
651
656
642
651
661
646
642
630
621
634
646
655
640
618
620
609
591
576
563
552
549
553
564
608
612
630
670
684
662
682
702
695
653
664
674
680
659
639
643
663
704
722
716
680
700
712
703
692
667
646
653
654
623
608
597
604
604
589
597
607
624
630
623
649
667
695
678
653
663
678
670
662
685
697
709
689
662
693
705
709
694
663
647
649
637
616
625
626
621
603
604
618
635
633
620
638
654
667
663
649
676
700
699
675
659
675
684
689
681
661
689
701
720
692
676
702
717
735
720
690
666
695
701
707
674
702
712
716
673
652
653
673
656
634
649
657
658
641
668
699
729
731
694
718
735
711
697
698
706
679
660
666
682
672
663
703
761
779
734
684
693
707
729
735
689
692
675
670
650
668
688
700
695
667
680
693
690
670
652
677
717
745
705
710
740
771
692
674
679
682
695
684
657
669
699
692
686
713
729
706
664
669
687
690
677
648
665
670
687
691
675
650
666
692
683
664
690
686
667
634
645
663
696
692
671
699
725
732
706
674
679
694
681
688
665
651
671
685
688
695
678
663
689
699
711
707
667
647
650
645
637
617
601
618
686
700
692
688
677
686
654
648
646
649
652
654
640
611
620
644
659
646
639
640
632
638
626
614
604
592
585
571
564
567
593
606
625
637
628
602
627
639
648
644
637
620
612
599
593
580
574
573
575
571
582
583
585
580
602
615
636
633
613
621
631
619
600
614
624
639
624
619
659
665
627
617
634
685
716
705
664
665
676
687
688
671
667
710
753
749
690
675
686
680
677
667
647
669
702
682
700
784
809
730
687
685
693
682
669
663
697
732
765
736
711
728
726
734
707
684
704
705
707
680
693
696
713
716
675
680
695
714
700
673
668
688
703
700
670
665
673
687
679
664
668
701
717
724
687
659
662
674
672
682
664
658
698
706
735
717
673
669
698
700
708
701
669
659
685
702
686
646
628
636
650
649
631
620
630
639
650
653
645
640
661
683
707
686
675
700
711
703
669
677
682
666
648
656
660
680
662
652
664
685
683
667
667
673
667
647
657
677
672
657
657
685
707
703
675
660
677
695
692
673
707
713
710
700
664
635
649
679
692
691
671
693
698
691
682
665
663
676
691
672
661
673
697
716
722
691
687
711
715
707
699
692
660
654
676
703
711
689
670
693
702
684
661
665
682
699
704
668
660
683
686
688
672
653
676
690
701
695
670
673
685
693
663
652
662
673
675
679
665
679
697
733
681
676
665
666
642
630
641
648
665
649
655
681
686
715
681
672
691
691
676
664
656
636
645
661
683
684
671
666
662
639
608
611
627
633
619
603
619
633
657
665
655
632
646
670
672
667
650
653
669
675
675
653
633
645
635
604
593
582
581
593
588
591
619
640
661
654
638
667
667
675
651
644
664
681
676
638
638
673
724
729
695
667
680
680
678
647
661
668
676
673
657
644
658
695
710
704
673
684
704
710
681
661
673
688
692
688
671
648
666
705
735
733
710
688
732
729
713
680
668
677
690
677
677
679
707
729
737
697
681
695
687
685
651
666
679
686
684
666
647
661
677
694
682
656
681
708
712
695
692
660
624
618
604
591
574
562
552
542
538
530
529
528
535
552
572
590
612
637
652
670
691
688
713
690
637
604
594
635
645
636
656
635
613
586
602
639
685
734
831
911
799
744
711
674
658
656
665
696
713
697
729
756
766
765
774
766
705
681
682
685
701
716
733
706
708
729
744
743
713
690
688
697
697
687
656
659
678
703
715
724
693
703
722
729
726
686
666
666
673
670
654
636
603
607
594
585
592
600
591
612
627
640
667
697
697
699
673
668
674
683
692
698
701
672
688
709
725
724
689
666
677
678
687
705
702
680
664
679
684
698
694
687
664
664
669
667
667
647
661
680
690
703
690
657
671
681
685
707
701
673
686
688
693
699
705
678
665
673
672
685
676
664
685
699
724
724
679
666
673
669
675
676
663
684
696
733
711
693
677
676
682
658
639
625
649
816
726
711
694
671
674
680
710
762
737
753
781
802
788
766
723
681
662
662
672
687
693
700
690
690
705
720
715
694
667
665
669
679
690
692
678
667
688
707
718
700
684
682
694
690
673
667
686
692
705
689
665
665
671
658
647
623
607
595
583
579
581
591
606
637
646
640
629
656
662
678
666
650
666
687
695
694
700
676
651
666
682
659
651
644
623
653
675
672
636
621
637
612
607
593
592
585
581
580
594
602
608
615
594
583
579
570
566
557
550
770
539
301