618
616
611
605
597
596
589
581
570
563
555
549
546
545
546
551
562
579
612
626
580
582
585
572
565
570
568
553
555
548
540
541
536
538
540
543
547
552
557
563
569
571
575
584
592
604
604
604
605
613
610
609
608
606
608
604
601
595
595
597
604
605
601
593
594
594
596
598
592
595
597
600
604
603
601
603
605
604
601
598
596
596
594
589
590
592
589
579
571
574
578
587
595
607
607
613
606
602
599
601
594
599
595
594
601
606
610
605
592
594
588
587
588
589
590
585
585
584
581
580
575
575
577
581
582
590
590
591
599
604
608
607
606
607
608
616
626
632
634
628
624
624
628
634
630
625
619
628
633
639
636
623
622
620
623
628
625
628
615
612
610
610
601
599
599
598
599
605
612
613
612
606
604
603
598
597
598
600
598
593
596
596
599
596
592
593
595
595
600
598
599
597
595
599
591
584
572
569
574
585
588
592
602
616
627
638
630
620
620
621
620
610
608
608
614
620
613
614
621
625
627
617
610
614
615
615
607
603
606
613
612
616
614
615
619
614
620
622
616
612
616
621
620
616
617
616
628
632
621
613
615
617
618
614
619
613
614
618
623
625
631
622
623
625
620
605
601
600
588
587
590
579
571
577
573
571
564
554
547
552
564
577
595
609
610
626
629
627
632
647
656
662
644
629
629
631
638
634
618
612
615
618
625
630
625
619
624
630
634
644
646
640
645
652
641
640
644
634
625
628
631
640
646
640
635
639
643
645
650
642
637
642
649
653
665
647
648
653
646
646
639
631
636
636
637
626
627
629
628
620
619
607
606
606
603
603
604
600
601
610
611
619
619
617
629
632
635
635
628
632
636
634
642
646
633
634
635
640
643
634
630
633
638
646
643
631
625
624
625
629
624
631
632
640
638
623
621
619
621
628
632
625
611
601
596
596
598
604
606
615
622
620
615
616
618
620
611
606
604
603
599
593
597
599
599
604
603
602
610
611
615
621
610
611
615
621
628
625
623
630
634
634
629
620
618
620
617
615
615
614
620
617
618
617
616
617
614
614
616
611
616
626
631
637
633
632
642
637
636
623
619
620
616
609
612
612
612
616
616
618
619
618
615
610
612
611
619
622
627
638
642
646
646
639
633
620
614
618
623
623
626
634
644
642
626
623
607
603
602
598
599
612
626
626
647
651
658
648
639
643
636
631
627
618
608
604
604
602
608
618
620
630
642
638
627
621
637
638
639
626
627
629
627
625
617
617
614
614
613
610
614
614
609
610
614
615
618
614
609
613
610
613
616
620
612
614
625
622
630
635
633
637
645
643
644
649
638
632
633
628
627
619
616
621
630
635
628
621
623
619
617
622
614
615
616
617
619
611
614
620
616
620
615
612
612
616
613
615
605
606
607
610
608
604
606
610
615
615
614
614
615
610
609
613
613
610
605
605
608
617
618
617
609
604
604
641
666
674
671
672
662
657
654
653
653
656
663
664
669
673
670
663
668
662
664
660
649
634
630
633
630
620
623
628
634
629
627
636
638
635
623
623
626
625
630
619
623
624
624
621
618
624
624
621
625
621
623
628
631
641
640
638
643
650
653
665
668
665
655
659
652
648
642
635
638
640
638
637
638
645
655
638
633
634
628
622
613
606
604
603
611
603
604
607
614
616
615
617
619
622
626
624
616
622
629
635
641
630
625
629
637
644
649
640
634
632
631
633
625
619
623
619
613
607
610
611
613
611
616
638
640
643
627
623
622
617
619
611
616
615
619
615
620
626
628
627
626
622
625
619
609
597
585
587
590
592
592
610
631
634
624
617
619
623
616
615
612
621
619
618
616
615
609
613
611
615
609
608
607
606
604
602
605
616
627
644
638
647
661
655
662
659
657
654
653
645
639
643
649
661
666
664
664
648
635
637
635
636
638
639
632
618
615
604
600
596
596
600
608
608
613
615
627
634
643
641
645
651
649
649
646
648
640
639
637
640
638
639
639
633
628
632
635
641
634
636
648
646
634
625
620
616
617
610
608
607
633
679
664
676
673
680
672
665
654
651
646
638
634
640
645
649
655
660
660
662
657
651
644
633
620
615
615
613
608
613
622
627
620
617
618
620
619
618
613
614
615
600
596
591
586
579
573
571
573
576
589
597
604
618
622
633
617
614
610
604
600
594
597
596
604
605
599
603
606
606
601
596
596
588
583
579
568
559
557
565
571
571
589
596
598
593
591
593
593
589
582
582
584
586
581
581
585
589
591
587
588
594
594
598
602
596
592
593
592
595
601
598
598
599
595
596
588
588
593
592
598
595
602
609
608
604
599
599
594
591
589
595
602
607
611
602
600
597
592
589
593
604
619
629
615
620
612
611
612
615
620
637
641
646
654
651
643
627
619
611
602
596
591
595
599
606
604
604
609
613
627
625
621
611
612
613
617
620
618
613
605
599
590
591
604
607
603
613
626
621
621
621
628
624
628
628
613
609
612
611
606
605
595
589
589
585
588
592
587
584
585
586
590
583
590
585
594
603
604
598
589
589
578
574
561
560
556
559
568
573
594
603
629
635
641
648
646
635
642
643
644
637
640
645
643
629
627
622
622
621
616
620
633
640
654
651
668
666
653
637
634
629
616
609
603
594
585
573
578
583
583
592
607
623
634
629
621
620
619
622
621
618
613
618
632
641
648
649
653
657
656
646
626
621
614
607
606
607
613
613
608
615
633
642
643
629
628
634
629
624
614
604
592
589
582
581
583
579
582
585
590
592
591
592
590
586
589
585
583
583
576
570
571
571
571
574
571
561
553
553
563
574
583
582
588
591
599
616
616
621
624
631
622
614
604
595
588
574
565
566
570
588
597
612
651
699
672
664
644
637
633
635
619
619
612
607
612
624
651
678
698
715
692
680
677
659
645
639
623
618
610
611
614
606
601
597
596
604
605
605
602
591
574
573
560
556
563
572
581
574
576
582
589
587
586
588
590
592
578
579
570
565
569
566
570
581
599
616
618
617
607
602
599
596
586
578
573
575
581
595
602
607
612
614
627
625
618
608
590
585
572
563
560
575
589
586
584
586
595
598
598
587
592
594
604
604
605
591
591
588
587
583
596
604
596
607
605
616
609
605
598
581
577
569
564
563
568
575
577
584
596
613
614
604
601
588
578
564
557
553
552
562
577
579
599
627
641
636
612
605
600
594
584
580
572
566
563
559
562
556
554
563
567
581
597
612
633
650
646
644
633
616
600
579
570
557
548
538
541
538
539
548
563
563
558
562
566
563
583
639
691
700
682
667
646
630
616
598
577
571
565
570
580
586
598
606
615
623
607
609
601
600
597
604
609
620
598
608
604
586
592
590
591
600
604
610
605
598
603
602
596
592
588
587
585
588
592
603
590
598
596
595
585
584
581
583
581
580
581
588
604
617
636
629
616
611
596
593
591
593
591
591
591
581
588
585
583
587
583
578
573
568
559
563
566
585
620
616
635
315
321
623
619
613
602
586
569
557
545
532
531
530
532
547
577
633
625
654
669
661
642
626
601
600
596
592
578
576
568
568
571
569
570
572
577
582
584
585
582
577
574
568
552
557
548
548
551
560
576
593
604
599
605
615
630
629
616
607
592
583
567
563
559
549
545
541
544
537
541
543
546
547
555
562
569
573
571
579
578
579
581
579
577
574
567
562
557
548
540
538
538
541
545
554
563
590
620
660
678
676
640
613
604
606
595
582
576
566
557
558
556
558
567
561
566
576
586
580
587
594
596
595
591
591
581
574
565
562
563
565
567
578
583
589
597
605
606
600
597
588
580
575
569
568
570
575
577
564
567
563
555
547
544
543
540
549
551
561
572
562
572
574
577
588
588
590
587
575
570
572
563
569
569
569
568
572
579
588
599
604
605
598
590
576
562
543
535
529
522
528
539
557
577
608
622
640
639
614
609
603
602
604
612
636
639
640
633
624
617
602
592
579
567
561
553
538
540
536
539
547
575
612
654
683
686
680
670
649
632
610
607
588
583
578
571
575
582
592
612
608
614
605
621
623
630
637
646
639
629
631
622
620
618
615
606
604
603
602
603
591
580
564
561
558
563
582
610
602
601
642
683
680
660
661
670
658
656
642
623
612
603
601
620
623
617
619
631
649
662
657
646
639
639
640
638
635
625
618
618
630
636
645
653
642
627
626
613
600
597
596
593
589
583
587
593
588
579
574
585
602
619
617
612
621
629
638
641
632
625
622
619
625
622
615
612
617
632
647
637
637
647
650
649
631
617
601
591
586
593
633
663
641
637
637
628
636
649
651
646
629
616
598
588
589
596
610
613
624
629
643
643
631
626
630
632
634
627
620
627
636
643
647
660
648
636
641
646
649
649
646
632
634
642
647
659
652
641
645
641
645
646
633
628
628
636
639
634
633
632
641
649
653
659
645
637
641
650
660
671
660
647
647
657
667
675
668
652
654
656
658
657
657
643
641
655
657
666
659
647
650
663
655
641
645
652
658
645
637
639
646
645
634
632
636
637
628
623
623
624
628
624
626
623
627
617
614
616
619
623
627
632
645
653
663
659
669
675
667
647
651
647
642
640
635
643
657
672
670
659
662
674
681
681
661
649
648
646
648
639
632
634
632
641
639
639
647
661
668
661
650
650
640
633
626
624
635
646
658
655
666
680
694
698
678
660
654
661
670
672
667
652
653
665
681
697
687
675
680
678
671
661
647
646
646
651
651
633
619
620
610
602
600
599
597
592
594
599
607
613
607
600
598
604
610
604
607
621
630
641
637
633
657
668
678
687
674
662
667
666
654
641
640
644
649
646
640
641
632
615
611
600
589
593
597
608
626
646
647
650
664
670
663
656
655
647
643
639
636
628
624
621
629
644
659
660
642
643
645
647
650
653
658
647
649
629
621
622
633
632
633
648
674
695
690
671
683
679
674
656
646
645
633
625
624
629
637
626
624
617
608
600
588
583
583
582
578
579
580
583
587
582
584
582
583
584
586
589
593
596
597
598
606
621
653
672
669
668
689
685
678
652
629
621
621
625
634
638
646
653
656
654
659
665
666
675
680
677
673
670
666
662
658
642
638
638
642
627
623
625
634
636
626
621
622
619
624
616
615
616
618
624
633
631
629
635
645
641
654
643
635
635
638
640
646
636
635
637
642
646
641
637
646
654
657
664
648
643
643
643
648
642
643
634
624
625
627
638
634
631
646
662
660
646
652
654
643
645
646
645
642
635
631
626
629
625
634
633
635
641
628
614
614
614
610
609
621
628
634
628
625
635
638
646
636
630
634
642
646
646
645
653
657
665
652
647
654
659
648
641
649
654
653
645
654
672
675
671
656
661
658
660
647
640
644
645
648
650
642
643
641
618
609
600
585
573
567
561
557
559
561
559
564
570
585
592
602
604
614
630
653
654
650
639
641
648
655
643
638
641
655
670
673
662
665
671
675
660
659
661
662
645
635
633
636
642
632
637
650
658
671
658
663
672
684
673
659
662
659
661
655
652
654
655
648
661
684
689
688
672
674
670
655
646
646
641
637
630
635
640
636
636
641
649
654
647
639
641
651
660
665
657
646
649
654
655
671
676
670
670
674
671
679
664
650
649
647
646
639
641
634
638
644
652
647
658
672
664
660
664
657
638
632
637
640
632
626
626
620
621
623
624
629
640
646
636
630
633
640
634
631
631
631
628
631
630
633
655
688
682
688
701
696
696
686
660
656
653
651
644
636
642
660
674
702
685
673
691
702
688
691
692
689
664
653
658
664
682
670
665
680
685
679
665
674
679
687
669
656
670
677
682
675
667
681
694
694
686
672
676
672
676
662
660
670
658
647
644
646
654
657
661
665
694
725
752
771
754
719
714
693
672
651
646
641
633
629
634
648
674
679
681
688
695
686
687
671
655
645
646
652
668
674
671
687
705
715
713
681
681
676
675
665
654
646
647
648
656
653
663
681
691
693
684
655
642
623
613
602
592
590
589
597
609
613
610
611
618
620
614
614
616
620
627
621
624
619
606
600
592
597
611
627
635
633
625
631
628
635
624
619
626
637
634
642
667
688
688
666
661
660
652
651
639
633
632
630
635
646
640
638
651
652
657
659
657
648
638
633
625
613
605
602
604
617
637
666
651
659
659
647
640
631
624
625
618
616
618
623
632
641
654
651
643
631
644
643
642
635
637
641
642
632
632
628
632
628
625
631
645
652
644
643
648
660
660
646
640
638
635
637
641
633
632
634
646
665
681
686
681
668
666
664
662
649
644
639
647
663
675
661
664
680
682
674
658
662
669
668
650
646
652
663
674
666
660
669
674
685
681
650
637
632
625
623
624
626
631
623
625
625
627
620
619
618
615
613
612
608
604
608
616
613
605
600
615
606
606
617
630
646
637
643
640
639
626
616
610
608
616
610
610
616
639
662
693
716
736
756
722
700
690
683
672
666
656
652
638
623
624
618
616
629
634
628
616
619
623
641
658
674
684
685
677
675
679
665
647
644
643
655
657
657
675
681
665
661
662
661
661
656
647
649
655
666
662
655
655
664
669
663
671
659
664
668
684
692
691
685
684
680
689
685
678
677
665
681
689
687
683
668
646
643
623
619
612
614
618
634
654
655
670
688
710
707
681
672
667
650
651
665
670
679
687
686
692
696
681
673
669
652
644
646
667
686
688
680
688
703
707
690
665
654
654
641
633
630
639
656
660
649
644
652
661
680
690
694
704
704
698
687
655
647
637
627
623
617
622
640
708
734
738
773
767
749
736
726
716
720
720
721
723
729
723
694
669
659
650
637
626
614
624
665
689
702
667
646
656
632
622
622
624
619
612
606
610
637
661
639
636
645
652
660
663
652
651
639
634
629
621
605
599
593
588
590
598
615
619
635
640
646
652
653
655
644
635
619
610
603
599
605
609
609
623
639
672
676
691
712
725
718
687
663
649
638
637
639
648
659
669
673
665
659
647
640
627
621
609
602
597
597
597
599
606
633
668
680
687
667
653
638
623
611
613
624
633
639
647
646
640
631
632
626
618
614
610
615
614
604
599
599
604
624
633
621
625
630
635
634
633
636
654
661
671
645
637
637
637
646
662
664
679
692
669
664
653
647
637
626
620
622
629
641
644
650
677
727
715
691
697
670
670
664
664
663
646
645
630
626
621
612
611
610
600
605
612
605
604
596
597
596
599
603
617
645
703
775
806
750
758
738
717
681
670
664
658
662
653
657
672
696
712
727
693
705
711
712
702
679
663
661
670
679
679
670
672
685
688
683
671
679
683
681
678
662
658
664
669
682
673
659
667
681
685
685
679
671
661
664
674
687
668
643
631
633
632
624
623
630
635
629
621
605
603
609
615
612
602
601
612
628
646
639
646
681
714
729
716
692
687
681
696
689
689
676
664
676
700
729
723
709
711
703
709
681
662
655
652
652
645
642
651
662
656
652
651
648
659
670
670
654
655
666
672
669
668
676
655
647
651
648
654
658
646
631
618
621
615
620
630
646
664
647
645
645
644
653
654
649
662
684
692
692
668
663
669
671
683
680
675
674
658
649
643
640
634
638
629
626
628
633
637
647
644
641
658
664
678
692
676
656
660
670
672
676
667
656
660
665
675
677
662
668
672
684
673
655
653
652
652
639
636
646
670
687
704
711
723
724
716
709
704
702
686
674
689
695
711
723
704
696
701
692
676
655
658
669
665
647
646
657
672
688
696
679
672
679
686
688
682
675
657
647
655
679
697
718
733
705
685
680
683
679
672
673
663
646
646
649
647
657
657
656
677
703
710
678
665
661
661
649
640
638
637
648
653
661
634
630
628
628
627
628
627
633
644
638
634
630
622
610
603
617
652
670
673
662
676
694
710
694
670
671
676
682
663
669
692
706
690
688
707
703
695
670
663
670
678
676
658
660
666
668
646
628
633
626
631
630
624
619
626
632
647
647
648
644
635
641
652
678
700
722
697
677
680
684
679
661
645
642
646
646
633
626
623
631
656
675
687
668
661
667
673
674
666
661
648
650
668
682
692
696
672
669
670
681
693
702
688
670
658
656
661
662
667
670
654
650
662
673
676
661
648
650
662
665
660
648
640
639
642
647
635
633
648
655
652
636
646
646
640
632
629
634
635
645
636
645
668
700
718
703
683
690
701
700
701
675
661
666
673
683
688
693
722
749
754
719
701
698
693
686
662
650
654
663
688
678
671
698
704
714
685
663
670
660
655
646
641
652
671
699
708
694
718
729
723
694
680
671
649
648
641
640
648
668
709
742
739
704
714
726
721
698
681
682
686
682
694
679
668
680
700
724
731
709
713
726
735
696
685
682
687
692
683
677
688
710
726
713
692
703
703
697
682
658
649
663
685
721
703
698
729
755
762
729
697
690
687
690
673
666
683
701
707
687
678
685
690
703
678
671
678
676
684
678
665
658
677
705
720
692
677
682
689
685
669
662
678
703
715
705
690
671
681
703
720
740
717
700
716
728
725
698
700
704
695
688
669
667
688
724
729
701
687
696
694
701
678
657
656
658
668
658
651
665
683
700
701
678
666
672
674
675
670
657
656
669
696
698
703
728
724
723
690
688
688
671
666
650
640
633
616
612
612
627
644
643
644
665
682
670
667
665
666
642
635
629
636
641
656
653
672
688
659
665
663
659
650
639
640
646
663
684
677
666
651
650
642
626
612
627
655
663
693
688
669
667
666
652
655
666
675
697
696
676
661
655
650
635
625
619
613
632
654
678
694
711
718
694
694
673
658
633
621
613
605
603
599
597
603
595
596
598
594
604
604
609
619
619
609
606
604
607
614
630
627
611
613
607
609
619
622
626
633
609
603
604
599
604
612
619
616
624
626
617
606
597
585
581
574
583
605
652
685
695
701
693
653
643
634
615
611
608
608
610
623
655
680
694
677
682
694
692
680
650
653
646
643
632
627
621
613
604
605
613
631
659
670
669
658
638
633
627
620
614
607
605
611
622
619
632
647
661
679
681
663
641
623
608
603
605
611
621
628
636
636
650
647
630
627
623
617
612
609
615
618
613
622
623
648
657
667
670
669
666
652
641
629
615
607
599
598
593
591
596
598
612
628
621
608
598
605
619
633
616
611
612
626
638
661
673
679
661
655
649
639
628
630
632
653
650
665
646
640
630
632
618
614
611
592
592
584
577
582
587
599
614
620
627
646
669
682
667
687
689
680
670
650
648
637
642
636
632
651
667
687
682
670
673
685
683
662
645
636
633
644
643
641
649
670
690
700
677
661
643
649
661
677
680
686
692
681
678
660
665
681
698
698
709
664
659
663
677
696
689
659
660
671
681
689
679
678
666
652
641
627
616
608
604
604
612
635
649
675
673
666
660
654
644
632
626
618
616
613
604
607
614
627
646
663
662
664
647
649
649
630
626
618
617
611
611
615
614
606
614
619
610
613
612
611
610
606
608
614
607
611
627
636
635
646
643
646
639
632
636
627
625
620
614
617
612
611
603
610
611
613
619
612
614
603
604
608
608
606
623
628
645
660
660
653
649
640
627
614
607
597
588
586
585
584
583
593
610
659
701
682
679
687
692
689
672
653
644
627
607
600
595
586
588
593
602
643
656
641
646
663
678
668
642
647
647
645
639
646
649
654
661
652
656
679
702
695
673
674
687
688
681
659
669
684
702
714
703
690
702
701
703
688
676
682
700
720
717
694
699
704
710
703
677
681
703
706
710
692
690
696
708
684
688
706
715
712
714
682
673
659
651
657
670
685
690
673
671
664
662
644
626
630
622
622
631
646
658
667
664
643
645
659
673
689
705
697
680
670
658
650
639
627
634
627
625
623
627
633
632
632
620
618
614
616
626
633
644
635
646
649
646
639
639
633
621
610
605
612
637
657
656
660
676
688
694
697
684
678
659
640
624
611
600
598
599
597
604
594
604
620
635
650
644
623
617
617
611
615
612
618
622
612
615
630
640
639
639
627
635
636
631
629
636
638
648
635
631
637
656
648
655
662
645
641
647
639
640
634
641
647
646
637
650
642
629
653
689
725
702
699
700
705
704
707
688
672
679
702
743
732
734
765
781
785
723
699
698
698
688
676
655
658
670
693
717
692
683
677
665
642
642
631
633
622
627
477
759
612
605
599
583
576
574
559
548
542
538
532
535
544
545
564
577
581
606
654
701
736
692
699
716
708
688
659
650
652
664
656
680
708
712
681
641
629
619
612
607
621
631
636
617
624
651
670
676
656
651
673
683
690
675
660
669
672
652
634
645
686
691
678
690
707
707
682
662
667
674
662
648
629
637
650
680
678
661
680
693
705
673
676
689
707
694
680
706
734
771
746
707
720
724
718
697
676
670
751
805
839
866
830
810
787
757
743
732
724
732
751
766
740
740
755
761
728
696
688
698
700
680
668
687
706
717
700
709
723
731
699
692
694
696
696
673
689
710
712
724
696
703
704
709
702
675
674
679
692
702
688
679
690
704
707
674
663
676
688
694
684
683
708
725
735
703
701
701
706
683
670
677
693
698
692
719
748
744
705
684
684
680
668
660
648
645
660
654
659
681
697
709
708
689
674
679
687
691
699
703
689
682
688
700
729
732
700
712
739
732
701
679
676
678
663
660
681
704
744
754
719
707
688
673
668
658
655
664
684
691
698
709
699
688
685
670
663
660
672
684
671
663
670
673
666
669
654
659
651
659
677
688
377
315
687
662
665
661
655
654
643
649
649
641
638
636
655
672
690
721
740
741
724
707
688
671
651
641
634
625
622
632
668
706
699
671
676
694
702
677
661
656
646
636
623
614
624
636
639
643
663
691
710
679
666
664
671
676
679
662
652
646
644
649
670
686
699
697
669
663
658
646
651
655
661
669
661
664
675
678
678
680
693
675
666
678
682
680
680
668
651
642
631
624
623
623
623
620
622
638
662
695
725
739
742
728
732
726
727
715
713
702
693
695
701
712
716
727
708
686
690
699
680
669
679
682
667
660
674
683
675
666
690
700
697
675
682
694
703
706
681
689
701
718
709
686
677
680
688
710
697
688
704
705
710
699
682
695
695
691
688
665
664
673
682
684
670
670
683
702
716
721
688
681
686
680
686
679
666
673
689
704
721
698
686
696
716
716
688
672
680
681
689
669
661
669
675
688
677
672
686
688
687
672
667
671
671
671
660
665
676
685
698
674
675
686
688
677
670
687
686
688
676
666
673
678
689
705
715
707
685
663
664
655
652
643
639
645
658
686
670
687
686
683
667
662
664
663
660
665
671
670
670
668
691
691
681
672
665
669
658
642
627
621
630
635
640
660
702
737
703
674
680
682
686
673
654
651
649
660
666
659
668
687
707
715
712
680
676
679
677
682
672
668
662
674
684
714
736
743
728
686
666
651
649
654
669
685
714
719
727
724
700
677
675
679
689
676
670
697
724
735
703
703
731
723
717
681
668
667
676
680
673
685
703
695
723
737
750
724
699
718
718
709
689
697
705
720
721
712
725
731
730
701
686
682
677
668
653
652
656
682
665
661
658
655
638
649
678
675
684
687
695
689
679
673
687
699
716
721
711
689
700
703
674
652
650
653
660
666
657
681
702
720
695
712
718
706
684
691
689
697
690
676
697
709
720
689
702
700
689
674
679
669
677
664
646
655
681
710
728
725
705
708
708
712
695
685
659
639
634
644
659
660
656
673
714
734
697
680
687
688
658
646
642
642
647
632
628
649
664
660
657
682
690
691
686
662
665
674
660
656
655
674
663
665
681
699
721
729
719
694
704
709
716
720
695
704
713
713
713
693
684
685
686
690
688
678
680
693
694
678
685
692
677
675
680
688
689
673
671
680
689
692
662
655
658
671
673
654
648
645
638
628
626
626
641
638
644
646
646
641
631
623
619
611
600
595
588
583
589
590
602
625
631
633
612
613
618
619
606
602
599
591
592
591
594
595
597
607
618
630
636
630
628
618
606
591
584
574
564
568
575
581
580
570
568
569
557
559
555
552
556
561
570
568
579
586
589
605
603
612
612
606
606
595
606
607
608
606
601
589
576
574
571
568
574
584
589
589
587
590
592
583
574
567
562
550
553
549
559
577
611
707
781
818
813
811
781
759
726
707
675
658
643
623
621
652
672
677
685
705
729
757
777
774
722
726
742
747
734
714
693
700
669
655
651
674
688
686
718
693
682
700
699
683
662
664
673
667
667
688
715
704
693
698
714
719
732
741
709
715
730
724
719
722
711
684
686
687
698
717
717
704
669
653
644
645
665
704
744
752
731
753
764
764
746
704
689
694
691
693
685
664
672
678
666
653
657
664
668
683
681
657
644
641
647
665
663
654
646
661
673
691
675
663
662
673
687
702
712
706
685
663
667
675
687
664
664
687
695
692
673
682
700
712
685
671
672
676
688
688
674
678
674
698
705
715
706
686
668
660
646
634
630
633
647
655
668
659
668
684
700
683
683
672
678
654
647
666
661
664
656
659
681
699
728
693
715
727
711
690
680
684
689
700
682
666
668
685
705
726
709
694
713
724
717
690
681
683
688
693
680
682
702
725
712
695
701
699
701
672
662
668
677
683
682
687
714
730
739
708
680
672
666
661
651
647
663
697
729
724
686
690
695
678
660
637
635
637
631
631
665
685
712
693
673
703
706
691
673
673
673
681
688
681
688
667
659
667
675
697
698
684
710
721
728
725
692
693
703
707
722
708
704
729
742
732
695
689
696
694
672
665
671
703
727
759
744
708
700
701
702
693
665
651
650
652
657
653
654
675
708
713
688
674
682
680
675
655
648
656
672
688
677
659
678
691
703
678
666
675
694
696
668
664
658
657
648
660
672
683
654
655
674
677
662
660
651
645
642
632
633
616
614
606
599
591
590
586
578
571
582
581
582
589
601
598
592
596
593
602
608
608
637
653
678
708
738
777
771
754
734
730
715
688
676
687
710
741
740
712
740
762
774
769
726
710
707
710
719
725
691
692
708
725
746
727
704
693
701
703
702
677
674
683
693
710
729
704
690
706
714
723
711
695
666
662
670
682
696
714
691
700
714
723
716
693
666
670
663
649
638
641
653
647
646
633
636
638
634
622
612
603
603
608
631
661
700
728
724
708
729
743
747
738
702
697
701
710
704
699
712
712
721
704
691
698
707
718
736
695
686
688
693
714
716
690
687
697
720
747
732
695
693
696
706
698