619
631
632
623
614
605
589
573
560
558
558
561
564
571
573
578
585
588
596
608
608
603
597
578
562
550
542
526
527
523
520
527
539
556
558
565
571
587
578
567
566
598
605
619
626
632
646
644
643
635
637
640
644
632
634
637
626
618
608
604
600
593
586
596
606
617
623
620
629
641
651
635
629
631
631
621
611
610
618
633
624
630
632
648
642
629
628
630
631
615
614
616
629
629
624
623
634
635
615
606
604
601
587
578
571
570
564
556
555
566
572
571
579
602
629
654
628
623
622
619
607
594
596
601
609
616
634
646
649
642
626
634
646
662
676
657
653
653
662
667
653
638
646
613
605
599
624
619
582
578
565
551
545
540
537
539
539
540
549
556
567
583
585
605
636
680
653
644
654
663
649
631
613
620
631
631
634
644
657
669
662
640
626
619
609
604
597
598
622
651
668
661
651
672
687
680
654
636
625
614
596
581
577
586
592
582
568
585
588
592
611
633
633
633
647
674
678
668
652
638
654
666
675
682
666
675
687
673
650
632
613
602
604
621
651
689
678
687
713
719
710
664
646
639
631
631
619
621
636
660
695
679
671
668
678
672
651
640
656
667
670
670
652
660
671
682
685
650
640
648
650
669
643
636
653
660
677
660
660
666
676
682
661
646
642
649
641
657
645
651
676
693
686
671
670
662
651
629
616
615
625
628
631
628
639
651
682
692
680
657
651
630
617
620
623
626
621
615
615
606
599
600
620
656
698
731
752
707
705
691
660
634
613
589
577
580
592
600
625
682
724
721
779
812
804
766
694
672
662
664
651
637
640
648
661
693
722
738
712
674
662
667
659
663
667
659
651
636
628
627
634
658
652
684
701
701
669
677
668
656
635
615
606
606
601
604
599
599
608
633
645
646
637
626
635
639
630
638
662
672
691
688
676
680
666
658
635
621
620
621
647
638
609
608
616
657
667
651
616
603
592
601
592
593
599
635
679
686
678
702
711
688
656
639
617
601
595
595
617
632
641
638
627
618
607
610
626
645
651
661
659
686
697
719
699
698
697
687
658
659
655
657
644
643
646
647
638
635
643
655
645
637
644
648
632
626
638
642
661
650
646
664
689
697
671
661
655
639
632
637
654
644
655
678
705
713
709
672
659
670
660
656
642
641
646
673
705
717
736
683
673
662
660
643
635
646
656
673
675
666
655
663
667
660
646
635
636
640
658
663
643
632
640
665
674
650
646
656
665
648
649
662
677
674
667
672
671
652
639
646
653
666
659
650
659
650
666
649
658
638
639
636
623
627
646
676
686
688
670
641
645
634
639
635
663
692
728
717
709
688
646
627
612
605
604
621
625
648
660
706
739
736
730
700
670
643
622
604
585
570
575
585
633
706
714
798
873
820
776
724
680
652
628
626
637
646
671
707
744
743
719
685
677
639
622
622
630
645
661
649
655
674
708
676
670
683
678
676
658
643
641
630
625
632
635
626
601
601
623
630
637
656
670
658
652
679
686
675
655
672
671
686
665
657
677
685
703
696
683
689
684
686
667
658
657
673
673
665
681
695
718
685
678
688
685
693
669
656
661
666
669
651
661
687
697
686
678
683
686
681
657
647
652
669
666
658
673
685
685
675
662
663
667
679
668
654
658
642
637
644
630
622
612
606
603
603
610
607
615
636
646
640
628
643
655
671
642
632
635
633
624
619
627
639
655
651
676
704
735
699
694
701
695
671
652
649
652
667
675
658
655
673
696
674
661
668
667
645
639
647
659
673
658
667
688
729
697
672
676
668
664
662
651
664
676
694
688
681
685
689
666
646
641
641
653
646
646
660
668
658
666
676
668
665
642
626
611
600
595
595
605
606
631
669
738
730
727
742
761
698
687
688
689
664
648
648
648
671
660
665
670
634
658
688
670
655
673
683
676
659
646
643
656
678
698
683
704
732
712
688
680
649
633
608
604
610
604
616
639
675
741
832
832
784
743
683
661
653
649
644
659
699
756
752
727
751
772
733
704
699
720
699
688
688
696
687
673
691
685
701
713
712
697
666
653
637
630
596
587
576
566
558
548
548
559
597
617
614
608
711
786
776
781
786
787
786
782
777
765
761
667
438
460
366
636
683
741
796
789
712
702
704
689
678
666
637
633
629
643
637
640
653
697
706
688
668
649
641
496
781
655
655
670
665
680
688
707
684
675
684
270
403
665
683
690
665
679
690
671
669
681
459
2068
935
671
640
652
693
704
654
656
665
662
662
655
262
378
662
672
699
712
696
719
624
771
661
650
645
644
617
611
606
596
584
583
586
606
619
626
648
713
676
687
713
716
713
702
687
649
629
618
518
676
631
632
617
604
608
612
610
596
604
623
632
389
481
386
634
657
729
703
704
738
772
758
709
696
707
718
701
679
682
697
726
691
695
707
746
716
713
716
726
691
675
671
694
715
701
713
759
775
721
735
731
703
701
711
722
690
692
702
693
681
688
709
695
675
682
696
712
680
683
697
702
699
670
669
671
688
669
682
690
673
658
667
684
660
643
650
668
669
649
654
667
682
662
666
670
655
643
647
656
654
663
676
688
671
674
682
684
667
648
450
594
273
670
572
745
666
665
651
655
646
627
638
650
659
655
398
255
668
647
343
305
648
582
402
303
625
626
622
636
635
629
627
616
610
607
601
588
591
601
615
626
616
626
644
657
635
608
597
609
613
606
609
612
611
634
656
657
653
675
692
672
688
681
657
657
671
675
648
643
638
646
696
715
704
716
698
676
587
710
626
618
612
608
621
644
633
648
667
685
718
688
679
692
702
1382
674
681
708
722
698
693
703
683
674
688
712
718
680
671
670
676
653
646
661
700
718
696
700
738
809
816
773
707
695
681
688
700
688
671
675
705
712
687
693
698
679
659
660
678
692
691
681
695
719
708
696
717
738
693
663
672
691
683
678
664
653
641
635
632
634
636
651
670
688
684
697
703
714
678
416
257
671
677
682
662
662
672
703
704
690
713
729
726
682
667
641
623
613
617
640
665
675
680
666
627
609
581
571
565
572
592
605
627
653
654
672
686
697
698
693
696
696
659
647
631
634
644
677
570
799
684
700
716
711
690
703
696
700
672
671
686
707
707
685
707
725
699
668
666
683
667
668
688
704
666
636
627
600
580
576
569
562
565
572
581
590
590
586
589
596
589
599
604
596
619
648
640
664
791
854
728
720
721
737
727
727
701
657
625
616
607
646
670
696
690
695
716
755
772
766
696
678
656
554
672
621
685
712
727
765
803
786
738
748
753
737
689
692
692
713
670
645
645
625
1438
703
701
691
659
626
617
622
634
648
652
648
639
647
657
679
659
662
671
676
647
646
638
650
637
633
639
668
664
692
703
707
691
704
680
668
664
679
670
674
665
647
641
644
647
654
680
699
685
680
681
672
689
707
722
721
714
695
684
683
678
664
677
681
670
688
716
746
749
707
701
692
697
686
698
666
650
661
688
699
701
741
761
729
701
687
674
649
646
651
674
691
694
718
755
730
718
730
712
693
657
646
644
647
658
652
679
693
703
683
703
694
697
668
672
663
669
655
645
650
671
694
720
710
698
718
738
751
710
693
673
666
644
644
660
698
727
706
731
758
763
713
713
698
689
664
660
670
707
747
727
732
755
771
734
698
700
698
690
664
663
675
713
708
685
687
704
710
699
671
671
671
670
668
648
649
671
689
706
689
681
688
680
673
647
634
640
666
691
678
665
687
693
664
653
655
664
681
692
685
677
662
654
646
646
643
647
669
680
682
671
678
681
687
693
673
652
643
631
618
600
616
660
676
671
686
666
663
655
642
640
649
625
619
638
656
693
710
729
704
681
690
683
673
652
646
634
641
655
671
677
664
678
697
692
664
659
648
654
657
662
660
639
627
638
664
702
731
715
678
673
658
649
651
654
686
722
743
746
743
725
701
649
634
619
628
675
740
776
783
730
734
714
702
687
667
637
624
613
612
626
623
659
664
667
681
688
678
686
691
692
690
700
703
679
666
640
636
636
676
701
731
759
723
691
688
692
685
653
655
646
652
649
654
663
669
661
656
644
655
656
665
668
653
664
666
659
666
666
659
646
644
633
630
645
648
658
632
683
727
704
731
730
698
676
681
677
647
650
665
677
697
713
694
688
696
706
721
710
696
710
721
735
696
691
705
729
689
666
686
688
691
659
660
648
637
630
622
616
600
598
630
635
597
596
619
661
641
628
622
632
629
619
604
613
617
639
659
650
655
681
724
770
807
776
710
719
692
667
639
655
688
664
673
709
770
784
737
764
796
746
700
701
708
702
688
718
770
752
720
746
757
764
701
693
710
727
707
707
714
758
753
727
718
740
757
728
693
700
706
703
678
702
706
724
707
707
725
745
735
688
699
704
724
690
686
695
705
712
686
697
707
690
724
701
698
702
700
685
687
660
673
654
349
309
667
694
713
705
697
708
701
692
663
654
653
663
683
678
683
691
704
701
688
714
723
737
730
689
690
692
700
721
717
690
707
725
739
727
701
691
689
710
715
706
681
683
687
691
702
686
684
702
728
744
709
703
724
730
715
685
665
669
675
692
674
690
729
772
723
742
731
688
666
663
665
651
653
650
662
660
669
681
667
677
691
700
673
665
662
663
675
679
683
671
655
631
615
616
608
617
627
645
660
669
651
646
641
642
633
613
597
588
588
586
593
597
599
584
603
347
271
632
654
643
627
615
613
608
603
591
592
622
662
681
697
725
715
686
677
669
670
675
673
699
715
758
793
729
697
688
670
665
662
673
681
739
773
756
745
756
738
695
702
699
672
670
679
727
773
754
763
757
708
709
713
706
689
660
663
682
715
717
688
704
718
750
744
735
706
677
647
637
637
673
722
743
746
720
692
705
732
742
691
676
672
663
658
669
703
728
718
710
673
582
721
622
613
601
603
597
601
619
450
974
750
772
739
693
685
668
650
634
656
688
703
722
725
728
720
683
683
703
703
701
690
691
656
641
639
644
682
701
716
693
674
655
652
641
654
643
648
655
643
356
295
656
652
650
647
629
630
638
653
660
659
664
681
702
674
666
666
657
638
607
623
642
629
646
703
699
693
737
781
748
699
706
692
695
675
662
678
716
761
736
743
768
768
715
698
708
719
683
681
691
711
705
677
676
689
713
729
730
702
683
697
705
699
680
669
675
688
721
729
690
682
678
671
636
641
656
652
663
694
749
740
691
667
668
676
646
646
642
643
635
626
635
646
675
672
662
686
710
704
673
680
679
667
646
663
675
676
678
675
678
646
646
626
609
603
598
588
580
579
575
575
569
572
592
606
624
623
647
656
674
683
662
658
656
665
660
651
642
658
669
690
688
669
691
703
732
697
674
685
691
704
709
683
688
699
700
699
679
684
712
732
704
690
693
700
695
661
642
635
630
640
640
663
677
718
699
688
704
701
669
665
646
653
635
645
645
656
655
646
692
718
723
664
650
675
661
642
654
651
651
645
632
654
693
734
702
695
713
711
702
664
661
668
698
693
688
705
735
750
723
679
690
704
709
682
668
682
701
715
700
716
719
738
704
684
684
699
713
691
692
726
751
725
725
744
746
711
685
689
698
719
694
715
751
724
707
721
726
726
714
680
668
669
694
706
680
689
702
709
716
704
672
642
619
611
609
614
610
604
605
627
669
706
662
639
706
814
821
814
815
811
814
796
775
774
708
713
718
735
733
736
698
707
695
695
681
673
665
646
620
606
616
644
697
729
730
682
670
664
676
693
684
698
676
660
643
640
631
618
627
645
697
742
756
759
723
692
675
680
668
647
635
640
636
623
621
629
653
616
635
673
662
673
686
677
652
663
660
636
636
636
655
652
647
670
707
758
743
713
734
719
719
698
675
677
685
709
735
708
700
715
732
738
713
711
719
740
729
698
680
684
694
718
727
700
688
708
721
727
702
692
701
714
722
697
695
698
709
716
686
682
692
693
700
688
684
697
718
699
702
704
704
689
675
682
685
690
680
659
662
673
701
694
690
723
735
753
715
682
678
672
662
646
650
668
707
722
724
696
698
691
692
673
668
661
667
654
656
676
705
735
706
680
688
701
708
693
673
677
692
697
688
706
706
705
687
668
679
693
704
684
690
691
693
673
672
678
666
643
639
653
666
668
672
691
703
700
689
671
682
684
682
675
672
690
697
721
674
674
686
688
676
669
683
688
705
684
674
678
692
700
676
672
691
703
732
708
691
677
672
672
660
673
679
705
700
683
697
707
703
685
687
695
706
698
685
693
689
703
694
712
716
722
707
681
675
679
671
671
652
649
662
640
621
641
658
681
663
664
676
681
669
649
641
639
654
698
694
686
708
730
752
720
710
714
726
703
679
679
681
681
677
669
685
698
710
690
688
695
695
694
665
661
669
669
683
688
667
676
703
729
691
675
678
662
664
675
691
678
672
661
647
638
619
612
612
630
621
634
625
612
620
629
641
645
640
617
618
609
608
603
611
607
597
603
624
656
655
665
657
649
629
622
603
598
592
605
623
648
634
645
664
670
668
655
627
614
625
630
644
644
647
637
636
626
606
600
612
640
677
737
764
771
747
719
674
647
627
630
646
660
656
649
643
627
638
638
642
644
630
639
649
655
659
649
648
639
627
625
625
634
635
638
629
626
620
639
646
651
656
653
651
641
645
625
633
638
645
643
656
648
646
659
657
641
643
651
658
670
675
674
670
676
693
670
658
662
664
670
676
658
662
678
682
654
657
640
652
667
668
668
641
652
646
635
640
636
646
635
655
622
623
657
706
751
753
702
691
694
702
679
664
667
690
721
762
730
719
729
740
743
722
686
690
693
717
741
715
720
738
770
778
746
722
735
747
741
711
692
706
739
765
748
722
741
763
784
775
730
706
702
708
710
705
691
695
718
734
720
701
706
712
724
720
717
708
679
661
662
685
714
704
698
712
722
740
703
688
690
690
684
666
647
637
643
634
631
629
633
632
619
631
646
653
666
664
650
629
624
624
640
638
648
707
771
816
756
735
743
729
713
699
683
649
640
643
652
665
659
646
651
661
665
662
654
644
628
615
604
590
590
599
606
612
603
494
736
626
624
614
614
614
621
617
633
652
672
669
664
683
707
742
704
715
744
718
669
684
721
727
709
685
699
732
743
766
747
706
689
703
713
732
713
721
754
789
812
747
752
759
713
680
684
687
669
674
690
722
739
711
702
708
690
688
706
726
747
774
715
722
718
730
723
737
741
700
692
703
707
699
682
695
727
762
770
788
744
743
761
777
783
730
732
747
781
784
729
758
772
778
730
726
737
750
730
708
731
764
779
724
740
745
741
714
685
690
691
708
699
719
724
731
739
737
711
697
702
716
698
687
699
743
769
734
731
750
761
713
699
705
724
711
710
738
753
723
716
730
757
747
705
688
684
701
692
687
710
753
779
748
742
741
735
735
691
675
673
686
708
735
740
712
729
742
753
753
703
688
690
706
728
709
700
714
754
761
733
718
739
743
735
696
701
723
761
727
762
797
807
745
738
763
768
759
707
724
742
779
767
729
752
776
767
725
725
731
734
697
711
717
747
732
707
716
690
696
679
662
678
683
701
685
688
701
707
721
687
659
668
680
702
688
683
701
721
727
696
685
701
702
685
682
679
694
700
704
735
769
783
725
714
726
725
706
694
688
666
655
676
645
620
596
593
579
574
576
563
564
563
574
581
596
633
688
738
698
712
729
756
748
697
710
729
732
716
684
699
710
740
713
692
732
752
792
724
698
712
719
748
730
702
696
718
758
781
733
787
820
840
782
717
709
703
704
720
696
678
692
764
781
732
726
741
729
714
692
692
696
687
695
736
796
827
833
811
775
734
713
678
683
696
774
831
761
764
774
767
732
681
658
665
688
705
740
707
754
796
790
772
741
692
686
680
682
665
665
682
688
682
689
688
671
663
658
679
690
696
671
673
687
717
746
752
741
726
681
676
661
675
695
701
708
712
681
665
675
677
670
668
660
644
644
646
639
646
665
701
709
728
753
757
750
729
695
679
674
672
676
677
676
703
688
676
667
667
660
667
661
656
660
644
620
637
709
708
711
734
754
752
695
683
686
695
712
700
698
745
754
747
801
799
742
710
715
735
736
721
721
740
746
722
697
685
707
677
653
646
643
664
685
713
730
741
747
729
689
688
691
701
700
702
695
683
675
694
722
733
747
759
731
704
683
655
633
620
623
627
635
705
782
801
807
794
789
746
736
719
708
692
706
706
722
703
699
724
737
733
729
722
693
705
706
720
710
685
688
684
690
688
685
668
677
704
725
704
703
695
715
687
687
672
656
656
676
685
709
735
751
745
716
687
654
626
606
593
590
616
658
720
829
879
848
845
822
813
768
735
700
669
642
659
687
731
713
759
799
766
796
827
771
762
754
727
696
703
729
776
767
741
751
779
741
727
705
702
674
687
697
692
667
668
672
642
649
646
643
627
630
619
614
628
636
670
687
679
681
707
721
747
715
706
703
719
747
707
722
735
738
728
715
747
783
739
737
750
715
696
712
713
695
713
744
768
741
708
693
687
663
661
673
701
698
695
737
795
854
808
757
750
740
729
690
701
707
747
777
784
757
782
722
674
640
628
616
615
610
614
614
608
604
612
640
661
659
698
775
747
790
794
732
712
721
726
732
704
740
770
742
744
811
819
816
734
730
725
723
697
693
699
713
686
723
768
716
725
729
712
691
691
711
724
717
690
702
703
736
771
802
795
771
754
739
723
705
688
701
723
770
723
752
776
771
729
689
699
709
689
676
663
659
639
785
938
868
849
815
765
729
725
730
760
747
717
704
713
679
674
671
652
624
622
629
638
649
670
659
644
659
689
720
696
691
730
766
719
709
740
735
702
691
695
716
720
695
708
733
769
777
716
706
713
717
734
706
700
704
712
732
706
692
712
729
733
704
696
695
705
696
674
676
679
685
678
671
680
698
698
683
690
698
710
682
670
676
685
682
669
658
647
645
667
710
695
688
658
643
640
646
676
689
705
701
754
785
762
729
738
720
696
665
650
643
674
696
701
698
698
712
711
721
725
718
682
665
665
649
655
646
634
631
609
609
651
684
698
720
677
646
640
651
669
699
717
722
715
726
706
703
672
648
637
657
692
739
756
749
734
706
668
657
646
641
637
654
714
713
768
815
791
776
768
722
678
660
656
661
670
680
687
681
675
678
653
665
658
681
684
686
676
671
655
644
639
628
656
653
657
662
665
687
719
692
715
718
681
679
656
656
639
630
622
625
650
682
707
722
725
715
697
680
678
667
661
659
654
662
677
701
736
736
717
695
664
658
644
646
653
659
654
653
657
673
688
714
732
717
707
699
684
655
652
624
665
698
745
715
680
729
730
721
732
715
677
667
684
685
668
674
703
738
776
800
781
765
730
710
696
675
654
652
679
722
729
763
822
807
792
747
737
731
699
680
669
677
674
675
690
737
740
748
736
720
674
668
653
660
657
673
668
663
682
720
734
715
721
739
737
699
686
682
685
666
639
623
644
672
728
754
743
784
816
817
743
726
726
752
760
728
707
724
761
786
746
739
777
809
833
802
729
743
759
773
744
728
747
778
822
775
741
764
778
767
720
726
726
718
712
745
786
799
734
731
732
742
748
720
695
720
765
834
775
775
781
783
756
720
711
712
694
691
727
713
690
677
671
645
641
640
644
635
621
608
606
690
676
674
722
741
724
757
778
746
726
766
788
750
728
746
759
726
726
764
780
795
739
711
744
785
790
743
728
777
804
809
768
734
744
758
765
725
735
759
780
766
805
829
785
741
758
771
768
724
749
772
844
789
760
784
795
745
749
778
832
793
769
766
771
731
739
776
813
763
680
669
649
634
636
631
644
651
645
643
657
677
685
659
659
639
629
620
651
672
669
711
753
782
735
746
748
735
699
684
698
718
748
724
754
813
836
760
775
775
758
714
718
725
748
735
713
736
782
798
763
764
782
787
740
711
718
781
879
822
810
851
878
826
769
772
796
802
771
814
838
841
783
796
819
804
748
757
774
829
775
770
807
846
772
774
781
808
759
757
771
820
818
787
827
859
839
752
750
757
761
728
726
755
790
773
786
811
816
771
717
712
706
683
715
765
828
779
743
759
769
756
740
706
703
724
764
801
761
800
839
845
776
761
771
777
790
744
743
747
769
770
732
765
775
780
737
721
718
726
739
710
736
771
795
751
730
729
729
703
684
693
728
727
739
792
800
776
728
723
727
737
744
702
705
738
755
712
709
727
750
734
706
716
725
718
697
714
713
697
666
689
738
742
717
736
749
762
762
727
694
697
711
740
748
747
796
846
787
786
788
756
705
706
738
791
809
779
835
818
771
795
794
740
719
688
684
694
718
726
699
709
671
678
685
691
678
707
742
778
759
703
693
760
803
802
776
759
740
721
710
704
709
728
740
761
785
755
739
694
676
664
674
680
688
703
703
695
702
687
668
676
696
731
755
725
731
744
760
760
749
738
697
716
732
763
735
742
794
827
806
749
770
757
745
720
742
751
766
745
735
760
776
789
746
750
751
788
760
716
734
730
768
764
743
766
802
758
758
751
733
703
691
713
727
737
699
669
696
747
761
729
759
759
752
705
703
710
729
710
714
735
771
779
739
768
767
776
731
712
713
715
710
698
734
778
838
797
834
823
807
730
738
733
757
774
762
759
808
817
791
742
747
757
787
755
775
805
846
763
781
789
793
756
732
745
751
750
725
745
768
787
750
771
789
785
738
733
734
753
725
718
733
750
752
735
780
827
849
771
739
764
781
771
724
743
766
790
760
796
836
789
742
759
768
771
725
726
747
775
832
784
762
779
805
761
733
729
739
745
713
707
725
734
727
753
751
722
681
684
685
700
711
714
692
720
725
757
764
724
732
756
770
729
707
729
750
774
753
750
771
784
782
729
731
751
765
777
740
764
783
783
772
735
732
728
730
706
698
732
772
813
771
742
759
768
754
715
704
712
729
747
727
716
737
761
768
727
732
790
807
734
722
729
740
694
690
714
762
736
757
790
793
739
741
755
757
737
719
736
743
719
722
740
767
760
725
724
747
755
756
722
735
753
793
842
794
761
783
784
720
708
752
778
804
753
771
826
837
804
745
738
751
749
735
699
699
713
722
691
677
691
715
728
720
712
726
725
725
707
709
722
728
726
681
664
680
696
700
680
673
669
656
634
608
608
601
597
611
628
654
673
661
670
671
661
644
631
614
604
616
625
689
717
729
703
674
674
688
691
662
674
668
664
657
665
656
686
740
771
764
716
709
679
654
681
737
700
699
733
783
783
732
725
761
777
768
729
739
745
724
759
803
799
753
773
773
788
749
712
712
739
816
829
788
854
882
821
756
764
756
772
738
729
765
819
799
770
820
848
840
745
745
765
781
751
735
759
820
836
771
787
803
797
776
719
714
726
750
777
742
731
760
798
822
763
742
752
757
726
725
734
769
780
737
759
799
820
795
731
725
735
760
753
742
762
778
802
811
755
756
775
778
752
713
720
727
720
726
705
690
706
726
751
755
709
714
709
705
689
689
696
689
674
671
694
725
728
689
687
708
675
670
683
678
699
727
729
727
687
672
669
669
688
709
736
698
682
703
712
720
679
673
663
649
626
639
666
664
663
686
709
701
687
726
741
716
694
708
719
734
715
730
771
817
754
746
752
751
747
712
708
721
738
724
731
755
780
790
736
684
664
646
630
622
609
609
613
616
610
607
618
645
676
704
711
713
772
853
825
757
727
733
749
769
737
718
738
769
776
740
740
771
792
759
747
775
807
771
728
734
767
770
758
734
786
837
698
703
728
704
694
689
684
688
697
714
728
723
705
667
667
669
673
673
644
650
630
625
631
649
646
655
672
663
656
659
670
665
644
643
639
654
652
675
680
687
704
717
694
679
675
674
675
662
668
664
675
680
689
720
737
735
711
717
700
697
702
716
733
759
759
752
724
695
667
665
688
730
774
778
795
802
773
823
847
803
769
733
702
687
682
693
723
730
732
757
782
769
752
753
757
731
736
698
704
723
727
703
713
703
665
698
730
699
722
695
685
700
683
661
638
641
631
624
611
599
599
596
595
590
583
593
617
657
686
674
674
722
726
716
680
665
642
615
605
604
628
669
690
729
718
682
722
778
833
823
772
768
723
733
681
662
629
603
583
571
574
572
576
576
580