618
938
971
954
920
864
777
712
689
722
739
690
646
622
601
573
550
537
548
576
580
586
630
682
654
634
665
673
674
649
660
727
774
763
749
760
774
749
700
697
723
740
709
696
744
775
774
718
684
706
720
715
699
726
755
760
701
679
700
722
701
692
722
752
741
688
663
676
696
736
728
742
765
770
758
696
686
704
726
716
674
693
733
757
726
685
698
710
705
665
661
681
696
704
672
673
685
688
675
677
689
699
689
666
666
662
672
645
643
642
657
669
649
643
653
657
674
645
646
657
668
675
660
658
660
675
676
666
652
650
646
663
661
641
637
659
698
722
713
678
670
679
675
656
608
571
566
581
598
618
634
623
585
562
552
560
582
594
586
555
550
536
515
509
506
496
495
490
486
475
471
476
477
478
478
484
482
467
465
469
471
474
479
473
471
477
479
473
463
467
467
470
478
465
468
462
460
470
481
480
473
470
477
482
481
468
462
464
469
468
462
458
449
450
450
442
438
442
444
445
464
450
444
439
453
446
448
464
471
474
465
454
444
439
449
456
476
518
563
570
567
563
531
526
523
528
542
548
521
511
504
521
547
552
537
521
512
517
534
554
562
554
540
546
574
638
661
630
586
584
592
614
634
615
581
570
580
618
640
606
596
597
598
599
581
569
584
630
660
671
628
638
639
653
646
603
603
602
618
615
613
622
620
591
584
592
624
655
629
631
642
676
682
638
601
597
604
621
632
584
566
566
561
552
543
537
535
528
516
504
500
506
505
506
502
525
533
553
550
535
545
584
665
691
650
669
692
702
636
589
600
601
622
607
569
545
544
567
571
579
590
634
654
621
601
579
578
603
645
662
673
629
624
616
628
599
605
614
630
643
610
615
617
637
646
636
645
653
672
690
670
660
667
673
688
661
684
724
751
707
697
679
694
710
663
631
629
658
676
679
678
663
653
636
626
613
598
595
583
556
563
585
637
701
748
746
698
676
646
617
605
599
607
637
698
733
750
753
745
713
659
620
622
606
650
745
784
781
747
703
675
649
641
637
630
607
619
670
739
828
787
692
617
614
1271
647
631
632
641
657
678
664
619
609
599
696
857
856
834
802
751
679
624
591
575
563
615
1148
987
959
970
953
903
743
692
733
782
823
764
779
896
923
813
797
779
741
708
654
611
573
571
616
689
720
743
712
688
781
731
723
711
695
661
641
669
659
712
762
806
811
773
771
716
717
687
666
631
611
633
696
805
775
732
771
774
760
684
674
681
722
740
684
689
718
732
710
672
689
700
722
684
697
718
723
714
672
674
684
724
706
719
696
708
670
681
683
697
656
664
676
707
662
673
702
747
719
637
611
592
583
573
580
593
618
648
619
602
613
601
604
619
623
632
600
612
610
645
670
688
665
663
676
679
700
703
645
640
604
583
565
567
581
606
629
654
657
654
630
594
568
568
563
563
559
580
592
599
590
563
547
570
610
649
661
665
639
596
567
537
540
531
542
553
565
551
564
581
570
556
596
573
579
575
564
558
563
557
558
566
566
579
573
566
567
559
546
542
546
553
569
582
601
613
604
592
628
719
748
703
738
727
640
604
593
576
565
570
579
586
580
579
598
646
723
708
642
640
601
575
571
580
588
584
573
557
546
581
621
712
752
746
671
630
605
591
577
552
540
516
511
518
536
574
622
626
671
704
705
668
613
609
587
553
546
568
595
614
619
785
867
874
843
776
769
764
715
644
676
591
610
715
820
827
809
678
646
611
598
576
565
569
599
657
732
767
749
740
693
637
643
622
609
584
558
546
553
584
612
629
638
612
618
597
604
596
589
604
648
677
675
631
640
627
594
574
550
543
564
582
623
675
736
624
646
693
767
771
787
779
765
751
747
750
744
745
754
728
719
727
748
695
665
655
677
687
654
659
681
711
694
658
639
619
593
571
572
572
581
577
577
582
615
673
695
655
669
729
703
691
729
727
711
622
578
573
571
586
625
706
741
736
721
737
757
760
709
707
745
780
777
736
757
781
769
692
668
683
803
830
812
719
644
646
634
643
625
646
675
674
598
619
652
1390
632
589
575
573
574
586
611
655
695
709
677
687
679
678
647
638
677
733
762
738
701
670
691
839
857
844
819
779
743
720
693
712
748
736
765
735
662
722
735
748
754
745
700
658
629
622
628
615
610
594
636
722
812
847
853
824
381
309
669
614
607
600
605
607
610
619
661
750
786
717
709
737
757
771
728
672
668
613
641
689
758
782
740
769
735
721
746
743
741
747
746
729
716
705
674
651
643
642
627
596
568
560
556
548
547
544
557
560
549
548
561
567
558
561
572
593
602
639
633
614
613
617
610
596
598
601
612
596
610
634
652
633
636
645
667
680
658
649
645
639
634
619
615
619
623
587
583
599
622
653
637
651
653
643
604
592
571
597
568
555
548
533
535
535
533
539
560
632
725
747
749
734
702
641
615
629
653
703
751
769
748
712
734
758
805
820
762
739
727
736
701
703
740
832
837
754
774
683
648
650
666
694
720
708
737
748
742
708
680
650
631
623
613
612
634
663
648
636
689
776
837
854
821
790
795
806
827
774
752
756
742
712
745
758
739
709
728
748
708
691
696
713
699
670
686
711
688
630
627
643
654
659
635
643
663
683
679
652
673
670
675
642
642
672
690
687
695
702
717
672
680
674
662
645
657
674
678
652
654
651
624
586
586
585
596
606
644
672
633
644
643
625
601
598
606
591
555
551
539
531
535
549
559
572
627
799
820
838
837
839
827
823
750
719
753
786
801
768
715
719
732
708
665
681
680
683
677
703
729
758
751
711
717
712
724
737
725
695
665
638
646
652
686
729
711
711
758
781
766
698
665
677
693
730
748
704
710
724
761
766
751
701
693
702
720
740
709
690
706
650
606
595
607
602
621
623
616
605
615
693
784
825
832
791
669
627
593
573
586
582
599
577
627
679
755
779
757
664
660
657
638
645
626
598
604
593
600
626
639
636
664
718
682
614
645
667
718
749
742
747
706
629
612
585
498
468
738
569
583
581
594
610
611
605
600
574
609
657
701
728
722
697
667
622
635
634
658
662
668
674
664
683
695
691
681
651
667
686
703
663
634
643
648
654
632
632
642
642
619
594
604
649
650
658
699
721
721
671
658
683
714
767
717
768
774
773
708
687
690
705
727
729
711
728
741
746
756
731
747
790
808
816
798
800
816
825
829
786
761
770
790
803
781
771
771
781
782
771
772
737
721
739
791
823
820
812
814
807
789
728
740
762
809
806
816
857
858
837
768
757
782
806
824
844
814
823
835
835
840
808
829
799
726
713
689
698
699
682
718
743
749
703
731
760
773
739
735
742
735
739
734
732
731
751
763
765
758
741
719
700
710
686
673
663
729
785
800
787
769
747
729
697
649
666
666
685
727
761
782
790
797
790
761
730
695
658
678
724
798
834
788
785
687
677
666
671
675
715
797
844
837
815
801
786
782
740
726
703
665
624
604
612
617
615
682
723
755
767
752
735
668
637
607
600
598
604
631
655
663
646
662
695
723
740
749
719
698
724
742
750
708
696
726
741
775
789
815
835
828
776
759
786
815
830
801
821
826
817
796
744
746
719
694
695
731
726
720
706
692
811
820
821
783
749
746
747
758
787
819
852
852
841
820
790
770
781
792
793
801
744
686
648
647
693
708
723
728
737
690
668
660
698
725
740
713
727
756
788
810
774
780
784
791
794
782
783
787
784
759
790
821
841
811
778
784
785
783
794
735
730
695
659
682
728
770
744
748
771
790
782
752
735
728
677
716
691
698
665
667
660
646
663
654
647
622
609
606
603
602
611
619
383
433
788
780
747
787
771
749
711
707
695
679
642
654
652
648
653
665
655
614
594
577
564
553
535
533
523
518
514
500
515
543
559
559
582
660
648
673
642
692
667
652
614
587
594
632
638
645
691
779
800
718
698
727
741
775
747
756
797
838
853
799
792
782
790
752
782
819
831
841
813
839
857
856
815
825
826
797
727
896
552
730
687
741
767
724
745
729
715
683
727
777
808
813
759
777
788
811
786
832
854
879
827
839
842
843
807
760
814
889
902
837
862
868
803
775
811
801
730
772
816
853
800
837
852
859
798
796
821
846
859
829
773
800
844
856
834
777
800
831
844
800
823
841
835
784
725
734
755
804
783
769
798
743
682
653
678
680
679
715
768
812
795
717
728
731
762
810
833
371
383
815
834
774
713
682
689
840
871
879
881
857
848
834
843
865
897
906
904
897
876
853
830
812
824
853
879
852
826
850
885
893
836
796
819
841
845
798
776
807
832
867
829
851
856
861
829
854
865
868
802
819
832
832
849
807
821
854
848
805
837
849
830
775
798
820
849
831
863
869
866
807
801
789
779
797
771
810
885
918
863
875
851
828
787
758
795
818
863
856
863
876
878
841
815
821
807
811
733
688
660
633
637
712
821
841
792
815
799
775
729
721
743
788
834
842
811
811
819
814
793
719
702
676
691
930
966
950
935
904
883
851
825
817
814
851
867
893
858
839
875
894
879
858
827
812
817
834
853
866
890
895
840
819
840
854
862
867
815
803
838
854
869
861
819
816
823
834
854
866
825
814
831
857
882
898
849
821
832
848
863
874
836
824
848
866
876
836
813
825
828
825
796
788
813
848
864
819
813
837
851
846
797
800
811
818
803
783
817
846
858
828
816
816
815
813
797
815
835
843
830
852
864
856
807
801
813
823
836
801
801
822
837
830
839
854
854
809
816
817
842
819
838
885
902
914
867
849
805
775
739
761
859
938
900
906
928
921
839
833
817
819
791
849
890
885
848
843
810
730
679
655
680
737
750
833
867
852
793
795
789
788
750
742
767
811
853
824
825
865
881
876
834
810
815
802
794
779
727
694
716
796
884
909
883
834
814
814
804
806
801
774
772
791
794
746
757
779
801
777
744
738
745
753
718
727
745
742
717
708
713
727
727
713
686
637
639
629
631
634
609
585
586
603
673
773
817
847
832
816
792
749
703
677
648
605
598
591
632
790
834
804
784
809
772
787
785
703
720
729
723
731
730
704
683
700
678
721
721
735
722
678
680
678
695
693
720
714
695
714
737
764
756
741
702
692
691
677
675
708
744
780
830
875
890
891
859
847
805
813
840
834
802
786
780
790
813
833
839
848
865
865
861
853
777
756
719
714
728
779
832
830
815
807
787
762
717
676
675
688
726
806
863
817
832
824
809
809
828
843
855
850
846
841
837
843
814
791
808
839
861
816
823
816
827
782
802
801
813
789
791
816
815
832
808
806
843
869
877
875
842
818
831
842
807
788
814
852
867
843
846
855
808
812
805
794
802
773
784
807
827
818
806
832
829
781
759
757
769
794
811
788
813
811
807
769
755
762
774
788
780
738
739
751
779
760
768
760
759
726
729
744
747
732
721
688
714
699
645
639
659
688
710
716
713
699
685
674
657
635
638
683
766
803
739
766
729
745
776
785
773
746
712
700
696
701
667
680
720
758
775
768
746
693
683
689
712
713
711
722
679
696
844
858
849
772
692
668
679
696
717
735
741
697
667
666
690
734
711
772
729
784
811
831
830
805
778
696
682
677
689
665
687
740
806
852
854
831
772
757
759
770
757
742
730
688
651
649
690
783
841
870
878
802
817
797
790
768
776
759
742
738
733
739
729
722
685
673
698
684
728
747
772
779
751
750
749
736
700
642
645
669
727
782
815
813
781
721
693
694
663
674
723
820
810
834
882
903
854
851
806
732
717
741
764
804
820
788
800
775
748
752
768
766
762
708
703
690
671
682
758
877
888
886
865
764
736
730
701
659
650
678
725
747
704
705
729
757
776
776
763
738
715
686
660
663
673
771
840
894
910
881
809
789
728
699
704
727
732
739
692
641
649
693
801
851
874
850
744
728
730
745
714
740
777
807
829
832
820
787
711
692
696
716
737
784
778
772
776
802
755
784
816
817
801
753
733
723
722
734
703
728
751
759
756
702
709
710
701
708
718
742
719
722
741
747
758
748
723
695
686
682
684
684
754
781
812
809
811
807
803
799
790
780
771
775
736
813
870
882
857
771
666
666
672
674
672
723
848
880
915
911
855
826
817
794
733
671
666
719
786
822
769
771
765
695
686
697
730
754
782
792
796
797
780
758
715
714
706
743
768
799
840
843
791
782
731
729
740
776
828
902
950
956
945
926
893
862
842
833
817
784
791
784
767
755
738
733
755
778
820
840
846
849
828
780
723
712
729
742
790
831
838
839
797
726
729
724
696
660
654
681
679
698
741
784
791
801
757
741
761
780
806
812
802
802
760
724
731
754
780
795
756
750
767
804
812
778
772
768
729
760
784
771
734
757
768
808
818
829
842
838
844
839
841
844
803
750
728
741
880
918
899
896
891
872
857
848
849
836
848
842
839
842
827
823
824
811
802
760
736
728
702
729
764
798
801
807
796
761
711
695
711
717
713
760
747
771
796
821
796
757
745
724
704
693
711
737
780
774
773
790
778
764
766
767
740
727
711
734
737
740
722
735
761
804
846
845
814
813
820
829
808
746
723
741
775
817
832
791
810
847
870
812
772
761
708
674
656
691
742
730
774
827
854
842
771
774
788
798
741
734
765
807
848
806
806
828
847
854
848
795
788
787
802
819
843
837
829
841
851
868
865
801
777
786
812
865
877
809
821
837
842
763
765
786
812
827
810
789
730
761
760
779
732
748
744
783
816
840
786
776
782
759
756
753
760
767
771
775
745
764
777
825
854
866
808
759
763
774
806
772
789
832
856
819
785
787
785
752
767
786
802
771
779
787
778
728
746
764
706
709
720
751
755
732
747
737
677
692
682
674
670
649
619
628
668
767
799
751
766
804
805
749
750
697
724
697
744
782
835
845
814
747
790
793
801
781
771
763
725
723
720
746
767
796
789
805
813
824
818
780
752
722
692
691
692
713
790
706
662
665
766
820
869
876
857
831
791
681
685
676
721
788
813
775
778
774
795
831
829
813
791
752
662
659
655
700
770
828
862
885
879
837
813
768
692
679
687
736
837
885
875
894
870
811
701
685
694
723
759
889
920
934
932
914
881
843
734
730
721
721
687
727
798
856
875
879
751
737
739
768
786
771
768
699
711
714
739
800
809
742
768
831
860
857
846
775
677
679
694
738
731
770
836
872
791
814
813
808
812
797
757
750
743
741
771
777
782
805
815
797
769
742
736
753
786
836
855
870
881
874
861
848
834
792
735
709
704
725
788
866
890
904
896
837
823
804
789
796
792
788
744
729
747
762
806
846
875
874
857
852
850
834
808
795
793
771
750
768
812
849
863
879
803
763
770
783
789
764
741
781
833
860
850
850
805
777
781
791
800
804
817
793
763
784
811
813
829
760
747
760
775
773
771
717
711
715
722
686
725
748
733
807
871
877
870
850
818
763
734
740
755
798
850
879
885
877
832
813
825
852
879
900
901
887
870
852
836
781
739
717
752
877
894
927
920
905
883
852
818
762
747
766
751
811
842
847
839
775
794
793
799
808
801
759
754
769
750
731
749
762
772
777
786
785
766
741
750
775
808
828
785
795
814
837
833
758
718
722
739
785
829
797
796
816
839
843
848
783
776
782
807
824
816
783
806
830
849
858
812
778
781
788
765
718
685
713
772
793
790
831
830
799
751
761
796
827
813
781
815
860
883
832
820
827
836
845
843
806
815
828
854
873
880
815
784
790
798
818
780
770
804
864
909
913
848
858
801
729
686
685
725
788
780
798
864
891
899
864
793
792
808
842
870
808
769
751
827
927
931
930
905
888
871
863
851
847
847
841
838
844
852
856
864
855
857
858
844
841
844
790
826
779
799
850
873
799
844
837
774
727
746
771
814
831
798
813
840
849
854
827
851
867
880
844
850
868
879
874
842
774
789
817
860
816
831
873
894
816
813
822
823
764
772
800
868
910
883
910
934
929
858
813
829
787
747
738
789
813
809
859
891
906
834
845
830
815
756
781
783
727
730
778
861
874
846
822
816
816
791
753
736
752
738
745
787
807
770
758
791
822
831
829
796
801
809
825
825
791
820
833
849
855
802
806
805
813
792
805
838
856
863
816
826
838
850
857
817
811
826
820
797
770
782
809
829
825
799
819
842
857
865
851
842
842
831
832
812
815
820
818
837
861
864
857
809
787
808
829
828
830
774
720
707
707
722
773
840
879
894
879
834
810
789
771
755
745
776
845
895
900
852
836
799
745
727
729
727
718
712
771
910
917
898
880
862
843
836
829
826
852
729
711
722
793
839
872
882
871
875
860
834
826
800
783
827
865
893
910
908
899
882
872
850
808
791
825
882
932
932
861
840
845
841
839
818
833
871
891
887
816
821
834
836
845
829
874
894
912
905
860
862
873
882
868
829
841
865
892
896
854
861
856
861
865
865
830
836
862
882
883
859
813
827
839
855
880
854
860
865
822
770
768
727
722
707
708
727
717
743
758
776
792
770
741
765
765
798
820
806
824
856
869
862
843
796
730
726
738
780
863
901
854
853
849
841
810
751
768
802
857
836
815
840
850
768
743
757
798
844
851
802
803
829
833
789
737
757
771
806
860
887
875
846
779
742
715
754
887
917
916
909
894
886
861
843
835
828
834
829
822
815
820
827
833
812
838
770
723
685
691
730
716
735
796
832
860
827
789
803
819
842
868
837
847
858
864
863
853
820
813
854
880
887
845
846
868
884
889
877
840
852
855
858
854
816
826
854
880
873
845
873
877
871
806
789
812
833
864
854
874
902
911
864
837
834
847
848
796
788
813
807
802
832
871
839
819
790
774
771
775
740
778
765
818
844
876
851
793
759
765
796
818
764
825
755
781
813
823
780
800
794
800
794
789
779
729
707
667
663
707
822
913
945
962
962
942
918
889
843
784
764
768
820
858
856
840
860
794
814
824
852
823
793
762
756
760
777
787
793
811
836
847
861
846
830
815
793
734
706
753
822
852
876
858
819
830
861
888
910
912
912
854
802
820
840
889
916
879
876
921
937
922
854
845
854
867
879
850
846
883
866
782
722
737
803
839
794
789
841
866
883
829
864
911
905
896
813
818
835
855
850
882
890
902
916
923
885
862
890
894
909
885
872
909
923
926
917
873
844
863
874
895
873
889
907
908
872
880
902
922
929
861
875
880
885
851
844
877
902
921
922
869
876
878
892
887
886
926
940
924
884
928
928
922
854
848
885
891
862
843
882
927
867
480
365
803
800
753
716
732
770
820
863
878
832
870
877
887
882
879
819
821
839
893
934
946
899
907
921
920
905
843
814
789
780
754
799
878
939
880
869
902
903
891
844
856
882
905
924
933
897
859
863
857
816
823
867
909
915
842
801
814
853
881
899
887
844
875
885
897
841
873
892
894
898
834
860
865
853
797
779
820
881
906
894
802
807
778
758
735
735
714
708
728
765
831
859
816
834
844
859
859
850
771
717
706
708
853
945
927
838
752
789
872
892
894
871
857
847
844
827
824
833
784
762
804
853
899
904
898
874
804
803
836
893
914
923
819
838
843
846
817
796
848
884
902
916
862
816
832
867
896
901
899
839
834
836
844
863
816
818
878
937
960
941
843
835
829
823
819
776
803
831
855
814
825
846
866
866
862
825
816
829
801
819
810
797
793
848
905
917
896
817
782
792
796
809
834
809
798
830
864
874
870
828
796
807
829
846
854
808
818
832
844
816
759
744
727
732
764
805
841
806
800
755
756
759
771
819
895
896
805
793
842
873
871
791
750
766
813
866
896
849
849
859
847
838
815
773
748
755
888
952
964
917
894
823
748
699
687
732
791
753
725
773
846
881
890
871
823
794
768
771
791
812
826
760
774
816
827
826
822
771
777
769
775
777
727
778
802
791
787
834
876
855
875
801
830
861
854
848
844
846
845
847
849
853
870
888
899
902
910
863
776
741
818
879
857
881
855
782
732
703
759
867
912
931
937
927
926
922
920
916
918
932
952
962
965
882
847
881
950
981
906
853
891
907
872
805
814
769
760
787
783
832
866
877
897
918
925
916
911
917
896
858
900
934
958
959
915
927
939
939
927
882
900
910
916
850
883
905
897
838
839
854
816
784
820
897
939
927
879
909
900
890
883
829
845
866
908
934
895
884
914
923
912
888
841
832
846
850
810
813
848
875
897
823
816
831
805
778
735
756
732
750
713
714
784
802
811
816
818
812
807
815
834
841
855
877
904
911
883
844
862
880
888
875
828
820
872
918
923
845
822
790
767
779
798
786
800
819
850
851
796
779
754
772
717
691
737
800
802
749
728
749
794
857
909
928
899
854
874
881
897
876
877
914
928
934
923
905
852
873
874
877
821
821
871
944
970
888
846
864
898
900
903
862
822
849
889
913
874
886
911
913
918
875
856
882
905
890
834
854
859
840
781
742
789
775
783
721
746
838
882
892
887
881
857
776
765
781
855
929
954
979
977
941
927
860
771
790
752
777
826
845
792
821
863
882
883
812
784
804
847
884
919
848
864
896
914
846
807
824
891
938
946
885
853
865
889
872
817
865
914
932
933
861
870
874
875
803
807
829
855
794
757
753
781
914
940
943
945
937
910
880
861
860
849
828
829
843
846
851
854
854
857
866
879
872
858
857
803
784
816
882
940
908
837
856
876
871
762
749
754
760
741
765
797
828
790
784
807
813
826
825
794
742
729
727
726
766
825
809
845
872
889
840
830
842
857
866
821
791
813
838
870
840
856
885
904
890
848
854
849
850
800
827
854
882
923
871
848
820
796
723
681
651
646
669
733
822
874
903
875
813
818
817
835
866
838
850
907
968
992
942
922
953
938
870
854
873
896
919
840
820
879
930
957
937
874
906
914
924
923
885
921
931
858
902
924
907
839
883
886
778
789
839
890
912
850
864
858
801
729
715
760
784
816
830
814
782
720
709
728
809
884
793
830
896
931
924
883
812
750
738
724
711
666
670
722
813
845
915
941
835
742
741
821
877
892
829
751
703
730
767
799
823
833
839
825
742
715
705
749
819
853
883
875
857
818
784
795
818
837
876
892
890
823
834
848
867
903
899
838
830
832
822
791
762
779
800
816
835
807
792
816
786
739
721
724
851
953
921
803
753
714
704
755
834
915
953
942
869
848
862
871
896
912
900
875
790
759
772
771
760
733
757
893
892
880
829
768
785
816
848
874
819
791
816
866
898
911
853
848
863
873
873
871
849
806
822
861
905
931
915
833
813
821
832
860
866
821
844
868
881
880
845
815
829
832
841
806
754
734
757
777
747
737
737
725
751
744
753
790
826
828
767
760
776
813
860
826
833
875
882
829
818
860
829
816
791
764
758
736
704
678
703
770
797
767
773
810
854
880
879
840
789
801
820
855
889
875
848
861
877
900
915
907
851
825
825
830
831
795
824
871
905
883
863
879
871
848
830
835
833
760
744
774
819
857
854
803
804
823
850
852
863
825
842
866
882
890
846
821
823
846
866
882
862
899
912
910
896
842
845
859
868
866
832
811
844
880
906
916
903
858
866
881
882
888
855
852
878
906
923
894
903
904
892
864
837
873
880
882
823
828
827
818
772
789
804
813
825
773
782
793
810
827
807
839
826
835
779
782
825
863
825
836
852
855
852
797
823
869
859
836
812
768
723
695
707
761
807
849
860
848
769
732
751
798
869
932
945
886
898
915
936
919
834
818
853
912
947
960
866
844
854
873
858
799
768
806
871
944
926
923
955
969
884
853
879
886
885
833
800
854
897
932
900
856
876
869
844
782
797
820
864
830
848
854
873
884
864
839
792
740
688
669
685
758
861
912
946
919
873
911
938
956
886
852
920
988
1022
950
942
969
964
893
849
878
905
875
847
883
911
915
851
857
872
879
874
813
822
855
886
924
896
864
892
904
851
859
876
884
841
823
730
711
753
817
835
783
697
717
771
804
819
829
813
796
712
715
720
693
732
795
870
790
856
887
865
872
878
879
868
859
835
822
807
745
736
738
775
739
789
852
899
855
913
907
901
869
846
834
803
831
858
888
915
913
902
886
889
894
893
890
894
882
878
836
854
857
897
863
806
753
757
815
864
896
936
924
886
852
862
886
891
891
822
832
851
866
853
828
871
875
881
849
845
855
858
854
854
802
812
854
886
916
911
864
903
901
903
900
888
788
794
793
840
846
842
795
765
778
808
815
821
833
814
850
870
879
878
839
864
881
885
887
843
801
810
851
912
939
907
884
898
894
872
814
806
833
857
887
879
812
756
767
788
839
838
772
834
826
780
746
767
784
819
852
845
798
791
855
919
939
937
915
885
872
822
771
805
858
915
941
944
886
866
868
868
858
831
776
783
794
833
855
801
775
792
832
870
893
907
894
854
774
713
701
691
696
930
967
982
979
967
840
770
720
692
684
723
845
940
955
943
890
806
731
749
833
860
881
904
890
846
802
820
903
958
966
867
821
857
917
955
958
868
842
864
869
877
847
865
905
909
894
842
878
898
921
851
842
868
896
875
809
831
855
867
823
862
896
913
863
855
858
864
820
813
843
879
836
827
863
896
906
852
815
836
861
874
866
799
813
836
875
811
825
865
914
915
909
825
790
769
750
788
837
880
891
831
817
836
885
931
894
837
879
879
877
823
761
773
821
810
793
842
866
924
936
939
916
876
797
777
790
825
866
888
882
896
892
825
748
755
810
925
1006
1029
958
979
967
913
837
872
861
813
778
820
900
955
961
876
882
891
891
881
812
836
837
861
828
855
905
950
955
889
884
896
889
873
837
865
852
812
746
768
808
854
878
843
765
756
797
858
868
867
857
849
811
747
761
784
834
899
919
883
890
872
856
758
769
771
767
744
775
780
811
801
776
784
802
839
852
818
849
905
944
960
924
886
896
908
899
823
802
879
917
932
870
871
909
932
855
823
862
919
946
903
883
926
942
927
856
862
877
899
908
853
812
843
887
929
870
869
896
937
908
840
819
813
745
701
691
737
836
915
948
944
830
745
757
792
789
781
708
694
689
699
782
832
855
873
795
766
774
767
789
806
764
806
795
808
791
810
845
845
884
874
848
827
838
857
872
895
910
913
917
911
890
831
776
755
782
818
784
827
833
834
860
864
858
842
827
789
794
812
848
823
828
821
862
847
788
842
819
790
742
693
692
702
660
654
729
867
936
919
885
920
936
902
826
816
843
918
910
932
945
941
907
793
768
789
827
852
806
749
810
885
957
944
916
756
726
711
765
805
891
933
922
923
916
896
836
796
821
815
846
806
797
800
818
837
859
874
889
887
858
834
843
849
856
862
833
771
740
816
924
981
1002
976
896
864
841