670
723
1069
972
956
950
930
904
863
821
773
708
677
667
645
625
610
619
652
700
761
745
717
712
734
784
762
739
743
735
711
660
666
661
646
648
677
758
829
787
772
789
726
687
663
663
703
749
690
655
632
642
677
771
839
838
847
839
823
810
796
793
793
801
807
811
818
782
754
776
833
887
876
788
801
799
736
687
704
744
776
740
800
879
915
882
827
841
868
888
843
856
886
916
926
929
886
867
887
903
887
811
825
855
882
816
812
871
906
815
743
711
695
802
890
936
936
905
890
872
852
830
824
834
850
861
865
864
861
865
859
853
841
806
845
866
884
819
850
855
840
778
813
865
862
814
889
910
822
831
841
824
736
751
716
681
721
746
807
832
851
776
724
721
695
714
708
674
652
685
705
704
714
726
732
745
709
688
676
675
656
632
658
664
646
670
691
719
723
712
668
653
630
624
603
599
605
604
603
622
650
683
673
648
672
701
638
690
760
831
868
819
713
688
662
660
679
676
728
698
685
677
669
645
654
650
644
624
649
668
672
645
672
677
677
644
664
658
655
621
626
627
638
615
636
652
656
625
613
606
621
729
842
822
739
683
646
625
591
578
566
552
538
535
524
521
531
531
562
641
662
617
589
580
563
579
615
726
735
672
670
733
752
689
666
689
674
636
632
663
677
711
750
775
777
737
688
707
722
685
705
754
778
722
771
835
808
811
872
911
843
813
856
887
855
825
869
904
894
815
826
859
880
816
788
830
874
867
815
851
861
810
715
719
737
759
760
728
816
926
973
907
876
763
695
672
674
1459
753
750
819
838
756
772
791
815
770
800
831
872
885
833
841
868
866
848
785
802
813
829
778
768
813
731
734
785
760
806
835
802
836
843
781
703
666
645
632
642
660
684
657
656
687
724
731
729
679
685
689
725
704
717
727
714
762
803
802
799
786
706
688
643
654
670
692
703
738
676
684
700
747
710
734
761
820
835
792
761
721
720
759
845
890
850
892
833
728
712
756
754
751
817
858
841
766
759
808
872
813
813
879
885
805
745
775
829
856
886
869
848
775
789
775
792
817
857
789
845
837
829
796
764
754
751
745
728
698
679
688
711
772
756
789
801
827
773
803
776
733
771
790
782
789
747
696
718
755
803
828
774
799
838
876
839
774
802
817
814
761
792
785
787
728
711
696
706
788
864
865
855
847
849
786
742
743
706
678
684
746
813
867
854
854
823
794
829
884
886
817
815
869
901
828
843
891
917
850
811
834
841
791
839
905
834
836
857
859
827
746
760
771
784
747
777
824
880
824
829
851
863
812
810
826
846
819
789
826
866
883
818
865
878
869
800
793
799
812
762
798
857
875
813
828
850
834
779
807
849
824
806
850
876
816
812
830
788
812
855
929
912
843
859
882
842
755
770
798
830
799
860
907
922
906
844
775
784
802
832
733
685
725
740
689
690
706
774
800
803
728
748
752
786
806
820
779
727
725
791
852
854
851
779
729
728
766
795
842
826
830
820
815
828
771
766
775
787
796
748
788
844
899
932
928
866
778
760
812
863
877
850
824
825
835
834
822
772
763
791
827
875
865
783
825
826
844
825
841
813
793
808
828
757
727
746
808
882
853
877
891
873
836
851
857
850
852
784
780
803
830
844
798
854
879
853
818
859
889
860
826
860
827
796
835
792
794
820
831
818
742
756
766
703
732
766
785
793
793
780
754
698
687
688
689
778
810
868
886
869
847
752
751
717
678
661
658
680
686
696
729
788
823
810
781
747
766
771
793
763
765
793
850
903
886
821
835
856
852
823
772
781
809
854
840
834
892
914
880
787
788
813
874
898
842
879
896
821
773
791
857
943
978
912
954
926
824
772
799
873
952
991
932
914
936
938
887
826
858
853
803
829
892
896
840
862
885
866
804
796
813
790
775
814
844
815
788
810
817
801
757
771
791
818
779
808
813
765
782
842
857
787
776
742
704
685
695
733
785
770
792
842
880
828
816
835
862
816
809
859
894
840
818
857
800
821
848
891
809
810
829
849
800
803
786
760
743
677
673
672
677
659
628
643
653
681
647
637
653
722
788
815
831
823
821
768
788
779
784
813
828
729
743
734
754
817
885
884
845
799
768
698
705
700
727
727
868
887
908
907
888
819
821
728
764
688
724
739
771
798
757
864
861
776
796
744
779
749
822
823
866
856
868
853
796
721
688
679
678
745
802
851
858
769
816
819
777
787
813
822
824
780
768
750
729
742
770
761
802
830
870
885
862
818
797
784
768
795
779
725
754
773
787
790
773
744
747
768
782
778
752
724
728
746
772
759
810
836
864
862
842
827
841
865
854
786
822
843
804
770
811
854
814
808
842
843
787
806
818
826
784
780
798
836
849
777
796
821
823
767
794
829
785
709
695
693
683
713
735
714
724
772
813
821
783
812
836
862
859
814
816
828
849
814
838
866
823
781
747
783
867
929
878
878
903
909
849
881
889
848
845
881
901
850
879
895
853
820
854
869
819
776
814
774
778
821
840
855
814
848
858
868
862
832
860
905
905
851
838
890
902
853
803
833
879
877
821
841
881
881
817
802
829
863
823
808
865
886
836
833
874
895
844
828
870
891
819
810
840
835
784
817
836
820
810
850
857
823
804
844
881
884
825
844
864
890
838
854
895
907
857
837
855
845
787
804
848
888
889
836
871
901
899
841
854
881
893
841
854
882
893
846
864
875
872
829
836
870
894
827
807
862
908
892
847
875
874
844
818
853
893
915
865
896
901
851
843
887
922
900
911
904
896
838
838
854
815
822
879
868
863
816
810
802
747
725
714
694
695
734
746
731
765
808
833
832
837
803
764
766
793
838
814
804
847
897
920
855
876
894
895
811
773
794
855
938
971
882
919
941
923
834
833
869
905
856
856
901
953
888
887
907
873
806
837
862
858
811
863
892
852
854
891
897
814
816
848
878
895
825
872
883
859
810
851
875
882
807
818
854
898
918
852
859
877
892
852
890
902
913
839
844
883
936
928
845
884
889
801
792
807
937
960
896
791
814
754
764
786
815
811
769
724
696
681
702
782
761
729
742
818
1086
1081
1059
1036
990
923
884
883
887
809
818
863
914
953
964
951
848
841
859
847
867
926
999
985
918
943
938
866
861
876
891
840
862
916
944
867
877
902
865
820
840
849
789
787
833
892
834
857
908
927
854
880
893
882
818
838
865
892
871
847
888
894
838
806
833
855
842
830
862
895
860
829
861
876
856
809
840
871
883
833
867
879
868
818
836
863
820
819
869
909
857
873
903
905
849
828
846
866
810
814
854
870
819
822
854
896
848
836
851
862
810
837
851
842
773
775
737
733
737
706
731
776
838
823
817
863
890
842
823
854
876
826
838
867
877
843
816
840
849
834
795
806
797
732
707
720
752
781
744
755
797
835
879
831
824
849
866
839
802
837
865
887
810
810
832
856
812
821
856
881
816
795
808
822
831
784
807
850
893
870
833
868
885
889
826
844
856
849
825
782
805
854
901
854
885
912
921
849
836
851
857
822
822
862
894
886
846
884
894
895
839
862
902
913
850
823
854
898
915
867
864
875
861
772
743
738
859
1091
1051
1037
1029
1004
979
957
937
939
931
919
917
922
923
917
911
866
844
889
922
923
838
813
841
871
870
804
825
851
857
816
851
865
816
805
779
755
730
703
705
726
748
745
709
710
722
719
724
751
762
747
761
794
834
871
812
811
821
802
749
765
772
741
712
730
795
790
806
851
883
886
827
869
889
836
795
828
910
935
846
857
898
898
818
828
858
864
801
816
849
874
816
832
881
900
843
841
875
905
854
864
899
916
862
882
903
911
846
875
892
917
866
886
897
900
836
879
899
923
846
852
859
859
821
858
901
926
848
846
880
896
821
830
880
926
929
902
840
804
793
771
743
770
811
885
927
879
869
896
884
786
805
841
886
914
806
810
784
795
776
783
813
838
848
806
810
796
788
791
798
753
740
768
796
835
838
841
784
800
813
851
860
817
868
882
890
801
792
811
865
930
889
882
929
928
836
816
864
905
914
822
827
849
883
844
846
931
962
903
921
915
893
799
802
852
899
863
897
945
806
848
905
929
918
892
853
793
761
710
717
690
688
672
690
770
786
846
793
791
737
729
763
788
793
710
709
729
797
852
860
859
858
839
802
763
735
687
732
734
754
807
833
750
766
763
782
800
807
795
725
747
769
770
772
767
765
689
704
705
677
755
788
849
762
823
850
878
870
856
821
712
718
694
731
849
917
928
888
875
777
749
729
744
827
875
915
922
868
851
806
798
732
763
771
782
759
746
771
813
824
819
780
765
751
759
785
757
731
706
706
755
818
848
881
901
905
890
875
869
865
868
812
789
852
947
932
818
804
830
872
838
779
796
838
886
897
840
790
818
854
889
881
847
890
914
927
864
845
896
927
937
916
842
858
887
906
857
882
919
945
877
815
844
909
954
861
781
733
752
794
831
890
908
841
781
802
849
890
847
789
841
896
887
822
859
894
895
813
843
844
817
778
765
805
841
866
836
857
919
936
897
876
897
897
816
837
845
859
848
865
891
880
827
857
861
837
767
738
728
750
910
1003
1009
989
964
921
860
782
754
731
706
706
765
848
891
921
931
923
841
803
833
874
896
860
814
885
931
885
825
877
901
897
848
830
861
895
854
854
912
933
933
858
883
919
952
964
875
897
922
935
925
886
915
925
938
868
894
907
925
919
853
876
877
879
880
872
816
848
878
920
869
820
877
918
939
856
865
896
908
841
848
887
919
911
858
900
930
908
854
925
950
918
900
926
941
874
865
885
904
863
871
913
935
872
904
933
914
842
857
874
817
886
894
889
818
744
726
727
714
740
766
794
767
763
752
735
716
730
743
742
734
745
798
840
875
896
857
819
814
822
818
783
838
882
920
904
846
887
902
880
810
825
825
850
841
778
813
832
832
775
801
854
883
815
794
798
757
715
727
734
719
699
713
707
688
676
688
688
685
667
661
662
654
645
651
670
692
722
719
694
713
727
756
745
764
798
812
797
744
765
775
795
761
730
744
776
765
742
721
745
799
824
803
738
735
757
765
778
734
718
740
779
795
776
746
766
779
786
748
729
753
784
803
764
771
806
832
792
775
803
807
771
730
767
791
785
758
771
743
699
692
676
685
725
789
836
855
853
827
820
791
787
785
794
766
797
813
821
814
783
783
798
806
806
763
757
776
794
825
801
827
845
872
857
801
828
832
817
785
821
811
789
845
884
911
854
821
796
813
852
822
836
869
881
856
832
836
829
788
820
751
783
851
895
916
831
802
765
724
704
701
718
746
772
764
760
761
776
787
750
738
772
830
879
898
877
860
848
838
831
816
784
757
804
835
858
837
860
857
790
763
778
834
889
869
791
774
712
726
729
752
771
794
797
784
757
756
771
802
830
852
802
849
845
807
757
763
774
786
815
780
771
765
768
745
751
769
776
791
738
733
758
777
804
839
819
802
820
825
791
760
778
800
817
770
772
799
804
765
732
756
770
736
714
735
768
797
810
755
749
753
780
754
718
724
742
776
798
818
829
812
789
780
756
718
721
715
729
729
756
735
740
727
746
800
846
862
854
831
806
730
713
720
747
772
793
801
716
736
745
780
805
770
744
748
723
786
802
783
798
813
841
854
797
766
754
773
794
820
856
876
881
874
865
814
826
810
768
736
752
776
834
771
797
834
815
774
781
807
818
761
740
747
768
772
767
777
796
784
735
706
691
699
750
789
780
790
781
777
771
748
767
766
729
702
708
721
760
790
763
786
813
833
813
780
810
812
822
780
773
805
828
821
779
813
831
843
781
783
788
773
718
710
739
762
800
787
761
794
825
804
755
784
813
831
840
777
743
761
798
827
813
748
768
827
870
892
901
868
807
826
830
825
794
817
795
789
751
755
775
805
821
777
783
796
802
766
733
754
810
893
927
908
844
828
839
841
824
799
771
800
849
884
868
803
808
842
854
857
785
779
806
833
791
765
758
896
1010
988
970
935
909
896
885
864
866
864
868
891
862
836
789
767
766
755
729
760
783
771
744
758
812
772
730
724
768
780
816
817
773
770
774
804
817
772
768
779
771
748
732
753
815
784
751
742
769
783
789
813
811
774
773
800
803
784
741
755
793
833
849
798
776
803
801
785
767
795
832
846
798
761
779
805
821
762
752
768
750
711
684
708
702
712
749
770
781
750
754
782
784
766
729
737
758
787
786
750
763
789
796
766
744
767
778
765
737
747
786
816
810
771
787
811
819
789
790
821
829
804
749
767
782
800
765
753
772
796
773
770
797
823
809
748
741
771
806
812
771
783
807
829
853
806
809
826
826
831
798
750
773
793
825
807
775
799
830
844
828
771
732
714
761
806
825
840
850
846
842
800
797
797
801
803
798
773
737
700
676
685
726
760
768
763
740
747
783
803
809
767
765
785
787
765
751
780
794
811
756
743
753
760
724
732
753
771
723
751
765
777
760
741
756
769
772
769
787
782
753
787
800
801
822
814
757
753
785
799
794
770
806
828
787
785
796
796
751
771
784
766
727
751
761
761
733
750
767
787
776
759
790
782
756
769
795
817
820
780
793
810
819
825
798
736
713
724
723
775
834
803
841
884
895
887
825
810
817
824
822
815
876
913
889
835
871
887
896
821
789
807
809
811
763
785
772
789
742
706
724
752
781
817
844
847
833
789
786
793
805
820
821
779
802
815
823
789
731
725
745
900
880
885
880
868
859
824
780
769
775
791
818
829
782
773
794
801
800
735
751
706
710
718
740
766
771
761
726
705
717
729
740
749
759
748
739
718
686
672
673
711
716
760
801
888
940
926
792
808
792
777
770
765
699
702
723
762
791
740
757
768
713
717
737
753
773
791
779
775
782
712
729
724
755
765
781
787
792
775
767
710
716
717
739
788
771
790
789
797
806
765
714
701
707
723
745
767
792
755
747
755
775
779
784
754
715
710
723
750
784
832
893
906
838
800
762
712
725
744
719
733
758
785
770
838
813
822
792
763
728
686
674
661
646
664
699
798
832
767
739
758
820
960
957
930
903
876
851
842
824
818
756
750
793
851
882
885
876
860
841
839
826
808
783
845
866
808
813
867
903
893
805
805
830
849
838
821
880
887
871
815
855
883
900
815
830
847
871
810
810
844
871
818
822
847
871
849
825
790
729
725
732
771
834
807
795
839
881
881
793
797
785
766
730
762
765
758
761
722
719
726
736
761
790
753
770
796
839
820
822
854
854
842
797
813
834
859
857
803
794
814
851
843
815
850
876
813
805
827
835
782
770
794
824
813
819
852
869
817
843
858
847
778
797
813
809
792
839
883
836
832
842
841
803
833
859
875
818
851
862
862
811
826
832
855
806
818
841
860
820
864
860
807
768
775
753
718
689
702
756
750
799
863
844
784
789
794
800
761
768
803
830
793
833
860
854
834
807
766
787
762
739
723
799
859
874
825
836
805
763
753
801
843
871
886
808
802
798
807
801
785
695
695
691
717
751
774
779
717
705
702
710
679
718
768
828
856
863
856
842
802
700
701
705
740
769
855
940
947
916
789
791
802
802
788
778
748
708
713
691
794
875
867
883
885
875
816
752
776
778
785
760
703
701
718
776
839
855
845
833
816
747
736
732
748
763
752
734
697
740
811
858
882
893
877
816
809
804
790
747
724
717
736
829
968
978
979
937
892
854
819
804
797
801
824
839
847
836
757
728
733
758
790
825
829
817
798
769
714
674
696
731
842
885
914
920
902
850
801
714
716
686
709
765
862
932
938
889
847
777
795
728
757
765
775
803
779
815
812
803
802
800
794
793
790
792
791
794
776
742
741
771
811
830
801
785
739
715
725
766
790
770
749
778
775
712
690
701
701
694
676
671
683
687
682
671
676
667
638
644
662
691
677
653
636
624
619
616
616
623
636
649
668
680
688
689
702
703
708
693
692
716
729
746
705
699
724
746
704
676
684
691
710
725
704
709
722
733
713
707
721
735
745
736
723
744
750
749
755
724
671
655
652
677
724
683
713
704
706
711
691
692
690
667
665
664
669
641
626
637
667
675
702
732
742
701
688
686
703
774
805
837
814
761
777
740
726
706
690
698
692
673
718
734
772
756
717
714
675
668
626
639
634
638
673
701
663
705
765
813
841
870
887
812
735
755
747
757
753
748
739
728
729
695
685
686
665
713
746
802
838
839
837
825
787
759
732
728
746
787
830
881
907
889
826
878
877
868
821
758
762
771
826
871
903
813
792
786
744
751
789
781
774
769
695
663
676
688
711
739
744
751
754
677
686
698
706
683
656
662
710
796
787
817
834
748
732
724
733
756
778
745
729
732
785
813
829
839
737
759
779
815
820
810
799
754
741
753
734
766
737
813
855
856
846
820
788
744
714
692
703
771
845
875
868
855
831
748
680
688
683
699
699
714
712
756
760
773
773
771
745
717
718
752
782
803
808
777
741
722
704
701
701
736
759
706
656
674
693
748
755
747
752
763
782
799
814
828
848
852
829
802
766
724
734
790
865
931
944
874
797
790
801
849
873
883
842
901
915
899
844
789
760
763
850
956
950
943
935
907
868
826
787
776
734
765
811
867
909
887
874
859
811
797
795
809
816
805
771
804
838
857
863
824
786
811
817
830
801
798
849
880
896
821
823
827
812
772
798
847
889
844
878
922
904
826
838
850
855
789
795
824
827
780
811
860
896
908
844
862
842
786
739
750
729
722
726
693
703
783
808
818
849
866
830
814
842
872
807
807
858
915
852
832
861
886
812
796
835
878
893
835
884
915
931
884
899
902
896
856
825
879
920
938
892
912
905
883
789
782
811
852
861
811
820
861
897
852
837
878
885
879
816
835
850
850
780
758
794
847
881
827
823
841
852
833
780
790
807
835
807
804
847
859
859
789
803
820
824
781
797
778
749
727
748
760
737
710
691
690
715
723
729
706
679
679
685
674
672
689
727
780
784
742
760
807
847
848
789
803
835
857
805
773
798
851
881
824
820
854
865
832
780
805
813
822
756
752
764
782
741
725
763
819
869
829
820
834
836
827
777
796
832
892
898
848
891
908
897
812
820
775
723
699
725
739
800
839
831
794
808
817
795
726
678
673
712
791
820
793
817
837
768
749
794
828
867
885
849
813
772
686
678
664
694
786
875
887
895
890
876
799
749
724
751
808
848
852
860
844
827
759
749
741
762
744
812
874
912
931
907
880
784
755
741
732
733
770
850
894
843
827
831
816
775
755
757
747
798
836
856
856
817
794
714
713
683
681
672
661
657
658
668
689
705
726
710
692
687
698
745
785
813
816
804
787
757
711
727
736
736
696
716
726
707
777
796
790
737
756
688
688
689
717
774
813
824
831
813
764
741
715
703
704
680
727
767
833
893
873
768
727
718
751
753
802
851
857
852
811
763
735
744
764
781
804
818
749
751
786
831
815
808
806
778
767
764
770
767
745
730
707
698
716
753
813
826
852
832
748
740
731
744
762
707
740
796
856
841
852
832
825
821
745
766
783
785
738
668
680
719
771
783
813
829
846
831
793
761
735
731
737
747
779
815
841
865
887
888
872
793
830
803
828
849
800
766
794
869
902
815
776
802
842
886
862
813
812
831
824
785
811
787
784
742
749
772
814
830
786
757
736
743
765
784
799
798
774
748
768
743
737
706
688
703
700
697
685
696
721
835
872
904
913
896
870
854
848
839
842
848
859
846
830
817
767
762
773
794
820
786
760
779
823
870
896
872
857
886
877
821
831
874
891
869
823
860
902
887
808
809
786
746
709
694
711
723
730
777
819
805
783
824
872
846
777
774
811
852
891
837
874
924
927
829
829
848
850
859
791
755
791
836
865
805
831
847
867
803
794
802
825
825
776
801
821
850
851
844
784
759
765
794
820
799
795
844
900
927
854
851
853
801
745
747
776
813
849
819
825
883
907
876
818
824
854
848
885
857
803
823
860
882
839
835
870
898
848
861
876
876
797
806
802
763
735
719
738
768
802
838
812
799
812
810
782
755
780
806
815
798
803
844
886
894
815
793
763
749
727
696
700
748
781
822
850
858
794
792
806
828
865
862
825
849
871
827
761
705
715
736
721
800
825
846
857
877
878
863
783
784
792
801
796
797
778
725
729
763
814
841
828
828
801
780
731
715
714
757
741
753
870
952
947
923
825
798
784
811
823
785
735
714
747
796
854
864
885
863
835
742
741
771
823
872
855
864
854
833
810
756
755
771
784
850
892
913
908
794
756
780
793
861
894
883
856
813
749
729
737
800
843
868
857
840
811
772
726
720
742
772
779
818
809
758
752
756
771
785
782
731
746
737
748
731
703
736
788
828
844
769
781
781
780
775
758
700
701
714
744
777
714
691
691
740
801
828
847
831
815
780
756
733
732
728
726
710
720
736
830
909
915
895
882
843
816
809
794
781
784
801
832
868
813
821
862
898
873
874
839
806
724
737
717
721
747
781
850
907
874
801
756
715
688
690
688
699
767
849
899
901
870
850
831
825
821
832
873
889
903
868
833
787
771
883
925
933
934
913
844
795
761
746
755
790
810
818
798
788
765
764
731
699
677
664
696
755
827
860
800
785
818
832
819
795
761
706
691
700
739
839
896
822
855
910
896
794
793
826
836
823
793
778
760
730
697
704
743
829
849
855
788
758
709
720
723
728
729
743
778
795
821
820
826
826
827
848
863
856
851
846
833
826
804
746
751
771
819
879
856
803
837
863
820
747
721
740
778
813
773
783
822
863
852
808
839
842
790
824
828
873
835
813
876
908
905
824
824
829
819
840
838
787
810
843
866
805
823
874
894
809
826
851
813
790
807
828
845
796
786
825
881
886
848
862
839
778
754
774
810
841
797
831
852
863
812
795
813
830
831
794
828
854
819
785
822
851
850
777
777
794
805
764
780
824
865
839
800
768
778
728
691
678
675
736
813
851
832
817
792
778
762
755
760
797
863
903
903
841
772
788
794
807
820
829
792
807
818
837
771
707
732
759
806
831
830
811
787
778
773
757
750
731
724
731
753
799
807
772
761
793
815
787
724
718
730
756
765
771
754
758
769
774
752
814
758
768
826
859
846
783
701
702
720
764
823
802
795
799
788
775
808
815
790
794
786
762
737
725
703
643
648
641
646
678
735
783
803
778
745
773
815
775
753
712
716
735
755
792
827
831
852
840
845
755
757
740
735
795
855
935
896
902
834
877
874
888
858
822
746
748
771
790
749
781
839
882
893
851
867
883
818
797
820
828
820
783
778
829
892
924
857
862
890
864
785
794
815
824
783
804
836
871
847
811
854
857
859
799
795
819
875
902
856
892
819
753
729
749
815
864
818
847
899
857
822
821
826
786
762
775
784
804
774
829
843
835
760
729
738
738
728
726
716
686
699
774
826
855
760
733
757
729
729
749
780
776
790
743
711
722
764
821
854
855
788
751
712
747
795
864
870
872
790
806
819
817
814
783
791
747
757
791
819
825
817
787
799
791
737
694
693
729
884
917
953
961
869
866
851
861
843
817
790
814
818
812
783
803
847
806
824
799
813
807
807
801
786
579
884
687
704
741
719
709
732
810
896
902
858
862