697
955
937
893
861
813
713
631
592
566
563
591
642
688
707
723
730
734
723
680
665
688
704
688
667
695
803
844
802
722
701
653
657
643
637
625
599
571
570
1141
564
578
587
592
588
584
584
582
566
542
545
542
546
575
614
659
687
706
711
712
698
680
672
632
619
618
646
697
723
708
688
688
703
704
692
694
678
673
672
744
746
768
734
725
729
685
673
690
730
717
778
801
771
791
754
693
687
687
712
729
740
768
271
493
357
382
681
646
649
665
691
741
744
765
789
797
743
743
754
766
763
741
757
770
753
753
711
726
736
755
712
708
742
752
746
674
687
674
668
647
654
654
670
685
684
704
693
727
762
732
743
758
722
759
762
754
717
736
762
760
733
759
779
760
728
745
742
747
706
710
729
763
778
741
747
740
732
714
739
766
721
672
700
728
719
692
679
661
645
646
629
635
657
697
729
707
727
713
678
635
618
611
623
639
668
694
725
733
698
674
693
707
726
713
684
691
692
684
679
646
632
642
678
729
755
747
713
673
665
666
667
676
711
768
819
806
834
785
703
681
703
685
679
710
783
827
850
801
803
798
794
758
785
798
813
768
772
776
771
734
749
772
792
771
770
787
759
796
775
762
712
711
720
748
736
777
790
807
765
752
468
987
685
686
688
669
685
693
674
682
698
723
715
729
705
722
738
741
727
687
686
691
710
754
778
783
804
818
792
768
724
703
689
662
663
678
714
720
763
765
760
771
763
754
750
712
721
727
746
767
760
749
761
780
733
672
667
698
734
726
707
735
757
776
733
696
687
765
801
779
786
745
761
778
781
773
811
839
863
854
852
818
820
806
766
720
726
744
794
768
794
799
801
810
811
777
775
773
779
749
770
781
788
781
805
816
806
784
760
727
703
688
678
663
638
637
651
703
765
766
802
854
878
841
831
826
807
763
764
760
775
737
754
781
807
756
764
764
740
765
767
742
707
685
694
710
725
710
745
757
767
763
703
719
715
717
704
718
744
769
740
758
759
781
765
743
736
734
729
744
745
716
695
698
688
680
697
732
728
732
758
777
796
789
730
734
737
741
726
737
746
758
723
713
709
710
708
685
690
705
735
739
720
726
725
729
714
688
664
673
674
654
680
696
668
641
660
711
762
756
758
755
740
705
660
659
662
662
668
723
796
823
788
723
710
699
702
711
732
762
787
776
730
698
698
706
728
755
759
744
767
762
753
709
711
714
729
759
725
730
759
787
769
718
724
725
730
711
710
720
741
771
739
751
758
744
696
707
694
699
683
698
734
767
791
771
799
791
772
717
719
731
728
674
660
663
640
656
673
699
711
693
721
737
761
744
706
712
706
707
690
723
741
769
732
731
744
748
749
712
722
749
747
711
718
722
729
732
693
702
705
715
696
695
703
712
687
683
688
707
743
789
786
770
745
717
702
681
638
643
640
654
657
681
684
726
701
745
748
754
742
696
671
671
666
641
624
636
663
704
751
766
738
671
663
668
657
680
691
716
767
789
765
783
798
795
733
738
752
762
735
770
798
757
763
764
737
684
709
707
676
702
728
768
768
737
748
746
750
724
746
761
773
738
748
758
771
732
742
745
773
759
738
691
660
654
658
672
695
685
730
768
813
777
782
801
804
765
759
707
678
666
668
673
699
730
742
702
719
704
665
682
681
664
632
634
623
620
635
625
631
641
700
758
790
787
793
783
775
763
737
684
650
637
641
661
677
698
708
677
665
682
723
748
699
728
725
721
686
699
667
688
652
617
626
662
731
807
802
774
693
666
675
705
749
765
744
697
624
626
621
654
735
786
818
825
799
755
725
698
638
633
629
650
707
752
731
754
813
828
755
749
705
717
685
707
726
730
743
752
771
740
726
719
727
735
759
760
779
748
749
771
781
807
788
775
729
717
722
740
734
754
789
788
767
798
834
838
800
771
726
686
696
709
702
719
758
807
816
766
779
790
782
775
726
693
704
731
778
757
796
794
781
808
820
803
768
780
797
809
788
772
781
793
761
758
774
792
759
776
779
777
771
773
751
687
658
628
624
641
714
816
793
840
877
875
816
819
814
769
772
767
733
712
754
828
814
797
818
834
763
772
783
808
766
808
845
867
815
835
844
850
805
820
825
794
822
831
794
794
817
832
771
784
805
827
778
786
798
800
754
789
796
729
667
648
648
677
760
811
798
709
707
832
798
793
792
778
771
701
691
711
763
807
792
799
771
719
736
747
719
768
799
813
762
730
732
710
729
727
724
733
741
742
717
688
710
747
774
788
771
727
707
655
645
646
664
717
750
753
721
689
743
758
754
760
741
774
718
698
685
725
760
795
802
802
781
744
674
666
663
716
819
854
845
862
850
831
755
687
680
684
755
807
828
760
796
809
836
835
813
750
748
755
744
748
762
792
840
782
813
838
774
771
767
708
700
717
743
717
676
677
690
707
709
707
707
727
729
737
716
709
738
800
837
799
810
766
771
747
764
757
779
806
831
816
846
812
816
793
766
745
728
745
774
788
809
802
737
748
784
754
780
745
753
751
740
765
753
775
767
760
775
746
769
736
742
711
720
720
733
736
754
734
740
729
692
655
640
646
659
688
733
755
751
766
737
749
725
743
722
687
651
665
763
811
805
792
778
777
772
758
720
740
769
810
819
758
695
674
667
691
709
703
722
757
740
748
778
748
701
700
676
657
660
661
697
713
743
780
742
776
758
745
700
692
678
705
661
688
688
727
815
766
838
851
854
839
819
716
729
730
729
686
718
730
793
802
726
745
736
760
771
767
755
739
729
704
674
684
654
719
789
823
822
754
752
736
731
729
721
712
674
692
684
682
684
693
729
721
756
775
453
297
753
721
697
693
698
678
652
658
686
672
672
651
656
670
670
701
713
779
819
757
762
748
740
729
723
681
690
695
713
728
734
758
755
762
775
786
767
765
767
760
768
790
795
759
763
767
773
803
752
722
739
765
745
698
655
628
638
650
693
774
813
821
787
800
780
773
740
736
719
764
813
824
796
797
813
745
741
751
743
741
721
711
709
723
701
688
658
646
676
768
838
864
917
890
787
730
749
949
1028
978
900
896
870
852
843
843
859
858
854
849
841
838
842
820
794
718
706
753
872
900
923
908
860
813
807
822
836
846
841
743
767
782
796
785
770
741
728
719
729
732
754
757
718
743
811
852
850
832
809
746
687
684
721
706
774
838
893
841
886
863
855
834
813
791
785
732
743
741
776
786
790
785
776
731
719
706
704
728
769
763
776
771
815
835
847
823
790
743
700
708
685
715
761
825
854
865
868
863
854
839
823
808
802
808
814
768
766
773
826
868
856
755
703
727
778
782
755
788
813
847
862
848
786
795
777
742
736
776
875
886
804
839
862
869
855
811
823
788
783
824
851
844
762
787
800
819
838
837
824
790
771
747
715
716
749
794
808
803
794
723
703
703
688
682
720
801
811
811
809
772
793
814
831
814
767
763
730
744
734
738
730
690
646
648
660
722
832
886
900
891
881
840
811
781
781
809
778
814
813
776
821
830
829
786
715
725
736
762
783
757
726
725
727
729
757
793
837
838
843
854
854
842
766
731
713
718
734
730
739
750
752
790
864
887
869
844
809
772
724
695
698
721
778
772
834
864
876
855
838
788
748
728
725
712
676
661
666
688
693
743
799
762
801
819
743
697
717
804
834
842
830
806
763
719
696
701
719
761
808
771
834
818
799
756
703
687
746
785
834
870
785
779
781
775
781
752
767
773
743
763
782
819
814
744
694
696
726
739
704
711
766
815
825
784
776
770
766
762
730
757
826
842
859
860
827
771
808
818
813
810
813
807
793
782
782
750
764
799
796
805
817
817
780
752
700
716
729
759
781
717
744
757
771
707
736
764
820
839
834
809
771
751
742
747
764
786
795
793
756
719
717
727
732
810
878
856
791
754
756
774
777
762
715
735
763
767
754
779
786
777
779
753
720
743
748
732
701
717
748
773
758
699
670
669
681
698
724
729
711
745
800
805
748
735
772
793
817
783
802
833
788
817
756
785
803
826
816
730
755
759
750
771
729
775
817
849
877
879
863
829
782
815
822
856
865
823
791
803
776
721
691
766
930
976
965
952
911
821
771
786
770
805
837
847
834
801
773
738
689
684
722
763
786
813
820
833
834
797
797
782
722
721
771
875
924
921
902
870
811
765
694
687
693
738
824
874
902
893
886
882
864
856
848
833
836
824
835
839
856
859
859
866
854
784
774
780
775
839
907
916
895
891
875
843
808
756
736
741
731
718
730
754
735
687
651
651
666
722
816
874
884
830
810
813
790
797
780
749
707
673
665
698
762
792
836
855
912
929
892
877
819
750
751
741
768
826
848
836
816
798
789
737
726
774
809
875
872
845
788
804
813
816
842
860
819
841
853
833
816
797
774
759
736
730
754
776
765
736
757
778
780
823
860
849
805
776
738
727
735
768
818
838
848
864
838
810
780
725
729
736
747
813
847
855
824
800
798
785
759
719
720
724
754
835
838
851
838
791
724
712
729
696
708
704
692
655
643
637
687
832
882
904
904
892
851
796
701
683
688
714
777
829
821
861
876
861
861
856
844
856
859
823
827
844
859
791
807
819
844
765
805
840
852
829
790
751
761
783
810
823
865
892
851
831
830
835
819
807
768
736
710
712
712
740
765
779
751
680
663
669
708
771
841
828
808
750
766
758
771
792
823
784
823
826
843
781
796
804
797
764
745
724
717
698
720
742
771
807
824
810
798
733
723
735
754
839
888
908
896
879
858
837
787
735
742
777
813
841
805
834
823
817
789
792
798
817
783
819
840
854
830
751
754
755
773
790
765
799
826
819
818
800
769
746
740
683
683
680
702
742
767
781
802
830
789
679
681
686
740
801
844
854
844
762
780
763
725
695
708
737
795
859
873
853
801
701
701
699
743
811
843
791
833
842
833
816
830
834
838
841
834
837
837
798
823
824
830
774
765
815
855
854
869
864
833
809
772
733
719
698
643
644
653
743
940
970
963
957
912
839
859
850
832
808
781
745
707
713
737
769
779
725
787
813
850
855
830
831
818
819
794
789
795
816
816
833
809
836
782
801
817
792
790
837
847
879
868
827
746
707
688
678
701
765
827
886
896
873
841
823
801
794
767
719
726
775
867
931
931
869
840
808
747
769
767
778
798
818
823
782
848
860
803
813
809
790
777
786
813
811
779
771
757
747
689
665
657
679
711
732
804
859
823
751
722
774
846
878
876
791
766
789
829
838
838
819
766
739
713
711
716
720
714
705
712
734
790
811
810
803
795
781
755
729
706
710
701
688
652
645
657
821
953
972
951
859
889
875
831
802
806
776
750
711
680
663
658
722
730
814
856
860
848
833
793
770
716
723
750
751
754
767
801
845
775
791
807
812
799
770
774
805
817
811
806
822
840
822
812
763
779
769
821
853
864
813
845
885
862
776
809
812
814
795
761
771
810
811
768
755
727
720
706
725
732
721
666
658
650
676
730
781
818
860
872
865
844
806
770
761
738
742
753
726
747
802
866
896
868
813
779
768
758
721
727
779
814
742
799
813
810
795
739
756
761
766
768
782
793
847
855
800
801
755
758
738
725
691
714
718
798
787
733
655
655
670
649
694
723
753
746
766
763
772
705
722
697
686
708
721
724
729
799
791
795
776
753
717
727
757
785
804
813
795
730
691
677
688
731
792
822
834
825
796
739
719
685
690
693
727
773
760
771
736
668
688
716
767
771
815
806
755
778
726
752
777
808
803
810
814
795
805
780
819
799
857
845
850
857
825
839
844
763
770
763
760
756
755
756
712
743
762
779
794
792
749
722
690
729
747
730
721
741
774
817
838
861
868
850
838
811
766
770
763
757
728
766
801
836
849
863
851
858
771
730
680
684
712
797
854
908
909
802
754
762
770
759
767
771
756
764
780
795
738
751
795
803
862
800
825
814
767
699
708
733
763
758
749
775
813
802
772
709
703
735
753
699
712
750
815
818
826
828
867
860
788
764
780
812
837
771
823
841
806
814
800
785
817
754
777
784
804
746
666
650
651
695
840
869
854
844
773
793
784
729
746
746
762
778
749
771
813
862
857
793
823
810
804
805
775
817
833
853
854
891
887
839
894
875
869
871
863
859
853
847
853
852
821
800
768
742
729
686
689
735
795
862
863
789
727
720
747
678
656
662
706
834
880
896
896
880
871
773
770
729
777
793
821
812
731
679
692
734
845
891
915
907
860
872
870
869
863
823
821
809
831
844
874
900
892
852
768
784
731
782
780
803
809
798
749
743
763
740
689
686
714
787
847
860
847
813
801
787
779
736
707
722
735
827
898
912
850
856
850
829
818
797
766
772
772
759
753
773
770
746
777
791
855
868
843
836
813
753
749
734
737
735
750
800
806
854
896
932
892
821
850
818
811
795
829
833
831
789
740
683
678
667
719
797
841
873
896
867
852
829
807
801
776
841
862
797
832
870
850
840
904
938
926
922
897
839
792
781
804
813
809
802
787
766
703
697
688
694
716
733
716
742
763
716
723
771
759
769
780
763
726
720
733
728
690
712
761
815
842
867
868
889
830
781
777
769
806
867
881
827
791
824
846
834
840
761
775
775
754
811
828
811
736
689
687
687
720
727
764
775
819
881
920
908
870
812
736
678
669
688
816
937
958
952
955
936
904
873
822
797
760
788
742
793
838
888
887
868
859
845
796
816
825
824
782
829
837
843
851
842
814
789
771
817
815
834
843
874
861
861
807
744
673
673
671
713
773
865
934
951
917
906
884
838
802
756
748
743
741
775
808
843
865
843
753
790
824
885
877
838
761
697
696
705
720
705
690
688
720
813
830
862
859
768
792
774
763
727
773
818
837
849
842
841
832
822
782
822
844
870
854
838
792
705
684
690
754
893
926
926
933
915
879
859
830
771
750
758
817
865
861
759
766
759
732
778
721
743
764
777
780
763
753
777
785
768
768
790
801
781
765
730
733
708
737
762
764
727
782
846
872
841
836
812
796
792
794
782
727
787
818
848
837
785
714
674
664
690
799
886
921
917
905
896
844
854
825
832
830
829
773
801
807
835
829
759
762
780
813
831
839
823
763
772
797
804
826
845
849
845
822
793
753
757
765
784
775
743
778
780
843
900
930
919
880
867
821
778
805
812
846
657
895
783
795
788
827
815
788
771
803
781
729
703
698
682
663
681
672
651
642
644
660
674
695
729
727
714
748
766
807
813
808
803
768
703
714
731
770
807
800
798
786
779
766
771
744
750
788
837
864
835
727
697
697
823
863
881
848
759
774
753
691
670
676
712
745
746
759
769
787
789
714
723
724
723
773
803
880
891
888
813
746
755
792
846
856
861
854
897
920
914
917
924
854
870
873
872
888
883
869
851
827
800
767
734
675
677
685
810
924
893
917
946
872
900
838
743
670
680
699
715
768
697
729
758
789
771
768
779
806
814
801
727
707
744
790
870
906
786
843
861
858
878
875
857
838
787
719
713
706
721
760
779
797
749
779
814
851
854
762
785
787
734
785
803
852
849
845
834
805
782
691
697
694
745
794
819
848
817
757
739
755
770
733
797
841
857
790
795
847
876
862
838
813
799
770
752
717
716
746
817
831
808
797
813
821
813
809
832
870
864
771
786
782
767
765
723
757
722
726
711
696
711
702
721
776
820
786
834
852
819
836
825
772
732
749
771
837
830
896
832
900
923
914
876
834
789
738
714
703
688
677
677
717
814
911
896
895
915
892
850
839
862
845
784
816
830
795
799
778
775
781
795
767
799
819
825
785
790
785
724
702
701
710
681
696
700
716
709
739
769
777
765
779
805
777
743
778
791
795
830
842
880
807
760
729
707
683
688
692
696
681
681
678
729
745
812
874
864
810
820
841
842
787
758
738
887
926
927
912
904
889
879
869
857
844
829
809
803
812
812
808
812
810
782
771
799
822
826
809
794
751
728
740
749
771
771
776
815
844
849
794
805
806
805
777
792
797
765
720
713
729
755
751
784
771
747
778
786
773
799
826
821
808
799
769
735
711
686
657
640
625
641
687
770
827
819
864
902
886
814
823
839
806
778
824
874
901
825
869
878
898
839
833
856
827
786
822
836
792
834
842
805
836
852
797
825
839
857
800
829
798
781
794
814
817
835
826
777
762
763
794
826
823
787
747
750
785
834
873
801
827
853
852
824
808
781
779
754
765
803
860
895
887
860
889
871
828
853
858
855
842
787
807
810
822
799
825
847
863
859
818
786
782
786
777
695
692
687
727
788
820
799
840
849
862
833
780
790
799
800
759
770
781
802
815
806
873
923
902
909
932
917
881
814
823
857
888
905
860
876
876
871
798
795
810
812
823
807
804
761
791
826
860
816
850
860
810
854
854
849
800
837
852
873
843
872
902
886
814
819
831
836
814
871
911
877
858
784
772
739
740
750
772
756
749
770
805
807
774
805
837
867
826
822
833
855
876
843
875
895
853
856
860
826
819
843
863
804
822
857
872
879
881
817
813
828
843
813
818
845
827
848
891
906
857
893
912
869
883
886
840
866
893
845
874
883
892
893
880
825
848
870
835
870
860
850
865
817
759
771
803
832
802
822
838
834
832
819
807
776
759
746
710
703
692
716
782
866
897
872
805
789
785
791
803
776
802
860
937
956
956
917
869
776
768
760
737
752
778
807
789
746
721
715
727
741
759
759
721
703
720
709
696
692
715
715
734
745
708
706
699
766
804
822
826
829
830
805
750
733
738
713
704
719
752
770
810
804
821
826
825
789
761
782
798
778
825
854
846
855
885
909
841
848
866
839
801
825
855
825
857
876
865
818
829
862
863
803
815
816
797
770
802
834
841
819
853
890
870
834
839
824
789
796
814
840
830
840
860
854
784
783
801
819
793
780
817
844
844
815
842
860
846
835
857
850
798
821
842
838
803
836
832
838
793
810
842
830
802
819
832
815
803
829
854
818
767
784
770
817
765
721
726
721
698
688
700
718
720
710
741
769
787
775
818
840
838
806
828
827
792
794
808
818
790
782
824
857
833
831
854
862
813
838
882
892
867
902
910
854
844
883
894
860
896
904
868
871
896
851
830
864
886
893
820
840
844
816
778
773
734
710
708
707
740
1037
979
925
896
874
853
811
811
811
822
836
840
826
790
760
749
787
811
818
753
729
747
781
797
799
795
786
761
732
710
724
747
809
876
886
862
868
902
930
876
877
886
823
804
849
886
879
869
823
767
732
744
768
807
785
816
853
866
845
804
749
721
734
753
768
800
808
790
769
721
729
744
769
802
781
813
832
845
796
817
826
854
817
823
838
859
868
815
832
864
876
824
850
858
807
793
817
853
887
812
823
849
860
810
846
839
786
809
835
838
839
821
770
782
808
813
774
798
829
816
781
751
760
743
770
798
816
808
807
839
845
838
816
775
789
804
813
821
780
798
789
759
736
728
706
718
745
795
809
763
769
719
684
668
691
757
802
781
806
834
826
784
794
815
780
818
855
813
829
864
851
810
824
831
797
826
849
860
827
857
856
805
819
821
784
817
834
827
793
817
790
758
780
803
752
730
746
785
810
823
786
783
805
836
850
806
832
855
875
887
849
846
826
780
733
746
749
773
763
811
860
880
900
856
813
824
846
830
799
825
873
880
839
863
867
814
828
846
808
760
745
841
956
939
925
896
883
869
812
814
831
841
859
841
869
869
853
831
814
787
807
831
856
821
853
870
862
840
853
844
820
838
842
794
808
818
794
813
826
819
825
824
772
793
789
788
843
878
879
785
783
799
818
824
815
800
734
734
743
755
764
771
723
722
731
759
790
810
802
728
755
761
733
769
778
808
819
795
790
753
726
702
681
687
675
735
823
900
923
909
781
728
734
758
820
843
797
836
837
826
729
725
747
788
826
846
831
826
781
773
783
792
793
792
755
790
797
778
793
817
855
873
881
867
821
841
837
856
846
836
787
760
716
729
756
825
809
827
872
882
837
830
862
854
786
803
827
804
808
842
863
812
852
867
865
812
848
868
841
789
799
827
858
860
826
754
759
794
837
816
899
930
913
847
867
857
803
832
851
853
806
821
851
872
827
873
873
854
864
873
813
821
858
868
864
800
813
845
858
828
871
904
865
829
837
846
837
785
817
852
886
838
862
886
896
833
866
885
854
861
886
879
839
879
873
827
850
872
862
815
858
879
856
822
845
806
767
791
822
802
852
797
826
827
782
769
752
730
703
688
706
750
793
826
833
815
795
762
749
714
708
710
735
771
800
815
806
775
782
780
751
759
791
978
1005
969
948
933
911
894
874
865
854
870
838
754
750
701
675
679
704
689
725
720
686
724
729
755
708
735
747
759
751
734
765
791
806
785
752
777
792
801
805
791
776
792
796
803
776
771
781
781
772
736
741
753
768
756
743
770
783
782
736
751
757
759
731
723
705
716
674
630
641
635
630
637