654
837
905
891
862
850
815
771
730
683
632
632
635
649
668
654
632
668
674
677
729
798
743
646
641
652
708
743
705
754
800
822
769
791
802
762
751
777
747
737
746
737
717
743
730
729
749
724
735
749
745
677
650
691
735
745
750
694
718
716
694
655
646
646
651
668
696
691
682
690
707
673
619
635
684
742
754
730
711
680
709
699
701
711
713
764
788
771
771
782
744
692
695
688
675
678
628
620
614
619
619
619
599
604
615
629
633
649
692
713
716
673
624
632
651
701
747
767
744
717
727
724
726
775
796
774
786
795
784
738
748
762
754
780
788
777
782
772
760
719
694
720
752
758
743
739
751
735
731
761
779
756
755
768
747
731
741
742
696
680
694
717
725
681
659
663
676
682
692
681
695
732
715
709
708
692
692
694
700
700
687
714
711
696
698
717
712
708
722
711
668
647
645
656
656
689
687
653
613
606
603
579
582
589
617
641
643
628
643
650
684
709
721
715
721
704
706
727
742
741
729
690
662
650
668
704
731
735
766
767
735
701
701
707
686
679
694
714
730
730
756
757
728
716
702
708
686
681
702
712
714
745
743
736
728
684
699
712
697
668
635
598
587
593
618
663
702
713
719
706
702
689
660
672
684
703
679
712
644
638
651
674
688
673
677
698
715
686
623
611
594
583
566
575
584
578
565
556
585
639
761
775
800
740
692
675
672
676
642
657
661
630
618
592
625
694
802
804
817
757
668
624
610
597
582
572
573
582
626
657
617
601
606
633
610
630
614
622
640
658
627
607
600
613
656
718
712
613
627
618
647
681
722
735
738
687
695
702
729
750
748
767
767
748
728
667
634
631
651
720
773
805
848
756
758
682
720
714
724
729
735
701
618
660
671
758
834
871
854
527
372
565
654
636
641
658
663
672
697
720
744
777
699
681
725
754
761
728
780
824
823
778
813
834
835
771
786
817
835
784
796
828
864
860
776
818
787
725
682
729
778
827
790
828
847
797
796
807
816
753
774
745
729
752
797
816
825
764
734
724
728
732
724
684
671
675
687
721
744
779
802
827
822
747
731
722
748
770
732
781
828
850
810
805
817
795
734
719
735
780
806
709
683
653
687
699
709
699
710
745
763
765
737
695
687
703
750
826
854
821
864
916
931
846
827
801
787
787
751
769
814
846
858
849
762
773
771
796
799
771
809
864
888
890
813
815
817
801
751
754
817
872
804
849
834
826
851
862
787
776
771
783
766
809
864
897
882
838
831
807
727
735
723
688
681
694
728
792
806
804
806
824
800
776
753
662
666
665
688
759
822
837
838
826
773
703
673
666
677
721
737
766
822
852
870
872
841
784
795
733
706
687
692
710
744
777
769
755
776
796
805
768
754
769
794
828
826
769
765
775
790
804
762
788
805
822
779
774
793
829
849
792
804
834
839
782
766
772
796
809
764
770
788
747
701
710
711
718
691
671
681
684
676
662
651
673
716
711
748
769
791
812
802
742
755
766
777
727
768
791
782
725
693
694
699
691
744
796
839
842
830
811
802
788
792
793
812
784
760
781
813
865
891
840
794
807
805
814
751
810
827
868
814
834
857
869
820
781
784
808
847
864
808
834
817
785
812
850
884
902
844
834
830
852
776
769
797
812
824
789
792
821
872
909
853
845
853
850
840
777
777
812
843
785
813
883
906
897
783
791
785
781
750
723
704
722
770
806
843
869
882
882
820
795
801
803
770
790
820
854
854
823
846
865
868
813
792
794
799
749
764
795
809
813
849
852
800
818
813
805
760
783
806
798
766
736
721
716
743
715
713
735
768
801
789
754
746
759
774
785
769
772
761
775
787
793
783
763
749
770
768
778
794
805
778
767
757
748
730
752
791
823
858
873
891
907
870
818
764
736
742
761
806
825
776
772
813
842
851
816
791
763
726
681
689
700
751
798
807
738
751
758
717
730
733
725
707
696
692
718
727
737
772
787
743
730
726
771
790
808
791
748
720
712
726
738
739
745
736
725
688
671
660
663
697
736
768
792
789
751
753
782
827
840
804
757
758
802
851
883
889
836
812
827
791
750
745
792
865
907
865
896
900
892
854
831
831
819
820
819
771
792
822
845
863
810
835
841
829
786
815
847
836
760
770
817
870
903
893
860
820
782
741
734
729
743
782
779
821
874
901
848
825
855
858
844
793
819
838
826
772
806
822
861
865
792
804
787
768
753
774
814
857
882
885
830
850
835
833
816
788
757
782
807
821
788
740
762
805
846
845
761
781
769
748
726
697
729
747
712
680
687
763
877
893
888
818
807
781
771
776
737
782
811
837
847
851
820
796
702
709
688
698
668
735
793
888
919
913
825
803
777
768
757
773
741
803
837
849
867
847
799
770
730
701
712
732
693
711
729
832
808
847
923
934
907
853
832
758
762
729
745
751
769
754
772
758
756
737
715
724
727
731
740
758
779
799
800
801
762
719
689
684
692
721
772
823
859
882
798
797
787
763
715
700
709
752
957
968
974
957
927
898
873
847
845
860
879
892
882
881
871
870
866
867
874
876
885
816
767
776
831
876
787
763
813
837
854
778
791
817
833
841
799
804
832
858
870
871
826
813
834
835
828
803
761
780
812
832
782
792
813
837
842
801
778
787
787
749
758
785
833
864
805
825
839
832
755
746
767
803
789
766
787
813
820
786
810
832
842
778
774
787
816
774
790
820
844
810
792
816
847
824
808
834
862
860
807
826
852
860
784
770
783
828
861
847
819
837
851
815
807
825
854
805
824
844
865
843
787
813
753
718
697
703
693
720
753
804
841
815
796
826
849
849
808
771
792
826
876
890
845
840
855
870
865
797
812
835
863
865
823
859
885
818
834
857
861
808
816
843
870
800
813
843
864
820
873
876
830
795
817
842
851
795
808
834
851
856
793
804
817
827
851
829
798
819
842
878
855
824
854
889
902
856
840
863
877
831
822
836
848
844
780
753
739
818
875
895
897
895
895
887
875
867
862
844
836
836
836
853
865
864
843
763
751
761
804
898
967
935
914
939
935
865
833
850
865
878
820
830
868
889
830
835
865
883
830
834
854
862
820
787
821
818
755
706
691
724
780
832
811
758
778
793
819
784
790
829
856
860
817
834
871
895
825
826
851
861
839
804
836
853
814
833
854
857
799
817
842
857
804
819
855
872
865
869
783
785
748
755
792
805
775
743
714
736
759
797
821
830
809
792
782
705
716
711
746
789
799
789
755
761
774
735
784
765
816
826
848
779
788
781
790
723
746
761
804
817
832
839
833
830
829
827
803
795
797
798
810
802
771
789
813
840
819
774
768
801
838
850
810
837
854
849
830
812
766
784
807
841
818
795
830
843
792
1593
741
766
762
748
709
722
734
742
739
735
725
727
698
683
675
696
756
867
902
917
926
911
896
866
854
842
835
831
833
829
831
828
838
827
814
761
734
743
770
853
926
931
889
836
757
723
725
732
713
729
742
795
868
881
822
846
847
835
754
744
754
785
842
883
859
786
761
757
750
712
700
724
755
795
812
772
792
796
751
749
712
700
710
736
767
783
751
768
775
781
802
763
767
781
805
837
837
795
781
794
816
826
796
771
795
800
805
777
783
797
799
801
764
796
791
741
715
739
767
817
770
762
793
813
793
767
716
707
683
690
705
700
725
797
876
903
835
822
829
830
849
805
805
821
845
877
841
834
839
841
839
833
793
803
770
728
711
752
802
793
761
800
817
835
819
815
811
756
719
723
753
854
968
976
890
918
925
922
901
865
818
850
870
896
852
840
869
889
890
876
823
850
878
889
885
832
821
852
873
886
874
813
822
847
861
837
796
838
883
912
877
824
859
861
896
910
865
825
818
821
792
738
727
734
763
818
873
892
894
840
845
842
830
825
818
808
739
717
708
729
878
917
957
954
890
889
879
846
822
806
764
740
738
715
703
688
695
710
767
820
873
911
913
899
866
785
801
809
850
877
806
830
857
856
781
757
780
818
851
788
817
843
858
795
810
838
859
825
798
805
807
777
825
871
902
902
820
840
848
860
848
779
798
808
823
798
797
829
847
851
829
777
751
762
776
805
811
778
816
846
844
829
833
839
837
778
748
762
786
814
805
760
784
813
855
866
830
799
822
829
788
773
808
840
802
798
830
853
857
808
809
819
832
784
808
821
834
799
810
829
856
865
802
819
846
855
824
789
815
838
865
852
854
865
861
813
804
821
839
846
812
809
807
759
778
814
866
885
876
824
857
873
876
861
815
836
838
854
828
806
833
852
865
827
811
830
861
874
873
829
796
820
849
888
895
843
812
849
868
869
788
772
792
825
851
826
799
829
852
834
782
786
812
849
851
805
795
813
826
829
783
788
812
828
840
804
791
809
826
852
833
784
792
813
840
867
866
812
779
790
815
846
805
775
790
813
837
849
800
809
832
846
832
801
765
770
795
842
879
908
864
852
864
870
826
773
780
820
866
896
876
816
832
841
860
858
812
819
846
868
869
812
785
805
813
828
825
770
749
746
706
682
675
672
716
771
737
713
691
713
763
799
827
851
862
863
851
839
836
814
804
801
813
808
771
742
753
790
865
932
882
904
899
826
774
760
747
709
689
692
713
744
774
749
743
796
820
834
792
798
803
811
815
796
801
816
831
838
818
805
814
823
830
794
784
778
768
740
739
773
818
859
817
842
861
860
839
781
780
789
824
851
867
816
825
846
863
860
802
784
804
818
836
795
800
817
829
827
790
780
805
828
839
820
775
787
792
799
765
792
805
817
791
794
825
829
823
780
788
801
801
795
766
771
795
800
824
845
850
808
824
817
821
811
760
761
781
813
834
846
806
814
820
836
828
832
830
813
775
777
805
834
870
840
826
844
862
858
799
782
785
801
816
791
785
816
842
852
816
806
820
827
821
789
810
833
847
835
816
831
837
829
779
796
815
827
851
812
819
836
824
837
796
777
792
789
794
756
720
707
735
766
745
755
793
827
839
803
818
827
840
805
784
813
830
828
802
826
851
869
823
820
854
874
874
816
830
821
836
824
789
813
781
789
798
779
811
735
758
772
778
729
775
770
792
800
795
780
764
749
747
732
707
699
742
717
791
884
883
882
821
821
820
801
803
790
787
772
769
756
738
771
806
848
840
782
737
730
759
792
759
768
798
836
859
826
761
748
771
862
907
915
856
853
868
869
869
865
854
847
855
879
889
850
800
839
839
840
769
733
726
754
884
951
970
965
957
956
929
900
868
848
856
872
863
874
883
880
813
809
828
888
940
966
977
939
867
870
877
872
834
794
825
861
896
854
815
806
777
760
735
738
753
719
772
779
800
793
734
741
746
760
775
783
760
802
856
898
854
850
855
854
815
746
753
760
770
748
751
784
825
850
841
793
810
789
752
711
722
728
772
795
727
692
693
745
838
880
881
795
793
815
844
838
780
810
854
896
916
845
808
838
866
856
859
883
936
901
845
800
809
814
833
837
818
861
911
932
917
827
849
860
858
812
796
827
841
834
858
857
797
807
805
810
778
713
709
722
738
782
810
821
837
855
852
792
814
828
844
854
814
769
791
827
858
832
804
840
863
870
800
797
815
832
824
763
789
811
837
821
822
818
811
749
765
755
770
713
729
765
799
814
819
809
747
754
729
742
760
752
761
763
757
726
766
792
824
785
741
759
770
763
747
712
688
697
743
801
807
847
868
848
795
776
775
781
772
762
760
746
775
805
824
830
820
776
791
791
793
782
756
788
802
771
741
706
712
752
768
722
709
733
770
814
818
752
769
812
847
862
792
779
786
799
813
771
781
816
852
872
828
813
842
847
842
812
774
788
820
841
813
807
841
845
833
820
762
754
772
795
818
786
853
822
762
755
786
817
818
816
792
772
766
758
716
722
735
752
764
755
718
737
712
689
696
727
771
797
816
788
751
782
797
825
825
779
813
843
863
830
816
859
901
910
869
793
821
807
851
877
894
843
878
893
896
846
848
852
861
832
788
818
848
897
916
859
789
726
748
802
843
860
822
832
865
887
906
898
832
854
867
873
833
858
885
898
877
810
796
821
857
876
829
876
910
923
867
892
893
899
847
827
856
895
889
814
789
785
854
924
951
956
941
909
892
876
863
857
855
851
849
852
868
869
844
772
773
800
854
933
951
948
949
928
877
805
782
756
752
761
768
771
741
767
805
840
866
825
782
795
817
813
776
789
803
801
845
864
810
776
797
791
793
767
776
794
814
823
774
789
775
770
792
772
767
803
810
802
761
779
803
808
806
762
772
754
722
704
729
762
798
772
791
813
827
781
767
779
743
738
726
752
782
831
815
797
818
829
810
759
775
775
791
760
773
806
829
834
801
799
823
839
815
766
783
811
839
820
805
842
873
873
836
827
842
845
843
788
804
835
854
815
801
819
837
795
804
781
736
697
670
672
694
714
754
766
749
713
700
688
685
675
685
730
803
851
837
861
879
894
893
876
861
855
828
759
719
702
723
799
908
962
886
884
890
878
839
776
752
788
813
784
736
737
807
795
760
800
846
866
868
795
821
847
866
813
810
858
888
832
807
835
849
824
769
725
748
766
729
742
780
804
755
734
718
704
696
714
783
858
906
920
937
939
877
867
892
914
922
865
830
857
877
876
812
818
858
903
851
886
896
878
811
822
837
849
817
815
848
878
876
821
834
842
849
807
845
852
824
793
828
848
865
837
872
896
881
868
817
823
850
886
864
823
880
906
918
846
867
872
864
816
817
845
873
884
829
835
846
854
822
794
827
848
871
834
856
864
866
819
811
850
860
856
818
854
857
859
813
790
803
811
792
766
807
821
818
769
801
797
802
773
797
791
788
757
764
779
787
758
787
806
820
783
788
810
811
777
748
769
784
804
770
765
790
750
753
769
777
775
768
748
728
703
694
692
704
696
710
726
745
711
767
797
836
862
860
834
806
784
709
706
708
688
686
681
706
771
807
798
794
783
716
719
731
754
786
821
848
855
850
813
741
725
750
810
890
917
939
942
937
915
885
854
823
801
753
775
805
838
883
913
911
897
819
823
829
848
861
790
768
787
844
894
845
861
891
880
819
809
826
836
825
807
853
864
853
857
804
787
810
828
806
775
811
840
857
808
838
872
881
813
829
836
826
780
775
795
800
764
771
786
800
824
836
791
773
782
805
815
812
760
773
791
834
846
790
758
753
731
705
694
729
743
727
739
769
812
845
796
778
808
834
820
802
846
852
864
817
764
771
791
809
820
771
744
772
820
874
873
805
838
872
883
816
804
812
816
764
762
792
818
781
825
806
732
706
721
757
807
821
827
813
791
770
750
703
698
691
710
713
783
810
443
307
883
781
751
730
729
695
722
726
728
751
771
787
767
731
701
687
697
732
769
734
704
701
741
834
912
937
939
934
909
880
798
785
788
827
870
903
858
859
851
837
784
796
823
856
875
847
843
777
748
742
740
776
793
815
811
799
783
740
743
764
800
835
856
828
816
850
875
890
886
867
798
817
840
883
910
871
787
812
832
854
856
813
845
882
896
845
803
835
878
899
872
852
896
899
894
867
803
779
810
850
880
835
803
821
850
863
842
785
814
841
868
829
810
844
860
859
793
810
786
770
721
737
767
796
811
775
749
786
819
843
848
825
771
791
795
810
815
782
809
833
668
955
751
739
746
724
696
680
667
658
674
726
792
848
890
896
902
901
886
889
877
869
856
844
791
756
732
746
784
863
931
943
910
869
881
856
802
779
802
822
867
828
830
850
850
791
769
794
819
829
780
846
869
903
819
841
797
733
715
726
739
740
727
688
685
701
726
762
743
724
762
787
814
835
840
782
793
795
816
785
795
849
894
893
821
821
840
874
873
810
834
860
873
879
814
834
847
838
790
784
810
847
874
829
790
814
829
811
765
785
803
816
778
776
788
791
761
730
764
776
810
831
806
752
761
785
814
839
854
846
823
838
859
863
851
783
806
834
863
885
884
856
869
869
854
823
770
787
795
828
784
749
745
825
915
963
968
967
940
847
831
823
833
853
854
888
908
916
908
863
877
873
866
817
861
875
897
853
863
887
886
814
806
835
871
795
811
834
846
792
831
822
755
721
718
690
693
725
774
836
842
779
795
809
828
788
763
808
833
856
823
826
883
897
884
809
752
765
789
807
824
769
812
859
880
914
906
845
848
854
853
853
794
808
823
839
839
778
810
823
833
773
753
763
747
716
690
704
780
852
858
840
845
817
758
758
796
845
835
802
853
909
912
819
823
852
865
817
815
826
849
854
801
824
870
889
856
820
854
890
885
817
863
897
900
864
810
833
858
889
904
850
817
831
851
859
807
788
822
853
869
872
825
766
760
777
811
829
845
852
852
819
830
849
857
843
794
838
868
912
930
878
838
866
876
889
881
814
826
849
889
889
828
842
865
896
899
834
854
854
849
821
759
764
821
892
939
924
893
908
913
891
844
784
812
843
878
902
887
824
849
873
875
871
829
829
846
864
881
853
819
852
863
842
782
766
784
782
730
741
767
827
861
857
816
817
807
805
773
789
827
863
878
896
832
809
816
841
854
841
786
777
813
850
881
894
854
822
836
845
844
843
795
771
788
826
889
934
907
849
808
812
816
811
769
721
729
754
813
874
883
839
861
880
881
877
854
797
824
829
787
735
734
701
682
712
791
864
889
855
800
806
830
837
860
815
806
836
877
907
854
873
900
929
932
860
835
854
887
917
914
846
867
882
891
855
823
861
892
897
894
836
781
805
838
873
905
888
889
897
897
896
882
831
842
855
854
856
792
746
731
754
853
929
956
968
968
961
939
912
884
869
859
848
838
833
804
837
859
883
891
830
825
857
878
879
813
821
853
873
840
858
876
890
876
822
832
834
834
798
829
862
871
819
823
843
849
805
808
837
859
860
811
834
831
833
790
794
805
840
853
814
831
871
869
816
813
816
821
795
811
840
880
891
868
831
852
856
804
789
803
809
784
771
795
820
825
794
754
772
797
852
885
849
853
864
858
821
757
741
769
796
764
733
733
763
792
771
723
750
774
796
813
766
775
805
813
818
777
798
839
856
805
774
792
842
897
853
782
799
824
796
745
749
791
842
836
815
851
884
896
830
820
847
868
858
797
831
881
911
919
837
789
801
814
850
854
811
806
821
851
864
819
841
861
872
864
820
830
834
849
827
786
802
829
862
878
885
854
838
837
837
840
787
782
822
870
878
815
804
826
849
856
798
796
814
839
847
813
854
869
874
806
806
819
841
790
841
866
879
809
718
697
697
755
800
826
818
828
832
825
826
814
826
773
768
770
727
727
754
767
779
733
742
734
734
754
783
786
776
768
698
715
723
749
690
668
675
735
896
929
937
923
868
843
830
831
849
855
787
768
780
805
820
811
814
818
819
829
825
784
767
744
748
787
836
864
848
761
749
757
759
758
726
726
745
777
803
822
791
778
801
828
855
813
804
838
862
886
898
834
786
782
800
827
858
835
865
898
909
852
793
786
752
728
747
759
784
843
899
895
827
801
749
735
710
707
716
746
778
801
786
824
856
862
858
790
776
796
816
802
783
835
860
856
782
819
832
819
773
763
792
822
810
770
775
807
832
791
780
813
817
745
714
725
721
735
710
722
749
765
773
744
759
791
811
811
758
749
771
777
798
767
747
753
786
828
828
779
793
814
827
826
782
793
808
827
824
773
773
788
820
821
797
834
772
725
699
714
750
749
751
796
827
841
787
785
819
863
877
815
815
831
855
812
798
821
830
784
823
844
814
722
728
748
813
845
858
832
802
793
1485
725
730
743
757
764
770
778
792
786
787
793
797
761
735
755
835
959
996
928
915
905
834
824
831
853
817
857
898
914
852
855
890
901
893
819
858
876
891
840
882
895
896
828
855
838
848
798
795
796
825
857
805
813
851
880
891
858
833
856
875
874
813
761
767
819
918
964
966
951
908
898
847
795
813
807
807
837
818
778
738
731
749
900
970
992
986
966
944
913
885
859
848
834
837
835
832
852
847
844
826
808
816
818
778
746
757
780
833
855
828
771
770
737
720
696
705
722
745
765
741
743
770
785
795
793
758
745
767
771
793
809
812
766
788
826
847
856
847
780
774
786
804
788
727
718
750
814
893
925
915
842
864
861
858
810
803
849
886
903
867
852
875
869
831
790
819
856
902
916
863
888
898
888
864
828
859
874
872
822
876
891
896
821
843
857
853
789
771
800
852
885
794
829
843
832
783
763
732
732
713
710
736
757
774
752
744
764
793
796
747
735
764
785
813
799
782
795
795
775
743
769
795
813
795
757
728
751
759
774
802
782
788
804
816
824
806
767
743
763
806
860
891
883
883
897
882
834
785
805
813
842
794
765
811
844
805
823
789
797
809
797
744
715
722
746
804
877
906
863
853
854
858
849
804
807
822
808
762
748
788
811
828
781
769
790
816
831
770
746
759
782
786
758
814
842
858
810
786
810
818
818
780
789
817
840
837
797
825
771
769
800
770
790
810
813
827
833
778
754
780
761
764
747
696
696
725
787
832
852
854
848
843
790
741
721
732
775
1005
997
983
992
983
957
929
895
875
875
848
843
838
835
841
845
859
871
875
823
798
831
865
906
916
846
854
872
877
815
829
858
883
846
820
861
879
862
797
814
819
840
866
835
875
868
856
799
778
795
824
851
823
885
934
964
901
915
926
911
861
784
805
807
842
826
850
882
883
841
847
863
856
808
771
785
800
818
772
811
836
857
820
827
845
842
821
804
842
863
848
799
828
837
827
772
789
808
827
785
826
853
839
787
779
799
820
825
785
760
798
829
839
838
806
798
808
807
807
764
814
844
865
815
843
866
852
826
787
771
805
835
840
797
819
853
877
859
813
850
873
858
785
786
815
844
844
799
833
853
859
810
830
846
840
824
788
764
755
778
766
733
735
766
824
857
874
861
806
809
814
806
805
768
780
799
823
853
812
798
822
829
825
757
740
768
803
848
806
825
854
850
784
783
786
799
759
756
757
716
688
677
701
769
764
749
791
833
854
836
782
797
803
815
780
729
709
721
814
946
938
944
944
944
923
919
901
884
874
842
835
830
837
841
830
782
778
809
870
915
934
915
870
880
884
875
860
813
781
799
841
895
917
872
833
862
869
863
815
801
833
862
882
831
818
849
870
878
832
819
833
850
855
804
784
809
842
872
852
844
865
870
862
812
774
786
799
814
813
779
811
849
882
896
840
808
823
834
839
819
786
811
839
867
878
855
798
796
798
813
821
775
819
847
880
873
818
826
837
835
795
765
803
821
830
798
850
872
892
888
807
823
831
837
813
804
844
881
888
874
837
861
868
872
858
802
827
840
850
862
842
857
867
856
795
793
818
849
853
805
838
857
854
813
772
799
809
832
832
771
767
780
821
877
857
872
914
928
922
837
829
833
839
835
813
796
824
853
854
817
821
785
765
727
743
739
741
714
704
717
730
742
756
735
748
771
799
811
800
803
794
768
729
691
658
655
688
758
824
808
751
753
797
827
803
747
773
776
777
726
722
759
812
853
868
807
775
790
799
808
803
771
802
832
856
816
805
841
858
865
864
853
804
744
723
756
814
898
936
899
886
901
884
865
815
813
841
865
852
823
878
894
903
824
801
821
840
785
735
743
808
887
889
822
867
884
859
799
809
786
772
731
758
797
833
854
833
839
837
840
829
830
797
817
841
866
852
811
854
873
875
834
794
810
784
736
707
690
696
716
838
869
825
771
719
735
787
820
832
826
822
813
803
803
816
811
723
702
732
772
852
918
906
902
893
883
867
853
837
797
733
740
733
739
750
750
722
719
721
737
770
736
723
716
744
772
784
784
771
727
722
732
713
724
738
787
824
769
812
835
825
803
787
743
754
748
756
758
765
769
766
767
761
777
813
821
804
782
768
717
741
745
768
776
784
786
792
784
758
766
696
730
717
733
757
778
793
809
803
805
794
788
749
715
740
779
842
879
832
776
811
739
684
680
701
724
680
705
707
706
705