608
725
937
923
914
894
844
796
764
744
686
660
677
723
728
705
663
614
601
584
598
627
721
799
780
745
827
859
878
838
788
828
829
815
769
780
844
886
896
845
854
858
867
858
803
779
818
815
803
741
725
713
641
624
613
638
721
798
821
782
818
816
815
797
768
780
781
787
776
742
778
806
821
785
731
759
779
799
749
724
749
764
791
763
783
820
817
790
746
754
684
636
626
669
668
703
754
779
761
753
785
791
769
734
770
789
752
736
774
799
804
770
694
697
699
660
639
639
637
603
625
647
666
722
704
658
667
620
593
588
602
599
627
640
660
638
665
679
683
659
651
644
670
730
782
739
797
809
775
728
731
704
679
412
279
635
604
608
635
702
763
745
783
802
812
786
791
784
756
657
655
657
657
729
693
669
682
669
658
648
602
594
597
606
623
604
623
664
721
745
719
739
719
688
687
670
665
646
619
613
612
643
686
730
737
747
722
672
653
651
681
721
722
738
806
840
789
856
814
726
728
691
733
747
718
671
695
653
617
615
624
608
630
644
666
638
633
657
604
675
709
739
830
830
810
783
802
813
788
716
721
723
682
650
634
636
644
614
634
671
732
714
662
652
697
749
705
760
773
776
725
696
729
732
754
733
761
803
831
781
791
761
707
657
627
616
637
747
834
870
877
888
873
853
823
809
790
789
793
803
765
722
662
609
620
646
665
703
690
736
745
741
716
726
720
713
705
710
729
741
745
723
724
744
715
692
709
728
693
670
669
672
775
828
823
771
796
813
803
758
774
774
751
715
753
772
808
802
850
816
778
786
796
761
720
696
688
675
679
683
663
668
660
644
667
710
782
817
760
753
776
807
827
787
785
822
817
766
714
727
743
771
771
752
793
820
826
770
745
772
793
800
782
752
780
802
795
798
844
857
767
751
708
677
685
790
789
805
854
890
820
773
816
851
860
793
990
625
795
770
774
791
760
771
804
835
812
763
790
699
720
743
817
862
862
846
766
743
710
646
652
662
724
814
815
800
791
705
683
675
702
777
754
701
656
676
620
634
633
667
763
1533
728
721
699
721
690
655
663
613
629
662
772
826
870
796
730
725
708
659
665
665
641
632
632
660
713
755
771
729
734
758
781
781
760
735
735
763
787
790
744
769
773
689
701
704
730
734
738
732
719
719
709
694
681
676
729
745
773
755
709
688
706
735
722
693
719
727
682
659
629
638
694
762
805
759
736
760
776
792
754
767
822
865
856
796
810
840
873
813
826
866
865
803
747
743
783
896
911
924
910
896
899
889
877
886
892
878
830
806
840
875
858
828
871
900
843
808
852
890
874
825
859
908
917
842
865
895
857
847
887
907
874
897
931
934
872
892
918
862
905
941
920
874
922
944
900
906
933
882
886
892
896
836
868
911
919
856
898
932
896
846
873
893
827
847
888
914
879
910
931
896
884
904
910
854
875
889
853
830
870
896
858
899
916
876
847
882
903
849
885
913
880
830
859
895
911
853
833
883
934
871
827
823
880
917
950
977
978
967
944
901
836
820
860
887
911
824
840
820
748
694
701
813
881
873
804
824
828
787
766
803
837
822
774
813
842
883
890
830
842
863
852
802
824
856
877
889
823
843
850
858
812
780
811
874
923
888
861
881
909
904
855
869
903
910
854
856
883
902
850
852
851
851
792
785
821
774
841
856
757
741
801
777
749
766
795
810
782
713
700
720
758
774
691
676
671
712
766
779
798
792
702
720
675
703
700
704
788
807
852
856
842
757
728
732
746
770
745
783
791
783
753
800
798
813
815
830
851
861
884
890
897
888
874
869
839
766
777
839
948
982
903
902
906
869
803
819
861
870
900
895
893
832
847
849
858
793
816
854
886
918
870
824
825
797
766
797
826
836
823
875
896
779
770
790
797
759
744
744
764
787
753
735
770
805
849
864
876
823
821
824
830
830
827
794
796
819
859
885
891
871
849
785
747
765
803
843
806
826
832
853
854
789
792
816
837
861
811
826
836
800
733
712
747
855
892
890
906
886
864
820
761
718
687
699
741
784
816
840
842
844
840
843
835
765
773
798
842
852
868
884
862
778
812
822
785
773
826
852
853
846
847
846
853
841
836
830
832
792
790
773
837
879
890
875
836
799
810
830
838
794
815
832
843
834
802
817
828
793
788
822
843
810
787
818
835
841
792
836
860
882
831
856
853
858
804
775
809
848
868
823
816
840
856
822
815
849
880
828
806
833
832
786
748
792
817
798
774
799
834
825
784
808
829
810
816
722
730
757
806
827
822
794
740
735
753
768
823
858
879
870
856
808
769
740
733
714
732
805
842
845
853
856
847
848
843
841
839
813
771
761
804
860
878
838
832
865
856
789
734
729
804
902
929
945
916
813
803
822
845
865
854
878
896
905
903
871
815
830
855
819
848
815
742
715
759
859
850
816
862
853
872
918
897
797
841
867
882
843
876
908
926
864
885
877
796
830
856
828
856
930
936
870
891
906
890
868
809
827
855
885
874
833
854
784
823
872
776
807
864
897
911
894
800
771
715
752
812
868
858
804
701
698
708
696
761
793
813
814
781
694
671
684
695
805
820
775
706
716
767
850
884
824
834
813
774
845
831
889
896
843
793
811
828
823
730
716
749
813
893
871
893
866
884
845
797
822
861
886
842
869
821
752
731
756
834
882
931
949
891
892
882
865
764
839
855
853
783
776
757
840
904
930
907
877
813
743
748
806
883
877
829
833
832
859
911
944
943
864
806
798
819
821
778
749
786
895
941
943
844
877
869
830
774
701
694
725
824
943
917
905
934
955
948
921
805
806
817
854
856
843
786
741
745
771
805
771
792
816
857
859
765
814
832
756
829
837
812
850
794
712
727
752
836
899
916
802
796
781
835
824
870
877
786
685
683
687
750
873
918
928
909
820
769
762
795
839
769
842
858
886
869
829
734
688
674
698
735
854
914
925
854
824
810
763
834
854
904
902
915
894
844
778
810
726
657
673
670
771
867
854
887
821
870
829
875
879
781
826
853
880
890
832
848
773
843
784
848
834
868
887
808
843
851
818
854
814
870
774
717
742
879
889
885
879
920
946
948
937
908
881
772
749
785
842
884
786
809
846
873
880
892
882
848
775
765
813
750
772
836
842
892
912
942
894
889
887
766
780
766
816
893
957
959
928
868
887
868
855
732
719
723
829
906
983
993
994
863
836
893
781
811
853
876
888
844
872
820
852
868
775
826
879
916
915
832
846
859
868
868
845
799
820
844
843
853
814
896
866
824
884
897
865
813
758
709
733
831
878
915
934
920
910
905
840
878
892
899
914
927
907
889
836
909
932
936
912
888
862
860
852
871
887
886
895
896
915
933
945
952
953
929
854
789
825
846
848
810
814
857
836
771
821
786
731
704
688
708
763
825
869
893
894
846
805
821
859
890
910
902
883
830
852
891
931
949
942
943
936
919
911
837
863
931
979
990
892
794
756
797
966
1004
999
995
970
962
964
956
951
956
953
952
953
960
951
940
940
936
937
929
929
878
806
814
849
903
930
850
865
895
893
852
833
869
902
927
911
929
938
931
868
898
927
940
877
874
924
961
890
875
907
936
883
889
923
943
898
886
902
928
923
883
922
945
959
910
887
921
924
933
875
896
911
914
872
878
902
899
854
885
921
938
889
880
891
871
783
799
834
892
859
872
917
952
955
933
909
921
943
963
966
963
963
949
872
882
948
1005
979
937
971
996
961
894
910
920
939
891
910
962
967
902
938
971
920
894
923
951
899
890
923
948
901
914
951
983
911
927
974
888
875
788
755
836
892
841
893
946
943
862
890
919
938
876
898
939
979
935
965
998
1003
923
936
962
980
984
902
928
958
972
899
899
936
979
957
880
914
955
968
979
985
933
919
935
942
961
966
934
893
934
968
976
898
901
912
842
790
848
912
928
844
840
834
914
965
982
942
777
758
794
849
884
938
946
806
835
873
900
896
892
870
829
811
821
845
835
858
908
909
881
795
808
874
858
856
862
890
896
870
866
825
819
792
782
779
804
846
879
902
913
911
915
897
888
871
812
781
816
860
899
935
934
852
770
739
753
795
876
932
942
962
983
984
943
934
850
811
785
830
887
933
831
859
913
949
921
890
913
935
940
889
845
871
881
844
879
904
863
867
860
800
807
834
864
828
826
853
876
836
818
778
758
728
708
707
778
937
1001
1008
1008
997
988
957
944
921
895
898
913
927
924
913
910
896
911
911
918
938
941
903
871
903
937
890
871
929
901
838
893
921
848
819
764
729
742
816
846
889
938
956
956
890
906
930
938
855
901
927
959
892
923
908
834
856
871
881
855
860
896
931
949
925
925
919
914
894
876
903
928
937
904
891
909
935
935
907
940
955
896
919
928
938
888
932
949
924
866
915
960
952
857
896
913
945
894
940
980
1008
950
954
971
964
910
932
940
942
878
898
917
926
886
910
940
949
884
900
902
918
878
924
963
943
884
933
958
894
914
938
944
928
836
788
835
877
905
905
860
880
903
920
869
883
875
869
814
839
881
905
865
853
879
917
892
888
938
946
903
861
882
899
891
837
890
934
957
886
897
905
911
847
869
914
926
882
911
936
941
872
856
886
922
922
865
921
935
936
878
904
938
947
898
929
955
971
896
925
968
987
922
931
960
983
940
925
956
975
952
926
946
968
953
874
891
934
974
958
894
946
994
1001
922
897
925
929
880
915
935
957
953
917
946
951
889
824
860
916
967
985
918
941
972
968
879
885
917
955
911
907
946
965
919
950
974
991
930
945
963
978
899
890
918
950
916
882
916
957
945
875
908
943
945
886
916
948
961
902
896
941
960
886
799
797
838
922
979
1004
1007
959
963
949
931
851
878
900
922
881
882
926
935
928
871
908
922
905
847
890
936
956
879
920
946
953
884
891
929
941
909
921
949
945
881
919
941
934
866
895
908
912
854
876
939
980
985
899
913
925
921
827
831
814
816
758
741
821
877
840
867
925
944
867
857
889
894
792
803
853
904
866
901
953
978
916
924
949
953
963
896
921
935
943
875
854
903
957
978
927
946
971
967
917
902
929
944
902
838
884
928
947
871
855
876
907
915
880
916
943
958
904
895
918
926
912
885
918
903
804
732
737
782
939
999
997
992
982
971
956
942
934
937
950
947
937
927
908
910
918
916
910
905
896
861
786
808
851
911
902
848
873
898
907
862
869
917
950
915
877
900
903
850
832
878
935
957
902
940
967
956
893
928
956
959
891
937
946
954
884
903
924
950
907
882
930
959
960
877
891
927
951
908
881
912
948
973
901
907
943
948
851
867
905
938
902
896
930
950
955
885
890
916
938
932
917
943
959
961
933
953
974
953
957
960
907
869
907
955
917
899
938
963
897
911
936
911
835
855
889
913
864
896
929
926
870
899
927
933
871
901
919
915
877
912
932
932
927
866
860
876
905
923
869
813
832
871
898
848
862
893
906
898
854
841
829
811
761
724
739
858
907
820
854
904
935
940
873
868
901
924
881
871
916
941
891
880
918
926
858
870
877
888
881
793
810
852
908
936
919
940
962
956
943
870
893
906
914
881
887
925
960
959
889
884
911
926
886
807
743
771
875
996
1030
1030
1024
1021
1012
1005
996
989
976
977
975
973
979
970
978
980
989
990
876
843
883
977
1028
1008
918
946
968
966
922
942
971
990
962
903
909
910
896
841
854
911
962
921
886
884
896
904
837
867
868
789
710
716
793
887
935
915
844
760
693
720
742
842
891
898
766
772
771
800
842
860
868
848
725
716
712
740
835
898
944
950
840
843
863
872
866
860
862
815
794
803
829
752
802
841
769
817
854
898
898
856
870
842
811
834
854
787
740
759
840
938
959
960
947
923
891
870
846
821
735
745
800
887
903
940
950
944
800
805
805
837
867
791
848
895
859
894
893
812
837
852
875
880
814
856
888
888
793
850
888
909
877
771
702
718
796
916
984
985
985
958
935
856
787
741
775
838
896
869
896
930
945
943
795
822
817
878
919
818
889
932
938
883
839
791
811
830
883
926
936
844
794
814
859
811
832
866
917
938
926
800
835
879
833
822
898
882
929
932
820
732
744
801
867
791
841
882
896
888
875
880
830
728
729
734
878
875
883
929
966
978
943
911
790
779
830
854
908
904
771
768
807
895
951
951
921
786
788
813
839
805
809
829
868
906
909
815
804
820
857
784
870
918
940
891
899
891
897
897
844
894
915
922
873
801
824
785
843
840
764
793
943
1018
1031
1006
983
953
934
902
875
857
771
729
719
765
860
896
797
819
867
886
887
809
830
788
820
854
881
901
896
857
853
832
816
755
691
730
810
962
1005
996
931
831
823
858
854
842
870
912
942
954
957
838
825
842
887
927
960
866
842
889
935
835
838
854
814
887
936
950
950
918
810
829
862
879
893
837
838
890
818
882
902
913
827
862
809
852
872
819
883
855
890
827
835
838
885
907
916
909
871
840
820
840
845
840
789
833
868
828
896
814
806
830
862
905
895
794
847
854
873
883
851
862
754
759
792
836
858
850
760
797
800
809
768
830
844
838
853
856
846
849
770
694
699
704
830
950
992
1013
1001
887
928
927
921
805
840
890
961
1014
998
997
980
955
870
811
776
813
853
881
897
797
856
900
918
922
912
896
867
793
710
719
773
872
800
829
995
1032
1021
1000
971
926
789
794
815
851
871
844
776
807
861
891
921
926
844
839
832
792
811
825
865
888
892
853
851
868
890
855
873
895
923
936
937
916
883
791
814
839
844
803
749
746
757
833
879
933
975
978
930
881
877
902
928
935
928
817
847
896
936
939
927
917
886
813
804
814
782
898
937
946
937
912
848
844
769
824
853
868
897
900
866
873
881
812
874
906
913
854
889
829
831
803
812
864
885
884
885
880
871
823
751
809
866
896
910
920
897
830
813
815
851
896
870
857
870
892
783
842
892
937
937
880
773
797
801
774
690
742
805
925
962
969
961
934
899
781
777
770
831
869
913
852
916
921
911
886
840
839
793
715
764
832
924
969
980
992
982
972
839
835
856
903
948
958
983
957
935
897
807
816
846
892
947
997
999
990
974
920
868
836
839
876
909
929
922
939
855
753
764
843
1020
1084
1086
1066
1038
1031
996
956
923
791
820
835
777
839
851
896
909
948
950
815
875
896
854
887
902
919
838
889
892
841
833
804
860
896
946
968
950
910
907
854
849
821
776
704
743
846
848
861
920
924
920
824
862
896
904
862
858
833
765
817
844
890
900
794
841
826
835
832
810
777
737
717
730
732
739
727
809
829
855
875
873
828
775
786
831
876
917
944
936
923
888
835
795
778
796
837
887
934
962
976
931
884
840
826
840
846
846
870
888
917
939
953
960
938
913
871
848
844
806
782
779
819
897
903
951
962
939
899
868
865
861
792
785
845
888
910
895
770
773
805
829
845
873
792
832
839
817
797
830
855
875
906
938
956
962
954
943
926
915
902
832
786
737
759
832
884
922
935
946
952
935
929
898
864
849
803
780
828
772
836
886
892
766
779
795
804
773
774
818
850
872
879
878
848
835
821
801
776
771
789
829
870
893
901
897
879
879
859
866
865
866
877
895
854
874
889
896
838
766
741
802
874
964
973
923
893
850
787
771
779
793
813
833
851
869
890
883
886
829
857
894
925
959
932
853
800
793
766
723
713
703
708
767
852
933
911
970
970
942
815
737
738
755
813
880
940
946
934
922
923
928
937
959
996
1001
1006
1003
983
962
888
914
950
965
946
860
886
930
914
812
743
740
782
861
929
976
908
896
917
907
899
858
816
841
889
925
942
897
912
928
947
914
902
929
935
851
940
930
833
833
837
785
773
749
720
704
685
683
713
873
832
798
772
747
751
781
850
931
950
965
946
901
880
846
768
792
823
856
787
752
807
866
892
901
910
912
920
871
902
928
940
940
941
938
865
841
880
935
962
888
883
915
948
957
894
900
910
924
932
940
940
942
945
876
865
884
941
967
955
921
892
846
829
847
859
840
861
891
903
936
937
938
935
923
918
903
898
897
910
908
843
841
874
939
946
854
814
797
806
855
898
865
825
855
898
929
889
900
930
938
946
944
940
908
900
910
939
940
936
891
854
889
924
935
865
861
894
944
869
788
744
769
837
865
840
794
824
868
935
924
857
881
918
949
876
895
910
938
941
961
908
848
796
811
821
820
792
821
848
880
911
931
876
811
785
827
962
979
951
972
965
985
965
964
910
865
868
881
896
917
928
946
956
958
850
843
855
898
908
776
819
808
851
878
904
915
913
878
866
875
866
869
855
847
855
889
879
841
882
914
915
929
870
841
850
853
858
878
850
829
838
806
775
766
770
778
797
778
773
846
851
778
779
840
896
916
919
915
916
899
897
904
901
911
831
779
799
854
872
896
849
852
876
897
923
938
917
927
918
915
920
916
912
931
919
890
939
969
954
880
908
920
887
829
868
929
969
909
938
854
918
944
949
938
828
800
788
832
866
883
862
861
901
913
920
923
933
938
924
926
922
914
857
849
903
918
912
932
827
889
899
886
883
857
843
857
867
886
875
882
895
897
847
832
874
928
934
853
866
887
884
817
757
803
852
897
916
918
919
915
905
889
882
869
865
852
837
850
893
910
925
914
863
845
864
862
862
860
790
705
706
724
794
869
922
942
942
875
870
799
698
699
712
819
887
908
909
885
757
759
725
765
771
845
877
824
877
888
878
821
868
872
858
859
875
906
919
916
842
793
804
810
825
836
791
839
870
880
869
870
849
759
761
789
814
850
801
805
844
887
905
901
890
796
828
842
774
863
889
890
861
824
815
823
828
844
857
873
888
905
912
907
912
888
881
896
902
911
930
946
942
936
869
851
899
961
955
864
831
871
922
946
903
867
895
917
939
910
851
877
850
888
917
923
873
896
926
939
932
894
860
880
898
819
777
847
921
966
902
908
938
958
869
857
852
817
776
813
857
878
865
828
826
844
820
815
838
854
903
862
827
815
845
881
903
924
892
867
867
864
871
854
896
895
842
779
767
829
834
871
925
962
934
872
924
924
845
872
918
889
818
843
890
985
983
934
996
1028
1010
929
952
962
963
896
925
961
992
983
979
1002
971
944
936
910
832
839
880
918
933
888
899
920
941
949
938
870
870
885
907
885
858
921
973
981
915
880
906
935
953
894
912
942
955
887
813
783
848
976
1021
1018
1016
994
986
973
954
945
942
925
921
925
932
936
955
965
976
975
985
967
896
869
892
920
897
842
904
961
934
846
867
917
876
796
817
861
884
844
882
932
927
890
918
922
939
942
894
921
937
956
893
934
957
931
850
852
898
958
988
948
933
913
822
774
766
848
841
827
904
961
932
860
886
906
899
843
879
915
959
970
885
895
923
925
860
865
903
940
959
901
909
943
956
903
906
927
954
957
926
865
902
938
936
894
950
963
907
950
995
978
919
974
980
908
940
976
942
896
941
993
999
937
950
959
978
928
946
971
940
906
936
956
971
908
908
947
967
907
889
928
956
872
836
896
934
895
852
898
943
969
916
903
937
962
941
898
933
964
985
957
930
973
988
990
897
915
961
974
875
816
844
875
912
950
952
965
954
964
966
940
844
782
775
948
1062
1068
1072
1046
1011
979
951
937
925
912
910
918
939
943
946
942
946
943
942
938
939
885
855
899
953
923
838
882
971
971
887
925
973
975
901
914
954
989
933
951
979
940
855
838
885
946
980
986
926
947
955
950
938
930
875
896
937
983
1009
918
922
923
903
824
830
862
905
890
880
925
963
945
866
896
917
941
921
891
920
874
799
760
798
793
785
831
894
938
935
876
907
934
940
931
867
913
934
947
877
880
923
959
960
894
941
970
953
884
932
944
879
858
858
815
776
808
841
855
853
812
838
855
852
816
806
828
845
827
829
870
913
934
906
856
878
884
883
848
845
892
928
948
943
875
902
920
914
855
877
895
892
833
876
927
937
925
928
903
853
882
813
881
931
935
805
764
824
815
841
883
896
843
835
878
919
935
906
881
915
931
900
925
954
962
895
928
940
918
872
918
938
898
852
895
910
865
889
939
940
893
934
935
882
839
879
938
993
935
935
940
957
923
898
935
965
966
896
915
951
994
937
906
937
942
883
916
948
947
883
879
913
950
938
869
906
937
960
886
896
917
931
874
893
930
943
886
922
948
941
871
860
889
903
861
864
907
946
948
881
868
903
923
940
900
883
926
948
956
903
860
902
935
953
950
871
896
947
928
816
823
842
820
773
729
735
778
771
784
810
831
799
747
722
731
860
942
975
976
979
971
948
932
912
896
878
883
899
914
925
934
945
944
940
927
909
897
889
807
864
904
942
911
843
884
914
895
836
871
891
895
845
873
906
901
875
921
951
954
890
901
919
939
892
927
949
959
869
836
861
888
908
863
867
893
913
920
860
877
906
927
947
905
888
910
938
932
874
915
937
940
871
875
916
947
906
935
985
996
919
911
931
931
862
875
907
958
902
898
931
954
902
890
930
949
896
903
927
952
910
881
913
923
885
857
899
949
966
919
930
941
941
876
859
891
910
884
842
904
932
919
824
871
876
859
801
822
862
901
903
823
814
837
823
738
751
773
848
908
918
910
896
891
878
872
847
775
769
767
804
752
755
790
832
780
806
853
828
884
902
889
873
786
824
872
892
886
883
829
769
782
803
844
845
870
891
894
898
876
832
820
754
737
760
796
858
857
864
858
845
838
803
764
733
686
641
638
636
630
623
622
627
655
687
684
689