604
722
765
782
786
775
753
693
630
613
589
565
549
537
566
580
568
674
755
783
808
803
786
752
706
676
704
733
661
682
726
760
682
627
615
616
616
646
640
628
639
623
595
609
608
616
594
594
595
595
548
581
567
558
555
569
564
559
555
564
563
549
543
536
522
516
531
547
535
546
567
574
569
571
582
591
577
553
525
528
538
594
727
746
748
765
793
782
754
748
717
659
651
617
588
573
553
574
647
757
801
787
771
714
658
640
597
627
641
691
708
1292
643
638
622
598
581
557
567
560
555
529
534
564
610
648
701
670
630
591
574
563
549
553
558
553
548
546
563
618
642
607
566
591
636
671
695
705
703
738
761
767
626
748
632
640
635
632
627
612
592
578
559
557
552
535
547
547
571
627
705
729
739
678
691
648
588
588
574
594
673
739
774
766
756
677
700
706
687
688
719
753
797
781
775
712
680
657
680
715
758
771
771
729
738
749
741
713
677
695
711
749
764
761
759
741
713
703
741
754
731
723
763
778
723
729
768
825
852
781
763
683
655
636
631
720
903
919
919
900
784
796
796
804
788
784
788
778
766
757
703
743
776
816
746
738
759
797
796
746
763
789
804
754
753
775
789
765
732
756
773
784
729
743
769
813
763
740
748
764
771
724
734
757
803
784
808
828
798
799
795
767
705
690
682
659
635
632
680
734
715
742
769
798
779
730
732
755
767
755
730
749
760
777
744
765
798
817
830
758
756
747
754
701
727
753
806
829
772
770
730
693
693
679
678
705
717
696
680
724
728
680
651
650
673
674
686
705
747
783
784
749
752
771
771
740
755
786
829
810
785
793
808
753
777
773
751
724
732
752
777
740
760
772
783
780
736
744
756
800
792
782
804
832
847
796
812
806
779
719
720
709
729
690
694
694
776
867
871
848
823
782
714
709
716
751
798
822
822
769
750
743
771
789
782
769
746
720
704
650
649
644
664
695
693
704
751
810
873
891
866
794
781
815
755
736
775
783
758
760
772
789
755
710
685
704
737
770
802
746
753
747
753
721
711
709
717
711
704
701
717
704
669
646
644
664
685
710
746
781
807
790
755
754
761
774
786
762
780
800
813
792
780
738
736
746
773
761
742
761
809
807
810
801
739
740
746
762
823
846
837
843
853
841
793
774
784
798
808
807
789
814
838
849
791
782
799
808
799
761
777
821
868
875
851
816
746
746
747
734
754
801
775
783
809
807
824
794
719
677
678
694
728
791
817
816
744
723
734
712
718
721
750
753
760
744
710
697
703
733
729
759
811
840
833
817
786
747
728
697
719
759
828
918
938
928
891
859
815
782
738
762
792
885
932
948
946
929
868
783
738
718
821
937
933
926
917
894
868
848
840
846
846
840
827
815
813
816
810
746
758
783
818
845
782
778
806
828
825
767
761
770
804
840
792
817
843
837
775
805
748
766
802
811
823
812
800
773
744
724
698
677
676
694
776
918
977
972
885
892
892
869
785
787
804
796
779
838
852
836
798
808
811
767
775
781
749
783
791
778
716
718
723
732
766
800
821
793
821
836
839
827
776
792
808
830
819
804
847
886
878
801
795
810
814
771
771
828
860
874
800
799
813
822
793
758
782
816
837
794
796
810
827
827
786
798
799
768
802
838
881
825
819
831
843
827
789
797
820
836
828
771
799
799
781
821
845
824
765
739
719
724
738
750
708
698
688
736
798
860
876
880
880
856
847
831
818
813
817
825
816
804
794
782
770
738
782
826
861
816
797
800
751
702
715
734
789
832
773
759
783
788
778
709
689
683
696
735
781
784
793
769
737
708
688
677
662
666
688
686
654
658
675
699
713
700
679
678
665
671
688
686
695
697
698
670
668
664
654
613
626
629
682
768
775
750
765
771
777
771
751
710
704
648
660
664
739
838
871
879
855
837
794
765
724
669
651
659
724
818
886
901
833
778
775
801
823
821
806
736
733
705
743
734
743
782
722
730
707
737
748
764
803
797
787
794
796
784
747
697
681
676
692
696
705
718
784
822
820
746
749
759
752
723
677
675
669
681
669
626
628
646
706
773
836
817
806
790
779
774
770
768
782
802
826
847
860
856
853
848
842
822
813
822
821
775
774
799
844
877
786
795
815
806
753
764
808
807
772
793
847
878
813
826
858
846
828
769
774
784
813
828
849
813
835
864
891
896
871
821
820
846
821
809
829
854
862
841
810
741
744
777
826
813
799
835
869
862
784
775
792
806
762
784
842
896
846
825
842
868
877
859
813
838
845
846
797
823
859
882
896
811
795
754
726
717
737
790
863
808
804
835
854
845
804
788
786
802
825
821
823
858
878
818
796
811
817
762
767
791
801
794
838
854
816
775
772
745
745
735
766
806
834
793
799
808
813
810
774
823
853
811
826
835
819
780
808
839
834
791
813
837
829
795
812
834
786
729
700
672
668
722
787
777
809
864
889
866
813
813
829
857
858
823
794
782
846
965
962
942
928
909
866
827
825
820
830
837
862
862
865
869
848
832
791
798
825
857
896
896
851
882
901
884
873
822
810
833
874
893
865
876
898
897
870
812
823
840
852
829
816
845
871
862
814
802
813
824
808
784
811
861
880
871
822
826
842
845
847
799
803
805
829
843
815
825
854
849
835
799
818
839
856
848
842
817
770
755
781
824
882
856
871
890
893
883
838
841
876
904
867
888
911
916
852
854
853
848
838
781
798
845
876
845
846
854
807
816
824
816
822
792
764
727
696
696
708
738
779
803
816
823
814
812
771
773
789
833
839
798
817
828
779
771
750
728
702
715
696
697
727
743
708
705
750
779
729
754
689
736
749
769
772
771
753
752
727
704
704
656
628
634
689
880
968
964
982
978
973
945
902
891
854
765
711
677
670
676
707
723
688
725
731
724
727
725
728
721
678
696
677
685
675
653
637
639
658
686
728
754
779
724
748
788
836
851
739
729
742
774
744
787
836
832
891
911
888
804
771
773
796
818
737
787
818
868
882
864
850
754
743
743
777
834
812
793
783
836
896
892
869
818
798
784
761
726
724
720
751
733
758
763
812
844
850
781
800
793
775
748
739
709
752
781
807
821
778
773
806
812
795
769
749
737
713
688
688
711
736
817
894
924
921
911
882
801
762
777
739
704
683
703
832
915
918
878
833
860
863
874
866
793
771
832
877
864
807
825
875
884
871
804
758
771
837
881
904
888
856
888
883
867
868
854
797
771
753
763
933
971
979
976
953
915
887
866
805
747
709
683
711
793
837
859
864
856
842
832
828
780
750
771
837
888
882
814
819
861
869
824
794
818
821
844
805
821
851
858
806
781
798
804
825
823
800
762
783
794
792
807
801
771
794
794
798
769
782
790
801
808
769
751
766
795
801
804
761
748
762
777
786
745
744
759
788
815
817
802
827
839
830
814
777
784
813
830
837
841
803
786
811
831
851
858
810
805
839
866
876
842
865
899
916
864
854
865
873
834
842
872
883
841
840
871
893
850
827
852
867
854
811
831
849
861
836
804
819
846
862
834
822
835
839
813
787
811
863
888
818
809
825
834
826
785
776
709
702
699
710
743
781
806
813
755
755
726
740
771
809
829
816
779
780
795
805
761
765
747
786
806
828
824
804
741
737
724
719
717
700
724
712
735
729
770
734
771
789
807
778
720
693
672
656
665
702
744
768
796
821
822
813
807
741
735
742
781
842
804
786
829
808
783
728
694
699
718
746
773
781
785
731
734
762
783
753
766
787
802
731
730
743
713
715
714
749
797
851
866
804
816
804
794
752
752
785
828
834
752
753
736
727
704
695
688
684
726
808
818
831
813
796
793
801
799
798
799
788
775
773
784
796
809
813
786
756
763
786
826
821
768
750
765
799
842
833
769
793
830
848
797
786
792
794
798
754
777
806
829
845
802
753
774
741
714
697
679
693
711
716
752
790
812
834
796
797
819
856
884
869
872
896
901
862
823
854
888
881
799
798
824
846
811
805
854
879
840
795
808
793
801
760
780
793
803
772
789
807
769
749
719
720
735
770
818
789
786
751
720
723
743
736
763
796
818
821
779
791
801
811
790
806
803
812
765
767
763
747
745
732
752
785
816
833
801
766
774
791
793
761
782
816
813
809
797
791
768
728
733
757
779
800
763
764
785
805
799
763
742
744
777
808
836
827
789
775
799
820
788
748
708
706
738
768
792
793
774
790
809
821
813
778
781
821
856
825
792
797
840
864
786
792
808
813
808
778
813
852
864
815
815
835
855
812
813
835
851
863
829
857
866
863
794
805
787
774
727
715
740
774
807
834
825
783
801
804
806
803
796
746
723
720
726
875
922
916
919
921
903
891
874
864
866
850
834
832
813
819
813
793
771
807
816
847
838
791
763
795
805
802
750
717
679
669
700
771
852
865
807
798
824
849
839
793
823
850
855
791
783
807
822
825
797
827
853
854
816
798
822
845
876
837
824
851
858
848
775
768
788
812
804
766
796
854
890
845
821
848
853
851
783
779
820
854
883
827
827
845
868
861
802
823
850
864
820
816
850
848
786
800
821
844
800
785
811
826
849
792
822
834
854
789
809
855
894
894
828
846
793
784
799
822
823
810
770
737
711
715
725
743
789
830
864
817
831
857
863
842
814
758
728
735
771
829
813
842
886
878
824
819
833
835
774
766
777
787
774
748
779
815
839
801
729
742
740
715
691
683
713
732
727
762
807
827
787
756
769
785
804
759
757
783
810
816
788
806
835
849
794
786
796
808
782
789
820
841
837
787
792
818
818
771
788
799
813
766
795
820
834
782
764
791
796
770
788
733
712
723
749
772
766
751
719
700
697
697
692
681
662
686
694
750
781
841
878
853
871
813
741
709
738
793
832
837
841
835
782
722
705
724
810
882
923
945
941
917
907
878
849
833
838
852
859
861
812
822
835
852
854
856
802
851
882
853
797
818
853
878
815
795
838
887
832
808
828
820
828
772
791
834
866
826
827
864
894
904
827
829
830
843
867
819
819
844
852
851
847
832
769
783
767
759
729
723
742
754
770
753
769
791
801
808
734
727
714
697
672
656
665
716
729
726
765
812
835
775
786
780
757
779
821
831
841
807
783
724
711
704
744
799
844
836
799
734
750
755
814
842
858
858
872
829
835
824
833
845
784
751
750
769
899
977
964
966
920
887
856
842
834
825
818
776
764
774
788
812
805
787
773
763
752
711
679
670
671
696
753
824
854
786
753
772
797
822
809
775
808
776
721
711
761
784
770
822
847
856
794
807
822
831
858
786
792
788
798
753
707
724
757
814
849
860
854
834
808
784
760
727
710
686
657
701
762
786
912
967
975
962
910
855
813
772
699
724
728
774
781
813
834
775
823
761
771
805
775
768
777
789
806
812
798
800
793
784
781
755
765
793
829
865
869
791
752
753
780
816
844
781
771
803
845
867
847
780
810
818
793
743
760
816
853
878
878
864
851
786
767
770
789
814
812
767
750
762
837
824
804
780
753
775
870
932
942
933
921
907
902
860
797
796
822
874
931
957
943
906
881
796
785
809
847
878
862
757
760
756
753
707
688
672
690
699
746
799
810
766
751
778
799
801
747
746
789
827
855
853
792
824
850
872
847
813
834
858
854
824
779
786
812
845
874
882
814
800
806
811
815
799
763
791
810
830
807
794
828
842
844
783
749
760
797
830
862
796
753
751
774
768
771
720
704
717
741
783
871
907
912
900
877
858
806
798
799
820
840
848
785
739
718
818
861
906
907
906
872
818
778
748
769
813
867
898
913
904
897
882
861
809
813
821
852
873
846
785
793
814
851
860
806
821
846
867
844
791
810
810
804
749
754
779
826
838
817
828
843
849
792
771
783
790
754
709
689
701
752
747
767
820
854
867
797
754
771
805
840
798
855
899
912
851
815
839
856
855
797
811
830
848
823
787
821
850
856
804
812
853
862
857
845
840
833
810
733
723
733
765
810
827
785
798
828
844
854
799
798
810
816
813
760
766
812
844
855
813
823
817
806
748
706
693
697
740
805
823
819
795
762
752
815
891
921
933
922
887
813
770
776
781
731
704
688
711
780
798
814
823
761
723
716
743
810
916
961
900
861
870
868
847
779
780
820
843
850
799
832
855
869
808
813
834
852
857
812
782
806
838
869
831
842
871
873
800
779
794
819
827
780
816
831
840
787
806
831
845
785
820
821
843
757
746
765
790
801
804
804
784
721
723
709
726
749
775
791
794
790
722
752
768
766
747
763
796
747
776
793
744
799
758
1510
742
753
760
760
757
769
787
793
806
813
818
825
764
739
719
733
772
833
850
790
749
779
814
839
811
752
768
757
769
729
714
703
767
826
858
876
828
815
816
814
807
813
819
778
731
730
752
766
740
754
796
823
833
840
825
786
744
762
769
785
799
762
744
778
800
794
755
706
710
725
729
737
727
743
745
728
732
729
729
753
781
794
763
740
745
763
790
804
767
789
833
852
827
779
810
821
829
771
779
805
826
835
791
818
844
845
799
818
844
854
808
814
837
866
837
839
838
832
808
751
751
768
793
822
805
803
839
861
865
810
792
803
803
795
758
786
809
818
765
778
786
808
770
770
812
819
815
770
786
799
805
762
773
800
798
773
758
780
771
739
716
737
729
724
759
777
768
810
822
822
772
763
779
783
797
757
769
810
856
878
811
830
841
837
802
757
765
799
837
837
859
892
868
801
793
810
835
838
794
802
820
829
792
763
749
777
837
868
882
878
867
841
844
837
828
836
826
832
805
786
745
744
743
747
788
827
850
849
826
792
761
735
702
688
683
687
721
788
858
856
826
830
852
859
835
771
750
758
752
737
731
715
688
687
695
700
699
684
710
786
818
833
852
847
851
850
841
821
811
802
802
803
806
801
744
755
769
826
870
899
823
823
826
814
807
789
729
712
721
731
744
712
707
727
744
770
786
735
735
754
777
787
780
742
753
781
818
824
788
783
814
850
868
807
816
834
825
822
818
754
742
776
818
843
777
784
804
848
857
807
830
856
873
812
735
735
758
792
798
781
805
822
812
782
791
801
789
752
780
795
813
811
805
839
776
807
850
854
864
854
842
773
787
811
836
827
838
846
862
876
879
830
790
732
729
740
782
815
810
878
918
912
841
874
850
813
773
784
816
841
834
777
751
780
802
816
771
803
823
836
775
782
818
833
786
813
827
808
743
745
762
800
776
727
735
723
714
711
706
699
720
721
701
688
668
676
711
713
730
761
784
799
782
753
708
684
673
671
767
851
904
920
915
847
859
864
860
844
840
779
810
840
884
921
918
845
852
857
854
842
838
834
844
790
788
782
804
771
755
759
798
841
849
828
780
804
809
813
823
813
793
800
814
829
827
780
767
780
787
763
744
758
807
848
802
811
837
840
788
784
778
806
832
828
810
781
805
812
830
830
792
754
754
775
789
801
806
762
739
754
778
816
850
847
838
769
774
767
727
729
742
760
714
751
759
789
781
767
763
717
746
753
747
721
723
749
761
771
783
791
792
796
795
799
789
784
753
716
740
742
749
704
700
708
696
679
658
658
646
640
638
638
647
725
777
822
844
851
863
809
818
830
841
849
836
779
796
813
844
854
841
779
792
816
837
853
791
773
779
813
845
869
811
807
821
828
822
775
767
784
767
725
707
729
757
760
724
731
798
766
746
780
823
840
805
755
779
800
804
749
726
744
780
843
840
799
844
877
873
803
824
829
826
768
796
812
814
764
787
823
855
815
798
851
883
883
797
794
808
816
828
778
794
827
867
839
825
866
880
800
785
805
837
842
787
818
863
879
813
833
851
842
787
823
835
820
762
783
810
826
818
776
814
826
825
781
804
814
821
782
788
811
816
813
765
800
750
777
794
805
819
818
797
736
693
682
680
698
719
758
769
730
746
774
800
816
771
780
792
819
808
788
784
778
758
753
740
730
704
698
710
731
771
797
778
735
753
737
707
701
708
723
747
909
922
888
859
795
775
779
780
791
802
816
807
802
787
771
735
710
711
712
745
765
738
726
757
800
862
884
784
786
772
774
775
736
720
745
771
799
818
821
773
774
780
782
782
751
772
790
767
752
740
719
679
677
682
687
743
795
847
863
805
806
815
816
785
764
796
822
832
790
771
796
811
816
759
734
750
773
801
761
761
792
800
751
733
713
692
698
745
837
896
922
888
853
879
897
908
843
839
863
877
859
794
829
851
868
809
777
800
777
756
730
729
757
779
738
700
707
739
720
706
741
781
813
813
762
788
819
839
794
763
780
826
843
831
762
767
789
822
845
827
800
822
850
861
859
850
802
806
813
819
800
745
756
770
813
829
849
842
780
782
807
835
847
798
834
882
885
885
856
784
777
792
808
814
795
873
875
757
720
704
734
726
743
793
809
765
744
792
835
861
803
831
827
812
746
717
719
775
870
918
896
815
760
729
745
780
802
772
751
767
800
831
860
862
822
849
853
854
814
792
813
853
872
844
792
817
851
874
816
800
809
817
772
735
725
749
793
855
881
876
798
814
815
822
827
771
792
806
837
869
889
813
834
843
822
740
768
768
815
841
853
843
829
751
743
760
755
770
785
792
805
801
806
784
760
742
772
809
835
873
849
854
858
859
838
818
721
728
720
709
721
729
770
823
886
902
888
856
851
810
791
770
772
772
778
794
763
815
764
809
834
833
809
800
775
737
753
769
789
790
761
770
813
814
779
689
700
723
762
784
791
809
781
746
721
700
694
700
703
691
720
778
801
814
807
841
869
818
791
791
792
765
712
680
683
728
821
877
823
804
813
813
788
786
754
709
697
726
784
818
839
769
737
738
760
800
858
891
882
831
833
838
851
865
823
795
818
856
888
898
854
875
888
863
862
871
866
812
788
824
877
891
838
830
854
863
871
853
812
846
872
864
805
821
833
853
869
799
771
786
811
825
810
782
805
828
866
833
833
861
858
856
786
761
773
795
839
879
830
853
786
817
843
838
835
754
782
797
795
803
804
802
776
771
749
749
788
852
899
864
919
915
905
816
808
793
796
768
733
763
829
852
830
841
832
770
762
778
800
823
763
710
704
727
715
715
737
727
778
814
856
854
789
796
798
788
777
790
793
788
782
755
704
708
734
785
850
873
834
807
830
818
809
765
776
818
850
845
803
828
832
823
770
749
771
807
852
881
834
838
868
863
798
766
790
840
866
839
799
845
897
913
845
845
847
847
795
771
815
859
880
826
829
859
866
817
772
819
839
868
859
820
759
771
788
816
840
827
758
725
746
795
869
868
849
907
892
817
773
783
822
849
854
816
851
870
855
806
807
807
806
771
760
791
836
892
911
848
844
858
879
853
841
868
895
850
800
823
854
878
875
824
811
834
873
871
825
796
814
840
879
891
822
772
749
782
882
896
908
916
906
875
856
811
796
815
840
885
903
852
863
888
897
902
854
840
851
854
846
805
850
893
898
851
833
797
772
746
762
791
828
797
778
815
852
862
810
787
810
833
859
821
782
814
835
844
812
809
819
837
848
803
835
807
791
733
721
727
741
774
804
791
759
775
788
789
770
736
734
770
822
888
899
885
832
807
785
778
774
765
753
773
770
754
731
733
779
780
786
734
732
754
787
772
750
786
829
876
872
792
796
807
831
821
784
801
786
767
744
681
676
693
760
818
842
855
841
827
804
736
724
688
658
658
695
707
803
875
933
938
866
800
831
846
846
841
755
804
806
747
796
818
835
840
827
744
779
800
810
805
771
735
728
748
786
783
820
858
877
871
874
848
839
835
839
822
821
836
861
867
813
837
825
789
792
825
773
755
760
777
780
755
701
705
734
785
814
778
788
808
829
854
859
835
771
797
797
813
825
822
773
714
717
762
846
907
857
787
764
859
895
918
929
914
907
895
842
847
859
857
852
842
795
799
793
807
813
771
784
772
753
745
739
747
722
692
660
671
646
673
691
710
706
683
638
657
659
677
734
774
810
837
857
858
873
869
850
776
759
772
797
865
844
894
959
959
955
875
819
823
813
818
771
741
766
828
881
900
826
840
848
855
789
781
837
884
818
846
876
820
785
810
808
771
738
759
805
846
835
790
816
839
848
792
804
836
861
829
799
823
859
868
815
847
815
760
762
787
807
814
774
791
814
844
800
842
881
882
873
855
840
802
731
707
725
780
873
917
856
882
893
883
813
840
861
854
797
808
819
829
804
758
771
774
811
829
777
720
699
719
753
783
810
834
822
819
810
769
695
688
695
737
787
821
823
723
723
733
769
811
757
778
793
811
814
819
801
805
781
766
722
757
710
731
741
748
755
739
698
676
684
681
677
687
695
682
690
686
703
712
717
720
743
754
782
768
735
743
725
721
698
724
732
721
684
663
659
640
655
670