863
1031
1014
992
961
937
860
742
722
722
706
638
621
729
699
738
850
868
788
819
861
832
815
869
901
855
890
902
840
842
879
862
818
864
787
824
865
869
805
820
854
840
759
766
804
851
843
822
843
857
859
843
813
743
680
679
699
734
768
794
786
743
699
699
687
644
645
628
612
603
616
668
684
712
751
758
730
788
829
804
796
848
784
860
874
822
869
895
844
865
871
832
859
871
829
845
852
832
786
805
816
776
796
745
809
836
853
827
862
860
832
778
805
813
769
807
755
654
670
707
821
865
465
354
1604
750
766
768
750
721
779
830
814
808
852
862
817
777
806
833
790
833
853
809
788
819
850
800
809
829
832
774
782
821
852
844
837
847
829
735
759
720
801
852
832
840
817
768
755
748
690
693
709
702
744
747
388
354
702
699
722
661
649
621
646
752
861
899
871
412
346
1497
700
711
720
743
763
758
800
830
827
778
800
807
806
764
801
834
858
814
820
817
805
793
756
688
667
689
720
700
752
818
865
814
812
844
862
790
776
820
862
798
834
887
923
874
820
845
871
892
891
830
877
908
914
881
855
885
911
900
847
900
929
861
779
724
800
872
908
898
889
867
855
854
862
870
882
879
865
849
800
794
789
757
818
840
785
762
786
813
765
805
813
774
783
806
804
779
803
824
774
791
807
820
784
804
845
878
895
890
890
866
774
721
751
805
846
798
828
902
940
882
873
894
851
815
860
886
904
886
813
803
772
731
746
777
813
797
838
783
740
746
780
839
883
885
854
761
702
693
693
682
686
705
729
717
727
769
817
785
738
730
793
839
871
833
853
816
748
747
749
783
813
829
729
739
796
826
854
857
824
823
740
731
717
718
719
716
653
665
656
665
679
697
722
741
755
768
764
752
706
702
723
744
747
717
683
688
754
811
848
848
827
765
786
811
766
768
841
849
799
840
898
859
843
870
833
792
803
813
821
769
799
838
868
853
822
843
301
422
878
773
792
810
801
819
785
831
834
808
792
822
836
813
799
753
773
802
832
846
858
864
807
811
848
871
792
830
840
764
728
746
853
898
928
938
937
862
872
871
867
823
831
854
869
823
845
888
312
562
825
809
748
714
721
754
800
803
804
848
884
894
790
831
846
868
836
794
822
849
823
835
885
913
854
873
873
819
822
845
855
812
855
870
803
846
844
797
832
862
865
814
842
844
777
796
760
717
701
717
713
682
670
667
708
735
741
819
864
817
796
818
832
777
793
835
827
759
802
855
907
861
862
889
883
813
850
854
779
771
777
801
754
813
815
759
771
813
844
778
822
812
799
784
765
760
742
733
707
689
646
650
655
679
708
713
683
685
709
739
734
730
741
753
736
735
762
813
855
850
785
783
803
793
729
695
693
720
733
710
733
717
708
725
769
800
801
787
769
740
699
686
680
689
704
731
729
701
711
772
824
799
767
776
792
815
804
797
733
712
678
738
788
851
862
844
846
844
839
824
806
720
714
710
736
788
809
741
671
706
715
728
771
816
766
776
760
760
729
682
705
673
706
709
732
800
837
821
835
838
839
766
727
722
742
775
801
795
726
684
688
709
702
697
717
686
731
718
764
775
771
751
760
785
798
792
742
744
734
724
748
765
784
784
761
708
655
640
659
800
918
924
917
909
820
758
731
764
795
830
751
797
837
858
854
796
775
760
774
804
811
782
834
836
852
862
897
908
884
858
842
800
800
805
805
837
797
743
751
832
896
931
921
896
846
741
734
742
794
854
800
839
795
845
827
845
851
854
760
801
823
849
847
767
688
696
747
830
872
865
820
799
738
735
786
874
917
914
907
786
795
792
716
768
785
837
875
839
814
857
855
861
845
822
819
839
839
798
779
775
776
772
796
814
827
740
772
800
827
850
852
814
745
745
698
715
720
748
729
783
844
814
714
739
787
820
825
809
792
761
737
682
696
700
730
769
827
818
719
679
681
762
923
951
954
940
906
858
879
875
877
851
813
839
837
822
801
715
712
717
789
837
862
866
851
862
864
859
841
816
800
789
803
790
768
778
784
811
834
852
858
854
833
774
757
765
786
816
778
837
858
867
855
791
787
813
847
871
876
822
845
880
901
896
861
838
854
861
848
806
833
866
888
836
810
841
868
887
841
872
902
892
885
869
879
869
804
815
854
885
819
795
737
699
701
688
671
692
731
780
805
784
753
781
783
756
739
744
718
715
726
693
679
692
755
755
757
790
820
802
734
685
669
691
739
833
882
809
773
778
849
896
921
938
943
947
900
923
933
936
926
886
928
941
952
912
922
937
930
874
880
907
921
869
899
955
972
924
964
965
888
885
908
914
837
866
888
903
826
842
785
737
762
826
788
806
830
860
842
819
857
882
887
826
863
875
879
818
838
886
914
885
865
896
906
902
899
830
801
824
860
891
858
827
882
916
915
907
832
813
841
858
826
777
730
745
753
779
835
867
892
833
809
841
856
858
823
857
888
914
881
815
855
891
915
855
901
880
834
809
780
762
752
738
715
746
813
810
797
835
838
829
812
851
858
844
826
854
885
868
839
887
923
921
856
886
857
889
888
869
791
775
788
827
867
906
895
860
824
776
720
749
759
777
802
798
799
791
798
811
802
800
809
814
817
824
832
803
808
829
870
890
831
821
872
905
880
828
874
912
886
885
848
827
775
776
803
831
1650
816
774
754
765
795
821
810
832
862
887
890
819
853
864
874
801
809
848
825
790
754
780
814
844
848
791
780
810
843
860
854
791
819
837
854
823
809
842
883
898
866
880
910
924
862
870
904
937
868
905
916
917
849
850
802
740
719
741
748
726
768
834
919
921
853
888
895
896
835
826
876
907
829
770
742
848
919
948
953
942
932
919
911
870
840
793
795
822
835
852
864
878
874
877
874
864
858
796
793
827
866
831
826
885
932
886
895
906
909
836
845
851
859
823
860
870
861
819
814
799
756
774
811
862
890
853
899
912
870
869
880
887
870
794
833
845
834
825
863
894
829
861
865
846
789
796
803
825
802
836
859
892
845
881
897
896
833
866
869
857
803
784
781
808
835
839
783
822
829
850
863
795
818
848
869
865
817
816
842
801
756
774
823
840
785
802
843
871
834
831
811
728
699
714
756
871
886
902
941
946
890
916
905
814
819
847
854
815
852
883
835
845
861
887
854
831
850
855
854
809
853
893
905
843
871
874
827
771
810
860
860
837
760
758
769
801
870
842
889
939
948
873
916
948
946
940
857
907
942
919
836
866
896
920
857
861
906
938
946
913
901
883
848
825
836
841
779
784
827
889
912
864
899
915
920
866
876
898
906
840
866
906
930
929
840
883
914
917
859
862
887
890
878
788
816
843
880
907
885
896
885
874
854
809
838
859
884
809
806
863
916
929
870
890
896
890
817
833
853
859
809
846
883
882
804
824
846
873
815
865
886
907
832
858
861
817
778
753
730
744
728
769
824
890
914
847
854
869
863
780
732
718
751
842
906
920
916
921
897
890
860
859
848
843
843
851
827
741
713
695
672
666
703
804
918
961
942
896
919
921
872
797
823
854
913
862
903
929
897
867
893
902
863
851
885
904
859
875
909
902
851
900
910
854
811
848
886
874
778
748
793
887
841
888
938
945
829
849
863
874
810
850
896
934
863
879
920
931
935
854
881
896
912
847
895
921
930
867
895
907
888
840
832
824
777
793
833
884
907
847
852
879
885
814
841
874
886
876
814
830
860
889
864
809
842
867
889
833
864
843
819
748
774
795
816
758
767
761
737
717
739
755
787
782
768
785
801
792
757
788
813
822
786
833
835
818
778
776
787
802
813
782
788
829
872
893
851
846
864
854
812
797
817
828
783
771
798
834
842
789
751
799
829
830
813
872
884
822
833
842
823
780
841
880
895
830
867
875
875
843
822
850
871
889
841
840
853
860
852
790
804
841
855
872
830
855
873
887
866
812
830
867
900
912
855
880
889
902
897
865
809
839
848
845
785
782
820
893
930
945
930
930
925
908
865
867
839
815
766
752
787
845
895
894
812
757
749
796
818
765
801
867
897
905
814
800
820
854
892
902
820
770
742
800
881
962
973
972
966
960
949
934
919
900
838
830
855
893
915
925
924
870
884
898
896
879
803
824
864
897
916
857
900
914
915
852
865
877
875
832
831
856
886
897
888
842
876
893
895
878
834
860
898
903
912
858
859
897
912
845
839
844
854
788
780
812
841
878
861
848
873
896
900
867
893
918
892
886
907
911
855
871
895
908
863
865
893
916
877
898
914
918
868
869
884
877
838
839
881
906
920
869
908
930
926
856
868
896
900
842
877
912
915
863
907
919
883
850
884
909
894
858
889
896
886
847
858
887
896
820
829
778
748
757
715
686
678
690
674
694
730
763
799
808
796
741
755
754
765
737
721
748
789
838
876
796
813
816
819
775
810
840
857
827
794
816
845
843
843
837
779
777
794
810
782
725
734
771
841
882
845
845
875
890
873
812
821
851
872
876
822
850
868
888
826
829
879
917
938
879
898
915
915
844
870
898
892
831
858
887
905
855
880
917
936
894
900
889
844
772
738
743
853
920
944
947
955
965
953
946
930
918
897
856
814
761
760
772
801
838
872
871
874
838
811
850
842
817
814
764
731
760
802
772
768
813
861
895
835
830
864
891
851
852
884
893
821
858
898
925
864
913
936
941
872
886
897
898
873
854
898
930
903
880
908
892
816
833
838
829
794
803
799
756
744
743
745
731
751
779
755
717
692
733
794
846
865
782
765
786
818
846
870
854
823
857
884
870
794
748
778
822
850
801
834
858
853
775
809
832
845
825
766
800
831
842
774
759
784
818
854
860
794
807
829
829
794
798
815
842
840
795
836
868
884
839
888
909
906
831
885
914
897
845
886
910
923
853
883
889
890
847
883
924
855
862
912
939
941
913
842
879
899
920
912
904
924
934
858
877
891
903
854
908
956
982
951
854
877
889
873
807
851
844
821
773
803
828
848
827
813
847
858
862
800
834
847
858
827
873
876
864
794
790
816
873
934
945
896
914
899
867
798
806
820
823
795
854
909
918
870
906
908
872
783
744
745
842
924
949
885
878
876
809
771
771
783
788
812
832
825
824
833
842
850
857
840
843
849
767
758
782
839
919
847
870
929
930
866
879
853
802
763
787
804
784
750
791
807
834
792
817
810
767
731
707
729
799
849
800
879
904
835
821
823
836
762
783
848
925
965
898
919
942
962
893
880
895
895
859
815
837
867
909
920
904
887
909
896
867
790
796
826
872
889
869
867
891
906
823
848
869
877
815
849
902
935
878
888
908
914
841
873
916
945
866
901
943
948
870
896
910
905
878
799
798
813
836
807
833
858
889
827
844
803
752
711
680
679
714
789
852
862
801
781
808
837
863
876
860
803
843
874
909
929
934
906
917
920
848
824
859
885
897
871
813
844
891
921
932
875
887
890
896
875
829
838
854
882
863
820
843
858
859
859
792
815
835
843
851
780
729
704
731
831
908
936
929
921
900
884
868
843
827
819
815
811
813
817
818
815
763
736
749
785
835
858
826
839
864
860
803
809
815
829
796
784
823
857
873
868
893
896
827
842
837
809
771
727
812
853
893
888
862
857
822
789
764
742
761
750
733
780
829
859
853
796
774
764
759
762
729
714
677
691
686
704
692
673
715
763
805
854
871
842
817
752
737
698
723
743
803
856
847
853
743
728
721
775
852
895
898
888
868
822
783
778
762
724
739
813
976
1021
1012
993
977
838
782
779
713
738
778
838
863
878
872
871
860
825
779
767
729
790
808
847
896
901
878
756
765
780
813
778
689
743
802
866
911
915
897
859
778
780
736
772
782
832
865
876
878
872
865
841
831
745
787
814
836
840
841
793
729
688
694
733
848
940
976
962
941
914
872
836
804
783
718
734
724
765
813
890
816
872
908
829
869
862
860
845
815
750
679
688
685
707
818
883
917
915
899
875
839
817
797
762
718
704
749
740
847
892
876
805
879
939
944
940
915
876
834
758
763
760
763
805
818
736
742
783
863
865
788
790
776
824
855
821
806
800
807
817
810
807
805
801
736
720
729
747
781
813
831
823
784
790
804
814
799
795
781
715
746
778
810
820
813
765
727
721
739
776
813
797
738
712
739
753
763
764
757
755
725
728
742
755
835
885
935
950
913
920
891
868
820
803
790
737
682
680
678
762
886
904
914
799
762
746
724
733
760
801
764
835
857
858
844
724
727
724
794
890
929
928
918
905
867
835
810
721
749
762
814
878
867
874
886
905
823
872
887
824
862
888
886
880
855
806
759
803
830
861
813
853
854
820
837
860
784
716
758
784
816
826
828
817
774
765
738
707
734
757
785
824
860
899
912
873
830
805
810
831
843
848
845
831
853
885
903
904
881
831
743
701
708
748
858
927
867
894
818
750
715
723
776
821
843
850
771
767
782
811
857
847
781
836
885
907
912
852
868
874
864
842
846
857
859
838
813
779
766
767
761
709
729
769
725
723
766
840
877
874
812
739
716
736
770
810
819
799
878
891
913
920
906
885
850
765
757
711
750
769
819
872
792
851
906
950
952
930
821
814
800
811
813
830
826
795
846
873
872
885
890
832
804
795
797
812
858
886
899
895
863
857
795
764
764
751
716
718
723
742
765
752
744
697
684
714
746
824
869
844
878
880
879
856
778
810
790
784
741
808
798
758
756
763
737
752
742
720
688
684
679
697
808
893
899
896
848
827
831
789
755
735
737
751
762
748
788
836
860
874
882
877
833
828
824
808
749
765
745
698
676
657
674
752
836
862
797
813
835
835
774
770
800
834
852
796
843
881
892
844
893
909
849
870
856
821
761
769
790
832
820
819
854
900
908
873
902
915
871
899
879
806
836
855
854
841
781
776
797
825
840
851
756
784
801
822
824
807
782
806
832
871
923
944
937
939
933
913
882
823
853
884
911
873
844
876
905
897
823
816
843
885
914
873
886
917
926
883
877
898
921
875
917
933
938
866
871
895
898
854
879
887
875
789
799
808
819
782
789
849
875
836
809
825
834
837
802
764
806
839
888
841
887
901
890
826
835
813
808
846
856
846
831
791
737
729
747
759
792
808
826
767
749
771
812
839
807
801
813
809
760
741
756
765
762
726
703
688
669
666
662
694
816
869
858
805
755
752
805
830
838
844
836
821
805
801
786
746
779
801
861
860
792
790
811
844
825
816
828
855
863
848
790
763
712
713
726
763
808
819
807
806
812
789
756
773
819
928
977
988
943
884
912
909
897
892
821
825
836
888
934
900
934
963
975
926
859
880
913
922
840
853
875
880
826
842
861
875
806
857
890
887
869
918
939
878
893
904
895
833
822
861
894
875
794
817
855
891
899
891
863
833
803
733
713
738
802
906
940
926
932
938
933
868
880
885
890
895
862
845
890
891
892
823
820
844
863
865
908
949
972
946
911
879
798
741
743
768
821
791
870
911
897
855
859
892
837
872
875
885
834
852
877
906
923
916
884
876
822
813
832
857
888
862
915
940
943
853
801
840
899
963
908
942
971
968
880
889
874
838
747
717
726
709
688
720
835
856
882
923
931
928
830
844
844
828
786
844
830
831
870
906
913
893
893
843
807
833
855
843
779
792
800
762
733
705
721
849
914
932
960
963
962
958
937
926
910
889
888
889
911
900
853
824
798
830
800
808
826
839
841
829
801
785
783
785
796
769
745
770
799
810
814
750
743
772
820
837
805
855
864
822
797
831
855
895
846
883
896
891
841
818
789
779
736
712
709
742
817
893
914
882
871
886
888
846
820
843
845
845
806
833
873
894
853
876
905
894
852
874
874
871
828
835
844
854
823
867
880
870
869
838
855
859
841
797
739
715
719
729
750
716
729
753
788
830
815
819
789
765
793
800
811
775
751
772
815
864
893
854
871
869
868
791
789
793
801
776
715
696
702
742
729
758
822
877
842
776
793
832
851
850
771
816
865
891
856
890
911
912
841
875
878
853
802
837
879
918
869
873
919
935
875
865
879
882
807
811
840
888
854
894
917
935
870
895
907
903
837
842
862
880
822
838
889
918
865
889
901
891
834
865
868
869
803
849
857
823
771
796
807
831
776
820
833
833
820
785
811
819
827
779
789
828
872
914
860
854
888
904
895
831
841
867
836
874
879
811
761
731
759
856
895
910
905
896
885
873
837
741
757
761
750
694
697
707
777
804
735
777
785
799
800
813
821
839
840
847
813
795
809
830
866
896
914
930
880
924
888
853
786
836
878
897
879
828
784
754
796
817
837
817
757
693
698
703
794
895
901
857
824
797
777
757
697
703
720
809
914
919
923
915
893
776
765
774
800
821
825
781
808
864
867
808
705
700
702
773
902
907
818
843
872
885
888
877
859
831
808
785
762
719
740
749
794
829
928
968
846
869
857
902
906
893
878
854
813
752
741
743
758
767
742
796
813
808
838
860
852
817
756
730
715
726
766
753
840
905
924
929
804
843
836
776
804
793
817
821
832
833
844
818
792
793
772
755
727
714
717
748
757
754
785
818
815
804
777
751
765
791
814
784
803
812
795
784
786
823
852
821
787
777
800
947
941
929
908
900
885
861
841
827
822
822
829
835
818
752
706
725
795
777
839
907
895
793
751
781
840
884
833
866
946
968
938
906
928
949
959
886
927
928
881
876
844
818
840
888
842
893
897
891
867
845
827
762
734
735
731
747
787
815
840
834
816
859
895
912
906
869
850
846
832
826
743
766
772
801
815
827
851
865
869
866
797
778
763
716
736
787
826
754
813
851
817
752
732
766
834
920
957
902
935
975
983
972
894
897
918
915
881
827
870
899
932
934
907
947
945
854
883
896
841
808
841
873
856
795
801
829
859
879
824
858
881
869
832
866
886
892
846
832
874
905
890
851
902
922
876
840
861
884
865
784
819
876
927
889
919
931
938
863
878
888
884
842
889
906
918
866
901
932
923
888
869
861
813
757
788
828
863
872
879
820
811
812
832
843
810
857
894
919
922
845
869
888
896
881
813
785
827
875
913
919
856
875
904
895
841
856
867
875
824
863
907
915
850
858
901
895
829
816
804
748
727
744
770
780
773
794
808
776
767
735
723
698
680
672
673
651
667
691
698
690
681
719
758
796
769
760
771
777
771
718
730
763
759
726
704
678
716
762
821
839
870
865
830
775
778
784
813
796
820
872
915
875
892
916
930
869
896
903
905
855
875
923
929
898
909
930
916
853
872
893
908
857
854
873
876
860
813
830
846
845
835
768
776
800
813
821
813
829
839
819
805
838
852
866
876
815
826
824
821
781
752
780
821
866
879
831
846
861
861
801
813
834
856
831
839
860
824
774
793
811
805
785
796
864
888
888
863
832
750
743
696
715
748
819
869
881
913
896
835
854
872
843
820
873
915
930
883
888
836
831
836
835
781
743
722
742
811
862
844
829
815
822
796
833
889
928
956
979
977
981
923
915
847
759
710
707
774
895
895
853
916
936
919
834
836
847
868
882
855
865
820
791
807
849
845
787
826
852
871
865
803
820
839
861
837
764
781
806
849
832
812
826
822
766
749
766
825
880
907
863
899
919
912
854
828
819
808
812
848
884
841
847
856
783
738
713
756
756
765
801
829
845
808
781
813
844
867
834
805
845
873
822
824
859
877
815
817
857
873
855
810
840
831
834
768
783
796
819
791
810
842
860
826
832
851
854
765
748
751
742
752
748
789
836
840
783
820
839
856
810
834
834
819
797
830
843
812
841
852
854
834
813
773
731
716
722
752
781
759
824
799
729
744
776
815
813
806
719
739
730
689
705
715
752
802
801
800
781
725
704
693
707
729
744
765
767
807
789
827
819
832
830
771
784
783
799
763
748
731
716
688
680
730
771
794
768
816
826
838
779
736
682
702
690
771
835
865
869
856
756
758
754
759
757
761
763
752
711
687
719
719
812
818
818
804
746
743
718
743
752
768
764
759
748
706
691
685
692
752
763
815
858
817
793
783
746
767
774
802
734
733
731
755
698
662
666
671
731
791
808
811
814
795
765
742
732
687
665
657
687
775
825
825
818
778
772
780
773
770
760
719
721
750
772
746
798
784
679
712
760
816
851
846
831
796
707
702
717
759
799
796
761
773
802
792
761
793
801
799
765
777
810
822
811
815
820
812
736
709
729
697
722
745
750
729
755
804
762
813
745
729
744
811
851
860
868
866
858
844
817
810
750
785
824
852
846
748
717
685
718
737
749
763
794
762
792
820
825
814
784
751
698
715
747
784
786
791
740
699
699
732
785
767
786
846
919
919
892
862
750
729
758
773
809
834
847
776
787
800
738
783
810
845
855
841
767
769
765
763
759
709
715
729
760
794
820
746
768
804
827
831
830
803
720
730
729
682
735
810
783
735
781
824
830
757
774
723
750
736
705
719
768
839
880
830
880
896
777
795
787
790
801
812
751
799
782
755
794
801
827
830
758
755
787
831
835
838
746
757
769
808
817
794
781
759
780
793
812
815
816
809
761
686
680
708
792
854
895
898
890
866
822
761
746
774
722
692
725
791
807
768
758
729
750
780
815
834
835
774
767
755
726
759
755
804
840
838
807
764
777
789
795
805
719
704
778
815
858
863
854
821
771
778
769
731
756
735
712
706
699
730
777
788
807
804
809
813
758
746
760
804
805
818
770
761
799
844
871
828
819
824
841
862
879
877
871
871
877
875
883
890
903
922
900
940
939
923
899
891
879
873
856
904
927
875
897
905
878
837
765
775
790
830
852
877
896
911
917
857
791
800
813
864
820
762
723
698
673
679
683
697
710
710
672
655
651
692
728
738
743
747
764
748