642
682
978
949
926
918
887
813
735
709
676
668
638
635
631
644
676
707
705
698
664
679
679
694
661
680
677
633
663
632
604
647
660
743
726
737
669
672
652
646
626
622
582
612
620
1350
717
694
690
721
731
743
725
694
717
720
710
669
669
684
679
647
637
660
767
795
776
715
667
660
663
646
656
664
679
685
668
671
690
714
720
668
682
695
696
693
667
693
674
629
625
615
591
591
596
582
576
586
584
588
577
581
590
619
676
705
706
755
777
756
715
734
747
713
729
750
721
759
597
953
735
738
732
695
707
710
704
710
732
701
746
777
771
697
704
750
796
798
721
486
268
718
710
690
678
680
673
646
630
619
619
634
615
609
617
643
721
767
782
789
767
744
669
675
673
706
778
715
781
841
875
864
838
800
755
686
692
697
737
809
839
860
854
864
868
869
851
829
770
788
821
864
804
811
862
874
786
804
779
720
754
796
783
756
810
814
771
763
713
687
698
740
749
810
794
729
766
779
776
725
741
797
824
781
835
882
894
804
814
797
797
767
788
828
863
810
835
874
880
801
832
846
817
773
821
855
815
793
827
834
769
768
801
834
785
774
808
835
852
837
771
688
680
669
691
707
788
809
824
820
760
744
722
718
724
709
745
783
770
799
862
905
864
805
814
827
826
757
762
795
839
886
836
865
845
829
795
747
744
762
800
814
821
789
737
724
729
739
757
752
785
841
855
813
771
729
714
743
700
725
756
789
747
804
823
850
813
734
761
765
771
798
794
715
680
681
698
755
838
878
807
853
845
846
847
818
797
706
721
727
756
748
723
732
768
793
743
775
770
788
789
791
774
711
723
714
728
744
723
750
716
793
821
818
815
761
732
662
660
674
715
799
830
860
856
841
791
740
707
678
715
688
797
877
884
846
786
813
802
795
766
782
782
747
768
757
720
711
729
731
804
814
802
829
785
813
782
786
768
771
735
727
705
721
744
775
792
821
824
827
817
814
820
818
788
788
806
822
805
751
757
807
832
793
741
771
827
862
801
797
810
830
789
779
807
832
814
793
826
852
833
804
813
840
834
793
817
853
872
800
804
825
830
761
772
816
851
823
746
760
731
708
692
713
748
739
791
840
854
799
795
825
837
757
752
786
826
860
795
813
834
819
747
742
764
802
837
787
796
832
866
876
831
816
848
869
847
852
869
825
811
783
781
783
800
760
771
782
791
753
784
756
760
736
780
803
791
781
809
822
773
782
804
796
733
714
698
713
760
751
829
896
902
801
754
726
780
872
920
926
910
901
871
846
838
840
849
850
858
854
837
815
817
817
825
840
790
777
810
830
867
780
792
823
847
803
800
864
891
835
767
779
798
812
828
799
777
793
809
813
832
781
791
742
727
707
691
711
734
777
837
896
920
873
807
823
830
854
801
792
835
904
938
888
835
852
879
885
816
831
864
879
838
822
856
876
872
810
798
850
890
897
841
865
900
907
849
821
819
808
760
754
781
816
855
810
801
816
830
846
856
818
779
791
814
845
843
803
794
802
821
829
785
815
847
854
798
787
801
806
805
759
768
782
812
843
810
798
813
818
819
766
775
791
825
811
825
846
858
810
806
813
831
816
790
815
834
839
800
828
877
845
797
814
832
811
797
830
852
831
797
821
857
868
799
802
823
834
785
784
821
864
880
814
830
860
864
866
873
824
802
819
845
855
792
742
726
756
908
960
960
939
913
881
857
854
852
841
852
849
855
868
873
865
793
792
803
838
864
824
787
825
847
852
789
788
809
817
792
766
788
810
836
809
811
838
850
842
787
809
830
837
806
808
854
871
845
817
845
858
843
795
824
854
861
797
807
828
830
833
774
796
821
850
843
801
825
824
823
777
803
842
859
826
816
845
848
831
773
791
819
869
865
858
883
898
895
830
813
830
851
863
821
868
900
907
840
848
852
845
797
792
828
857
870
810
822
850
850
820
826
859
886
837
825
849
849
798
778
802
825
854
825
841
833
790
740
729
710
693
701
706
700
726
768
801
768
748
777
795
803
761
795
831
855
829
828
854
879
877
809
801
810
830
866
799
829
863
885
835
830
847
856
822
812
842
861
829
809
843
863
882
831
826
859
881
823
796
821
839
843
810
759
778
799
820
848
818
794
837
852
859
809
813
832
847
816
787
826
848
863
820
831
877
899
818
758
761
790
817
856
849
794
827
856
859
827
776
790
805
819
830
777
787
815
841
853
812
837
854
863
805
766
792
803
820
764
738
734
730
841
904
937
945
928
901
880
863
826
771
738
714
722
771
826
869
888
885
875
879
827
756
758
761
784
760
729
772
860
951
891
805
830
840
857
862
799
815
834
843
794
807
831
861
873
813
829
841
852
862
830
800
829
857
880
886
822
854
860
857
796
788
809
836
823
809
850
839
794
777
772
743
714
703
712
707
702
736
789
834
794
755
790
813
829
801
755
774
813
859
884
836
809
823
831
841
791
782
810
841
866
884
818
832
845
848
786
783
821
865
854
819
860
876
824
763
778
813
836
833
788
817
832
846
826
790
804
818
814
801
765
797
829
832
790
767
776
801
832
778
789
829
850
820
806
837
861
872
820
823
825
842
842
801
797
791
799
778
749
789
823
876
852
818
860
870
849
791
803
823
846
813
797
829
855
877
837
855
875
887
839
881
913
908
835
845
868
879
841
820
850
873
881
819
837
871
897
853
821
845
874
889
807
793
822
844
872
821
840
881
891
838
762
774
813
865
907
893
828
799
814
828
841
842
786
806
837
858
846
803
812
833
853
854
798
772
796
821
849
856
797
825
802
802
776
738
749
769
804
829
789
746
729
729
795
846
890
901
880
850
831
826
816
803
780
753
744
722
698
702
750
815
846
846
846
831
799
737
741
769
847
938
911
837
879
900
863
787
807
829
844
867
846
805
846
861
873
844
807
833
852
877
839
843
846
850
820
782
818
851
875
854
811
852
860
871
857
804
826
843
858
842
797
808
823
831
825
781
764
791
809
816
808
752
769
787
813
831
800
819
824
800
801
815
840
818
799
853
874
882
813
824
839
858
835
848
858
862
789
780
810
838
882
901
844
872
891
893
853
817
844
860
879
867
794
814
843
861
850
782
780
823
870
927
846
812
772
730
701
688
694
716
754
774
788
745
758
764
777
799
813
816
746
722
712
808
933
950
961
962
944
924
907
884
863
853
847
849
858
814
827
829
843
839
818
744
754
793
851
814
835
826
785
734
697
702
704
723
749
743
728
718
740
757
780
728
758
792
829
857
857
854
819
802
777
756
694
705
693
714
769
790
795
803
767
768
757
729
752
748
755
777
787
774
797
812
819
847
853
853
843
852
853
854
791
787
792
820
882
918
854
809
753
729
755
787
798
820
815
822
808
809
812
815
822
826
822
834
812
796
785
763
765
772
777
764
755
785
819
849
813
790
810
836
854
813
793
811
830
850
788
801
833
847
812
771
806
835
840
814
750
754
774
779
768
739
782
828
870
851
792
760
741
712
719
772
832
859
836
814
824
806
791
786
808
761
723
744
781
854
853
847
820
800
769
719
710
697
676
742
792
891
926
903
881
866
838
767
766
770
783
808
819
820
828
777
794
806
815
818
805
759
789
794
837
858
799
776
810
841
854
825
798
830
800
811
842
871
775
762
796
816
803
847
805
872
888
812
807
759
743
738
701
728
737
744
750
763
771
775
734
711
706
710
815
883
892
917
921
893
847
805
793
806
818
807
810
787
788
804
800
793
761
748
757
756
728
720
740
775
793
813
753
759
792
804
755
787
765
723
701
681
682
714
780
815
876
901
843
831
859
823
839
815
852
888
905
892
824
814
792
784
771
767
738
771
811
873
890
870
873
868
847
799
759
771
791
813
811
777
810
846
869
807
834
852
856
821
807
829
853
823
758
767
798
828
846
806
827
854
868
817
797
781
822
850
856
815
835
848
863
851
843
792
771
784
814
844
805
831
853
879
827
813
836
844
818
792
826
853
824
801
834
839
803
787
796
794
764
796
832
852
817
858
862
857
794
814
812
826
790
825
852
881
838
800
833
854
854
793
828
843
826
796
824
851
867
855
861
800
811
833
865
872
821
820
854
892
887
822
839
882
892
878
809
818
842
857
814
799
827
864
853
797
826
848
818
796
817
837
799
770
798
820
796
820
838
850
856
855
788
776
786
777
803
787
740
763
788
807
846
888
891
876
838
788
760
722
729
746
777
770
848
909
825
836
856
849
830
779
761
778
813
838
808
826
854
856
849
790
777
796
791
804
771
759
789
811
838
837
837
824
773
764
781
798
798
755
788
822
857
830
782
802
828
791
812
825
840
760
750
722
684
696
725
775
762
830
862
797
813
802
793
789
739
765
762
767
780
761
725
730
776
757
809
845
878
866
839
806
812
770
797
808
815
810
728
758
779
743
798
795
785
778
731
733
746
786
820
866
894
845
779
735
713
744
776
813
800
751
766
796
832
854
771
724
716
748
835
875
911
922
910
904
891
876
862
846
845
830
839
813
830
862
850
785
774
805
863
910
848
824
866
889
834
780
747
786
787
854
868
831
808
825
842
844
814
813
820
846
817
825
854
859
830
798
821
829
772
811
847
871
838
869
884
833
773
712
718
737
767
724
746
775
806
834
825
786
810
832
847
811
824
844
849
853
848
796
755
788
821
848
796
802
852
858
852
851
881
893
862
839
770
750
743
742
755
756
771
728
745
777
819
838
840
800
819
824
797
757
778
807
819
781
803
836
855
861
854
774
762
654
903
733
726
699
728
757
826
810
748
748
769
791
757
732
756
760
769
750
732
709
720
723
742
765
739
744
754
774
779
733
709
690
693
681
665
665
684
692
714
692
718
720
722
703
695
711
729
746
741
709
729
727
699
690
702
725
740
761
718
728
752
763
753
700
716
737
882
617
754
743
719
709
690
688
692
690
682
682
672
651
714
729
697
774
819
833
805
791
771
758
746
744
759
787
789
787
760
726
707
693
679
680
696
790
863
897
897
908
907
902
881
864
843
824
811
806
792
771
750
743
756
768
786
767
791
817
833
800
738
764
779
784
734
740
777
821
765
747
779
834
864
863
814
779
799
823
839
794
830
803
807
771
801
819
787
763
771
770
725
707
699
736
763
736
764
813
844
837
831
797
745
737
715
723
800
872
920
915
886
838
796
783
769
761
755
747
730
716
710
724
771
819
858
807
788
826
857
870
791
791
810
828
814
789
853
886
862
795
822
856
869
852
792
823
857
863
820
817
849
873
862
809
815
778
756
730
764
776
753
736
721
706
730
766
748
749
799
851
861
843
834
772
769
799
812
753
751
752
767
700
720
740
781
738
757
715
792
793
830
852
833
819
721
734
733
745
771
769
779
794
798
762
724
699
691
729
807
854
915
869
788
796
824
847
862
815
797
824
872
907
908
842
885
918
921
857
798
830
858
886
896
831
856
855
850
782
751
771
821
893
911
860
837
851
861
864
863
805
802
815
846
875
844
823
852
882
885
829
798
827
857
862
815
791
823
868
899
892
825
828
840
852
866
810
759
771
818
906
947
880
895
913
889
856
785
777
792
833
887
871
892
917
925
896
804
753
761
788
821
848
790
738
725
733
812
852
894
925
926
895
853
784
757
727
701
677
691
756
814
845
849
845
843
781
769
792
832
856
836
795
724
738
711
742
757
785
744
799
837
843
835
803
720
729
727
739
720
761
767
745
782
789
758
768
769
766
756
727
720
696
702
719
742
754
703
725
710
708
711
712
702
725
720
729
705
688
680
706
733
748
758
766
775
772
758
790
804
812
813
812
820
789
777
803
813
753
716
725
776
850
807
760
817
875
884
814
835
844
844
775
789
811
804
813
866
887
888
814
820
821
833
827
822
815
767
766
795
808
798
818
836
817
779
815
831
849
804
802
818
836
805
786
813
825
802
777
812
843
812
770
804
810
801
763
803
819
769
782
790
780
731
729
715
717
738
729
749
774
795
799
776
755
771
768
760
735
730
749
752
742
714
737
740
734
766
752
729
733
706
705
664
662
663
678
757
841
877
887
888
876
865
833
800
766
733
712
693
683
682
713
720
788
849
859
824
831
824
813
837
821
827
830
1603
787
785
762
781
775
787
766
791
772
762
724
706
719
754
807
849
793
838
871
868
791
774
789
784
741
706
722
737
784
773
730
759
802
833
834
784
754
782
767
760
725
744
791
832
845
801
816
837
844
794
780
804
820
845
804
799
817
813
790
777
821
853
874
813
789
794
799
808
773
802
823
866
811
778
780
805
816
763
780
814
870
910
879
857
856
823
798
768
732
733
756
788
791
789
751
742
747
774
798
786
741
726
750
761
786
800
794
742
780
793
788
725
749
753
742
749
748
751
763
775
801
795
758
724
713
723
753
785
774
729
751
769
789
770
725
714
707
729
761
771
829
830
778
737
707
686
696
734
786
839
864
838
798
813
821
795
818
825
854
863
827
772
785
815
841
836
775
813
833
856
844
796
772
738
735
722
696
687
732
552
1111
810
828
825
831
819
805
790
766
719
724
725
741
789
832
861
886
889
837
824
823
833
848
850
858
849
797
771
789
804
825
809
764
799
844
862
854
778
765
775
792
788
807
806
757
760
789
805
793
782
819
831
832
771
779
806
833
848
776
739
764
786
841
858
801
829
840
837
781
736
753
774
798
794
740
745
767
777
801
785
779
801
804
812
761
784
792
808
782
758
771
790
807
787
743
762
765
800
819
833
766
753
771
785
763
750
791
817
825
774
793
806
813
773
754
786
808
816
809
759
771
776
781
763
759
810
854
857
799
843
858
827
781
811
813
760
723
719
692
680
712
748
794
846
841
790
746
776
782
783
759
763
728
706
713
742
819
875
897
874
831
837
839
825
767
793
751
809
855
895
880
850
819
734
747
746
749
771
776
749
720
727
756
782
813
784
761
782
795
800
807
768
792
793
800
759
725
725
728
860
926
900
904
894
878
865
848
832
826
820
820
817
823
814
809
763
818
827
841
813
754
735
713
741
759
786
790
777
758
729
721
734
749
774
730
754
796
784
765
726
758
744
709
688
695
715
762
808
804
786
809
821
825
813
763
773
803
818
789
794
826
839
794
795
803
810
786
776
811
829
798
806
815
809
762
773
796
805
775
798
827
848
852
784
744
764
783
799
805
770
772
797
800
785
764
799
825
843
813
833
828
798
771
774
806
836
794
808
825
840
846
802
785
807
813
813
762
774
771
780
739
728
747
799
827
781
817
857
875
789
775
787
804
754
738
771
804
793
774
816
852
854
801
814
763
724
699
698
729
714
761
808
842
813
796
817
838
793
762
790
837
853
790
826
850
864
795
820
842
849
819
783
814
833
852
797
834
857
866
810
811
804
789
755
780
793
821
787
794
810
825
828
784
800
825
849
798
764
781
823
852
823
825
843
851
834
762
740
735
749
751
772
768
779
787
794
796
782
748
721
708
720
736
762
770
784
801
838
844
849
808
780
750
768
781
796
776
779
817
831
806
737
738
756
774
822
835
788
807
812
774
733
730
717
693
673
650
648
657
700
764
787
773
786
820
840
829
764
781
781
771
721
707
704
839
932
920
930
916
896
885
824
827
837
850
861
862
857
810
814
831
838
856
798
802
845
876
879
816
813
845
859
867
784
799
819
829
792
791
817
836
804
757
787
816
826
797
832
837
818
795
827
848
827
797
815
836
870
884
848
788
806
814
819
773
787
822
878
892
827
852
872
848
792
828
845
875
866
816
828
813
823
795
775
720
717
727
744
758
765
731
757
744
724
699
698
732
772
748
764
804
827
853
798
791
818
837
841
777
785
810
847
806
785
826
854
838
779
808
846
839
775
792
839
870
818
821
838
846
779
812
843
867
807
842
863
867
845
859
874
825
802
818
853
879
847
864
866
873
812
821
839
847
800
854
878
890
813
848
869
891
819
835
849
848
787
797
829
856
878
821
826
845
857
811
803
821
838
813
783
819
839
853
798
817
841
860
789
789
807
844
870
875
763
784
786
787
789
798
794
778
753
720
738
780
826
849
809
810
825
842
798
794
818
847
855
792
819
838
834
781
802
816
827
771
767
813
844
812
814
832
822
754
775
802
813
777
786
813
784
829
847
858
795
778
795
815
820
769
801
826
844
795
840
779
802
825
854
845
841
813
776
767
765
766
705
729
753
776
737
771
775
796
757
791
803
810
797
729
758
782
819
839
817
814
800
745
740
755
788
814
799
784
746
716
725
771
763
750
777
816
841
808
750
730
728
888
928
945
968
943
837
857
862
866
870
881
868
797
819
844
875
908
853
849
861
902
899
874
811
830
816
806
770
757
799
852
883
831
769
722
712
732
767
798
806
755
742
755
775
810
821
771
787
816
832
809
790
823
830
830
778
796
792
805
801
803
796
740
767
798
825
840
787
814
846
860
818
813
820
810
760
763
792
809
797
759
793
818
830
790
795
838
869
874
828
819
826
835
841
798
795
819
842
854
822
838
868
882
878
827
853
857
826
803
824
834
827
774
796
820
838
810
828
840
831
780
774
790
799
802
771
799
819
834
819
787
817
837
851
832
806
825
829
818
781
793
804
789
744
725
746
786
829
799
795
777
720
728
723
733
759
722
766
777
790
787
730
745
713
727
754
782
814
831
821
813
793
768
751
754
759
784
731
759
746
760
780
806
796
790
767
729
724
733
723
734
767
813
858
862
788
813
808
793
768
738
695
661
672
692
730
785
808
834
837
856
848
827
791
809
819
818
808
798
796
801
794
777
740
763
813
867
882
810
747
740
810
861
882
884
867
864
847
835
819
818
828
809
819
842
855
856
864
862
860
855
853
817
794
814
847
865
864
825
862
884
890
814
826
836
847
805
823
874
855
855
854
857
815
745
754
748
767
796
865
896
908
900
867
833
797
775
757
709
704
712
744
813
898
909
891
877
880
826
857
872
874
832
810
837
828
819
844
835
838
829
808
756
707
718
727
741
714
726
775
816
760
802
838
849
814
810
811
813
823
795
797
829
874
897
906
853
834
847
861
862
800
772
789
824
851
843
775
776
794
794
737
778
750
744
716
771
820
838
841
838
815
803
782
771
745
709
692
700
726
780
797
780
828
849
854
800
791
768
768
781
763
777
818
868
887
800
794
807
814
805
793
845
868
859
828
870
898
901
841
834
839
812
803
790
749
743
720
701
718
792
805
819
875
909
899
834
837
847
860
825
821
854
880
849
846
881
885
806
795
822
854
810
794
819
836
797
800
841
859
818
831
864
879
868
827
865
894
928
927
891
904
896
843
834
859
887
867
843
880
911
907
820
830
848
873
878
837
875
916
934
872
838
854
862
857
798
834
860
882
834
852
875
878
852
809
842
857
857
788
796
813
836
821
809
844
855
824
813
840
857
810
824
831
863
904
887
831
771
797
823
832
793
831
851
878
884
835
846
857
863
842
864
860
782
737
724
731
834
914
918
849
783
767
829
852
849
838
839
806
763
770
800
817
834
843
852
799
846
846
778
815
840
813
789
765
703
717
720
734
754
746
741
727
701
700
717
743
775
781
769
814
855
882
841
870
883
846
836
851
853
814
803
836
877
809
858
881
890
838
864
879
867
802
813
827
839
798
841
876
880
810
827
849
865
799
822
853
901
886
846
875
869
795
810
837
780
800
866
798
841
866
870
825
805
790
785
756
716
725
748
813
882
912
856
877
904
907
854
870
891
898
839
853
850
845
780
800
854
886
860
839
878
909
898
833
861
875
882
839
856
888
888
904
893
877
815
793
814
847
818
805
842
873
863
816
853
848
797
830
881
909
917
896
874
821
747
747
750
750
798
846
898
896
862
867
873
856
830
802
783
739
753
770
794
838
832
768
786
783
775
785
782
771
747
745
763
771
762
803
827
859
873
840
822
823
828
796
766
792
833
866
807
826
853
862
805
763
768
788
826
813
815
880
876
794
785
803
811
768
776
801
804
820
844
807
750
757
778
795
752
730
748
776
837
796
757
778
740
711
693
690
713
724
717
765
819
812
772
808
822
839
791
786
814
846
810
775
804
846
924
954
899
887
893
889
826
828
869
918
888
867
900
916
874
801
839
857
836
816
873
906
898
839
877
896
829
841
850
854
800
829
873
931
859
902
905
887
830
848
854
874
825
864
928
954
867
889
898
863
799
821
863
887
828
891
898
922
842
811
834
878
904
832
772
789
841
915
941
935
864
860
860
859
849
810
833
847
871
829
849
873
886
838
836
851
850
821
818
824
840
866
796
794
804
835
759
798
816
837
747
760
793
811
832
846
893
903
905
887
783
774
769
792
825
802
787
795
838
878
878
877
850
766
770
783
792
746
776
810
826
847
819
773
753
767
794
865
921
912
879
891
902
896
872
785
736
738
791
894
920
930
947
931
908
874
804
806
760
739
740
725
708
682
704
768
813
783
803
852
889
872
803
723
731
719
721
725
748
742
716
706
711
742
801
868
892
893
909
899
873
848
752
764
757
716
751
797
789
886
890
892
864
846
805
789
796
812
839
864
869
821
855
858
845
811
839
853
825
807
856
858
795
797
838
843
786
785
824
860
811
788
827
864
860
791
800
771
750
724
751
789
840
793
736
748
715
693
673
671
688
712
754
763
727
727
750
772
805
761
760
795
839
886
852
813
841
861
886
887
840
877
897
877
832
872
917
925
868
870
899
900
842
857
907
939
874
892
935
941
891
813
818
854
889
901
854
901
918
883
818
847
866
863
797
797
834
865
878
823
841
857
867
801
829
862
889
836
869
872
825
773
805
863
891
854
822
782
836
837
889
916
901
861
887
893
861
817
829
873
932
950
904
934
926
869
859
900
905
824
795
848
922
933
864
913
924
834
770
780
831
857
880
881
821
829
843
840
794
759
750
755
925
985
962
952
923
891
832
771
764
787
822
856
873
852
781
771
771
788
776
749
777
808
824
782
783
821
860
867
815
799
823
838
830
784
808
840
865
828
839
865
877
809
803
813
820
779
786
850
916
927
860
863
872
872
826
796
821
850
891
858
864
899
901
854
812
829
875
906
868
848
873
891
876
822
846
805
836
857
882
879
859
807
776
742
762
776
749
739
777
844
876
882
850
814
832
845
797
801
820
844
835
789
812
821
782
733
729
746
775
800
811
792
811
831
816
781
779
812
822
818
789
822
834
827
780
791
776
729
718
723
707
686
677
686
688
698
722
764
777
737
764
793
839
835
801
743
729
736
748
730
778
779
821
809
810
813
769
756
767
806
853
870
866
816
757
738
787
841
878
901
845
829
782
725
715
708
704
694
679
671
677
676
671
668
651
643
636
635
656
685
709
745
702
678
706
688
694
676
662
646
666
701
767
818
769
808
853
831
762
810
854