851
773
826
846
901
805
872
820
881
913
776
738
756
752
734
727
661
606
565
557
558
623
721
805
792
770
757
783
688
636
624
696
788
754
660
670
787
809
648
684
844
740
676
799
902
783
664
739
861
741
660
1320
714
794
714
702
753
774
759
789
746
638
650
689
737
780
792
734
738
643
661
742
808
676
708
677
748
714
615
577
573
563
564
583
575
591
695
902
874
775
666
731
824
705
789
924
838
822
831
864
770
789
839
758
710
771
832
772
824
847
778
913
889
882
896
892
809
919
973
8894
820
795
794
738
718
702
647
609
647
664
764
788
731
684
679
701
746
654
611
588
572
567
547
544
534
524
533
591
625
683
785
791
700
731
749
716
668
683
696
573
516
485
804
791
661
624
663
844
813
780
795
822
854
861
802
721
685
737
771
698
645
610
837
775
767
856
933
854
876
911
839
716
744
787
738
846
906
849
705
724
867
861
772
655
691
728
798
717
797
850
828
750
721
746
709
637
593
1185
661
691
678
642
626
646
616
604
609
632
637
630
660
670
684
740
725
674
670
698
668
615
619
644
656
628
703
823
728
658
677
678
680
624
613
664
689
728
780
716
806
788
790
812
823
810
754
748
670
606
646
718
711
768
842
397
364
790
771
662
699
781
780
706
762
807
722
750
674
637
650
649
692
691
689
697
677
639
614
584
587
582
590
612
635
653
656
708
724
714
668
649
660
661
616
597
618
652
631
618
666
729
663
625
663
680
619
605
610
621
603
596
627
651
628
597
606
625
617
577
560
543
531
522
530
551
564
601
685
701
642
683
741
756
663
648
639
638
617
635
689
764
716
726
780
806
745
843
825
718
686
681
685
660
769
794
781
666
601
604
647
663
712
823
856
774
742
831
810
736
772
797
726
700
890
879
771
779
790
739
712
824
850
786
755
845
860
785
776
811
864
828
812
826
828
764
773
812
794
791
830
815
763
787
829
803
767
856
887
807
800
802
763
780
803
389
406
799
1663
688
621
646
719
852
722
710
665
618
662
695
697
739
749
761
712
689
626
612
630
619
601
574
603
685
702
806
861
857
768
745
772
738
702
753
690
855
833
865
820
702
727
692
672
690
699
723
701
743
804
765
679
715
777
752
754
686
723
790
825
793
824
853
879
828
832
843
857
820
780
762
771
758
717
776
841
815
713
647
648
673
717
665
679
725
779
736
668
715
781
745
667
680
659
653
638
611
632
923
818
790
794
768
767
704
699
727
727
768
777
725
747
779
784
744
788
767
733
696
757
732
663
632
644
653
784
802
754
762
748
676
626
606
622
684
765
758
723
760
776
779
717
705
724
700
683
712
740
775
740
701
733
689
614
603
628
622
684
709
729
694
721
757
799
745
680
667
689
740
728
693
681
756
795
787
746
768
776
794
751
676
687
795
787
749
701
738
713
754
772
743
816
849
453
404
789
764
763
726
664
708
779
683
725
791
789
747
766
756
724
696
768
832
810
711
683
722
788
714
750
790
836
806
826
803
783
711
691
702
681
735
680
713
776
777
720
695
724
772
721
725
766
800
798
757
790
761
688
654
766
766
764
749
787
818
806
810
798
793
747
770
801
845
793
810
826
813
731
741
748
746
704
770
856
782
659
616
626
638
682
754
794
804
769
666
620
628
670
787
708
663
750
875
879
821
710
689
720
755
739
696
817
812
832
802
818
855
867
782
776
793
708
664
617
602
650
807
787
758
746
738
743
682
636
664
710
732
684
671
786
777
812
793
790
786
770
702
718
781
799
719
659
737
749
713
666
654
709
772
734
686
631
675
816
733
660
632
635
664
646
665
724
740
762
779
781
760
714
682
698
673
619
597
601
577
566
554
559
615
718
717
666
641
591
569
572
608
690
649
613
605
632
664
619
607
637
674
682
649
691
851
812
705
642
678
828
804
785
769
813
842
797
807
836
815
753
704
779
809
712
672
703
744
675
719
840
860
859
778
772
729
680
645
689
745
652
618
691
817
716
642
659
666
734
703
718
715
674
693
648
615
598
581
584
604
633
647
648
705
719
677
665
667
618
602
624
700
773
719
756
816
836
742
672
727
719
684
688
660
641
679
787
804
775
797
862
859
790
777
774
746
714
792
818
762
678
677
703
761
734
693
800
844
847
778
744
783
792
771
749
804
838
846
759
739
729
686
645
617
664
718
712
797
859
815
748
777
781
739
669
722
812
791
736
713
742
782
798
747
773
807
794
726
690
776
827
825
791
844
878
875
787
709
803
859
830
744
649
628
654
745
819
774
712
724
756
762
740
691
682
753
854
811
813
841
856
791
757
768
799
807
773
782
813
811
767
774
815
822
767
783
793
769
746
793
794
745
774
816
795
758
780
832
854
820
826
809
725
653
606
587
615
664
641
637
723
784
764
670
690
740
744
689
684
733
747
737
673
706
833
808
807
862
883
865
785
788
791
790
745
754
745
761
696
721
808
790
793
728
715
794
838
798
801
794
779
690
666
684
766
695
663
749
828
807
768
740
692
668
667
642
612
612
672
620
601
674
648
656
636
627
639
1332
668
644
255
390
627
612
590
569
558
561
560
578
576
589
618
680
725
667
634
617
613
655
730
800
757
762
727
803
881
862
838
854
876
829
782
719
729
815
855
753
670
671
646
716
801
818
866
863
742
655
658
704
688
709
805
876
852
705
637
648
692
812
744
702
717
695
638
686
709
775
702
649
610
595
597
623
731
805
792
848
870
843
799
832
841
794
761
750
800
891
830
833
843
818
760
774
828
856
798
799
833
804
674
635
692
868
812
765
672
642
633
622
608
598
600
616
692
664
679
738
738
680
642
651
653
689
657
632
652
671
660
625
591
575
574
584
584
609
713
660
667
680
767
797
787
722
743
754
710
671
731
801
764
713
732
787
725
731
755
768
694
796
822
841
814
838
826
822
809
816
741
643
611
620
648
843
723
708
738
678
648
690
733
723
687
788
784
782
720
742
765
768
744
687
658
691
858
808
783
819
831
793
712
791
877
875
846
852
867
848
781
794
808
807
747
820
807
798
769
807
831
792
737
723
739
753
722
771
797
821
738
655
642
700
687
620
603
645
731
713
700
746
728
693
650
621
644
705
738
726
741
728
706
672
637
625
637
705
801
830
827
758
747
725
724
752
723
719
830
892
815
766
755
742
678
646
674
712
674
674
776
821
744
738
769
773
738
661
670
700
703
639
620
617
665
789
747
807
861
807
705
723
744
762
816
825
805
856
884
817
822
826
782
775
793
758
754
828
846
814
715
730
679
618
624
692
636
645
810
787
762
683
688
699
663
680
814
856
871
818
848
865
861
805
828
845
826
797
783
771
774
720
726
773
760
734
751
777
692
682
805
824
793
729
726
727
697
675
710
829
813
808
756
794
811
798
740
707
679
662
626
590
575
560
571
593
579
571
653
783
725
737
754
786
740
753
781
771
752
677
735
813
829
784
815
866
808
698
668
667
777
711
760
804
848
786
807
818
753
744
816
896
827
829
878
886
857
890
898
869
805
761
771
785
755
757
788
729
783
821
826
766
805
880
860
824
838
795
712
711
905
932
885
870
842
691
646
671
748
810
760
793
803
824
741
722
663
611
600
630
679
676
663
716
763
722
652
661
727
805
758
729
778
801
779
737
778
801
836
768
785
819
827
771
811
843
843
771
815
842
786
739
673
616
618
690
687
781
829
804
681
652
683
695
685
673
642
629
612
596
588
586
609
676
703
682
772
776
715
654
663
739
852
764
698
768
789
827
794
753
780
827
822
777
739
764
771
861
869
867
715
640
674
754
659
619
603
616
657
611
649
771
798
831
812
760
720
735
715
706
693
663
702
868
857
763
758
799
810
761
791
808
819
782
794
861
856
792
759
757
772
758
877
918
883
863
813
785
834
904
910
834
720
707
778
816
797
842
893
839
781
755
754
753
805
816
728
696
734
679
627
640
711
673
723
817
785
716
736
837
847
784
764
820
834
774
797
849
846
764
692
688
791
875
845
791
820
861
832
794
838
847
810
719
780
852
872
823
841
795
821
877
921
888
877
782
668
671
744
841
794
784
772
757
729
695
672
646
627
611
592
579
577
588
633
645
715
913
929
850
802
880
871
720
719
829
835
772
843
861
832
775
888
915
876
891
881
784
819
845
809
757
773
800
934
994
947
915
821
708
671
654
642
732
958
890
814
874
897
841
759
716
774
827
742
727
874
860
786
809
905
921
844
810
773
858
783
786
877
880
799
701
687
698
683
642
689
837
880
834
861
857
789
815
755
756
775
817
795
882
909
866
888
936
938
841
791
810
811
742
832
889
881
902
907
857
779
689
627
627
712
834
740
668
687
752
785
698
703
828
861
813
788
855
892
850
832
880
933
847
862
868
825
779
764
820
770
824
798
769
739
806
832
791
736
754
773
741
832
807
788
775
823
835
743
742
762
679
646
799
854
850
851
795
801
826
815
706
726
868
865
839
751
750
802
879
849
855
898
902
852
731
731
874
892
872
834
890
901
854
874
894
834
795
817
850
827
836
822
719
703
832
848
807
796
717
642
687
861
747
832
807
766
729
729
685
655
631
596
582
573
601
711
840
830
729
756
801
786
743
806
823
785
718
682
655
625
619
619
686
868
863
820
730
669
635
601
588
606
735
689
686
747
917
883
834
720
738
811
836
816
824
822
783
729
792
817
891
821
812
795
723
681
708
774
787
772
808
852
844
754
758
780
788
737
774
837
854
843
834
831
828
858
815
861
892
817
713
763
729
709
945
948
917
838
728
656
651
674
762
802
892
921
919
838
813
761
733
772
726
862
881
866
788
844
832
865
875
883
823
755
849
936
970
937
916
905
873
824
883
951
909
855
863
885
864
787
648
624
635
772
974
919
898
862
808
727
707
692
648
640
674
753
942
813
846
913
835
734
738
759
760
716
673
686
667
800
857
759
854
939
947
920
859
756
687
699
666
617
601
589
591
613
711
891
862
854
799
693
717
711
711
751
750
732
708
719
718
677
635
628
653
750
827
791
738
672
641
601
584
579
588
589
678
745
845
864
746
672
711
851
871
804
696
694
739
884
886
766
759
852
824
708
650
619
597
595
599
589
594
605
635
681
707
837
944
937
883
827
791
764
767
752
707
841
883
903
769
713
767
782
702
688
677
661
705
755
813
729
777
802
757
733
727
656
641
655
680
650
622
646
725
686
710
725
662
617
583
564
545
535
536
568
625
836
802
809
775
676
655
650
637
710
882
874
789
722
808
722
717
833
854
727
632
601
597
631
723
758
819
786
719
648
636
615
591
595
658
677
633
633
663
679
623
598
593
622
700
780
828
883
886
819
805
816
787
762
721
743
835
888
864
842
901
932
921
854
703
684
731
818
910
970
976
890
885
886
873
787
747
835
718
745
972
962
930
791
733
740
707
652
658
760
876
830
879
854
861
796
771
723
714
742
812
759
752
748
696
634
593
580
586
616
627
613
638
751
925
895
796
809
715
731
769
839
854
673
662
692
686
660
650
635
646
680
756
859
864
834
834
786
690
655
632
610
604
652
748
820
850
858
860
839
757
688
629
606
596
621
646
645
659
652
627
595
577
564
552
547
561
578
598
615
645
669
671
625
639
680
729
784
799
690
661
796
877
862
826
882
795
731
741
766
839
776
724
646
608
656
788
764
823
863
780
706
759
864
851
786
749
839
861
862
926
935
864
849
839
704
677
863
890
966
961
915
904
815
690
716
836
886
796
867
950
829
778
915
936
864
822
698
650
680
840
815
845
856
724
766
788
778
728
744
684
656
744
797
823
810
695
699
750
677
669
769
866
807
704
675
631
605
609
712
884
854
842
855
828
796
789
879
901
884
897
868
816
729
689
668
651
645
615
581
564
557
558
568
561
556
563
591
642
712
739
688
654
707
834
869
871
842
769
720
863
895
908
810
856
889
892
776
854
834
727
627
603
651
651
728
784
785
731
663
646
629
636
655
666
721
698
678
757
795
787
668
669
683
688
692
640
620
619
678
643
659
635
622
612
620
741
678
641
604
602
606
595
581
571
579
598
612
663
734
733
634
609
667
811
824
833
848
806
722
746
780
887
846
780
865
950
869
876
952
926
792
813
683
651
771
979
945
877
885
879
763
760
702
657
670
757
901
854
735
719
732
797
776
660
608
570
555
553
547
548
568
660
848
770
825
839
792
678
660
642
674
712
737
675
617
577
556
547
542
546
547
554
539
533
523
518
512
513
518
537
568
659
688
631
659
664
617
642
618
634
641
602
599
621
685
676
705
673
676
692
634
611
608
600
579
610
616
654
736
880
889
853
748
645
623
637
652
680
672
619
590
589
569
560
544
536
536
546
558
564
605
649
630
600
587
565
553
557
576
587
605
623
638
617
624
667
636
611
580
556
532
518
505
500
491
488
484
482
480
481
503
533
557
567
560
585
626
659
735
780
656
596
561
543
530
524
550
604
858
887
889
766
664
647
616
625
611
602
610
662
686
721
777
661
610
585
566
555
553
557
573
625
935
884
920
900
865
787
800
820
770
754
735
834
942
876
783
671
613
575
552
535
531
527
528
535
558
565
603
645
702
725
795
845
843
749
712
737
789
709
636
740
956
813
847
915
724
638
611
652
766
667
626
606
638
720
685
668
644
678
785
896
845
794
891
882
796
755
862
853
807
850
893
911
875
854
827
677
607
580
564
563
582
695
802
741
655
620
707
840
820
732
762
817
791
707
688
808
852
751
842
920
776
769
809
765
694
688
644
616
607
594
624
662
635
643
636
641
615
602
591
593
597
601
611
621
633
633
585
591
598
626
645
678
691
706
745
684
655
642
643
618
593
591
582
586
573
563
552
563
576
605
696
752
781
883
907
802
726
744
785
708
718
854
856
722
730
832
803
767
771
874
813
801
815
709
693
739
961
915
840
846
892
938
824
807
800
737
685
655
661
844
901
924
847
821
808
771
726
749
677
634
604
621
619
670
752
710
771
878
892
884
784
747
795
851
797
816
827
836
803
873
896
726
620
604
669
794
821
735
695
762
662
607
583
571
580
625
771
743
769
906
928
955
912
929
925
785
716
804
927
920
917
783
666
815
995
917
896
819
783
747
730
688
785
887
924
897
838
685
662
677
799
911
872
834
692
688
676
705
727
731
809
870
816
758
767
753
743
703
742
720
754
741
751
791
844
811
788
761
699
703
798
833
821
848
697
642
704
728
708
718
671
639
660
650
698
715
646
677
751
756
740
759
789
734
670
680
735
787
786
803
693
654
629
613
657
717
663
607
612
711
771
740
752
813
754
696
743
782
781
763
811
882
840
825
847
825
797
810
841
757
777
772
734
707
798
793
741
723
777
782
740
827
835
787
788
827
828
768
800
818
737
735
775
718
684
726
810
747
744
799
811
729
735
813
819
766
728
702
697
688
804
837
824
772
796
775
707
695
714
747
691
697
805
791
765
728
767
722
654
688
765
772
717
770
801
783
738
716
657
680
685
647
604
595
685
774
743
786
767
689
622
612
626
647
686
633
613
663
850
881
870
841
749
681
679
708
730
701
716
764
768
720
688
692
729
685
699
726
724
677
717
761
718
734
743
727
664
674
675
687
695
653
615
599
603
627
713
677
733
761
764
680
657
689
743
690
720
832
766
710
692
658
602
577
602
704
738
686
702
767
766
719
688
660
656
622
597
582
579
573
655
739
767
785
716
726
754
813
824
779
790
795
773
729
728
669
638
806
779
738
752
784
719
708
738
768
777
689
723
790
832
749
804
823
798
770
842
848
783
819
844
810
759
840
881
829
856
905
833
828
810
772
710
864
890
834
853
913
881
796
796
824
713
685
764
839
740
784
864
854
824
877
890
790
771
760
682
623
624
730
817
914
923
882
822
698
679
796
747
759
812
846
774
811
823
767
771
799
802
804
792
841
908
888
807
814
838
791
705
712
662
708
768
830
850
857
829
776
692
636
629
667
721
832
813
827
819
800
719
669
657
640
643
636
707
741
725
622
613
649
726
788
872
806
809
708
741
779
782
766
787
701
674
632
597
583
581
627
633
592
613
677
772
823
773
744
704
688
673
648
665
737
741
697
751
671
659
751
908
885
861
860
850
874
813
704
734
712
678
658
621
643
726
717
840
843
710
758
840
865
866
844
869
864
817
787
713
680
616
601
605
646
733
831
878
911
918
880
847
795
784
756
692
735
771
829
744
769
851
901
890
845
764
713
683
716
800
879
806
673
693
836
890
796
651
645
636
675
626
622
625
629
657
674
689
666
636
626
611
609
609
597
570
581
636
661
688
651
636
593
597
608
661
721
765
808
688
685
701
647
632
628
605
605
634
621
599
592
566
555
550
566
579
600
729
770
727
795
792
801
824
738
789
878
718
630
659
935
721
745
877
748
700
792
963
799
929
911
749
726
886
846
937
950
938
945
924
739
801
910
694
715
973
825
880
993
926
929
955
943
752
684
716
852
752
938
949
877
879
782
751
940
778
729
778
928
942
888
863
843
778
710
747
870
787
751
854
922
888
869
881
897
875
843
888
854
727
756
713
660
621
644
972
963
877
736
714
765
956
839
900
976
972
837
720
702
766
754
682
698
729
718
744
740
729
740
788
806
801
813
886
709
645
746
899
748
770
876
890
728
747
906
721
810
963
886
813
823
766
688
738
836
797
716
837
919
832
922
938
903
802
918
957
859
846
911
913
818
843
854
796
827
850
796
747
814
860
793
737
806
876
922
860
973
952
846
895
871
749
803
930
894
816
681
635
609
593
583
581
585
606
603
606
607
642
827
726
652
650
649
712
928
909
857
671
634
646
722
771
891
920
892
844
836
871
813
696
696
732
717
934
952
940
863
766
669
670
695
710
677
636
707
907
949
914
890
869
848
772
786
867
854
791
805
793
749
674
719
804
836
748
801
774
663
614
609
638
758
813
813
713
796
843
746
695
745
871
773
757
818
823
748
806
849
727
703
682
665
639
655
712
740
749
767
664
661
755
888
848
788
651
640
672
754
819
804
760
656
616
631
693
776
715
679
648
638
646
695
842
842
791
738
729
786
794
783
824
825
729
661
680
776
847
839
752
767
802
823
754
726
757
871
887
887
785
773
849
831
785
804
903
949