868
795
806
749
717
666
681
1465
749
740
764
466
1068
728
718
678
684
694
683
688
730
780
788
740
794
861
862
803
754
815
865
856
820
807
778
779
779
877
937
917
871
873
866
792
765
789
799
825
833
828
849
844
814
843
854
848
816
848
896
834
900
854
793
783
767
795
825
807
820
872
883
800
785
752
708
632
622
638
723
826
841
767
745
721
748
718
727
771
775
374
374
787
817
789
778
808
832
828
888
840
776
832
767
742
730
794
795
856
938
919
920
957
915
889
908
925
865
903
938
887
881
940
951
882
935
959
914
921
974
983
951
965
944
925
921
909
859
791
787
834
800
815
862
821
790
830
808
790
863
892
880
875
860
845
788
802
835
822
803
849
800
766
799
799
762
785
835
816
799
819
827
791
842
746
716
771
798
774
844
854
856
826
882
871
833
793
831
862
840
856
909
899
859
916
894
821
810
850
856
800
846
886
849
813
824
860
801
792
805
795
742
727
755
791
788
767
779
764
738
706
694
746
751
772
811
798
824
819
813
796
754
757
742
721
773
800
772
788
811
765
757
791
793
749
786
852
775
759
730
659
636
682
683
739
794
760
720
771
795
776
766
763
773
765
801
829
818
801
816
885
889
880
807
787
779
833
796
748
775
816
823
812
878
883
800
836
865
785
779
802
803
817
888
875
817
859
854
784
790
779
739
734
763
800
791
836
819
812
881
916
905
875
917
906
848
833
866
845
796
803
791
735
756
783
843
786
809
868
857
795
822
839
818
802
825
754
696
709
728
722
751
779
773
748
778
819
806
780
863
899
877
899
876
813
803
793
770
854
882
804
839
896
838
807
788
742
700
713
753
807
764
784
762
753
729
737
755
748
744
742
734
712
683
662
712
755
823
851
799
832
837
806
742
754
779
776
729
764
767
734
697
712
749
695
647
688
771
827
755
738
781
802
788
711
729
747
771
805
760
786
813
848
834
836
839
789
755
790
835
810
834
903
897
835
859
880
873
802
814
844
801
830
897
814
810
778
771
717
745
803
806
733
775
866
897
770
757
716
696
727
789
780
752
816
894
888
858
843
838
819
786
776
838
860
822
788
737
702
651
642
760
824
859
895
909
894
825
817
790
750
788
864
811
838
874
808
845
827
748
787
836
794
771
797
813
771
716
698
775
786
723
681
657
639
604
581
567
556
551
542
535
558
607
770
879
871
875
947
957
915
834
712
662
628
623
627
628
676
844
905
894
745
715
775
922
924
902
885
841
860
867
879
834
707
677
882
862
833
819
796
701
643
648
809
908
920
906
897
863
835
776
726
723
756
748
723
751
740
788
887
846
804
785
786
795
765
783
779
742
694
650
624
609
642
749
718
667
709
730
688
626
612
612
674
821
835
872
846
773
801
779
724
745
778
775
787
862
876
813
822
843
812
809
772
767
700
704
750
780
757
813
836
831
817
853
833
778
768
747
726
765
844
778
781
858
805
784
805
811
755
773
832
787
750
816
828
724
652
669
669
697
780
767
721
753
763
751
759
774
847
871
826
833
726
654
638
640
695
700
823
911
925
839
811
720
646
642
678
799
809
759
832
888
872
809
735
682
649
661
722
845
846
820
904
946
890
847
821
792
710
652
671
680
735
731
724
756
752
792
843
837
840
784
763
749
751
724
733
788
811
821
733
659
618
599
596
603
680
769
677
721
798
856
865
802
793
785
769
731
743
789
850
887
861
899
926
860
808
801
800
734
718
713
652
747
762
810
811
820
791
744
752
807
772
762
808
845
771
795
842
811
774
831
834
762
661
656
668
673
693
740
738
718
702
659
652
622
647
646
649
999
371
701
666
669
692
737
732
739
678
643
632
638
655
652
677
655
682
709
682
698
748
776
781
756
781
840
811
829
872
854
779
849
926
904
829
778
765
746
850
887
811
901
941
847
772
671
701
808
742
803
831
847
849
825
840
895
926
839
782
750
748
803
867
838
882
906
828
862
896
833
836
839
818
785
901
947
890
876
899
850
801
809
858
811
842
855
801
762
782
826
808
803
831
807
819
841
823
781
782
759
732
677
641
625
648
711
798
791
725
759
785
754
749
769
773
746
771
806
836
766
825
842
871
809
816
830
842
782
778
800
752
790
837
814
804
801
786
709
686
678
684
624
618
616
646
729
729
710
765
769
730
716
720
733
679
705
750
784
761
778
766
760
702
679
679
639
597
626
643
733
817
819
803
819
847
754
765
760
700
751
770
792
779
823
845
774
698
649
640
697
761
723
705
734
742
755
714
711
724
694
718
750
759
706
711
758
759
718
729
729
680
693
731
730
744
764
734
675
708
719
664
679
737
714
670
687
700
688
711
771
772
715
736
746
690
686
690
691
650
633
635
638
617
617
608
596
566
543
527
517
521
537
593
680
753
767
722
709
677
707
733
645
595
556
534
519
511
504
503
515
541
571
607
574
565
551
543
539
536
581
654
743
736
744
702
715
633
595
584
604
646
701
687
669
667
621
610
579
556
563
584
624
564
532
521
521
535
583
694
660
612
601
613
630
617
611
630
640
649
646
616
586
565
548
536
532
539
591
726
659
613
623
587
587
635
748
769
662
629
622
710
853
842
820
807
725
737
797
838
866
815
771
721
634
636
631
777
804
785
734
637
585
559
600
677
707
793
806
716
754
741
667
692
738
728
641
580
565
552
531
528
521
533
549
557
568
579
635
649
654
626
593
595
585
589
613
626
625
518
871
745
714
680
693
784
873
895
905
920
925
920
820
744
783
815
804
680
633
615
735
862
826
811
808
824
735
655
618
604
600
620
646
774
857
852
756
757
764
776
721
675
646
625
646
705
685
770
782
786
736
705
693
732
762
790
829
843
771
763
745
723
711
784
831
846
767
720
721
765
810
827
765
742
742
800
862
869
870
854
854
711
627
603
599
619
642
678
871
862
924
878
850
811
807
702
640
625
618
592
571
562
554
553
561
567
600
721
835
856
738
665
712
756
713
652
656
635
617
632
678
688
738
674
640
612
587
583
594
634
701
731
766
793
716
627
597
580
570
568
586
610
630
611
642
661
615
1237
584
570
561
549
549
564
579
592
690
749
756
761
796
871
805
717
750
811
713
680
642
605
658
697
735
791
812
865
875
797
664
624
669
625
598
566
550
530
524
531
580
621
620
638
641
620
613
601
593
591
599
623
665
684
707
646
630
619
611
607
585
610
640
633
613
622
658
670
666
659
679
712
706
760
718
728
750
812
791
785
746
670
644
630
638
641
713
723
680
631
616
585
564
548
534
529
531
542
541
537
554
604
630
637
713
830
813
779
730
293
359
621
637
661
806
929
951
919
886
722
633
597
579
571
575
667
763
732
691
813
748
657
650
634
642
646
661
718
764
818
836
913
864
808
688
629
621
632
651
783
762
781
791
936
964
871
867
832
836
764
751
756
742
792
814
853
884
820
734
684
665
638
628
650
688
719
699
655
680
741
722
680
677
648
667
688
636
619
685
742
813
852
854
796
772
775
772
788
849
843
856
838
818
872
851
787
708
731
800
864
815
770
828
885
818
809
795
747
701
686
664
719
785
802
788
812
837
835
760
725
771
806
788
793
831
856
852
802
813
824
786
770
783
727
646
639
732
784
769
798
804
818
743
780
808
814
732
751
801
830
773
808
845
813
741
754
748
740
705
750
829
871
813
838
836
767
750
761
747
681
670
726
774
786
764
699
720
735
745
739
768
795
777
721
745
789
781
747
812
854
837
785
784
763
707
686
702
633
629
722
711
752
775
807
728
726
780
781
774
826
841
805
865
873
815
798
846
865
795
803
844
852
759
766
802
786
764
704
682
740
796
798
754
772
774
730
690
718
729
695
651
683
782
825
819
742
719
773
779
726
719
742
787
739
765
780
793
743
755
704
664
673
724
763
739
754
750
752
705
717
730
716
710
777
688
613
599
602
607
611
624
622
635
669
693
636
682
739
755
765
646
628
618
607
601
609
651
689
641
644
669
703
656
658
645
644
625
664
696
706
676
712
750
758
706
745
769
775
743
747
796
801
771
794
801
752
763
784
766
731
796
783
722
745
795
797
740
743
750
703
727
744
767
683
675
793
823
830
729
641
602
586
674
862
813
855
888
882
787
778
809
872
765
803
892
936
878
903
964
921
820
835
887
832
795
850
926
895
805
808
820
858
802
813
853
828
748
815
871
826
798
819
818
766
786
829
821
834
877
804
771
773
786
742
740
648
681
773
746
798
859
825
798
838
861
810
709
737
812
875
913
862
892
900
901
815
828
844
868
862
784
706
800
866
830
906
925
870
869
854
827
718
759
853
904
845
895
936
892
867
896
868
787
827
872
806
814
879
853
833
882
791
816
870
835
759
841
870
873
801
802
791
774
826
866
801
821
917
826
769
783
758
744
785
835
796
841
867
813
774
797
799
770
812
845
767
798
836
780
763
795
870
814
811
819
780
752
769
814
730
776
813
740
669
635
1006
930
857
776
707
705
666
706
771
808
816
813
805
754
805
830
844
851
835
869
816
729
688
697
726
815
781
780
714
676
625
604
634
619
614
626
639
626
622
660
703
692
660
631
671
708
728
722
683
704
745
793
769
718
765
809
728
813
713
700
672
670
724
713
678
696
702
721
710
761
778
715
735
754
743
702
729
738
683
635
633
646
625
618
646
708
753
765
804
778
729
768
773
705
760
790
710
734
782
798
709
757
751
735
714
678
698
629
610
596
596
600
605
618
651
619
627
650
644
638
611
607
607
618
636
630
680
699
289
338
658
668
683
665
622
660
712
718
673
688
709
690
656
647
718
774
751
760
793
761
734
768
780
727
729
765
757
735
663
611
643
704
680
718
750
780
716
712
720
755
712
728
767
769
732
780
793
798
771
798
823
770
761
781
764
735
783
753
697
749
790
755
794
807
741
748
756
739
675
666
718
761
738
794
817
772
773
800
776
702
722
738
701
723
757
767
729
774
805
760
752
751
718
673
643
646
632
612
647
709
729
671
657
728
736
736
722
713
632
611
669
710
736
789
831
817
764
802
824
756
715
758
749
744
861
915
853
839
823
754
816
857
808
811
830
836
789
807
777
756
793
854
893
870
853
765
772
781
755
702
768
831
807
816
851
849
777
772
765
668
635
598
581
580
604
622
613
629
661
660
671
627
668
715
705
673
668
683
706
767
729
737
788
804
802
811
787
752
777
762
757
813
823
781
776
840
863
863
773
690
712
771
821
856
841
825
818
813
800
719
648
644
729
959
925
854
936
964
925
790
754
778
783
815
863
844
822
756
648
629
625
610
629
625
613
600
611
670
734
850
849
853
859
821
665
636
786
952
938
941
956
938
891
727
714
780
783
827
788
769
791
777
714
688
638
607
604
613
677
767
799
744
725
727
708
659
665
653
628
602
597
586
581
612
655
731
870
890
865
842
813
805
788
813
830
733
637
660
840
803
812
838
834
788
697
715
782
872
830
816
886
910
895
873
885
885
840
778
696
731
779
733
744
805
805
813
898
847
773
697
665
652
725
977
864
817
794
773
767
805
813
809
897
937
944
895
877
771
674
728
807
771
797
861
805
823
819
814
763
806
819
783
821
817
779
805
822
788
702
711
763
782
782
782
784
703
667
705
766
778
805
783
806
789
755
728
701
654
609
625
677
829
859
905
835
831
722
659
803
920
947
879
884
874
857
753
766
795
816
730
836
874
813
695
700
728
699
786
838
814
830
858
803
740
758
760
746
677
688
752
777
771
711
726
787
773
787
738
769
768
678
643
600
571
561
564
580
630
750
731
740
841
869
826
775
771
773
773
721
792
819
824
808
794
828
836
776
800
820
842
793
803
798
799
766
837
917
933
861
890
912
838
820
901
919
823
848
885
848
880
733
744
916
882
913
941
877
887
782
688
714
770
857
888
770
742
770
719
829
899
892
845
731
783
850
700
819
927
981
1014
978
956
946
940
907
886
869
870
851
818
926
957
861
874
902
906
907
865
862
879
848
819
800
803
685
701
818
887
874
734
837
907
752
667
749
815
817
863
888
791
659
660
706
872
851
770
793
774
793
728
745
693
712
736
740
756
756
724
726
684
793
835
827
793
813
846
757
663
629
601
574
556
555
594
677
783
820
828
889
908
859
849
864
835
838
860
881
842
897
921
838
843
865
762
798
814
786
761
812
827
785
817
809
723
729
733
720
714
823
804
786
742
770
783
806
805
755
700
714
721
743
734
736
742
676
660
727
848
892
902
880
887
862
742
723
860
944
873
942
999
900
917
948
815
823
893
750
731
813
899
793
823
772
807
903
916
816
846
871
831
950
941
716
691
1135
988
964
953
806
759
785
739
717
731
771
854
873
853
818
771
676
632
674
880
889
917
866
808
771
885
915
879
852
944
991
938
887
951
934
851
846
784
800
871
891
864
904
904
861
842
875
907
872
870
922
918
866
899
923
873
884
870
817
779
795
826
827
822
863
898
839
847
842
842
738
768
800
808
751
776
838
853
813
744
727
776
788
763
717
704
718
744
758
748
764
770
784
768
712
699
691
745
800
771
749
726
754
741
739
742
738
668
614
614
650
624
636
654
675
655
688
806
831
766
780
800
775
764
822
852
812
848
879
822
811
811
777
750
795
833
846
815
842
874
850
836
896
885
824
851
869
824
829
868
870
806
821
830
819
750
808
818
822
775
808
857
824
851
848
801
820
822
813
767
773
801
771
778
818
843
811
801
803
715
677
738
776
692
639
682
700
688
774
813
831
733
745
808
817
775
744
804
862
866
812
801
826
819
804
825
808
744
750
765
787
703
760
778
754
683
734
776
788
748
808
805
776
727
750
773
762
701
746
751
736
673
701
758
780
721
641
671
662
714
748
729
722
697
692
680
677
699
680
679
727
793
824
809
813
773
752
730
745
686
671
683
834
782
657
612
594
593
589
582
599
603
609
632
658
671
639
624
681
777
813
820
728
707
688
693
772
754
725
720
701
664
708
719
718
729
803
768
753
730
712
668
690
727
736
771
802
749
740
739
742
763
786
767
732
706
694
686
731
770
774
737
778
831
782
761
743
704
643
657
741
732
701
750
808
802
758
729
686
631
610
635
758
798
804
799
754
678
604
605
683
726
736
828
864
847
802
713
718
768
824
785
712
742
780
773
810
914
929
812
774
802
809
789
730
780
808
817
806
821
851
778
695
643
721
834
910
929
916
848
786
836
842
805
794
863
866
895
845
852
857
854
803
852
898
903
828
847
866
826
740
760
842
768
793
800
771
733
810
823
792
801
841
831
757
783
802
763
762
825
852
805
840
862
833
803
779
672
616
643
679
725
879
883
807
804
839
828
731
733
769
798
738
679
825
874
924
905
815
805
803
793
771
821
846
820
774
792
810
845
782
729
770
812
831
770
775
765
744
736
789
828
747
774
809
818
788
809
822
813
759
749
769
723
735
777
825
774
797
853
859
762
760
795
787
753
823
878
845
860
881
803
780
783
763
709
628
627
805
902
870
778
816
841
789
728
781
794
728
737
759
822
816
849
848
805
823
830
782
800
840
804
753
792
801
780
716
780
837
840
783
811
823
764
766
769
780
730
762
813
799
794
823
728
684
902
905
857
812
785
698
628
586
579
604
604
652
750
808
813
738
673
698
727
794
822
805
741
684
747
767
768
847
924
929
824
813
789
697
684
769
856
887
798
770
758
754
726
764
831
860
890
854
867
854
814
740
695
739
720
691
845
882
878
763
725
693
728
751
760
702
664
740
789
905
908
870
802
773
721
669
759
743
682
693
729
788
802
819
729
675
679
694
712
727
651
616
665
818
888
888
826
682
673
768
913
904
852
756
706
723
722
688
734
812
842
761
707
728
735
722
759
792
807
775
792
780
757
708
728
769
747
752
723
747
692
699
694
676
659
637
628
612
588
566
541
526
522
526
568
668
790
747
648
683
726
808
780
707
699
694
670
710
724
718
740
711
709
673
620
604
599
646
699
673
709
735
746
729
765
803
779
713
721
767
764
681
692
717
692
632
587
636
787
710
782
811
752
692
688
677
642
655
669
716
661
668
678
675
646
646
689
698
643
707
706
694
635
622
681
683
648
700
737
734
708
724
733
709
770
828
749
701
720
738
722
666
749
832
837
734
733
699
654
625
659
715
722
677
736
762
748
721
669
653
646
636
626
587
564
601
643
652
721
756
669
677
784
810
775
760
801
817
769
780
796
754
739
746
770
766
757
720
739
705
734
781
812
773
813
786
699
626
620
762
893
891
836
787
729
703
683
684
636
584
574
680
773
801
776
793
834
791
697
628
686
771
822
792
773
679
691
749
768
718
692
719
745
707
687
718
723
678
643
718
753
790
723
686
738
737
698
642
628
678
724
748
708
700
725
694
671
690
752
784
711
669
700
722
726
687
750
787
786
773
728
681
681
735
783
720
787
795
744
625
617
674
771
790
795
712
673
704
760
761
764
762
758
769
695
616
611
626
650
614
574
581
637
620
641
707
724
673
647
670
713
704
658
681
734
746
727
728
676
615
593
605
666
752
742
705
688
662
637
679
722
782
726
654
637
646
684
669
624
651
673
654
669
651
643
632
598
589
597
661
639
576
567
566
619
645
631
583
563
560
594
645
689
678
626
618
603
598
600
592
585
609
674
719
704
637
619
586
565
531
504
497
502
523
539
557
577
568
574
573
560
551
540
518
508
507
521
543
570
590
563
572
589
619
589
562
553
560
556
540
533
530
525
525
526
525
519
513
505
498
481
479
475
477
484
499
508
516
515
521
518
518
529
521
518
512
507
499
490
486
500
524
556
593
586
588
579
580
590
587
593
584
574
556
542
516
521
559
634
671
669
666
632
640
631
597
592
617
656
688
689
682
673
659
637
645
587
577
597
682
743
699
647
591
562
562
601
674
715
732
751
735
707
677
663
663
633
654
646
653
653
588
612
697
749
765
771
750
730
698
646
638
705
795
798
771
702
714
792
808
813
790
694
628
662
748
777
805
821
824
689
667
734
829
847
846
817
817
784
791
778
790
802
779
753
650
631
674
771
819
832
851
851
749
645
644
703
629
708
848
882
896
876
848
805
776
683
678
814
839
896
888
898
896
825
765
695
660
726
775
809
745
750
780
803
767
701
722
831
832
835
688
651
999
919
968
955
887
907
933
918
876
947
973
923
979
956
928
862
896
906
901
889
974
962
899
944
955
921
881
929
923
872
893
842
890
917
938
888
890
909
844
811
894
960
823
701
904
971
938
863
872
879
826
772
783
688
641
709
819
781
736
735
781
826
834
809
786
818
849
881
846
908
927
894
856
900
893
774
785
835
843
760
830
898
862
838
892
868
765
751
739
776
762
747
739
781
767
737
717
792
780
807
796
754
766
813
766
704
694
771
775
729
700
787
895
929
920
907
845
698
642
621
667
756
771
753
805
848
883
803
745
753
825
784
696
652
628
615
654
796
738
634
638
804
763
867
877
788
709
759
769
702
694
825
842
848
875
806
730
698
721
771
775
799
792
687
690
703
690
712
666
637
682
781
848
837
732
669
641
644
688
679
643
620
605
601
616
628
681
751
750
754
729
657
645
614
608
629
677
773
799
791
798
809
804
777
793
805
826
825
820
807
811
835
811
776
820
871
798
804
856
764
755
740
689
680
700
772
808
765
789
802
844
827
814
842
863
870
849
902
913
858
853
715
667
854
765
816
916
907
835
863
849
775
843
934
938
879
902
906
848
876
879
813
804
808
767
811
863
867
849
849
857
818
818
846
809
776
791
813
760
705
667
729
772
758
771
714
656
629
599
584
592
646
755
792
834
787
809
808
718
653
621
612
640
729
789
776
817
812
783
737
690
740
779
776
763
727
663
654
641
623
602
572
553
540
533
538
561
596
626
711
717
738
698
668
767
820
824
854
885
899
902
877
759
663
738
915
943
962
965
917
883
854
847
745
658
638
814
894
894
807
759
833
862
856
804
777
803
836
896
910
875
878
882
917
892
846
827
771
707
827
913
1000
950
931
971
976
928
968
988
988
919
906
931
880
845
1006
1056
1018
973
832
832
821
817
740
746
857
950
876
828
737
662
641
706
974
906
772
665
650
657
669
806
882
938
977
894
762
785
809
785
783
720
770
878
860
777
823
854
810
718
785
687
640
675
704
688
640
630
646
740
820
867
900
900
853
851
795
807
782
783
699
652
660
723
811
833
819
764
738
698
645
639
675
775
797
814
796
766
742
715
696
749
759
757
724
765
758
720
714
755
801
708
647
608
572
561
547
546
570
691
849
857
765
657
696
756
688
737
792
826
824
825
842
873
892
899
898
875
809
875
861
801
729
837
891
865
775
813
824
853
803
801
786
721
644
632
679
716
674
781
816
783
679
720
799
694
685
698
705
647
687
743
798
692
679
694
731
721
718
684
659
626
620
629
639
634
616
621
624
671
715
794
832
851
850
853
860
804
752
670
642
686
877
887
911
917
891
852
796
773
743
779
739
650
663
814
869
870
865
879
882
867
750
782
859
969
938
874
925
961
900
833
720
717
751
793
779
824
792
743
670
618
590
572
621
765
736
681
621
667
732
743
668
729
799
813
736
728
765
785
709
642
614
698
696
709
782
846
827
711
675
728
793
761
679
660
667
692
693
689
642
651
672
696
677
665
623
592
589
576
575
572
584
609
650
705
723
714
684
618
633
634
688
731
738
706
743
854
792
737
745
686
624
609
590
576
575
583
598
626
729
800
843
837
796
794
794
770
773
739
738
740
775
859
850
838
832
791
802
832
824
781
771
771
783
775
811
833
762
760
812
770
750
793
813
765
772
813
769
713
747
802
778
726
718
732
733
709
718
777
790
737
740
703
648
620
659
691
733
779
844
858
807
818
828
804
806
860
800
694
728
788
828
827
763
702
737
793
817
812
743
733
741
777
788
760
731
766
776
776
748
699
702
640
631
643
600
578
567
562
569
623
715
705
646
610
592
586
589
618
654
723
743
752
782
797
788
671
659
747
772
785
812
771
764
798
804
813
751
806
870
891
819
832
818
772
703
732
780
794
794
767
798
810
814
795
767
758
768
777
804
838
859
759
761
781
774
756
801
830
805
750
765
786
777
740
760
789
769
718
746
737
755
762
815
844
769
758
792
806
766
692
689
673
742
760
734
790
854
815
828
816
797
736
725
720
666
615
611
653
658
738
819
840
775
769
802
814
774
793
782
779
717
758
801
804
739
771
798
778
724
749
764
691
688
726
766
834
857
800
730
746
761
762
723
740
771
770
773
785
813
827
755
747
762
776
718
733
745
777
747
759
779
774
731
730
740
712
668
696
735
792
711
704
698
694
720
713
678
637
644
648
666
663
641
660
719
731
726
686
646
661
645
611
592
646
726
708
727
775
840
832
730
719
758
773
726
739
781
813
766
778
848
856
801
782
792
797
770
791
804
830
744
758
808
811
784
727
747
777
735
666
681
758
783
814
789
748
765
776
737
697
729
795
815
774
720
757
773
779
747
779
802
797
750
716
761
814
861
846
750
761
782
842
816
735
759
848
879
798
789
796
794
742
771
821
825
768
798
701
642
684
684
675
750
783
834
793
756
762
773
756
697
703
763
903
896
814
851
897
769
752
782
822
751
758
848
923
860
813
840
852
782
707
762
801
853
787
809
864
873
816
744
735
768
765
755
882
938
924
817
852
863
860
742
726
701
754
689
703
700
697
725
749
694
704
758
744
693
712
698
683
665
643
603
599
679
728
771
773
708
712
703
675
661
695
782
762
783
774
733
731
688
713
801
777
737
677
691
735
760
747
729
713
759
759
745
754
791
771
805
848
813
777
783
758
774
801
770
826
812
792
832
829
845
814
818
836
741
656
709
765
832
812
842
820
744
724
760
761
750
759
766
778
729
763
769
710
655
677
685
665
604
603
642
707
732
735
665
674
739
764
818
781
735
707
665
657
678
713
681
724
805
779
752
750
736
681
665
727
827
826
759
781
819
815
752
716
735
770
722
667
707
697
767
757
793
757
747
752
729
682
671
626
622
660
790
829
800
809
802
773
731
708
700
672
692
782
826
854
768
797
873
902
878
844
799
794
668
685
817
911
948
979
947
936
912
884
856
841
779
405
471
901
923
818
752
901
980
1007
1012
986
958
853
705
655
954
988
993
905
902
964
978
957
841
917
1066
1014
880
758
783
748
706
766
917
971
966
935
814
706
728
858
905
947
941
920
830
845
909
902
902
779
676
750
877
892
921
875
842
904
911
867
865
879
858
824
793
744
694
739
888
961
959
886
900
896
887
822
829
836
855
966
972
895
933
920
848
776
828
873
808
752
799
830
834
785
815
853
800
767
770
767
771
676
679
729
802
790
723
679
696
748
763
767
717
757
802
816
825
746
757
808
854
811
761
741
726
745
841
871
811
763
796
820
819
745
756
705
652
762
861
797
840
848
832
753
786
816
801
735
795
886
867
783
711
737
790
835
805
777
785
825
819
748
766
770
802
768
760
840
863
799
724
748
772
825
816
874
871
872
784
780
783
775
679
617
615
707
802
876
845
864
864
814
710
792
837
784
684
798
905
893
802
814
807
743
703
692
771
751
773
813
742
743
753
729
686
702
739
824
776
784
829
861
843
845
818
810
758
799
896
926
903
857
868
821
866
927
904
880
892
879
808
700
650
704
852
910
850
950
988
873
865
880
776
794
748
700
672
812
795
851
868
890
900
855
813
714
677
685
695
706
677
807
813
812
856
891
884
848
801
751
743
858
803
782
695
652
838
962
891
783
684
698
800
887
880
744
779
840
876
766
699
750
835
874
880
794
682
703
882
952
983
949
864
883
904
920
832
811
894
929
936
916
968
919
860
749
752
813
742
857
932
890
844
871
899
798
817
878
894
843
797
833
930
994
920
886
958
934
897
848
855
877
860
826
901
934
910
896
902
866
821
849
803
741
802
822
828
758
841
896
781
648
652
695
714
785
820
821
828
777
723
650
611
611
705
844
869
881
842
855
905
942
896
921
938
865
844
905
890
815
871
892
822
840
905
957
936
864
754
732
782
878
900
852
754
754
767
851
931
938
893
909
917
876
859
825
789
776
732
760
774
714
656
718
830
772
833
847
856
795
812
835
847
781
841
862
890
799
811
914
936
863
894
938
904
886
892
866
812
809
721
708
764
787
657
689
723
821
828
804
768
739
688
669
686
718
710
743
657
667
738
740
744
740
734
728
701
663
648
626
609
568
553
548
543
537
546
564
595
615
602
587
581
574
581
585
586
586
600
599
601
605
645
726
791
769
771
713
679
824
781
719
717
724
696
674
813
897
856
834
808
804
843
918
827
810
774
714
793
985
994
812
782
803
923
814
717
803
872
1009
906
935
916
923
835
866
895
917
820
800
800
929
876
879
854
856
719
699
753
864
736
776
879
813
787
933
920
823
726
762
858
728
726
806
861
748
836
841
729
651
625
647
695
733
720
669
700
851
840
696
724
853
844
852
819
814
841
790
783
825
850
781
736
819
913
871
747
749
878
894
741
755
789
685
686
694
722
671
710
798
846
825
723
729
751
822
874
832
830
845
870
771
827
862
896
797
777
858
901
871
769
792
892
868
762
759
804
821
760
828
845
805
760
838
833
677
685
813
734
888
914
892
784
836
876
800
834
919
904
874
897
919
807
852
862
818
890
1000
964
844
857
878
751
691
767
923
861
871
941
941
885
884
771
707
753
938
831
802
790
790
707
768
854
787
786
888
942
908
727
718
779
835
774
908
931
844
868
822
714
758
873
795
741
831
766
702
739
790
739
742
778
800
709
695
735
729
792
730
730
775
754
776
786
693
636
635
692
930
872
854
775
706
771
832
759
720
914
914
793
840
926
867
772
862
865
721
751
842
1078
764
344
272
388
573
364
610
1214
3911
860
403
464
2111
2892
1405
9562