834
886
835
738
652
750
661
600
730
756
816
822
760
700
658
645
620
682
716
651
688
726
803
787
794
725
725
790
829
820
791
814
858
849
796
811
835
844
786
796
836
826
763
746
740
688
647
619
621
633
621
569
559
573
590
585
649
628
648
669
635
614
630
713
779
695
630
588
568
575
611
668
629
716
691
694
640
683
733
705
728
836
813
714
770
799
750
650
644
676
696
635
658
771
781
824
816
861
814
782
731
739
773
808
777
805
840
847
799
799
800
814
756
787
813
773
755
785
810
808
781
790
796
756
728
736
745
700
706
752
762
698
695
691
703
653
633
717
744
686
629
628
664
694
707
699
739
754
646
614
717
742
685
651
662
664
683
648
675
724
764
752
775
777
768
764
729
714
679
685
673
644
677
769
778
788
755
723
755
771
752
726
708
671
607
596
653
711
693
705
721
724
676
627
675
729
747
731
698
746
746
739
689
729
751
739
672
650
675
767
852
851
829
756
718
714
745
762
749
759
792
794
790
773
785
792
745
733
748
759
709
668
709
755
763
743
785
803
801
773
831
854
829
774
801
843
806
730
769
792
774
747
688
640
616
610
609
602
575
565
609
660
642
640
686
712
688
652
678
718
727
722
734
767
729
780
804
761
727
755
757
747
743
681
660
662
697
646
694
808
778
708
673
695
750
787
748
771
746
743
723
752
776
773
702
725
757
778
744
761
820
804
751
793
775
702
664
731
794
795
726
738
754
797
800
763
759
758
736
718
692
681
631
664
706
731
724
700
739
762
747
748
760
781
707
665
711
714
650
648
690
661
742
767
764
772
730
733
763
758
749
733
699
734
756
776
710
643
675
687
688
683
664
739
778
772
729
745
757
772
732
740
748
746
711
692
766
818
830
781
784
769
702
708
744
777
740
760
782
784
768
683
660
708
774
767
763
713
696
712
748
774
771
788
783
778
716
643
600
607
688
680
722
841
813
733
667
702
745
717
671
722
755
798
762
739
732
715
660
693
712
733
686
710
736
738
670
654
645
614
582
587
612
608
613
667
716
696
646
661
671
664
627
620
661
703
735
669
723
747
750
712
715
727
712
673
692
729
726
673
704
764
786
804
771
763
776
792
770
757
781
809
759
717
732
758
745
688
633
644
620
593
574
560
562
646
781
800
799
795
829
796
694
764
812
822
818
745
742
693
654
617
694
810
727
793
826
801
718
721
759
760
742
715
761
785
770
744
799
840
800
742
757
767
737
701
738
759
715
646
638
635
675
678
637
626
604
586
568
554
542
560
696
700
717
694
676
634
610
575
573
639
707
668
730
787
802
724
686
758
789
734
720
761
792
782
678
638
667
748
756
737
688
663
653
688
674
648
626
614
601
582
574
564
563
555
549
558
579
585
562
541
539
544
562
596
631
620
603
650
672
647
626
643
650
726
689
664
636
604
609
628
667
648
610
618
666
668
640
705
766
771
740
725
716
676
676
700
680
761
776
711
695
682
667
726
763
713
737
742
748
709
735
779
790
717
725
748
763
729
753
774
735
698
682
643
614
617
661
705
693
716
773
724
703
684
714
723
719
719
669
712
719
723
706
712
710
638
651
700
717
684
633
639
700
766
741
744
709
670
635
623
600
588
600
608
617
606
613
602
586
571
569
568
548
534
529
526
525
531
552
591
606
598
635
639
667
659
711
754
738
633
644
638
609
572
570
600
615
620
694
688
688
653
675
704
711
686
704
704
726
663
676
686
724
660
679
703
646
621
591
563
546
551
559
597
682
646
628
668
649
632
653
657
750
745
707
757
794
804
741
771
722
648
615
605
619
657
749
693
680
718
736
689
721
743
722
663
635
636
631
652
742
797
786
745
738
746
761
739
759
759
712
691
727
754
740
695
678
703
715
709
734
771
772
735
743
752
735
684
688
713
745
697
717
731
758
708
715
723
675
642
649
635
626
669
676
649
673
673
667
660
656
628
638
682
717
768
746
749
749
724
684
702
686
680
666
729
755
752
770
781
755
764
757
716
730
682
636
607
615
657
688
729
712
686
727
749
732
725
709
704
654
645
654
650
624
620
580
572
628
697
660
681
722
758
729
662
670
699
699
677
691
761
823
773
785
788
771
685
663
699
730
674
621
683
767
786
808
740
768
747
734
694
704
755
806
823
746
756
762
755
725
682
731
742
754
745
736
762
765
742
733
753
754
734
730
785
796
745
751
771
770
740
777
769
737
737
750
731
686
695
717
685
638
641
641
629
589
564
564
578
588
663
679
680
656
648
687
696
673
632
677
718
742
723
707
730
735
698
624
645
651
648
662
662
655
652
663
723
749
761
735
766
725
689
628
647
673
722
694
692
741
756
759
719
752
745
686
667
709
721
709
716
752
775
739
749
748
690
641
638
627
664
695
692
684
728
731
715
661
621
655
690
672
641
636
631
616
659
684
682
684
723
747
700
691
659
656
618
657
718
666
670
672
638
618
650
699
681
678
702
674
616
619
619
576
555
551
563
665
684
729
729
648
583
563
563
572
564
604
688
719
695
674
704
746
754
697
646
612
598
599
641
663
633
644
681
693
672
694
758
771
726
727
712
690
645
641
634
627
622
619
607
593
584
573
555
547
550
564
578
597
600
581
618
701
734
668
727
748
684
692
748
717
687
734
744
691
709
742
761
689
722
730
761
685
761
755
724
709
769
765
730
795
802
694
648
676
710
670
752
775
723
715
736
759
753
746
753
743
697
707
748
718
676
671
705
705
679
714
706
642
660
669
653
681
680
692
676
666
624
604
584
574
570
563
538
532
544
563
588
616
665
662
648
634
609
577
556
551
559
587
613
626
640
671
709
703
651
634
652
658
726
795
759
890
912
865
848
858
821
747
755
850
816
738
835
852
817
779
679
618
614
710
697
805
803
818
782
675
684
742
776
810
802
855
870
794
763
793
828
739
770
787
791
784
742
780
820
793
746
784
782
760
769
794
794
754
736
760
812
767
767
835
853
796
797
812
782
700
638
606
574
559
558
569
555
552
551
548
563
609
734
769
776
748
772
786
802
817
796
762
697
717
765
800
780
757
797
827
813
753
798
805
792
754
709
774
762
781
761
712
639
651
718
747
696
752
766
737
685
771
814
818
760
810
846
858
794
802
844
774
737
718
695
743
790
807
761
805
767
653
603
616
695
668
766
784
799
750
687
739
771
731
688
780
771
728
753
794
829
760
761
772
747
710
655
656
702
738
681
688
743
744
755
748
788
769
751
686
710
745
770
723
761
811
822
774
760
791
784
712
703
715
789
746
712
746
770
772
689
730
770
798
707
682
861
793
794
779
719
718
700
716
671
627
618
828
857
903
862
777
669
619
586
581
625
721
757
753
740
729
712
675
634
679
715
747
682
687
735
737
691
705
712
718
658
665
656
667
659
629
608
588
572
555
554
568
595
590
574
582
633
710
713
753
762
743
711
679
636
613
621
627
640
674
637
608
583
642
745
685
759
795
782
689
692
710
698
637
640
755
728
715
673
718
761
744
708
718
742
693
689
749
769
737
714
746
762
719
769
771
771
715
699
688
706
664
769
795
787
763
769
803
773
766
738
716
665
709
743
799
754
813
813
749
729
730
724
646
651
652
671
666
705
715
721
694
729
758
742
709
704
705
715
707
662
668
699
680
683
661
673
675
667
644
603
612
618
633
700
757
731
718
669
689
686
677
674
668
716
714
730
727
779
801
753
754
765
770
754
771
796
777
729
721
680
678
694
785
796
763
718
707
707
644
598
597
612
626
711
748
791
733
771
794
766
694
721
793
731
754
800
773
754
781
771
742
730
773
771
727
783
799
771
729
718
756
770
731
761
806
802
778
786
804
753
739
795
835
817
770
782
737
715
756
807
784
766
792
787
778
758
709
643
668
724
773
785
746
783
782
818
779
794
783
729
713
767
776
729
775
820
849
801
794
832
817
761
778
802
789
756
804
770
763
781
798
769
761
750
747
729
760
779
759
783
793
772
720
670
647
639
638
706
752
743
722
707
678
636
619
608
609
614
609
608
618
625
626
614
587
582
596
610
677
738
759
698
653
712
710
671
677
771
860
753
781
699
630
624
728
747
703
784
829
736
700
849
883
791
731
776
813
726
745
826
864
842
865
880
829
760
797
919
859
854
903
836
729
726
865
875
842
875
900
798
827
861
797
735
779
816
760
693
672
688
720
802
718
740
812
834
782
775
766
688
675
721
709
720
692
658
631
605
649
746
815
794
762
787
814
807
793
755
814
827
778
674
612
601
657
728
718
699
787
807
775
692
713
825
813
707
706
771
797
704
784
829
781
709
713
752
783
685
692
727
819
768
769
745
686
679
683
647
735
826
817
801
800
800
718
729
740
746
708
767
751
785
714
658
688
802
792
731
664
626
593
587
619
621
665
770
808
780
697
749
738
765
812
791
721
814
832
818
868
877
806
777
833
794
727
836
871
791
830
844
776
730
749
749
735
822
810
761
771
757
730
771
864
840
776
795
790
726
772
774
758
687
710
749
754
725
710
675
650
713
657
608
580
568
563
566
592
635
695
698
686
747
736
661
631
596
571
565
554
557
581
629
745
740
724
674
690
679
790
783
744
723
665
702
795
790
753
642
604
611
652
662
697
716
686
652
614
612
630
682
643
613
575
592
630
636
678
693
676
626
680
706
735
659
664
681
730
682
718
741
737
688
726
712
678
657
668
673
641
678
678
650
618
613
610
595
618
664
661
642
664
658
632
614
609
613
596
602
613
612
587
599
601
580
580
569
539
521
509
502
493
490
495
513
520
521
543
558
555
563
547
549
548
548
550
557
590
586
570
593
608
628
604
648
680
641
599
608
643
661
627
617
660
673
621
607
656
684
646
631
655
723
645
677
724
698
640
684
690
645
636
604
577
580
578
590
610
613
626
647
631
600
565
566
601
625
699
705
705
682
625
614
594
599
634
730
680
649
613
594
578
562
552
567
608
679
699
640
637
687
719
740
725
720
665
622
585
558
547
525
527
560
639
736
778
789
823
822
742
730
692
742
723
694
601
571
568
597
698
774
777
836
682
616
625
765
872
854
890
819
711
794
853
895
841
758
833
938
955
847
799
880
921
852
858
905
854
779
830
900
933
846
874
914
821
675
680
964
910
718
665
701
840
920
836
748
801
712
756
879
870
836
800
844
838
840
774
688
673
671
719
745
905
883
873
815
817
792
772
729
732
876
886
864
798
810
846
769
716
846
868
825
859
886
842
794
854
847
765
669
730
861
838
774
705
677
709
814
844
811
863
878
825
819
845
748
642
608
595
599
591
604
622
683
793
837
852
813
775
782
772
796
764
815
820
731
707
671
652
657
646
690
778
818
806
766
759
771
766
748
750
776
754
743
771
777
755
775
788
797
758
763
802
811
772
797
817
849
809
825
847
823
770
790
832
812
742
674
661
636
623
637
740
791
792
781
739
735
749
767
777
782
740
712
656
638
613
600
606
646
723
745
658
611
635
730
735
736
704
693
701
740
766
780
728
740
776
805
777
684
645
925
890
854
829
803
789
741
756
766
766
794
789
711
659
655
671
704
716
709
731
744
779
778
752
702
664
689
720
732
739
675
678
706
764
728
687
670
640
632
635
673
735
694
729
775
788
794
790
811
727
646
642
693
728
730
716
757
746
733
752
760
751
701
689
707
672
646
638
604
591
647
696
721
767
797
755
701
680
664
646
628
619
656
727
752
696
717
747
750
703
644
616
608
601
651
757
752
731
679
646
645
632
628
660
776
800
785
726
669
703
761
732
687
748
747
729
689
742
782
762
756
818
828
763
757
771
740
711
750
713
685
691
710
658
607
600
632
637
696
732
757
686
670
688
689
673
661
727
723
724
677
700
723
729
713
738
801
783
772
794
817
752
760
722
685
652
630
620
616
647
658
644
670
642
685
740
703
667
637
614
588
568
561
560
576
581
587
605
633
762
754
783
811
809
763
724
676
692
722
805
830
774
772
775
779
807
790
770
735
712
771
744
712
702
757
772
715
781
781
717
722
740
705
744
779
778
717
761
732
697
690
694
677
634
710
719
725
665
692
709
689
646
629
611
626
622
616
615
604
583
570
555
551
563
578
591
570
552
542
548
588
633
674
672
657
641
633
616
601
588
561
546
552
635
770
744
768
780
771
771
723
674
671
657
631
608
628
668
664
657
773
800
821
857
828
849
805
761
750
906
886
878
828
790
701
772
771
738
800
779
757
735
649
595
595
649
762
760
735
692
684
660
625
676
828
857
857
844
834
822
801
771
820
779
723
743
811
833
839
803
798
784
709
794
676
643
639
604
774
915
800
763
773
923
920
816
833
910
793
805
867
853
832
874
901
860
907
915
791
766
880
927
852
887
904
830
735
838
902
764
856
897
773
684
771
750
844
721
722
854
894
798
795
854
854
771
792
830
847
792
794
844
883
811
788
845
850
771
785
890
851
782
817
877
824
730
662
626
670
790
707
808
879
859
755
794
812
757
716
778
882
864
830
764
713
745
849
857
799
807
773
769
696
644
616
600
600
615
755
745
683
696
740
689
654
636
651
662
745
774
717
654
661
641
625
618
608
599
625
669
750
831
822
759
679
637
623
624
653
652
634
628
647
688
652
651
637
620
600
585
574
560
549
547
551
563
595
661
736
747
788
769
653
633
593
572
575
628
626
588
620
748
822
798
884
901
854
764
720
642
632
691
689
700
799
765
780
718
648
602
579
564
553
543
538
543
549
557
594
638
695
819
850
840
809
705
645
611
611
633
769
868
832
842
826
742
662
634
617
627
638
625
623
640
635
655
696
736
726
793
812
800
714
709
789
785
773
729
748
794
795
747
763
789
765
753
697
713
770
746
826
833
775
739
758
784
780
725
768
820
807
753
784
857
818
749
715
667
623
624
695
757
760
797
766
736
739
710
646
614
627
638
638
777
827
808
738
780
789
769
724
816
847
826
807
842
808
743
737
833
851
796
808
832
869
819
793
706
681
681
719
685
738
858
846
812
800
784
750
704
683
659
655
717
831
849
834
808
811
816
771
747
797
813
824
760
808
837
817
815
836
780
765
791
814
840
777
813
814
782
763
790
812
774
793
802
784
691
716
732
703
645
652
916
836
803
798
763
761
757
745
755
797
767
776
774
787
788
760
768
804
815
755
777
790
717
698
750
813
786
773
800
786
758
718
742
789
810
765
784
814
827
764
764
773
766
701
727
772
776
747
753
716
651
636
705
694
747
774
778
726
718
787
771
721
672
747
787
831
784
798
815
797
698
652
630
614
596
580
568
565
612
705
753
741
769
773
774
776
748
693
739
798
862
892
800
834
859
814
748
703
795
848
841
784
792
815
760
695
729
763
790
778
731
711
753
732
729
670
695
714
734
698
672
659
679
667
668
662
653
659
641
638
642
665
726
745
751
748
752
784
743
712
749
759
750
730
672
620
610
654
720
687
795
817
802
765
698
673
760
754
724
678
746
777
801
744
771
805
813
782
736
771
796
808
770
746
746
767
696
638
613
619
658
824
808
818
804
707
662
683
690
702
704
631
677
817
745
687
646
626
617
589
571
565
563
568
586
609
652
664
694
710
755
754
686
647
617
605
602
624
634
662
653
688
773
822
891
867
834
794
763
675
633
635
649
760
803
832
865
848
746
667
664
695
747
728
724
769
778
782
731
711
675
658
644
648
667
713
732
755
729
696
685
632
625
631
696
947
929
816
877
932
886
786
779
794
731
747
830
832
820
791
793
723
785
813
771
774
823
825
768
818
871
779
753
731
701
718
684
652
621
595
590
598
616
647
646
672
733
732
848
841
871
841
757
656
637
621
647
789
817
809
908
899
825
834
800
673
651
672
739
770
786
839
847
818
771
751
688
703
771
780
755
756
766
815
762
819
856
806
783
730
639
610
602
619
680
824
868
864
790
680
727
780
719
704
736
760
843
778
787
767
731
700
716
668
617
632
731
670
728
741
710
657
682
735
756
717
744
744
711
684
729
764
788
792
777
782
734
686
700
730
694
680
681
707
670
613
608
633
626
677
685
705
688
662
710
724
703
704
757
787
771
784
815
774
696
693
762
736
697
701
733
746
698
802
836
830
734
753
715
696
690
670
728
784
803
760
809
831
803
716
690
617
622
730
714
818
872
779
763
752
717
681
800
762
732
650
667
721
680
658
717
713
669
625
625
631
658
629
627
620
607
601
605
601
591
595
584
563
564
609
658
705
755
754
743
716
659
641
623
585
574
565
590
612
640
655
652
627
609
587
578
566
572
586
579
559
579
625
743
737
682
807
916
902
722
699
733
752
702
747
874
803
659
636
698
861
876
885
797
772
838
817
749
667
732
925
895
810
820
837
754
758
791
847
801
829
905
854
799
838
824
761
750
741
732
720
693
734
791
769
761
726
685
712
789
810
767
704
658
635
675
736
685
698
794
812
824
868
865
823
780
771
741
700
701
652
629
736
762
750
804
765
714
790
804
758
751
753
741
681
647
610
667
808
713
772
852
883
794
794
801
763
729
817
878
850
892
882
826
789
805
853
797
810
854
838
752
795
838
812
801
845
819
753
771
732
687
745
767
709
794
756
737
731
744
727
710
748
802
766
708
748
773
774
757
787
801
753
743
783
803
782
805
821
820
745
745
759
775
719
751
782
794
760
776
780
738
752
774
774
717
710
746
711
696
740
706
673
708
725
701
665
669
676
689
652
695
742
723
681
732
736
699
663
727
766
744
698
691
662
652
636
669
767
733
688
713
741
692
662
692
673
666
623
653
661
671
637
681
660
632
623
645
662
677
657
681
706
687
640
624
669
709
665
679
738
709
707
755
726
655
654
686
718
647
665
627
595
611
628
613
645
653
669
642
651
673
702
634
610
643
721
743
697
707
751
788
747
741
739
679
691
727
736
635
622
627
621
647
663
656
676
655
663
651
646
664
688
667
644
676
685
685
679
692
721
748
688
704
725
684
669
717
703
692
747
809
745
752
694
607
582
590
605
642
711
724
658
656
681
658
621
629
673
625
583
553
537
531
533
557
604
728
707
691
741
768
792
775
792
805
783
716
734
764
729
671
673
654
648
620
633
643
655
613
610
626
673
662
641
652
688
677
677
666
638
632
619
683
733
731
704
757
776
702
666
644
646
637
660
668
656
591
571
574
608
699
747
684
704
726
687
633
629
633
607
591
631
684
655
670
721
754
687
679
681
676
632
673
696
678
638
638
650
657
677
685
653
686
654
625
595
573
574
590
595
588
587
601
628
645
609
624
633
646
633
668
633
593
577
566
555
553
534
529
526
530
553
583
643
671
730
806
846
873
812
696
695
739
783
765
836
870
791
724
663
726
773
764
688
671
692
748
721
742
758
747
695
699
692
681
648
709
724
687
657
679
684
628
625
602
566
574
597
585
598
597
633
621
632
691
742
696
658
655
640
609
621
676
699
688
678
618
635
716
749
688
715
680
657
630
652
691
721
658
688
742
728
670
686
751
753
756
789
808
772
676
653
698
798
709
798
896
869
821
849
847
788
708
708
803
717
689
646
640
614
634
745
790
734
728
745
728
712
741
748
778
727
753
755
740
703
744
801
786
791
823
806
739
717
748
731
692
800
859
854
802
822
814
730
705
770
725
646
715
807
816
787
816
844
729
622
619
666
748
699
671
693
651
642
633
623
645
744
773
716
847
848
739
687
705
682
764
878
842
763
775
826
870
828
856
897
876
797
770
733
722
738
746
834
812
816
764
738
772
757
719
759
807
736
753
802
808
727
718
758
787
786
841
843
841
742
753
719
689
729
759
812
735
761
748
711
641
611
671
849
783
784
771
729
671
632
653
649
720
752
744
739
636
604
616
644
649
677
695
689
651
688
706
662
617
652
642
597
566
553
549
580
641
640
644
623
633
612
604
604
605
623
601
579
563
553
535
528
523
526
529
537
538
553
577
599
595
593
582
573
558
554
570
610
644
632
676
750
781
728
716
706
676
654
670
688
668
685
684
696
643
639
654
663
662
647
682
720
682
681
654
636
627
714
711
737
721
743
763
745
732
759
736
688
647
671
648
622
581
557
566
592
597
645
663
667
649
662
687
629
642
646
630
631
613
632
657
666
633
646
652
661
630
637
664
711
673
672
701
692
620
591
586
591
604
608
599
589
569
557
553
542
530
525
530
543
569
627
634
642
759
827
816
812
772
729
706
745
791
795
824
861
836
790
662
618
639
695
761
798
849
792
654
659
699
696
706
691
657
613
637
729
761
717
709
738
735
686
684
729
790
720
706
740
747
756
729
763
790
747
767
803
747
665
637
688
775
718
792
847
802
730
728
771
768
757
798
818
786
796
808
713
633
632
672
794
755
782
890
918
844
833
840
770
686
674
706
749
709
723
758
757
717
650
660
689
708
673
647
652
660
635
644
657
663
610
610
598
592
584
589
600
609
597
573
555
546
537
537
548
584
617
591
602
649
674
679
664
708
710
741
675
643
634
679
674
641
663
675
696
663
649
609
579
616
687
626
609
630
647
643
695
771
808
722
741
751
730
702
723
730
702
714
722
705
668
705
687
658
626
593
595
616
681
667
710
732
730
689
689
690
632
611
594
597
614
608
632
658
686
693
707
757
772
729
721
725
731
682
636
604
625
591
601
688
771
738
710
755
777
729
771
812
771
697
696
715
699
632
641
640
630
618
609
635
654
641
635
660
648
620
650
697
688
640
582
564
563
563
600
650
692
666
697
699
678
648
663
722
734
731
781
748
740
760
757
738
769
670
660
641
604
627
635
679
651
698
735
752
729
717
751
741
716
649
698
725
675
678
647
622
606
621
647
707
684
625
610
642
681
734
764
786
734
705
751
697
667
631
674
747
785
730
748
795
825
700
608
590
576
573
582
593
652
688
700
714
713
673
605
587
574
558
547
554
607
703
715
660
668
711
761
765
675
605
618
646
670
720
731
646
675
697
652
636
626
610
633
708
727
720
673
621
638
720
713
685
664
680
759
754
712
719
674
641
637
599
680
835
797
697
614
635
669
703
672
697
725
738
719
697
670
655
697
708
698
638
644
693
692
675
658
691
669
670
664
692
703
700
682
692
709
744
718
709
693
663
630
652
688
739
748
782
768
732
779
813
711
655
656
710
729
706
690
746
724
735
755
755
734
761
768
755
713
715
737
726
705
719
745
805
779
700
687
670
628
610
607
599
593
613
725
771
817
747
733
741
724
692
655
689
729
694
642
615
625
601
597
580
581
602
647
720
709
733
750
753
735
720
721
728
745
759
746
688
675
708
761
785
721
729
717
644
604
585
597
736
846
833
732
673
757
779
771
804
780
704
646
604
604
568
563
587
587
570
573
552
533
524
521
516
520
534
548
555
557
552
554
569
603
633
684
743
762
742
697
684
689
707
726
705
643
603
594
585
567
543
523
508
501
502
530
597
768
722
775
760
781
810
788
757
652
650
755
851
875
863
836
823
803
766
736
615
609
658
771
866
891
890
867
802
709
654
652
606
588
570
556
576
692
857
851
782
787
814
802
715
640
692
742
667
657
657
635
604
630
773
854
849
835
836
840
832
731
733
766
870
882
908
882
836
790
820
835
812
698
631
665
904
890
899
870
862
783
681
639
621
615
667
862
841
675
697
854
855
861
867
852
822
790
800
688
657
691
719
750
837
849
776
769
823
829
801
868
863
777
834
845
752
767
832
793
735
788
847
835
802
818
835
760
786
866
873
808
767
818
840
837
863
883
855
775
748
770
808
819
854
877
825
766
797
808
803
731
771
826
732
686
749
739
682
706
771
770
722
726
729
701
669
685
741
668
627
629
665
681
642
655
664
640
637
648
670
667
640
616
613
634
647
647
651
648
662
681
692
662
646
707
761
743
673
706
725
774
720
708
663
675
699
738
738
738
778
749
756
710
666
698
738
744
693
729
729
746
775
802
752
684
730
776
755
739
780
762
735
708
670
708
718
672
680
700
685
648
698
762
708
655
617
623
639
634
662
761
800
749
791
788
745
719
747
695
618
601
640
688
679
768
791
777
714
737
746
751
744
679
673
710
772
759
750
805
794
716
749
798
775
688
729
801
820
792
789
814
831
762
765
752
728
726
772
779
819
785
737
777
797
774
751
771
766
716
752
814
797
819
789
783
784
746
797
856
836
805
831
834
752
772
781
754
717
764
775
738
729
758
762
731
777
776
693
650
672
713
718
751
819
797
752
694
698
692
718
728
733
700
696
729
720
642
636
681
652
676
698
714
677
660
645
609
621
671
748
813
851
849
808
806
763
730
735
689
663
633
615
595
604
650
742
832
851
824
714
697
702
718
731
738
756
752
676
693
741
804
770
724
825
820
718
653
617
600
599
596
654
705
780
836
729
778
840
835
813
820
839
836
817
911
932
896
822
844
866
848
821
868
863
817
852
823
745
749
825
774
750
856
897
854
866
830
692
632
598
587
600
646
738
776
705
813
854
850
823
843
836
779
852
903
902
854
855
879
776
815
909
911
884
858
796
739
758
845
788
846
880
844
727
663
639
661
625
630
693
756
807
784
731
766
803
843
794
776
783
794
794
747
762
805
803
769
786
803
767
769
769
737
706
742
795
840
797
854
899
805
780
771
737
719
672
682
737
786
702
728
786
795
698
714
714
638
615
648
670
684
759
746
688
695
722
757
693
696
730
776
747
729
763
809
785
787
813
803
748
761
776
798
736
736
701
728
707
702
793
818
788
719
720
739
748
739
759
795
758
692
642
627
629
654
658
649
688
843
866
841
782
800
829
720
651
629
631
610
619
704
938
907
898
718
648
705
753
809
796
809
806
812
828
865
855
766
786
869
881
763
733
826
837
776
817
848
855
749
731
732
798
719
665
730
850
843
818
791
724
699
709
730
756
718
676
650
701
759
807
806
747
757
787
779
688
669
715
801
796
812
788
789
782
740
735
725
678
612
614
697
708
757
755
782
719
687
667
643
643
690
731
749
773
724
718
771
752
776
772
720
709
688
647
643
725
808
833
781
693
723
799
840
848
823
767
650
616
604
646
823
789
837
790
700
737
741
769
738
770
783
816
770
727
665
642
628
616
605
609
629
641
698
716
679
662
701
742
713
649
638
632
633
622
629
728
762
772
700
721
732
800
759
727
699
664
627
605
613
632
607
591
716
761
787
796
762
689
630
613
594
586
572
575
613
708
775
722
676
722
784
798
703
682
672
693
674
682
749
804
792
715
760
754
754
733
724
803
822
821
735
802
722
688
675
713
733
793
699
768
811
831
737
735
739
756
674
731
727
766
748
872
839
756
654
670
734
828
736
782
795
726
714
793
707
633
613
691
777
709