823
705
671
756
856
779
769
787
768
707
789
862
783
713
667
336
302
523
676
575
570
586
622
636
607
595
572
563
581
621
610
676
748
707
665
657
655
856
799
746
781
885
904
785
857
870
810
695
671
802
886
865
750
705
766
740
678
727
717
682
679
726
691
693
787
820
757
777
739
668
667
739
743
725
756
778
846
892
874
795
876
928
819
823
856
847
814
885
931
854
870
896
818
757
804
811
770
767
806
824
757
814
869
810
771
800
805
777
806
728
634
646
678
658
800
827
768
775
799
781
800
738
771
767
719
798
882
852
891
928
868
803
830
780
722
646
679
778
836
839
826
843
749
652
608
587
596
656
845
796
835
873
804
695
841
808
830
891
874
801
744
769
778
813
887
888
854
961
980
930
909
952
928
866
852
862
912
872
898
924
843
816
854
809
804
833
814
767
757
744
727
673
707
739
742
696
679
835
936
907
911
897
812
733
683
675
660
691
734
759
787
771
750
694
649
614
596
590
600
656
765
807
865
870
879
792
656
651
766
711
711
650
675
736
820
818
758
844
931
889
863
863
882
786
771
751
708
755
723
721
831
892
880
884
879
814
694
645
651
727
841
862
926
973
882
931
955
905
835
802
853
885
792
834
938
826
755
699
653
746
824
860
845
827
919
905
799
754
751
767
826
837
849
858
829
777
814
806
811
771
753
761
780
741
731
770
786
757
732
767
789
788
781
853
891
853
804
731
737
712
741
741
812
844
823
856
840
800
809
780
758
739
782
838
796
817
879
810
861
756
670
644
639
598
584
607
646
633
618
625
625
658
745
676
654
711
739
731
701
732
778
827
771
774
813
755
694
640
627
651
764
771
841
817
870
881
854
822
796
733
657
661
714
810
729
772
784
745
724
790
830
808
752
777
813
824
722
650
711
757
702
748
753
733
676
653
658
639
647
637
658
729
749
727
739
757
746
709
764
738
721
694
726
765
751
770
789
768
772
813
821
771
803
816
766
788
802
761
781
795
755
766
788
752
763
790
817
763
797
832
771
746
784
816
756
810
881
830
796
821
805
811
839
822
789
843
864
815
869
844
803
864
831
726
652
650
698
675
657
683
632
681
755
777
789
851
853
775
803
838
735
630
625
664
685
801
860
898
874
863
855
835
781
830
846
772
808
888
872
757
727
718
670
646
628
652
694
696
700
715
744
729
729
756
756
763
821
854
846
838
866
887
830
848
873
802
785
842
857
816
806
846
863
849
908
912
878
844
875
872
801
746
827
890
916
858
799
825
835
747
658
713
774
764
842
883
830
747
764
773
794
797
772
735
799
838
867
821
842
797
765
845
956
936
895
938
975
938
817
765
813
821
808
779
784
782
704
629
660
737
755
770
746
818
800
770
716
777
852
862
861
813
838
827
790
741
781
804
860
827
776
778
796
752
755
782
823
828
761
801
807
822
889
839
882
861
840
813
793
806
835
855
787
774
809
822
794
778
866
902
861
851
836
834
827
861
884
822
830
825
795
787
826
802
726
642
665
753
845
883
839
750
796
841
869
859
817
750
765
733
704
774
845
897
828
861
874
835
794
850
896
900
823
845
854
821
757
699
677
854
822
819
811
795
764
733
649
623
693
736
844
842
873
871
853
828
777
745
749
724
742
713
698
692
650
718
783
835
807
802
803
764
748
711
678
646
636
659
727
777
743
784
791
775
764
773
724
667
614
598
589
585
576
580
598
653
662
661
627
627
623
647
632
610
600
603
619
618
611
589
593
587
607
702
761
753
755
688
692
736
747
748
704
655
637
643
671
639
666
645
665
739
747
740
720
674
634
624
640
694
783
779
806
827
797
757
786
683
635
598
576
559
552
564
624
782
831
868
864
768
785
824
834
776
837
731
689
645
629
610
624
781
801
824
844
897
889
800
788
853
830
833
828
806
814
813
840
741
743
828
877
927
942
931
914
871
742
700
816
902
863
795
700
644
638
653
685
740
704
807
895
931
953
933
825
732
736
694
698
769
979
918
922
881
866
885
853
781
719
746
868
953
918
929
856
835
819
812
909
929
942
947
871
872
827
781
729
686
643
635
696
888
915
798
925
956
1021
978
974
903
879
886
938
949
938
891
837
784
829
856
834
828
751
820
759
688
656
618
592
573
563
561
571
629
757
818
850
788
811
900
900
911
789
670
716
856
935
874
813
814
773
883
1004
1040
940
872
865
821
795
881
919
812
744
799
874
855
820
885
881
807
713
696
794
826
958
814
762
670
671
740
805
854
890
893
900
889
853
835
812
729
639
603
594
619
896
940
990
905
884
942
1066
1049
976
922
916
908
874
851
807
776
786
801
789
796
791
744
690
786
832
896
886
807
796
743
687
672
636
619
644
757
733
816
776
728
694
731
817
829
896
905
871
841
823
760
677
636
623
605
607
659
786
876
921
859
924
885
857
851
810
779
793
830
827
772
823
869
914
843
811
780
747
714
666
711
772
808
799
734
762
775
808
846
912
879
885
834
732
688
687
739
938
956
968
974
980
956
772
699
882
888
932
929
872
839
750
758
792
838
842
784
883
838
756
683
696
653
633
614
604
601
599
599
626
724
796
770
805
846
859
838
771
792
829
849
835
837
868
898
859
838
858
877
815
823
834
762
783
754
773
751
763
777
752
766
814
809
771
784
802
762
755
726
657
678
733
787
832
813
719
701
940
908
917
889
813
686
642
672
736
793
873
866
881
899
869
845
826
774
702
660
642
621
612
610
621
739
858
864
838
789
727
743
767
796
803
745
735
819
888
880
784
831
851
870
778
795
828
886
837
868
850
841
802
808
722
646
662
768
771
755
783
833
823
794
824
807
729
743
738
750
717
755
788
792
787
877
913
835
876
854
789
767
794
800
769
765
805
810
780
754
738
787
862
849
782
794
771
805
758
763
814
850
850
800
862
896
823
852
857
814
766
833
819
798
831
852
831
806
805
799
760
750
769
784
761
717
726
747
738
747
781
765
715
727
774
783
781
751
845
896
850
767
772
785
778
761
813
873
860
820
845
877
844
775
779
802
812
773
834
900
863
842
884
858
771
791
840
835
802
834
817
729
746
669
627
654
713
668
733
779
800
759
790
827
856
813
853
866
854
836
875
877
814
829
844
870
840
889
911
841
817
822
888
854
924
919
923
840
877
857
796
796
771
805
771
827
863
816
738
732
750
757
722
767
793
822
782
807
801
774
731
770
872
911
833
851
876
852
871
889
813
826
841
820
812
819
808
753
747
820
864
774
671
689
790
822
799
724
764
805
824
831
783
703
686
717
731
712
671
700
706
725
668
716
789
800
753
794
834
808
809
829
873
843
901
942
909
956
932
873
872
854
798
773
834
862
792
843
906
847
840
885
915
855
911
932
868
885
914
879
854
877
880
830
884
887
767
708
639
646
732
689
766
867
870
814
862
825
787
803
890
897
814
892
915
865
841
892
867
803
862
878
879
874
913
911
854
879
908
865
836
876
873
784
755
756
713
700
743
756
710
711
756
822
814
770
818
847
837
772
738
751
710
695
750
737
717
683
681
652
685
710
765
796
761
788
849
841
743
644
626
669
688
807
853
857
842
875
333
590
826
813
837
845
769
923
998
906
854
940
892
797
899
938
916
855
946
938
870
838
843
898
866
841
848
886
786
731
786
707
760
872
887
837
763
845
888
930
896
931
926
872
785
847
896
925
876
954
941
873
887
884
829
764
815
889
879
893
880
804
722
764
816
892
828
850
935
965
866
903
940
882
843
875
983
890
885
896
864
859
965
945
914
886
850
820
907
958
898
976
966
862
867
790
783
717
803
804
739
753
823
810
705
639
673
727
722
642
667
773
876
898
864
946
959
905
839
896
947
879
890
992
930
872
930
1009
942
946
938
903
815
801
886
974
917
965
946
939
874
826
768
715
676
820
945
1007
981
975
801
812
850
910
851
785
759
810
934
856
823
958
956
928
842
858
871
923
877
914
893
817
852
779
688
651
799
904
906
824
872
880
826
827
886
887
849
884
912
921
899
982
1001
943
889
911
892
793
935
959
896
910
961
876
844
873
854
832
845
928
860
931
968
932
861
884
879
838
975
1010
982
897
907
943
914
891
976
982
870
824
885
895
814
872
972
964
863
935
945
885
785
823
908
924
890
990
992
907
900
882
792
807
814
878
848
885
965
896
822
890
827
753
770
866
873
815
875
902
889
936
908
844
829
771
665
616
603
594
618
757
783
766
707
752
783
816
752
690
691
689
747
700
711
650
653
873
856
778
758
737
765
759
743
776
810
832
836
842
826
843
870
927
887
871
845
854
820
806
775
792
776
815
808
738
702
700
683
652
662
652
633
631
610
589
608
675
687
703
695
644
608
586
573
574
607
684
740
709
670
786
788
810
720
747
840
876
850
853
903
887
893
865
853
886
910
841
886
891
930
838
858
842
852
774
782
779
829
758
711
723
741
729
796
888
916
870
826
800
764
722
647
741
837
935
856
851
836
779
716
694
671
747
783
723
673
765
828
844
806
902
897
801
815
828
819
827
811
766
837
898
840
790
761
758
813
803
776
845
880
869
825
810
815
792
734
722
745
783
798
861
848
1518
713
834
712
781
837
947
1048
1018
960
937
921
900
888
863
775
691
680
658
643
680
765
778
714
671
707
771
780
778
725
689
781
851
828
795
827
858
786
729
749
789
694
658
631
671
719
688
666
624
621
651
776
864
801
693
742
842
915
949
933
921
914
799
782
862
993
981
950
878
816
910
940
883
799
850
932
885
854
893
936
965
972
893
815
795
825
831
762
871
848
975
985
1021
995
961
910
853
735
685
645
624
686
860
980
863
867
981
1021
906
814
766
730
688
656
658
699
878
807
856
778
744
793
816
815
786
831
821
832
748
703
770
798
865
817
851
884
843
855
873
837
810
806
807
758
667
680
743
685
633
698
840
824
840
870
906
877
819
846
898
904
861
890
928
921
841
740
746
834
894
809
844
946
937
841
864
900
859
776
832
863
827
898
985
974
834
827
812
824
828
852
854
784
739
766
782
755
772
686
671
859
891
938
952
961
926
901
861
828
803
729
673
746
951
1011
1010
916
854
840
743
771
743
766
715
694
705
954
1042
995
1002
999
978
945
786
675
664
623
619
854
725
822
966
1049
1046
1009
1016
983
946
801
689
668
717
939
888
932
928
956
941
887
828
760
688
702
768
863
807
736
783
820
861
818
789
845
852
850
797
754
757
797
778
824
870
858
764
771
784
845
825
859
813
819
876
877
811
757
787
820
938
921
876
879
893
806
805
824
805
793
827
799
804
815
813
746
709
676
651
683
743
773
811
753
799
797
798
782
799
820
820
768
754
737
770
805
835
752
663
659
820
780
768
672
616
643
726
742
770
766
776
809
812
798
775
739
737
751
796
784
877
901
810
814
861
842
814
811
814
749
691
699
675
677
636
732
809
928
938
903
871
880
828
748
702
738
792
802
808
782
815
848
816
832
849
789
790
796
793
711
650
681
756
879
837
776
793
845
866
845
875
886
822
745
700
773
825
823
824
954
973
885
932
938
816
764
761
825
860
865
844
770
698
665
619
596
594
604
648
666
680
680
680
704
839
851
883
915
873
845
741
665
684
701
764
787
747
824
829
789
737
720
688
658
617
598
582
576
597
647
710
824
740
660
774
870
888
842
738
714
782
800
845
893
878
887
835
838
894
912
854
865
811
747
851
902
878
796
837
854
777
688
739
824
833
884
837
900
916
923
875
744
711
738
735
679
640
615
602
631
694
780
782
767
827
850
829
811
826
800
736
674
627
606
611
656
819
876
933
960
930
880
825
738
662
651
672
753
898
875
856
851
841
795
721
697
667
643
605
583
549
555
548
569
595
633
654
668
754
856
888
901
836
729
691
693
667
673
838
886
925
907
808
786
771
828
804
749
704
727
751
828
896
853
923
833
835
877
854
745
652
682
703
704
718
789
875
876
839
875
867
771
829
906
930
857
871
872
797
752
789
823
831
739
764
800
793
805
815
860
892
919
878
795
771
821
840
811
862
887
792
699
720
796
817
866
820
769
808
792
782
779
770
702
742
755
686
642
733
764
750
711
748
804
801
734
697
683
743
782
780
716
712
750
812
793
746
807
880
880
871
784
787
753
729
667
641
748
838
876
898
771
783
829
816
847
820
736
714
718
729
791
775
762
753
665
688
741
782
817
721
733
881
954
981
938
953
952
905
903
876
711
718
804
983
1015
927
943
828
789
813
900
813
803
848
794
771
667
755
893
785
844
922
927
930
817
747
721
661
693
750
882
880
893
853
839
835
838
793
779
769
683
740
947
919
956
971
850
909
918
867
921
942
918
933
1009
994
966
872
864
887
1046
845
875
978
992
873
805
821
902
820
922
1052
993
951
989
978
868
733
750
928
968
821
787
727
694
694
982
1019
890
725
715
775
762
813
733
688
674
737
728
736
854
881
990
979
859
758
704
683
831
911
936
820
925
1046
1078
1051
974
873
807
717
738
718
809
857
964
870
743
784
873
1019
1019
951
883
800
689
719
857
878
845
860
893
831
843
822
791
700
771
918
891
866
730
697
743
1037
1046
979
988
979
968
895
866
940
986
920
991
930
911
762
737
900
721
713
817
1033
1059
947
738
868
929
798
726
816
1020
973
850
844
892
907
808
895
965
953
861
931
1038
953
935
1006
951
884
997
1010
917
909
979
907
842
877
839
824
847
952
1002
963
977
996
938
897
804
846
919
887
832
845
913
888
794
850
923
896
796
838
923
879
917
900
891
870
871
864
863
889
866
810
799
762
735
726
644
653
710
881
902
938
913
917
906
875
831
753
733
768
779
742
844
874
831
696
704
781
958
789
867
945
822
776
957
1007
777
753
774
768
712
653
631
626
674
779
771
795
825
723
904
955
986
969
928
860
830
813
702
657
640
631
610
619
612
595
584
608
703
800
852
735
843
929
999
969
945
930
870
817
810
854
788
813
902
946
955
938
913
852
773
825
854
862
822
793
800
715
727
725
727
813
808
792
768
763
729
844
879
854
864
854
811
813
857
885
851
851
745
658
688
746
786
799
825
800
713
665
619
600
579
572
575
618
743
979
1037
1121
1058
998
948
880
825
799
759
811
941
950
988
1043
1015
953
853
744
745
821
880
930
937
895
877
783
738
927
941
889
771
744
691
675
704
740
697
638
652
727
896
977
965
867
776
785
880
924
981
922
848
824
849
957
869
785
732
808
922
936
888
827
831
791
868
886
833
932
891
833
866
873
822
906
930
915
866
780
691
686
713
861
978
1095
1004
965
850
781
777
873
852
754
671
829
905
1030
973
975
854
741
825
925
1013
1023
829
833
909
915
838
954
945
852
936
980
849
849
896
1007
942
929
897
747
765
864
962
971
948
957
951
923
898
922
764
757
1023
987
931
942
910
841
708
657
674
667
643
688
719
688
660
663
715
691
641
637
605
594
624
707
721
712
682
696
740
700
641
645
699
693
716
735
654
610
597
611
633
689
757
782
744
801
822
818
802
734
669
655
664
696
740
817
859
850
857
886
854
825
764
761
741
703
735
740
743
702
757
801
818
760
725
748
734
758
721
788
800
816
774
736
773
828
824
795
836
837
838
766
798
794
744
755
749
724
658
669
680
746
767
729
674
664
688
693
739
716
703
675
748
767
843
814
775
790
794
774
738
828
917
916
875
897
880
860
827
906
934
926
931
864
774
727
815
813
828
798
802
760
748
724
676
633
619
645
681
733
768
826
871
957
958
982
975
851
758
800
965
979
952
924
981
936
900
821
763
771
726
688
800
936
975
937
852
699
670
707
778
715
808
820
819
848
838
898
903
754
664
690
672
647
644
737
791
812
854
877
916
929
923
900
921
903
870
597
922
669
645
656
839
846
834
794
886
913
855
772
787
838
855
850
774
813
763
717
734
897
868
941
1015
956
900
848
823
874
859
832
782
830
891
981
969
904
915
876
891
815
832
867
884
879
821
853
904
874
839
741
751
773
773
751
730
825
740
666
787
838
822
797
741
757
739
714
758
704
711
806
900
885
806
780
847
864
901
801
782
896
860
826
816
786
690
726
831
908
905
918
895
818
732
718
669
666
734
885
879
862
911
969
945
899
791
698
769
952
987
876
862
969
942
875
762
731
725
759
874
960
970
931
893
852
731
700
710
727
859
804
887
966
893
768
762
851
848
757
735
802
784
719
791
855
965
868
860
857
862
869
793
832
924
916
946
793
671
741
877
874
873
976
912
834
831
795
694
748
828
849
836
854
938
926
924
919
829
815
896
939
938
861
840
890
922
770
685
685
704
775
833
826
763
688
790
881
868
889
929
927
879
885
834
920
950
938
835
744
829
888
903
890
898
896
880
826
859
858
910
905
844
798
806
747
712
666
725
767
781
860
950
1002
988
924
826
751
765
950
945
885
926
961
987
899
892
870
741
661
727
775
722
924
1012
957
892
936
962
955
868
899
868
792
810
874
888
821
880
916
946
924
921
896
846
873
893
792
768
830
854
872
900
916
912
856
862
869
803
729
720
756
739
720
823
903
889
839
902
877
852
841
895
912
889
837
826
824
825
799
822
902
872
775
724
708
675
710
784
775
747
732
723
681
732
850
787
753
788
869
911
828
891
948
964
938
1000
945
850
851
886
955
868
900
924
815
811
842
847
797
785
813
837
767
675
728
745
690
785
867
821
765
771
766
700
683
797
862
913
866
903
909
940
896
895
821
817
835
860
875
883
874
866
890
897
853
884
923
862
835
807
756
688
743
815
817
756
840
935
884
939
892
851
832
841
842
799
810
853
833
829
750
672
628
609
610
662
774
809
766
904
967
1007
954
986
996
944
907
780
714
826
875
819
863
951
955
898
833
880
928
910
864
825
771
838
931
949
891
957
1025
988
929
951
933
809
720
835
896
959
889
832
813
802
709
674
734
792
726
790
848
918
936
895
964
994
966
922
975
998
896
937
977
979
894
975
977
816
823
823
924
848
898
993
1002
883
880
866
834
793
839
875
828
744
804
896
914
870
827
841
868
754
694
953
962
986
928
923
885
879
850
834
881
871
863
871
819
732
672
687
692
665
786
855
911
873
772
772
805
815
909
845
800
800
813
798
836
815
853
921
921
862
790
789
801
762
705
754
794
842
830
811
828
835
765
726
677
643
615
596
590
633
688
769
822
806
812
871
849
818
761
665
657
768
836
801
739
861
810
769
714
678
660
666
778
857
893
856
824
708
659
618
601
583
570
571
572
592
649
719
711
748
754
806
811
797
770
706
753
824
870
952
879
877
909
927
927
807
825
925
824
760
721
712
765
761
804
851
895
798
689
688
725
780
852
836
771
813
881
829
831
891
873
818
793
828
832
731
649
631
672
696
796
895
909
802
704
702
737
758
738
683
734
688
754
699
644
613
595
591
663
754
806
879
883
854
849
824
759
686
732
764
753
775
791
854
956
920
814
819
952
958
797
751
876
817
763
856
871
823
775
785
792
775
716
646
651
782
855
845
777
771
782
771
3339
892
949
909
805
824
866
840
854
820
821
754
756
817
854
794
727
701
744
764
718
682
716
768
829
858
822
827
872
873
785
758
767
888
883
923
920
922
876
772
786
727
702
703
745
830
802
900
991
972
880
936
941
891
949
932
876
829
870
870
773
825
870
893
813
846
846
884
816
829
895
889
814
831
853
864
758
774
863
864
797
892
857
815
861
879
783
804
838
806
804
928
997
876
826
904
957
936
930
909
851
870
876
838
839
820
760
776
823
835
777
798
817
768
741
769
771
731
779
828
860
786
786
771
739
779
826
803
737
751
681
627
635
656
657
760
771
767
864
925
905
879
842
822
858
816
911
857
920
955
918
893
828
861
904
817
837
835
772
844
902
814
904
970
914
870
862
891
829
852
857
812
907
983
863
872
888
842
883
882
839
810
821
822
846
850
752
796
794
724
765
761
744
773
820
854
775
814
814
726
762
777
756
838
865
812
775
797
771
770
790
791
762
735
748
677
611
629
628
615
696
754
811
788
737
744
772
721
710
779
841
812
852
858
833
815
818
816
810
818
839
801
824
835
875
803
752
777
804
753
758
851
790
828
850
810
858
865
794
752
809
910
895
899
921
882
843
887
906
867
879
818
881
918
841
866
858
846
799
858
868
820
816
828
820
768
819
864
827
809
869
832
798
860
840
783
813
793
737
755
775
780
771
845
911
866
908
853
797
798
890
875
769
751
804
837
853
868
892
883
937
944
902
937
925
862
758
687
626
629
810
716
903
961
954
866
896
848
789
849
910
946
868
800
863
701
805
975
981
982
969
943
941
870
850
826
824
834
842
879
827
817
873
863
903
933
792
806
944
986
997
911
832
885
998
918
885
862
938
896
976
955
897
918
932
882
845
929
944
903
916
860
821
902
897
838
823
862
923
861
896
959
848
793
712
654
707
741
751
790
760
801
848
834
802
876
895
822
871
897
881
821
840
873
803
836
841
891
856
911
951
869
886
938
923
826
820
853
840
791
868
896
879
852
873
854
771
814
814
758
787
772
781
759
757
768
768
704
725
758
825
791
805
847
753
692
752
892
909
811
812
829
820
785
803
801
794
828
853
798
800
810
711
673
768
785
764
778
758
776
777
762
710
701
708
697
654
660
755
828
854
885
834
743
764
873
839
777
715
776
853
870
855
851
852
863
838
841
846
747
642
659
719
672
859
938
988
1016
939
815
858
914
833
754
701
784
935
930
734
766
884
788
889
941
968
891
928
931
911
927
1023
994
910
964
992
900
925
1004
927
960
1009
882
895
874
777
873
931
872
873
940
848
803
921
938
851
871
901
832
857
880
909
855
729
650
635
666
878
920
892
796
794
826
809
802
883
926
870
877
918
892
881
924
924
884
925
891
815
817
838
762
804
816
758
832
906
790
671
675
987
866
861
853
829
797
713
802
839
882
879
822
747
723
735
740
747
828
795
710
687
674
669
652
674
755
785
706
653
617
628
697
693
753
845
859
823
782
793
788
803
865
840
810
863
846
800
784
806
758
826
906
872
839
854
815
837
895
938
877
906
891
868
817
877
921
822
840
899
837
819
828
845
846
902
887
779
792
832
828
838
889
824
795
873
853
768
764
794
729
735
827
838
818
823
803
760
734
742
689
673
729
722
752
725
688
699
784
760
759
770
782
843
848
874
899
926
854
897
1020
971
931
844
821
844
787
834
931
886
813
844
813
775
822
894
908
773
784
863
864
854
832
750
745
688
639
618
616
657
639
617
763
896
833
900
965
915
912
825
817
930
988
890
870
959
938
911
1013
972
871
947
982
871
803
823
870
825
892
937
845
877
869
810
768
806
800
786
744
755
828
890
840
828
892
914
826
814
844
893
853
856
896
894
939
871
839
850
818
720
757
804
787
763
863
934
875
797
811
871
841
743
668
623
608
620
650
750
787
866
809
829
892
865
790
777
789
784
792
979
1062
1023
894
837
861
823
846
895
953
868
847
813
805
793
867
904
833
814
856
819
798
881
862
845
810
938
950
862
912
947
879
817
814
862
833
883
900
865
893
858
776
747
818
826
778
854
916
908
798
861
858
810
572
884
747
793
804
620
996
754
702
664
647
638
647
705
676
634
634
646
660
675
643
641
703
728
472
277
507
513
600
1874
4074
510
349
866
2226
505
676
3597
755
2864
1780
542
364
9491
355
350