413
654
670
523
983
729
741
784
1261
851
629
622
643
672
695
682
653
637
611
601
608
629
654
731
727
1452
736
720
693
675
1033
304
640
641
681
733
685
682
2153
668
672
646
615
630
659
700
671
699
746
730
653
652
639
606
584
416
783
616
615
650
677
647
631
625
626
644
645
729
508
976
694
695
710
696
673
711
733
697
692
698
693
428
956
656
634
638
1234
609
669
780
784
751
785
841
838
758
772
776
722
678
710
753
742
715
675
723
740
716
653
664
685
723
672
688
721
723
681
699
723
686
663
643
632
616
609
603
595
599
599
644
708
695
684
663
612
598
638
718
754
714
836
802
764
803
705
632
629
618
621
638
653
635
663
701
711
641
669
705
717
686
690
739
761
696
728
756
749
720
731
697
747
787
478
292
723
750
1528
764
765
822
837
810
789
799
763
692
289
393
662
656
642
639
645
646
638
647
619
612
479
714
584
567
907
817
693
743
733
704
435
286
720
664
664
690
730
692
725
757
760
714
747
749
721
694
703
723
669
650
698
303
406
688
648
679
721
693
682
691
692
656
637
630
631
627
619
625
639
649
647
657
690
682
666
642
657
603
1448
691
737
727
708
705
698
681
644
650
688
692
673
648
674
710
701
683
722
755
749
725
736
728
699
707
753
745
709
737
745
734
677
639
603
602
621
620
664
720
550
902
721
299
455
763
710
708
732
740
696
697
755
760
735
753
755
744
684
684
730
763
522
883
692
695
672
649
660
696
702
673
636
653
702
703
461
937
669
650
630
642
679
687
676
671
679
675
660
642
655
669
672
644
636
638
644
626
613
622
622
632
623
625
469
781
423
808
613
620
611
610
611
633
637
613
589
588
603
615
653
660
682
731
726
666
392
821
572
554
553
569
578
611
632
632
609
604
623
650
653
629
659
688
690
664
715
733
267
441
673
1434
660
616
612
637
646
685
677
721
1413
655
625
685
767
730
687
660
624
621
646
677
702
690
684
701
713
709
680
692
694
716
688
719
730
738
723
1480
274
446
683
706
735
685
697
734
736
693
736
733
724
679
709
703
686
668
712
743
726
732
764
758
719
715
726
716
670
667
693
696
508
822
692
699
669
685
736
750
688
724
738
729
720
763
1506
713
716
723
706
674
689
677
677
663
690
706
688
660
667
698
720
685
703
715
715
682
707
727
743
702
715
1364
667
728
753
710
683
728
727
683
694
745
691
666
708
730
691
685
701
672
651
615
608
701
645
605
590
589
605
617
627
687
722
721
695
673
706
716
704
681
697
718
709
695
694
705
719
713
729
741
721
684
694
716
713
677
708
709
661
636
634
665
681
648
657
648
633
616
615
624
650
625
620
658
730
721
671
671
660
659
639
651
657
1270
629
664
667
633
614
617
611
598
589
599
622
628
617
626
669
708
680
675
694
690
659
658
694
706
669
663
710
726
680
673
673
667
643
648
687
706
671
680
719
708
678
698
717
681
691
669
663
646
648
669
663
622
597
586
579
588
607
1256
620
659
676
672
650
695
688
692
659
671
686
652
639
668
662
664
670
707
712
686
668
675
693
653
667
710
704
667
689
690
655
631
641
672
668
677
751
769
732
742
758
731
688
692
695
684
659
688
681
688
661
646
630
606
612
633
649
629
630
639
625
606
591
599
631
645
637
662
668
641
624
607
589
465
711
581
581
576
557
560
575
583
622
657
636
606
619
626
634
611
627
646
675
666
649
688
688
661
679
686
660
634
628
651
664
622
655
689
693
657
697
756
736
692
719
735
688
666
657
644
630
615
623
623
599
609
852
419
606
606
610
603
597
599
604
608
597
579
1112
1074
526
523
515
510
505
507
507
507
520
542
565
573
579
617
665
650
604
627
688
300
1089
666
711
721
315
321
608
626
669
735
394
293
655
719
804
762
717
1523
739
715
717
430
290
692
752
755
740
1527
714
654
652
665
677
719
707
640
625
587
576
591
468
2533
680
739
809
833
773
769
690
652
640
647
708
783
737
776
797
772
744
701
644
632
643
632
655
735
821
790
779
746
701
573
733
638
643
633
621
718
840
726
859
855
765
843
829
735
713
820
801
729
764
828
829
807
815
769
713
730
735
702
712
822
797
714
720
730
688
686
701
700
648
648
685
712
706
675
661
716
733
683
729
772
736
743
740
750
735
723
652
613
588
585
591
615
661
684
745
730
748
755
670
625
781
752
668
613
622
658
691
705
681
707
737
747
760
715
312
342
648
668
698
753
722
677
675
646
656
685
653
681
706
713
689
664
700
762
765
721
1400
661
684
650
647
479
757
594
592
602
642
689
673
616
592
264
343
612
661
711
714
713
672
687
687
669
675
657
759
810
766
717
732
735
747
708
688
711
665
626
592
577
578
575
606
657
664
643
628
645
640
646
616
614
640
660
645
609
591
607
634
638
616
597
597
641
642
601
617
629
634
621
666
708
721
652
692
748
764
705
739
822
787
790
789
827
829
738
1529
796
761
854
938
880
898
888
724
679
663
663
675
733
778
772
747
719
738
743
696
681
734
745
683
692
683
687
674
654
677
685
701
670
691
746
779
769
753
714
672
649
629
618
637
643
717
688
704
790
789
705
665
638
600
590
596
602
606
649
692
406
261
633
659
704
682
646
647
656
675
642
642
694
738
767
768
726
682
680
711
690
636
626
642
718
753
750
750
778
736
646
600
585
562
545
531
519
521
570
602
666
697
670
635
609
606
622
633
608
642
797
777
748
806
889
844
760
759
727
699
665
693
740
768
717
721
739
739
677
653
633
656
749
743
736
717
666
693
768
785
739
522
771
626
640
676
688
832
791
730
764
776
745
704
722
764
763
727
748
753
702
698
713
683
652
632
612
583
576
597
598
599
609
614
617
590
1271
733
688
675
715
763
689
668
710
681
629
603
597
575
554
540
528
519
510
520
626
674
686
665
617
618
688
702
761
765
689
696
761
812
698
815
840
783
757
811
818
764
684
692
741
771
735
720
758
765
758
665
599
580
567
563
558
560
576
279
311
575
579
635
683
706
735
714
677
688
670
630
633
680
598
866
681
1661
762
757
881
347
464
686
721
802
809
689
701
862
872
794
715
751
788
811
814
717
634
599
590
581
650
763
769
758
709
737
781
862
782
305
581
899
936
847
857
738
644
666
798
775
836
896
845
765
782
757
736
767
884
917
843
896
836
769
694
689
736
749
701
797
820
834
818
763
741
767
780
769
829
873
826
788
816
812
771
752
819
864
824
802
838
843
801
828
864
828
800
848
817
764
813
849
798
768
816
789
735
771
794
756
726
751
771
761
714
747
736
727
716
724
678
709
768
777
695
710
735
687
628
678
697
639
628
626
614
601
596
610
610
616
614
630
619
592
588
598
615
609
598
594
595
581
571
559
544
533
534
539
545
561
602
591
582
573
573
569
567
575
576
563
550
553
576
656
682
681
607
595
628
627
681
666
656
616
629
667
749
884
885
712
667
718
784
709
664
744
885
828
828
880
814
701
715
781
811
722
771
830
908
890
883
915
865
779
762
778
758
685
729
852
819
774
835
898
859
801
702
708
811
837
790
820
854
832
782
811
841
786
784
842
838
768
725
768
760
718
622
1272
666
695
749
763
775
747
762
804
816
779
781
822
813
796
859
875
800
675
627
598
606
668
735
875
845
824
884
800
712
675
674
678
654
644
671
651
654
1276
614
632
637
791
822
797
1412
628
618
641
674
688
671
731
722
680
769
591
688
679
659
621
608
597
586
565
563
566
574
587
582
581
603
635
640
607
632
671
654
613
582
592
617
603
640
676
1296
596
578
586
657
737
685
757
824
815
744
762
759
705
707
710
728
682
642
678
808
791
819
833
817
793
730
697
716
745
731
712
726
757
776
755
725
676
706
731
712
672
680
725
521
890
692
722
732
702
705
740
760
720
720
731
710
662
683
687
665
662
662
691
708
678
637
634
633
654
638
621
603
613
624
601
573
604
661
659
716
763
749
707
734
719
680
628
670
726
733
695
739
783
760
691
688
723
739
677
659
693
705
676
692
746
726
679
673
701
698
652
665
726
745
694
660
707
719
692
673
724
744
706
667
699
700
660
643
681
684
646
628
678
700
667
663
694
729
687
676
709
681
644
621
641
659
641
618
645
664
696
646
676
695
693
651
660
692
700
644
645
684
703
659
670
703
718
674
688
692
686
643
676
698
712
685
704
716
708
685
716
720
685
666
687
671
637
643
685
721
698
691
730
717
681
684
670
663
633
639
692
718
677
716
730
703
688
714
724
682
660
665
646
591
565
559
561
573
612
655
634
614
639
651
637
607
614
609
626
609
612
651
710
665
677
693
704
666
649
667
649
618
606
593
582
574
570
564
574
579
571
574
584
592
592
574
563
542
532
528
530
548
561
569
551
548
559
576
574
565
611
640
618
605
638
686
638
622
667
730
701
648
660
658
641
620
603
613
605
596
585
601
604
610
581
584
617
643
628
619
619
637
625
606
628
647
633
608
654
664
623
600
629
663
639
626
645
647
611
619
648
646
630
660
660
649
639
654
659
628
655
766
709
654
651
646
639
618
654
714
668
632
665
715
675
639
660
656
637
627
655
651
648
681
709
741
652
665
702
700
637
677
693
686
658
684
695
645
648
677
682
633
665
652
626
620
670
685
621
630
652
655
626
623
640
659
625
650
661
646
619
624
656
649
611
630
656
649
617
631
646
653
622
623
612
590
574
557
538
524
531
554
553
543
562
585
599
635
614
619
677
676
694
639
636
656
673
706
676
767
775
763
669
713
727
736
692
818
832
796
756
739
703
637
656
673
685
679
736
723
692
732
728
693
675
734
755
670
702
722
663
617
626
670
700
668
771
766
677
646
691
739
735
652
688
731
725
675
658
722
776
708
772
760
716
688
772
806
708
684
650
652
628
646
658
646
644
674
699
646
646
647
646
601
590
603
622
604
598
621
606
589
587
601
600
592
574
582
582
569
563
569
565
555
542
545
550
561
573
553
562
579
576
564
549
553
564
596
598
588
597
592
596
577
599
610
591
578
600
604
611
574
589
633
644
621
647
715
740
680
704
776
749
672
670
664
668
651
695
715
703
660
737
723
653
647
673
726
666
658
677
705
654
633
673
705
692
673
738
746
677
661
660
670
640
668
664
591
583
653
617
670
726
712
613
597
608
606
593
567
554
560
573
578
563
563
624
690
678
629
703
768
702
659
708
734
671
715
770
748
687
717
734
704
660
738
759
735
653
679
681
659
638
674
704
651
600
616
632
615
579
586
581
572
548
526
514
512
525
555
579
597
578
615
704
678
614
606
659
693
689
651
647
706
753
695
641
678
731
689
645
707
760
740
684
768
792
719
692
793
781
672
644
691
727
667
696
793
739
726
866
769
691
764
751
656
632
647
661
673
612
576
562
637
781
736
762
699
641
613
594
630
776
790
794
730
700
734
786
761
703
701
696
702
771
758
817
843
832
789
730
714
756
753
688
671
676
715
614
571
554
544
546
579
611
592
580
614
607
604
580
587
622
653
630
625
655
693
661
632
650
647
637
607
592
596
609
639
632
606
587
588
594
617
604
600
622
649
647
616
630
653
674
706
686
648
670
666
660
632
616
642
697
709
711
667
680
680
693
673
647
665
688
707
670
646
672
689
688
646
682
730
711
625
587
614
627
594
574
602
659
711
717
695
691
634
611
615
589
569
596
645
672
622
622
639
652
635
630
632
674
679
666
661
696
711
686
674
688
678
642
590
555
530
525
540
563
559
568
595
590
573
557
550
552
558
562
547
536
534
540
556
564
566
561
558
548
534
514
502
502
509
526
563
644
651
626
629
680
710
703
672
675
667
647
644
680
682
646
634
717
768
797
751
755
744
701
632
645
702
649
681
681
675
619
641
646
644
604
603
608
586
567
528
511
505
511
528
550
562
588
639
633
596
578
611
630
630
589
560
571
602
578
555
535
524
522
531
529
533
528
536
532
526
514
514
509
506
507
508
510
507
501
495
492
495
498
495
496
503
509
505
500
501
505
511
530
528
526
536
547
558
539
537
547
551
542
526
515
513
521
525
529
531
529
534
543
558
561
550
581
610
601
579
571
578
594
575
571
571
556
525
502
493
487
487
486
489
500
505
518
528
519
513
525
544
594
634
638
612
580
578
631
682
601
561
531
529
557
629
673
687
697
674
631
598
572
551
541
566
646
727
687
642
670
701
652
587
540
535
572
654
703
635
595
594
629
688
671
649
603
582
611
694
710
677
681
711
727
743
692
666
670
678
659
613
603
586
544
534
540
533
517
501
495
504
531
542
549
584
577
593
595
558
546
563
551
535
517
502
495
497
501
506
499
494
505
511
524
525
525
529
531
535
528
519
520
519
511
507
509
523
546
542
533
530
528
521
511
513
512
519
522
519
525
535
557
547
540
548
558
550
540
544
560
571
563
568
573
579
575
565
575
584
593
584
588
599
619
612
569
558
582
627
628
587
624
618
619
594
584
620
655
641
613
646
652
617
586
621
677
725
655
673
689
707
653
647
698
681
641
646
656
676
699
642
662
718
732
674
742
761
742
753
827
845
798
696
703
733
706
649
651
690
734
660
632
713
727
696
681
747
743
696
688
684
636
593
586
604
563
576
652
619
598
650
678
682
664
614
620
660
677
679
651
621
667
740
786
770
715
744
751
747
717
640
616
666
731
771
779
795
786
756
724
670
667
646
650
659
630
679
653
716
730
714
681
713
719
657
631
649
663
662
729
767
742
661
694
688
675
691
677
637
620
610
601
581
578
593
618
613
656
668
673
657
642
641
650
640
636
674
687
722
739
742
732
718
713
701
655
656
641
644
729
715
668
675
685
642
646
597
571
600
644
667
680
659
620
585
572
539
523
528
572
583
658
707
642
640
683
667
633
607
580
603
595
603
582
596
651
702
663
650
648
662
628
629
595
556
549
546
523
335
1179
488
479
476
468
473
488
519
546
537
513
540
695
693
741
807
795
743
712
725
688
593
560
583
610
609
645
644
630
598
549
527
521
521
521
519
534
557
600
593
649
666
659
628
636
610
556
531
543
582
655
704
691
758
711
790
825
779
711
747
810
784
776
773
778
709
717
768
733
672
718
733
717
646
668
679
678
624
650
671
625
622
649
592
556
566
583
584
570
571
565
552
551
580
612
675
630
662
686
672
635
641
659
654
600
604
650
754
721
689
688
678
626
625
608
582
544
524
517
518
518
526
560
635
669
675
652
621
589
622
628
627
587
573
594
608
605
591
556
538
530
534
543
552
569
556
549
534
531
539
562
584
588
564
558
550
540
518
513
521
530
523
533
549
575
587
558
552
555
570
569
564
556
563
563
555
541
540
551
558
545
528
527
528
539
536
524
518
517
518
521
529
534
536
523
521
516
512
510
499
494
488
485
497
521
552
552
559
558
557
580
563
545
547
557
572
573
569
601
605
593
568
544
530
548
559
565
558
547
536
524
524
526
532
544
549
577
614
648
647
619
612
606
593
566
570
589
581
563
550
549
537
521
510
502
502
495
485
481
483
484
486
489
490
490
484
476
473
470
471
472
479
481
476
479
494
504
515
528
534
540
530
520
514
508
507
504
501
493
492
491
492
488
483
477
478
480
488
491
490
490
490
491
495
507
508
507
516
521
520
506
505
517
529
521
521
516
493
480
475
473
484
499
519
517
509
517
542
579
590
562
541
535
541
563
582
617
633
606
578
562
582
651
701
730
696
651
602
575
567
567
595
630
695
659
691
688
646
618
644
645
661
650
618
621
597
602
573
563
576
619
648
634
612
602
597
599
584
581
559
540
536
585
719
653
632
616
608
600
582
556
536
541
563
592
619
612
603
574
567
542
530
532
535
550
570
549
533
517
496
480
468
463
464
480
539
581
604
553
594
635
664
635
596
573
551
544
569
593
563
557
558
587
600
602
593
592
589
589
570
553
555
548
548
545
531
524
517
507
496
492
486
483
481
478
477
473
474
482
515
535
554
540
541
543
546
550
541
527
518
509
504
496
488
484
491
508
535
541
550
579
594
575
577
578
568
544
526
515
511
504
498
489
485
479
470
465
467
475
491
509
504
502
510
528
536
573
564
551
550
535
518
503
500
506
507
517
514
516
507
503
500
497
495
489
484
482
484
482
472
471
469
479
512
576
633
627
597
557
557
564
601
606
601
605
593
592
578
550
544
539
531
536
563
585
597
584
547
519
506
517
573
642
672
663
658
638
613
613
596
577
557
526
515
507
497
489
484
492
515
584
759
756
748
710
694
668
666
648
635
664
626
598
580
541
530
545
643
739
744
755
756
731
708
683
652
638
614
588
567
550
535
537
534
542
540
530
514
495
487
480
485
492
512
562
633
572
579
589
587
628
617
636
667
652
628
605
596
564
538
527
537
577
603
635
606
715
722
723
687
677
573
564
572
658
701
715
710
688
687
665
648
620
438
788
545
522
523
534
599
666
698
706
694
696
700
653
606
561
536
521
531
570
596
608
588
575
581
556
542
539
550
548
563
562
540
528
522
540
573
602
739
727
730
701
676
640
610
584
542
527
521
564
588
638
729
810
813
785
761
746
713
653
626
596
589
573
549
538
550
600
682
636
585
558
531
519
506
500
495
494
494
492
492
491
498
532
620
612
572
615
767
761
771
804
790
754
695
680
327
331
645
597
594
638
627
610
604
612
592
549
519
509
508
545
646
727
745
729
688
622
557
542
553
722
734
766
754
735
641
602
587
609
644
701
683
641
598
561
561
579
630
689
717
679
660
602
577
583
587
644
680
650
630
618
635
608
604
610
594
591
598
590
588
573
558
568
565
592
634
669
718
687
725
699
686
654
619
628
645
654
697
717
776
760
718
683
719
744
691
703
716
700
732
744
753
811
798
762
649
588
576
577
594
647
679
640
614
609
577
543
528
513
507
507
505
503
493
486
481
488
488
493
486
482
479
472
466
463
454
448
447
447
445
450
447
451
454
456
458
460
459
461
465
466
460
461
458
464
472
488
492
490
486
481
474
470
478
493
511
526
530
530
514
498
485
476
474
477
486
494
505
509
521
533
512
508
525
558
570
596
582
563
545
536
536
543
541
546
546
536
531
578
654
661
679
650
635
594
566
554
542
552
559
579
632
652
634
577
555
555
562
571
583
588
613
650
700
658
612
612
621
655
663
622
594
594
627
711
719
711
690
650
616
586
564
550
532
526
536
548
554
578
606
595
600
598
600
595
556
542
524
522
541
549
588
605
619
629
616
604
576
553
529
518
506
508
523
529
522
507
494
496
503
506
506
525
566
574
572
574
561
552
540
533
532
538
538
537
525
519
527
551
567
570
563
570
569
561
595
583
558
561
561
566
563
552
539
534
521
514
522
532
530
521
519
520
510
502
505
502
494
491
493
493
494
499
506
509
508
506
502
513
539
580
595
585
558
541
532
520
506
497
497
506
524
560
574
575
567
550
589
684
730
698
640
654
647
629
644
640
634
642
650
637
620
588
561
557
574
586
591
608
631
660
640
635
629
589
593
666
667
740
766
766
774
700
729
752
779
703
683
701
758
737
765
846
885
826
692
649
643
700
859
824
759
752
793
734
678
639
639
685
769
777
741
698
668
654
662
647
609
590
620
681
677
751
767
796
782
704
743
787
790
780
762
779
843
850
808
758
691
698
764
751
755
802
788
730
676
682
690
666
674
728
744
759
731
677
649
624
589
588
665
706
709
690
667
681
657
638
689
717
707
657
653
658
685
717
727
773
680
655
644
649
642
613
610
615
628
640
625
621
655
644
646
629
606
582
566
568
619
652
686
735
727
757
770
752
720
670
668
705
769
785
796
823
835
816
727
687
714
729
764
731
740
694
627
652
739
805
852
783
708
708
729
731
688
654
697
845
850
779
737
749
749
701
688
712
704
697
677
647
633
646
636
651
757
746
757
736
685
628
604
615
652
685
696
731
723
682
682
717
714
706
667
639
625
628
666
692
647
627
605
577
576
602
615
622
614
604
619
636
642
637
630
610
639
680
692
724
673
631
629
635
643
647
626
624
670
713
677
635
666
700
692
665
625
614
604
594
594
620
630
625
617
629
635
637
638
626
654
684
704
705
680
637
648
678
698
654
635
654
659
704
725
697
742
690
646
604
579
583
609
688
688
644
656
711
692
653
639
621
613
607
596
622
683
698
701
642
642
655
663
680
664
636
613
604
637
656
676
696
668
680
736
730
698
665
626
605
577
568
576
579
611
698
672
656
663
671
637
611
585
571
571
589
641
617
595
643
723
765
773
795
788
713
644
628
632
634
647
649
645
629
622
627
697
697
684
636
588
578
600
608
609
618
625
637
640
606
598
604
616
616
604
614
687
689
687
644
665
690
708
710
685
645
623
637
659
657
689
661
705
727
752
680
678
736
800
794
746
685
658
706
755
760
759
759
747
688
679
667
704
707
694
741
784
777
741
687
695
666
687
672
706
644
634
646
727
779
708
680
715
801
797
825
849
811
761
682
618
596
604
712
788
783
731
681
677
689
709
729
750
738
715
724
702
676
634
617
634
705
789
748
817
830
776
727
684
658
637
613
606
621
673
734
811
853
712
664
689
749
756
703
641
598
576
590
627
631
657
712
751
737
735
716
670
666
671
674
655
652
660
681
693
753
785
825
777
741
734
680
660
654
661
707
704
722
793
827
755
751
759
757
745
737
730
752
742
714
732
745
763
771
738
692
699
704
738
726
693
670
720
696
657
612
657
744
695
685
696
684
638
621
643
680
696
687
687
658
639
649
694
761
735
771
792
811
736
658
639
644
666
655
622
594
629
708
703
742
760
733
678
697
688
662
635
652
677
705
699
668
688
740
718
681
691
748
788
786
760
733
729
737
747
700
709
743
697
671
656
741
782
788
807
813
766
688
674
682
709
774
797
767
727
781
790
743
705
715
722
698
674
704
754
767
732
750
762
705
669
686
686
692
665
645
650
675
693
690
655
635
651
659
704
724
666
671
694
700
740
705
712
728
692
636
597
597
642
684
728
726
674
691
704
727
726
680
712
708
673
638
635
712
799
833
877
864
830
799
715
708
751
754
745
790
838
853
821
786
789
769
753
772
740
755
793
800
801
763
809
831
757
664
646
675
720
731
704
749
819
819
746
696
745
734
723
685
644
668
703
702
691
659
629
634
641
665
712
709
663
649
685
672
639
646
709
748
745
751
702
709
719
719
716
658
647
688
754
720
657
635
659
663
680
667
677
651
640
666
692
681
665
651
660
667
633
537
722
599
582
578
582
603
618
608
641
695
731
740
723
677
660
660
690
713
716
691
684
666
641
620
603
583
583
583
570
555
539
525
528
531
556
588
682
824
771
673
873
829
793
700
676
278
263
701
513
330
278
279
255
523
516
513
512
507
504
501
504
504
518
554
670
736
750
729
700
700
659
709
728
767
722
686
719
752
752
688
669
672
653
642
701
743
759
762
678
650
673
749
777
762
684
678
705
744
810
807
799
810
796
762
729
787
773
717
648
628
659
755
781
792
814
757
670
684
716
738
737
712
731
663
605
610
729
794
743
701
705
673
638
611
624
651
677
632
608
621
615
599
590
585
580
562
546
543
532
521
512
501
495
491
487
484
481
479
484
493
517
591
675
750
782
768
735
676
665
686
757
736
719
744
755
799
873
884
820
774
770
793
832
837
878
735
695
820
849
753
722
818
862
890
825
716
735
798
770
753
774
731
694
721
764
825
832
808
780
729
695
622
607
663
867
862
863
851
827
790
697
646
691
719
720
707
681
631
604
588
584
589
609
647
704
639
592
585
616
630
639
631
660
687
684
652
624
656
679
774
739
746
678
675
698
738
762
705
725
696
689
714
759
807
782
748
677
681
709
745
753
730
752
747
721
707
725
712
724
757
698
646
663
675
665
697
708
646
647
631
590
589
614
644
524
792
596
573
564
555
548
556
591
719
799
796
823
759
767
785
750
708
645
653
686
729
736
699
692
690
682
692
686
749
789
763
740
517
814
604
600
604
613
648
706
738
750
697
659
669
651
652
715
770
771
752
729
733
717
685
750
729
734
773
766
794
803
773
759
773
793
746
750
771
747
686
682
668
649
679
833
811
776
724
677
629
590
576
615
706
683
710
790
796
775
713
677
704
690
662
639
663
746
760
763
709
673
703
715
725
683
684
713
741
759
729
696
726
762
739
729
687
742
745
762
693
658
652
654
644
669
734
751
708
670
691
693
731
696
652
676
683
721
723
699
656
702
769
782
772
715
678
680
691
714
677
701
710
709
683
667
659
676
673
645
646
675
677
669
678
656
637
612
619
640
670
673
566
742
647
658
684
665
656
523
669
597
592
592
612
646
662
684
667
667
661
663
675
650
664
711
712
720
694
694
710
662
646
655
659
716
779
789
792
735
320
349
632
624
614
617
697
748
731
718
710
690
640
599
576
577
590
681
780
792
782
771
666
644
660
673
695
679
637
631
690
740
737
737
706
748
774
755
730
695
720
734
732
714
673
652
729
781
814
797
763
710
661
634
645
687
732
786
802
797
768
760
695
679
693
786
810
781
736
380
327
740
745
657
611
605
637
756
767
722
695
704
688
661
631
621
657
718
731
754
747
699
670
680
692
697
695
664
694
751
763
770
756
726
736
688
682
698
746
718
690
704
672
696
652
662
684
689
655
642
657
634
617
598
601
665
739
774
797
744
670
675
684
688
690
656
630
600
593
620
659
718
654
620
621
671
644
661
616
585
589
606
625
662
683
675
670
645
652
692
700
721
765
772
762
717
701
712
733
739
741
713
681
671
736
729
653
658
665
665
664
650
639
661
752
744
733
672
637
644
649
656
664
661
671
652
663
644
651
659
683
711
707
715
688
677
662
674
703
703
666
668
734
773
811
766
690
645
604
615
688
696
720
767
809
791
754
697
690
733
771
736
688
715
781
807
774
700
701
707
729
699
695
746
764
728
715
761
815
821
766
745
687
638
633
659
714
724
729
724
682
656
640
699
760
772
792
728
714
721
712
679
646
660
717
727
725
697
664
627
588
576
587
595
595
624
666
644
623
626
633
653
635
614
631
677
686
666
646
684
717
718
670
639
670
697
700
707
722
664
653
700
787
806
830
773
752
758
757
712
658
642
647
661
659
654
650
677
640
628
646
685
684
651
674
705
697
658
642
669
678
685
663
686
704
717
674
643
643
635
645
644
608
581
587
600
647
675
695
690
646
650
677
688
672
653
673
749
728
722
684
646
657
689
765
782
840
799
835
844
832
753
691
702
739
756
729
670
701
680
754
736
741
728
729
725
708
715
690
651
673
775
772
780
812
763
700
708
1530
714
733
782
790
779
780
405
418
798
772
461
316
773
715
745
692
668
645
651
646
673
669
646
651
676
686
689
663
318
325
663
711
697
663
642
665
646
603
601
621
711
755
758
749
658
630
610
674
843
773
763
750
713
701
663
749
783
753
734
779
848
871
853
798
710
654
624
611
624
711
949
925
913
870
808
733
670
659
616
588
584
594
672
741
756
739
710
700
672
629
619
629
675
758
764
763
699
672
774
732
656
611
613
629
639
626
622
628
677
735
750
740
716
687
735
768
770
746
780
773
768
704
666
682
701
682
662
683
734
748
739
711
718
709
680
679
674
757
769
453
1050
691
690
616
749
638
640
644
670
686
654
664
688
705
687
648
645
626
625
604
648
688
705
700
669
635
609
595
600
626
681
680
651
637
629
592
595
648
696
671
630
615
635
658
640
639
602
587
586
583
587
617
647
664
654
630
662
685
712
660
635
651
677
638
602
594
591
593
598
590
591
604
596
586
601
614
624
619
645
700
663
691
656
652
629
624
624
689
743
781
796
725
619
585
564
566
597
676
740
765
700
681
609
620
704
771
737
740
723
675
642
654
699
1345
604
586
579
582
611
655
626
604
626
666
682
674
661
630
641
686
743
744
732
683
698
692
692
665
698
701
688
623
596
611
670
729
753
808
779
775
790
769
734
693
708
745
728
664
669
688
711
677
667
673
705
729
672
660
693
765
795
762
714
733
742
761
678
646
687
748
775
767
764
728
717
741
725
384
334
763
718
731
732
740
719
747
549
930
687
722
751
777
841
846
800
723
744
259
462
682
677
817
831
812
725
686
728
779
775
748
694
722
661
669
664
680
646
654
714
726
714
685
640
599
591
649
318
263
595
582
575
592
644
708
733
729
691
651
670
721
793
800
790
760
706
673
696
701
727
726
758
763
780
762
744
748
732
684
685
721
728
693
741
799
831
796
761
747
690
646
668
717
746
708
652
599
577
594
617
611
655
694
698
646
630
642
664
274
433
768
752
810
782
732
745
779
741
749
845
894
836
714
1269
651
712
760
850
838
779
768
767
730
729
755
733
699
690
637
597
586
592
600
682
695
694
667
655
640
639
617
639
689
688
722
696
644
624
656
721
736
771
768
704
648
636
634
671
713
694
707
727
827
887
864
846
821
790
751
690
646
616
613
631
587
601
689
692
709
750
754
718
715
708
711
702
693
683
639
652
697
756
780
771
741
740
747
742
705
678
687
771
783
747
785
807
778
762
766
796
769
781
771
711
634
633
652
682
674
655
628
602
599
627
674
666
669
669
669
637
663
670
632
643
645
625
637
609
614
588
563
547
543
543
556
576
601
588
567
558
1545
499
499
509
516
534
558
546
563
582
600
595
663
742
694
660
321
377
670
612
595
601
605
626
649
547
708
573
552
548
573
647
425
274
1384
712
655
704
719
636
643
693
681
346
348
649
629
619
655
692
1581
787
701
730
755
790
755
794
840
823
756
760
796
821
280
557
438
347
662
640
661
1548
817
809
782
759
747
687
643
622
614
799
916
892
865
844
803
704
259
410
651
617
601
609
690
757
744
732
745
729
699
664
662
720
775
745
687
570
301
413
642
690
765
727
706
711
723
676
687
688
655
643
677
669
675
660
641
596
570
572
597
603
596
587
594
692
701
769
745
651
715
813
734
711
710
676
620
626
647
748
873
880
884
877
819
710
301
379
656
664
639
630
644
681
1489
649
671
759
767
742
702
656
624
630
652
674
651
650
666
664
728
740
801
815
727
690
725
742
791
811
725
756
814
820
792
763
837
835
787
729
660
660
743
828
782
692
734
820
875
808
760
732
710
688
636
655
746
841
829
734
683
708
812
771
750
691
725
886
846
811
762
691
696
808
882
775
672
641
703