718
735
767
717
736
842
787
830
894
932
811
854
911
839
924
923
794
851
880
797
757
844
882
768
844
922
834
814
825
812
759
790
816
735
644
628
601
635
796
714
707
781
808
715
743
845
872
797
846
863
865
832
1651
693
2635
829
815
835
731
688
798
765
904
997
895
876
955
970
840
835
923
984
900
912
949
856
816
883
931
840
806
892
930
870
915
877
794
800
860
830
840
915
891
859
872
866
840
887
931
876
890
901
812
748
796
830
794
852
855
814
791
800
804
797
770
711
697
711
743
821
939
859
848
859
864
853
858
768
777
844
881
886
844
810
825
787
851
854
837
899
894
866
825
699
684
749
882
895
917
837
820
754
685
720
878
819
877
966
927
805
826
875
823
781
725
763
706
652
660
719
791
859
848
812
833
817
747
808
852
820
864
950
876
886
906
824
842
909
872
880
948
907
945
958
897
821
940
970
906
944
971
902
943
974
905
942
949
929
999
968
930
934
897
852
929
871
758
752
746
710
741
777
808
770
718
717
752
784
760
813
859
862
760
739
755
780
717
679
681
666
673
726
732
709
722
740
728
722
769
840
794
795
839
844
774
764
763
770
799
808
762
755
778
740
683
736
762
672
636
609
607
1334
630
644
649
636
1828
590
602
603
606
597
589
589
591
596
608
673
742
729
725
1501
746
672
650
676
760
732
726
805
838
798
821
795
714
703
754
690
717
852
810
534
269
840
805
813
772
775
701
681
729
735
683
758
764
741
739
731
729
706
754
788
742
683
650
841
800
775
740
690
660
652
658
680
706
685
702
692
714
729
693
659
627
612
642
624
621
681
777
749
830
869
824
885
947
880
859
878
848
899
922
856
864
903
899
879
949
920
877
909
838
872
883
869
959
921
848
889
906
843
820
796
710
683
792
789
875
895
823
818
828
776
837
847
788
856
856
838
877
399
489
811
289
587
908
868
948
974
885
935
926
826
861
949
900
944
990
934
959
959
896
937
912
829
898
965
907
908
960
907
910
917
769
710
780
729
825
903
837
879
925
868
859
905
859
887
930
875
857
910
943
867
885
897
869
929
894
865
906
948
923
894
920
887
875
903
896
871
935
933
864
902
855
805
808
813
764
790
831
844
787
827
904
843
769
742
679
628
606
590
584
633
748
785
723
703
719
677
618
623
628
636
702
766
719
714
741
771
730
714
777
856
800
736
768
773
734
774
857
867
823
828
867
822
793
830
759
740
780
815
775
720
649
638
627
631
678
792
789
743
704
743
772
773
704
736
781
751
729
778
781
738
752
802
811
763
758
784
810
764
608
762
709
748
765
731
704
777
819
814
759
747
734
675
697
772
786
732
747
789
845
768
801
843
775
770
797
760
666
646
746
813
811
741
738
829
821
763
792
809
826
770
759
697
684
784
844
768
794
843
841
793
792
809
778
699
720
727
787
754
730
882
852
822
863
833
795
730
651
647
800
1054
954
922
889
854
742
722
800
707
667
752
739
797
886
899
793
754
757
690
670
761
786
820
919
975
923
877
856
854
830
754
712
683
827
821
790
839
880
862
758
731
677
646
714
859
791
830
883
905
835
819
797
708
684
750
708
766
857
871
805
790
785
793
711
684
694
703
675
676
660
625
639
713
730
736
785
819
802
741
745
742
763
716
689
750
740
801
865
841
814
821
799
743
784
801
811
773
793
791
758
783
722
682
739
735
731
752
796
802
763
766
725
678
702
793
756
773
846
860
792
800
806
788
768
783
846
828
823
818
810
718
731
758
736
793
778
767
753
807
851
773
788
799
768
723
737
700
638
623
650
681
682
734
817
814
774
802
789
731
683
680
700
718
665
624
649
710
784
726
741
811
808
747
774
812
798
762
732
668
702
748
742
838
839
774
732
755
769
744
752
800
795
771
827
845
782
767
775
763
750
754
823
885
834
806
726
675
711
753
710
743
794
864
849
865
886
888
784
800
825
856
776
692
691
687
726
783
821
786
876
895
781
745
712
700
753
687
630
624
631
645
771
910
918
846
818
872
857
778
780
710
693
668
721
814
850
761
757
826
802
754
736
736
738
725
709
732
791
771
717
724
723
743
703
697
726
754
741
660
623
641
652
677
692
686
674
634
619
606
601
591
584
574
580
606
621
614
647
694
728
722
712
674
664
680
656
655
641
612
603
611
638
613
619
621
604
630
680
649
670
696
732
696
714
823
880
801
860
816
731
731
846
804
823
846
775
761
771
740
676
716
763
766
715
739
798
845
754
675
810
886
814
779
733
694
660
641
627
647
643
671
705
758
734
733
679
613
592
590
588
585
585
573
572
575
574
573
572
604
626
644
666
667
666
672
639
602
586
574
580
643
718
718
813
901
832
822
858
764
709
667
656
832
804
826
911
885
802
794
830
785
728
752
788
813
782
785
771
802
741
673
691
729
750
816
854
833
808
843
833
799
759
813
844
770
809
894
925
860
868
901
879
799
831
876
871
849
923
943
888
917
905
851
864
886
847
795
855
899
812
859
826
718
701
738
786
740
800
847
863
814
826
861
832
834
900
865
813
817
857
896
845
889
896
862
840
731
648
633
636
645
737
822
837
828
876
865
810
792
802
809
733
769
802
868
894
813
830
885
873
823
871
865
810
754
757
775
806
790
738
789
814
806
740
787
858
855
799
832
854
806
718
725
768
801
760
750
780
812
798
822
834
800
766
747
724
726
741
652
656
710
814
875
899
891
862
759
736
749
725
799
887
847
921
903
794
768
711
673
711
867
796
813
927
946
827
845
893
842
830
922
950
906
893
820
726
758
781
795
767
811
890
902
884
869
836
830
844
853
819
769
788
794
774
785
733
687
716
713
712
762
807
840
842
854
820
783
748
709
638
610
590
569
561
563
562
592
646
735
763
727
679
706
766
731
728
859
957
882
743
729
879
809
710
655
656
708
826
869
854
759
732
803
854
858
801
850
878
823
766
806
847
816
767
769
818
809
764
854
968
892
843
788
688
641
630
626
633
708
776
760
742
693
624
610
670
788
813
798
727
641
682
763
818
815
721
634
593
579
604
678
809
866
901
892
898
877
772
776
785
774
794
789
782
806
854
807
788
800
787
741
765
775
753
771
816
801
748
789
797
745
786
746
757
768
754
699
645
659
713
689
677
708
696
658
583
566
579
614
650
701
697
616
604
600
597
588
571
561
559
561
558
550
555
584
604
589
572
545
537
545
563
588
640
618
667
688
648
653
654
624
621
622
656
736
746
662
612
582
563
554
558
579
614
692
743
806
849
853
794
781
795
760
712
751
899
878
897
898
840
873
885
823
839
818
736
771
836
843
804
841
836
786
733
747
733
710
663
605
619
694
673
762
790
702
665
675
680
639
663
741
791
693
650
687
732
717
632
601
590
591
574
596
643
722
763
719
728
690
638
606
578
558
559
584
649
663
708
638
655
699
679
703
705
694
630
652
687
699
736
736
726
694
663
645
641
648
669
707
726
705
619
648
669
745
777
796
807
743
688
747
784
795
795
814
836
829
814
820
699
653
821
904
845
814
692
652
681
933
951
967
940
854
907
917
897
798
841
885
924
926
861
904
926
866
911
984
934
844
883
945
1001
954
860
893
950
975
953
893
864
869
805
876
946
956
860
860
869
875
900
803
764
808
883
791
806
890
929
813
829
880
932
816
831
940
875
824
849
854
891
932
895
776
825
875
821
731
739
815
731
669
816
796
819
876
865
802
816
839
863
849
795
847
863
785
729
770
889
902
893
860
830
799
793
784
762
752
767
733
719
713
717
665
738
819
839
831
822
721
719
811
822
851
786
795
842
883
891
837
805
753
779
773
783
707
704
783
782
782
704
716
710
688
665
641
630
618
595
596
608
629
640
614
616
638
730
829
873
823
764
854
923
789
711
702
680
882
833
871
868
898
886
882
782
688
674
696
740
798
691
634
607
596
588
585
597
582
574
570
561
577
598
646
612
622
659
738
880
963
988
982
987
982
967
866
736
816
900
890
816
855
954
991
1016
974
915
888
792
770
807
852
881
876
770
763
849
921
913
884
841
778
792
779
716
676
750
879
916
930
923
818
791
829
876
891
869
829
813
795
849
881
758
727
858
905
901
839
690
761
959
960
942
924
899
885
902
756
753
851
907
946
927
905
891
853
814
674
664
780
965
771
820
876
830
894
822
821
822
719
671
727
775
732
862
874
923
902
797
781
776
756
756
784
776
729
751
671
686
762
816
847
887
893
866
803
739
690
693
649
702
950
921
905
865
841
689
751
889
821
781
847
837
804
888
897
882
856
906
853
734
785
873
906
915
855
852
804
727
658
697
915
883
921
1004
932
930
957
941
925
871
766
692
831
973
1013
954
947
925
910
868
750
750
811
811
758
850
887
900
805
705
666
710
1009
936
918
903
729
662
629
617
610
608
616
618
642
695
423
422
879
818
789
816
854
734
747
382
312
724
507
276
899
927
939
900
902
863
810
689
631
680
890
896
864
950
956
876
882
916
832
859
876
819
878
952
928
917
941
895
935
923
855
907
835
900
895
831
864
924
953
957
921
833
822
870
926
933
927
920
798
780
951
1016
1000
1002
984
920
891
728
704
844
998
1019
1050
1049
1066
1000
1018
963
985
981
889
917
997
991
970
1047
1033
958
1002
980
896
948
1005
828
846
958
1076
1058
964
978
981
443
493
944
854
870
895
865
947
978
916
970
926
892
913
930
890
936
908
935
943
908
856
850
951
997
996
960
853
830
840
746
712
657
646
664
704
656
761
940
968
961
926
924
910
875
885
876
805
854
925
931
853
884
873
823
825
829
928
963
880
897
888
863
865
823
821
702
698
776
839
862
877
877
891
805
741
821
862
898
928
949
928
927
798
812
824
824
873
928
934
756
765
784
869
918
958
915
878
854
860
728
807
948
994
1020
1033
1004
941
959
983
979
1001
988
995
1040
1005
981
1039
944
971
979
941
980
896
954
965
843
927
907
916
934
949
966
805
783
741
743
896
924
988
1033
972
996
994
919
861
896
737
688
713
922
946
930
877
882
866
853
828
783
773
683
645
673
822
879
896
916
923
861
803
781
764
778
734
741
706
770
922
931
932
811
780
947
910
921
983
990
883
719
842
975
1025
954
1009
1006
985
998
980
897
976
979
961
1050
1071
997
1027
986
900
959
992
912
946
1025
1009
984
1004
986
978
1009
923
830
734
701
737
753
955
962
905
926
930
857
892
916
854
823
807
580
818
663
688
726
841
973
1003
983
952
969
958
748
729
675
637
615
661
873
918
941
934
861
855
939
973
989
970
951
1012
906
819
978
989
919
984
960
955
987
947
975
956
984
1003
975
977
982
938
938
857
984
1080
949
950
992
1017
957
952
978
1031
974
1017
1017
974
991
1017
934
1012
954
766
687
880
1107
1006
990
927
995
986
899
912
989
968
968
1021
963
857
924
974
908
916
919
885
934
812
716
839
946
989
963
954
953
911
945
975
965
1000
1013
1005
1026
1035
1008
1010
1035
979
900
995
1039
943
1030
1042
920
969
993
901
963
1006
898
953
967
969
1006
984
902
928
890
772
702
679
869
1004
1013
983
1021
983
911
934
977
999
869
747
844
891
869
731
682
643
634
646
681
797
845
882
844
863
849
818
729
728
687
722
837
877
847
911
916
834
709
692
830
745
829
918
827
881
907
900
906
786
838
858
833
888
880
904
891
738
674
681
740
822
892
763
854
927
870
831
751
858
876
896
834
806
887
955
948
864
850
749
684
675
672
714
756
766
693
652
642
670
724
825
840
833
842
849
880
885
905
908
842
883
942
916
901
969
986
938
1014
1011
969
1008
1020
991
950
901
985
1026
921
1028
1038
935
992
1020
964
887
959
775
697
803
1111
1006
901
979
963
911
916
881
918
1025
935
997
1008
954
1005
1001
871
973
1053
931
1017
1033
971
1041
1021
903
946
1028
941
1013
874
878
1013
1103
982
924
972
805
742
867
892
901
942
930
896
852
800
759
737
685
666
725
899
905
870
787
720
738
760
744
713
733
671
630
612
611
688
676
681
651
666
764
903
902
924
909
818
714
673
699
759
966
1003
1056
1000
1030
995
924
979
1038
1020
825
697
677
922
1106
1069
946
985
980
894
903
953
935
915
1021
1031
929
942
953
891
730
865
997
1014
1021
989
955
899
879
864
853
830
756
735
691
783
861
763
725
877
775
707
729
701
687
717
788
859
870
856
829
822
824
781
785
771
799
782
724
687
663
670
734
732
722
759
821
880
780
693
713
706
701
692
776
729
696
743
709
810
853
763
775
759
777
762
735
792
868
838
841
864
841
794
777
802
780
796
821
815
746
771
792
801
735
722
731
719
694
718
789
839
802
799
858
894
863
784
767
817
797
712
698
667
869
974
986
981
961
914
783
726
823
904
882
880
949
1029
993
962
888
814
751
774
839
780
858
920
965
889
833
716
678
851
935
903
882
919
913
795
830
877
886
839
886
897
792
837
915
838
806
814
776
831
911
893
788
808
841
850
774
808
883
808
783
839
879
786
730
709
685
696
782
824
880
835
827
870
861
859
865
850
776
809
805
855
788
777
792
798
760
821
890
852
840
871
868
810
851
899
840
810
837
841
786
732
730
756
813
823
734
652
654
746
723
751
690
726
771
765
721
680
774
805
805
781
842
916
928
885
891
855
836
735
736
799
904
934
882
885
904
880
824
866
869
794
799
879
923
891
879
936
967
930
956
947
937
929
960
911
811
831
911
802
751
867
938
890
811
857
893
863
801
835
918
915
842
823
823
780
671
672
704
712
667
734
852
907
849
710
646
641
648
789
843
788
818
904
940
940
919
908
885
868
846
903
893
876
861
813
848
921
907
898
946
930
902
786
683
676
681
714
768
760
817
926
897
888
882
820
820
868
872
837
878
913
866
886
943
925
893
916
919
831
912
861
813
793
827
789
750
693
752
791
818
887
920
882
902
802
712
656
616
593
588
603
657
730
903
933
936
910
879
862
886
793
868
812
703
696
673
674
658
649
711
779
704
676
642
629
640
684
752
818
817
725
646
663
707
656
652
728
811
805
829
843
791
752
797
848
867
862
844
898
947
889
890
907
864
905
902
785
839
888
907
888
842
835
877
908
942
899
801
737
764
864
909
939
1002
991
958
983
874
762
684
679
758
854
998
1014
888
951
993
954
931
929
873
931
988
874
719
662
605
593
584
628
822
806
821
821
763
800
776
723
674
650
659
665
335
313
695
803
795
850
920
923
911
881
844
787
886
899
833
713
642
609
606
677
747
712
821
904
884
792
714
652
643
682
838
928
946
958
813
710
655
641
656
683
689
820
910
803
725
690
684
799
789
854
901
926
917
860
787
699
662
617
600
598
636
681
671
650
626
602
602
624
647
672
640
643
703
687
650
650
703
833
920
897
852
777
746
824
903
933
927
886
814
813
832
826
813
779
844
800
688
645
630
667
793
850
854
927
945
889
831
825
810
807
770
770
887
965
958
896
880
825
882
854
948
974
942
946
924
920
972
935
929
867
792
728
695
805
739
759
703
677
673
729
752
783
758
841
862
892
883
892
880
751
751
815
891
921
911
877
871
786
690
695
660
726
842
841
823
838
847
817
758
709
636
611
593
620
692
771
825
846
768
750
764
787
896
889
892
837
810
753
725
671
629
599
573
565
562
589
683
800
729
756
444
295
672
3300
634
626
640
662
699
648
677
698
759
665
688
772
795
759
696
752
772
755
758
781
741
727
728
808
841
807
729
643
598
576
554
543
542
547
564
605
642
727
916
888
935
962
944
1019
960
1633
364
525
3232
760
818
858
765
746
916
919
845
717
635
635
606
655
1063
899
797
764
818
756
680
625
582
567
562
574
588
591
592
604
743
494
641
711
781
718
712
717
671
633
608
604
638
823
933
913
836
896
896
930
1011
910
830
939
1018
1058
1007
1038
912
762
726
665
668
661
655
658
735
1030
920
762
744
818
805
719
695
654
684
255
423
1465
2712
811
742
675
693
753
343
363
682
640
630
642
688
786
765
899
898
842
796
810
831
729
665
786
821
829
808
823
797
832
756
717
701
683
716
752
726
801
771
732
687
625
613
608
596
590
597
611
704
884
867
942
960
883
760
724
705
752
715
654
635
612
614
633
770
872
865
894
952
961
965
896
812
735
740
743
710
682
639
620
614
622
737
859
809
921
962
853
859
890
795
839
902
921
933
893
735
670
693
754
928
888
786
764
815
896
902
790
703
667
716
930
948
952
830
832
901
924
844
888
978
884
902
920
841
802
712
683
696
768
756
780
818
861
869
895
888
831
709
631
608
608
639
688
723
749
733
877
946
839
839
844
847
911
937
917
868
893
917
874
895
900
835
890
906
869
836
745
815
842
791
861
850
781
866
952
882
834
739
691
660
621
606
603
654
724
753
841
754
704
772
795
669
647
715
741
810
848
811
792
803
829
756
766
669
635
594
584
582
580
574
567
591
604
628
793
771
778
759
715
730
789
703
712
679
662
664
714
757
673
632
597
595
603
639
720
842
847
847
842
802
856
904
938
885
918
852
746
709
667
656
630
614
586
583
578
574
567
555
548
543
537
529
525
529
535
542
563
586
606
588
581
567
565
570
560
571
615
629
624
746
730
799
953
991
983
979
958
976
973
923
871
809
814
792
688
837
878
994
1007
938
949
952
925
906
888
851
828
736
721
813
774
735
796
859
777
830
949
824
850
800
695
654
628
620
472
805
671
707
729
690
654
687
769
817
796
901
912
898
908
860
840
938
883
870
920
913
824
722
692
644
621
602
608
606
610
643
715
663
729
777
742
686
670
776
828
872
888
845
707
641
618
594
588
598
605
602
635
707
886
845
767
682
641
690
665
646
619
607
257
338
649
767
812
767
838
879
872
804
724
718
829
912
884
629
898
671
646
386
254
633
656
640
746
840
839
750
832
895
820
874
935
865
830
804
737
707
857
796
814
781
822
782
821
847
753
702
684
780
935
866
891
931
914
906
911
897
863
835
887
812
737
784
824
753
703
662
642
670
686
640
621
651
655
717
773
903
849
900
936
918
797
775
786
760
829
979
893
929
932
832
853
763
705
813
851
754
709
786
931
868
847
846
848
761
767
777
684
733
858
842
799
825
880
843
844
861
765
793
721
664
633
615
609
599
597
591
612
675
756
823
777
813
814
746
692
684
669
727
714
705
734
686
639
618
594
604
617
645
744
824
806
823
831
824
865
883
853
830
806
757
781
830
827
715
728
1110
985
950
922
769
773
833
866
875
875
911
938
949
915
834
810
781
697
723
691
660
623
598
585
563
550
544
539
549
580
642
658
756
785
693
686
630
595
573
558
549
542
540
538
534
531
542
596
697
859
862
850
734
668
626
591
568
555
560
580
596
575
569
604
698
867
901
871
816
781
719
717
817
696
639
653
800
868
281
428
664
1459
810
836
780
698
754
811
830
716
783
893
959
856
932
1004
876
821
704
683
625
621
630
638
619
619
623
648
849
837
843
745
670
621
590
570
565
558
564
596
607
630
663
689
822
858
882
770
793
866
895
786
724
689
721
906
939
914
966
933
804
764
780
851
834
918
809
842
869
858
895
989
925
965
929
898
890
852
786
698
674
709
646
643
617
598
626
717
789
810
787
801
769
732
761
790
842
780
789
716
654
619
595
596
577
575
588
622
624
694
780
740
669
670
620
605
645
660
793
854
725
691
671
679
760
389
271
665
1476
703
711
665
694
729
780
679
691
756
757
676
849
920
969
965
917
902
896
886
871
926
946
865
843
838
738
758
876
851
796
847
893
842
896
855
766
737
805
907
819
881
920
865
772
740
705
767
878
762
765
876
831
836
792
802
803
701
645
672
688
814
903
918
807
836
908
913
873
932
970
931
1017
1017
1011
972
974
1016
973
923
868
830
812
875
981
910
796
697
653
626
607
605
631
680
825
914
917
817
775
854
971
891
860
977
973
957
882
886
894
896
902
568
271
739
731
723
752
772
712
657
636
603
586
573
564
560
556
548
551
543
543
540
536
533
533
535
539
538
546
550
589
630
691
786
854
889
909
896
755
699
663
706
887
848
741
727
850
908
844
759
796
909
918
907
899
885
927
947
857
979
988
962
862
776
755
659
675
711
854
960
921
965
942
953
895
929
966
878
1023
913
896
922
956
894
929
909
921
943
898
853
799
848
939
867
836
870
884
864
885
762
761
828
888
826
840
829
755
741
700
672
656
664
766
794
781
636
729
631
611
599
595
566
555
546
537
532
521
522
526
535
542
546
551
563
566
577
583
603
629
669
667
636
686
843
839
866
868
853
834
844
873
763
661
647
616
647
806
741
841
912
879
837
813
844
887
830
796
767
814
907
939
960
962
933
969
937
808
854
892
797
725
751
881
900
895
753
794
938
872
861
826
776
795
732
687
696
718
730
712
693
665
665
660
660
961
864
740
713
677
685
636
625
650
625
616
636
657
662
671
1274
601
570
565
552
548
553
571
607
625
670
685
669
654
635
603
586
578
595
646
775
847
925
930
976
977
909
731
702
683
647
664
650
727
832
941
819
760
804
820
700
655
646
635
668
622
662
854
821
751
703
657
607
595
593
682
919
978
981
961
894
924
916
938
742
656
642
611
603
580
579
568
571
582
667
869
923
912
934
897
936
757
662
642
634
646
705
729
714
714
792
840
742
729
664
716
963
876
952
886
774
698
781
914
885
939
936
912
980
933
945
892
808
863
854
777
738
728
886
879
852
868
841
743
698
763
775
764
753
668
686
717
767
733
863
856
760
803
820
864
783
750
770
819
822
787
706
745
793
743
762
792
742
766
827
763
774
811
771
794
845
784
785
842
840
760
674
614
623
735
714
800
284
492
714
767
771
730
672
702
740
781
733
808
873
863
766
800
828
828
760
815
857
771
768
846
938
854
867
801
686
679
686
686
701
781
782
730
751
784
769
770
848
868
812
827
843
797
826
928
930
857
896
909
835
851
859
848
872
899
811
812
846
810
738
750
800
757
791
834
815
811
885
836
751
768
781
746
796
729
661
733
732
871
911
832
866
887
841
850
845
773
777
834
844
797
901
932
870
933
943
910
912
849
738
759
838
821
853
902
884
819
837
830
779
771
723
711
812
867
872
832
792
744
753
746
675
629
687
718
843
893
861
814
875
825
753
800
885
858
881
932
877
862
863
772
668
714
752
738
779
861
854
859
957
895
815
850
853
746
771
834
813
781
813
831
789
751
771
803
753
702
736
736
705
724
749
748
651
613
626
617
658
717
725
684
722
737
657
677
709
736
685
741
739
684
646
667
685
715
636
688
703
689
649
714
791
805
712
646
613
607
639
726
807
723
749
738
691
645
703
765
767
694
708
721
712
693
663
608
604
632
665
692
725
752
739
688
691
767
813
700
753
762
791
686
703
716
696
673
748
783
701
745
801
808
726
738
825
787
805
804
749
670
755
875
887
833
852
822
807
801
825
741
860
749
751
727
734
771
776
722
757
853
845
781
805
879
889
830
871
891
804
793
794
716
661
759
1005
888
873
826
771
810
836
819
794
788
794
815
777
668
604
593
588
606
642
679
719
662
659
682
709
720
685
717
739
762
738
716
739
776
739
704
730
739
711
734
762
771
752
730
708
743
711
681
686
729
711
682
700
715
694
665
723
740
765
734
705
637
591
629
716
686
674
657
736
762
744
785
803
709
729
714
723
753
771
733
723
747
751
708
739
741
672
658
685
733
693
717
738
691
699
728
762
734
776
824
797
751
741
726
688
691
667
640
593
595
632
684
620
646
683
688
660
646
678
674
643
618
654
637
626
649
723
742
740
723
727
752
761
732
693
664
645
683
708
693
679
630
580
574
569
585
628
701
621
645
722
752
723
679
719
708
660
643
683
755
695
728
709
677
659
720
766
787
698
721
745
781
757
678
704
766
779
771
729
739
694
662
679
716
713
672
683
691
680
677
717
752
701
714
702
610
581
583
594
650
676
798
780
847
840
771
771
776
735
803
791
740
652
701
661
723
711
717
770
791
793
758
696
652
630
617
606
599
587
572
552
553
561
577
627
716
712
704
628
660
685
720
767
769
781
768
755
720
688
616
580
557
545
546
587
660
584
598
758
981
948
926
925
891
853
825
846
821
813
814
812
828
819
809
676
679
794
877
893
900
879
857
832
680
706
838
922
899
917
904
891
863
839
844
833
815
714
744
853
865
909
909
917
908
879
823
646
673
759
853
902
958
970
973
832
861
915
945
946
729
752
859
884
923
920
952
915
917
894
850
840
887
817
822
845
858
720
783
907
930
965
890
727
747
753
766
697
646
657
694
750
671
681
723
802
819
841
824
796
790
769
776
840
794
791
848
882
907
891
854
799
813
835
884
798
718
665
665
868
953
794
729
801
942
942
936
924
849
843
868
892
901
892
798
727
704
661
718
885
978
867
887
937
927
831
872
880
845
813
886
977
938
851
906
947
923
893
893
877
811
882
916
847
860
931
923
839
878
816
683
714
817
818
937
949
893
909
847
721
790
864
842
896
936
938
957
960
938
939
954
914
935
939
896
938
989
964
924
965
917
826
931
968
905
962
965
895
992
995
927
945
957
923
925
945
941
898
953
960
906
938
967
906
897
934
916
871
923
966
920
958
961
906
936
940
877
892
903
881
838
900
868
833
865
871
809
840
826
808
897
875
762
687
808
849
918
888
935
891
794
819
789
716
668
697
699
712
718
690
659
693
673
651
616
590
576
568
568
577
610
681
808
784
701
634
620
690
727
654
684
786
760
717
719
663
638
606
607
702
789
729
787
802
816
842
829
792
769
737
758
742
732
693
801
829
868
871
839
823
813
718
664
695
831
868
906
897
908
902
882
804
705
719
828
903
891
884
947
991
888
854
916
936
866
844
893
915
860
921
962
892
878
892
868
729
664
632
794
772
709
662
715
855
872
825
784
790
846
805
816
776
755
779
762
733
788
880
909
910
874
809
720
763
924
991
961
897
799
733
909
943
859
836
776
730
812
860
746
683
650
649
641
675
899
903
938
934
946
933
933
905
878
765
708
686
753
957
1003
996
953
912
872
866
842
823
713
654
727
815
824
854
897
959
871
884
917
844
888
948
869
754
701
676
666
780
917
946
941
911
964
990
952
982
975
942
876
711
776
930
948
920
831
934
970
899
852
880
900
907
927
932
938
907
833
914
981
993
945
922
942
879
781
729
805
762
745
717
781
870
846
798
790
786
805
809
838
860
856
870
833
826
853
789
838
925
901
865
869
771
768
888
792
867
936
854
801
385
396
505
281
756
372
1012
650
623
611
614
600
596
580
595
604
624
638
678
707
656
660
625
593
619
719
776
844
805
801
794
762
678
774
826
815
782
837
848
766
823
867
868
828
830
826
771
748
847
892
842
820
846
860
803
755
801
787
666
660
997
752
685
855
848
830
864
878
841
753
780
934
928
928
926
940
959
936
878
927
946
897
900
912
837
799
852
876
813
846
932
917
910
949
933
831
880
847
848
858
958
927
818
833
945
969
919
929
864
793
867
907
905
962
998
947
922
976
967
934
936
938
934
860
958
979
930
799
815
799
815
922
913
874
873
842
713
690
771
774
844
860
829
894
937
868
869
924
913
919
922
916
917
915
949
906
972
923
950
975
895
755
674
753
953
921
1004
958
915
946
950
898
886
985
974
975
1003
994
942
945
910
941
959
839
753
744
783
862
825
853
947
946
867
834
757
674
699
828
360
539
915
924
848
886
874
829
425
299
709
667
623
611
594
585
585
597
634
670
680
685
686
802
930
944
924
934
936
904
945
912
778
695
684
1045
1011
974
942
957
954
881
742
693
693
671
698
869
822
828
780
690
653
649
672
855
826
779
851
813
738
727
775
883
979
1061
1042
1038
952
863
791
789
838
790
847
842
917
1008
968
866
872
867
986
904
830
913
936
840
816
1030
1047
971
1031
1024
1018
1029
941
883
919
971
921
888
832
845
854
867
822
850
837
858
727
752
899
719
673
784
744
818
925
979
883
881
920
957
817
814
745
705
729
722
754
965
741
991
781
946
924
897
923
951
928
840
874
916
914
947
924
795
854
912
962
938
897
928
888
890
733
759
829
899
914
938
995
1009
920
862
855
857
732
872
986
947
947
952
866
863
827
809
753
805
810
864
816
877
914
896
892
888
894
843
896
936
907
909
959
941
926
935
946
921
1005
991
838
849
889
816
781
850
960
891
953
909
727
749
834
771
864
934
840
899
956
897
913
891
794
832
952
912
872
933
934
888
906
938
841
829
872
774
771
924
956
875
907
938
909
899
917
911
832
793
714
697
1005
866
880
979
930
840
898
683
253
830
852
909
836
771
792
823
774
799
876
889
819
864
1487
321
515
510
1608
886
1173
330
3630
3521
910
2337
2495
3227
319
354
661
629
557
895
933
940