675
702
679
636
590
567
546
527
519
515
510
510
524
529
525
555
612
605
582
604
626
605
586
586
588
576
567
581
599
601
575
579
582
578
556
546
550
560
562
572
584
592
571
557
563
559
549
542
545
547
547
535
528
532
533
539
548
546
530
520
520
516
518
529
529
526
540
524
508
510
508
516
526
537
554
564
566
560
557
543
531
519
505
495
488
490
504
517
528
532
517
497
486
477
470
462
459
456
457
454
453
459
482
508
511
516
513
490
480
473
469
463
462
461
478
506
572
620
674
698
695
695
679
660
649
584
556
542
527
537
566
609
599
636
695
729
662
624
617
597
580
570
576
612
669
672
646
609
579
559
542
527
518
513
517
545
690
712
732
737
725
690
625
568
535
513
503
499
507
545
685
693
647
698
773
780
794
777
707
691
708
658
604
576
586
600
606
625
664
640
606
572
559
545
546
534
526
524
522
531
533
526
529
537
554
556
546
546
542
549
555
544
528
526
522
526
544
561
563
548
549
557
540
537
550
553
555
548
546
532
515
504
498
493
495
496
508
531
540
538
522
519
533
550
558
546
533
533
544
561
567
545
536
528
518
505
491
488
501
504
511
522
546
567
563
584
619
604
588
566
545
529
523
522
526
522
521
538
554
591
612
593
604
624
623
582
554
542
546
544
539
546
525
520
497
491
492
492
492
500
510
522
524
523
538
544
559
571
589
595
584
573
579
589
609
584
587
610
647
609
602
623
636
607
594
606
620
586
552
540
543
539
528
526
542
556
581
602
625
597
625
679
693
644
646
662
593
579
610
719
757
758
787
743
664
611
575
565
553
549
529
514
503
492
490
492
506
521
523
534
567
625
646
595
626
660
694
714
730
696
679
679
702
717
716
724
719
727
618
599
608
658
702
732
688
626
630
641
652
606
617
657
683
621
643
678
645
601
622
705
809
734
745
753
729
689
624
607
600
645
809
718
740
758
732
640
635
678
749
724
686
706
707
712
687
633
629
631
625
585
563
545
551
573
608
593
621
652
693
694
636
655
670
716
657
625
674
701
671
646
702
768
656
653
651
671
608
628
663
755
762
710
628
587
571
576
602
633
672
657
651
643
615
579
562
557
556
563
552
547
552
568
586
575
555
544
536
542
549
572
598
621
622
585
545
531
518
503
493
489
486
486
489
488
498
499
499
512
512
506
513
529
556
588
613
617
615
593
580
577
577
567
558
545
533
529
539
555
582
674
640
654
625
582
558
535
522
521
541
566
625
691
736
643
604
604
602
607
592
566
564
554
546
537
535
531
534
537
557
616
680
615
610
581
562
553
543
528
516
505
501
499
494
495
496
505
524
566
580
567
548
541
540
533
521
514
1030
508
502
503
516
524
547
571
578
600
609
582
544
534
561
602
596
616
619
633
628
657
646
628
620
647
683
676
639
677
696
704
711
664
632
653
666
674
641
671
704
704
689
635
606
600
600
609
623
638
666
691
665
609
609
600
628
643
687
731
714
635
603
613
637
679
658
678
730
746
711
649
665
647
632
602
624
650
690
697
655
705
728
728
652
662
663
646
606
577
584
601
662
674
678
647
620
632
656
718
711
659
669
680
702
749
698
725
761
722
667
700
666
653
657
640
630
633
607
629
656
659
674
723
718
695
637
608
604
598
610
646
687
701
683
673
671
688
647
594
568
575
598
609
617
627
604
563
544
534
529
525
531
548
565
568
571
584
605
645
639
608
584
572
553
545
546
549
560
580
568
569
617
645
629
597
611
620
646
618
616
629
627
607
607
613
639
650
664
637
612
580
561
557
579
625
643
592
611
624
673
665
608
582
567
590
624
682
706
692
669
669
619
608
590
606
625
627
613
652
649
625
585
586
615
638
643
598
584
601
610
581
573
563
559
561
569
563
546
530
516
498
492
488
487
492
505
536
575
593
653
753
743
724
713
713
700
646
642
640
662
627
616
648
713
680
665
702
713
671
648
614
621
635
695
714
699
642
642
662
661
672
688
730
758
731
670
637
620
576
563
574
604
650
649
608
642
754
792
721
646
657
654
662
631
604
598
596
597
570
548
525
511
489
486
484
480
479
486
484
481
487
494
496
494
485
485
486
481
477
476
484
493
499
508
529
564
599
557
521
511
513
526
531
542
582
654
647
612
598
589
563
557
584
600
597
560
562
580
574
594
603
578
554
546
558
570
560
553
567
575
577
557
568
573
578
581
562
536
530
546
559
557
577
612
611
587
607
612
606
592
586
559
530
517
508
502
498
495
484
479
478
477
481
490
501
517
527
548
584
580
609
657
661
582
532
503
486
479
475
486
521
560
586
671
715
726
703
654
635
649
641
596
571
541
534
533
543
563
583
604
637
670
676
652
603
551
521
512
510
514
520
500
491
482
476
474
469
468
472
480
495
517
526
505
499
483
478
476
473
475
479
476
468
466
467
463
457
448
440
438
433
429
430
429
425
428
430
433
442
462
518
627
643
618
565
510
494
511
551
586
593
546
528
512
508
507
516
525
520
494
478
469
462
461
474
510
578
624
641
666
610
580
573
560
541
510
494
477
468
461
454
451
455
467
489
535
634
757
691
689
616
577
575
556
546
530
508
495
490
482
482
479
480
502
572
658
626
588
607
615
618
583
575
595
590
591
577
570
571
555
536
521
505
500
494
486
482
481
478
474
472
478
493
524
566
560
580
664
709
618
614
616
612
586
569
572
604
620
573
563
551
520
501
486
475
468
458
454
454
458
470
484
501
573
631
693
753
768
732
766
772
769
716
729
743
710
613
565
663
852
770
735
696
680
682
721
710
726
728
719
710
707
693
662
658
675
707
720
667
655
666
669
644
612
622
611
560
534
547
586
638
658
632
632
597
581
604
654
688
655
682
696
679
647
621
628
617
599
625
634
659
640
634
643
645
611
602
597
606
602
585
584
603
607
604
621
642
655
623
647
654
647
617
597
603
618
631
626
654
667
654
644
616
621
626
611
588
584
577
571
551
549
564
588
586
561
560
571
574
566
554
551
565
580
590
575
573
580
600
591
565
567
592
611
603
563
534
526
530
543
548
559
556
539
522
502
488
478
477
487
497
529
624
688
699
662
668
705
711
659
635
658
646
611
596
603
621
596
564
565
582
592
585
574
585
590
585
563
551
552
560
559
539
519
512
516
553
563
541
516
499
489
490
489
495
505
530
559
574
564
565
597
613
601
563
555
564
576
571
554
549
556
564
570
574
598
634
627
591
600
592
586
552
528
521
530
567
633
657
650
640
603
556
534
522
519
521
549
605
627
589
604
643
684
669
661
613
614
622
633
624
604
592
565
535
516
518
528
549
578
629
662
646
617
583
562
563
592
603
633
702
717
691
686
675
645
651
664
652
627
646
662
650
660
666
597
581
593
636
647
667
718
726
688
673
690
707
699
667
664
643
646
627
626
624
646
706
692
696
693
696
693
652
593
579
593
632
633
613
646
654
642
660
661
646
622
599
563
539
517
507
509
532
592
670
672
660
624
574
559
560
565
573
588
570
556
557
551
555
541
528
529
539
558
557
571
551
539
533
534
540
555
567
570
562
549
529
521
522
517
526
539
574
592
562
565
569
571
567
547
537
532
536
548
566
560
558
558
548
554
563
549
532
531
524
516
514
501
490
483
473
465
465
463
463
476
497
547
827
776
785
779
759
732
677
648
647
614
600
570
552
538
530
522
503
496
490
488
498
518
528
544
537
520
498
500
500
503
506
516
527
511
498
485
473
462
456
450
447
444
438
436
438
453
482
516
603
782
701
735
792
770
780
783
741
726
628
576
559
536
516
512
520
528
524
532
573
643
695
680
611
601
601
619
642
617
688
735
710
619
585
595
626
681
663
634
671
705
732
679
646
674
700
627
618
658
680
658
681
714
704
608
607
612
647
614
640
700
733
650
657
631
622
583
573
576
609
618
598
621
621
586
563
558
576
623
596
568
559
574
579
571
600
621
638
598
593
620
663
633
592
608
628
691
631
636
647
624
605
625
640
650
609
602
622
623
604
620
663
678
635
655
658
607
571
563
582
623
614
572
575
592
643
642
621
671
724
665
648
642
619
587
576
574
563
550
566
595
609
573
554
564
577
572
567
575
577
566
528
508
500
498
502
523
566
592
570
607
612
608
577
581
585
585
565
565
606
657
665
617
645
700
651
624
604
593
599
587
611
635
678
618
614
625
612
583
603
647
650
600
597
604
633
633
680
706
671
617
605
600
605
588
585
627
635
593
586
592
589
575
571
595
633
617
593
607
601
579
563
574
583
575
592
599
609
596
587
617
623
628
592
565
580
618
684
671
627
630
631
622
590
576
593
649
635
639
675
702
650
666
659
655
612
628
680
657
613
620
622
623
613
623
663
618
582
542
516
513
540
559
603
633
612
578
588
609
604
561
568
586
586
571
563
565
580
579
562
569
594
604
576
566
570
559
539
541
577
633
623
569
559
568
585
571
576
637
741
708
616
625
624
634
612
576
588
604
694
698
686
741
719
687
623
647
657
634
604
592
603
605
656
792
783
692
610
630
655
694
662
631
615
613
588
547
554
615
673
698
704
678
644
591
576
584
604
601
722
766
739
679
601
595
583
609
684
633
595
624
651
691
721
742
712
688
620
577
575
590
633
719
650
699
667
673
635
646
657
647
586
566
554
561
597
642
633
637
662
668
672
610
578
534
516
524
543
556
533
541
534
523
523
536
544
549
549
574
580
573
556
526
517
526
534
565
597
596
573
563
574
580
540
532
542
574
604
583
601
616
602
562
533
520
516
521
521
514
511
521
546
581
591
574
560
576
595
582
561
550
547
543
521
516
534
566
588
583
559
555
570
589
590
572
580
606
632
569
542
526
529
529
525
518
510
503
500
493
494
499
500
503
518
526
517
519
540
563
575
555
574
599
637
607
564
542
542
536
542
521
504
505
517
512
515
531
541
558
541
520
513
519
537
575
635
587
567
552
558
568
580
574
559
543
530
521
516
517
518
517
499
486
480
476
472
475
479
485
506
546
604
638
654
607
584
600
616
629
637
620
628
658
698
696
654
634
625
638
622
618
586
581
563
587
646
682
646
612
613
571
530
515
515
513
518
528
532
525
520
528
558
634
640
588
569
560
565
572
545
534
544
567
580
568
579
615
647
619
568
548
533
539
563
567
565
604
633
648
596
555
525
514
503
511
510
496
488
480
475
473
470
473
476
481
489
490
505
518
543
559
572
550
525
505
498
492
490
503
521
533
543
543
531
535
550
585
604
611
566
519
509
511
508
509
500
522
571
624
580
543
552
586
635
621
571
573
579
569
549
532
546
565
590
583
575
570
553
525
508
494
483
482
489
498
500
507
514
505
506
499
490
479
471
468
479
499
498
521
596
579
540
542
546
562
596
590
574
592
599
616
591
572
547
534
504
490
488
492
502
513
543
573
559
549
556
554
534
521
512
535
545
531
543
567
621
659
590
593
599
619
596
580
583
581
557
546
566
598
590
555
550
563
576
586
558
550
566
575
571
552
546
534
537
532
526
540
570
572
535
512
507
511
525
546
558
527
508
500
496
497
494
496
493
489
486
485
479
477
473
470
465
466
474
485
509
563
637
620
645
673
686
667
646
638
640
656
647
691
666
624
599
602
601
577
568
548
532
504
496
518
567
601
649
696
681
655
642
654
660
622
599
625
666
664
642
659
697
678
665
704
656
595
586
600
623
604
620
653
687
658
696
705
677
635
646
661
645
674
672
639
617
627
649
663
653
678
713
733
704
704
734
731
692
681
675
601
567
551
560
593
637
621
662
659
678
652
649
681
655
609
562
536
544
564
609
597
628
639
670
643
646
646
629
604
598
619
616
580
561
578
594
531
502
497
492
509
522
538
541
531
546
533
517
518
521
509
500
490
485
473
463
458
450
450
451
453
459
460
468
478
485
495
502
512
507
509
505
498
480
469
463
466
476
496
507
521
524
518
506
503
496
503
506
500
492
487
486
471
465
471
475
488
508
537
541
538
518
513
497
496
491
494
505
496
486
510
627
671
655
640
607
550
525
525
535
533
539
571
600
591
546
528
554
694
700
678
664
608
578
562
563
614
646
662
689
646
633
615
595
592
591
583
538
518
527
595
718
762
746
728
612
600
610
671
700
698
705
687
653
640
572
528
509
533
612
725
743
741
731
715
693
674
666
651
624
602
616
589
538
523
538
611
761
754
670
607
701
718
732
725
681
626
647
653
631
597
618
662
665
744
832
771
692
679
676
657
651
677
697
707
715
689
651
602
572
557
555
534
541
584
607
614
574
561
565
581
581
580
559
539
516
527
560
653
721
712
697
646
597
571
534
513
502
500
490
484
473
473
473
474
479
493
524
537
582
644
631
587
567
545
525
506
500
497
500
515
550
593
622
662
654
657
649
657
661
591
547
552
605
691
715
637
628
673
714
698
666
721
759
774
783
747
687
644
672
757
752
781
816
819
772
767
736
677
649
663
706
692
634
646
743
762
790
800
775
733
655
631
662
714
715
702
700
719
700
665
691
737
738
726
685
674
696
732
692
621
597
596
579
571
613
695
675
635
683
695
648
599
576
647
695
688
669
637
582
551
536
539
543
535
523
517
495
485
488
503
510
513
525
554
576
574
545
541
551
568
580
572
602
616
614
601
569
592
611
629
592
572
560
547
536
538
574
634
638
587
556
548
562
563
565
545
546
547
550
553
559
551
559
576
581
567
561
563
563
561
545
539
539
548
539
530
527
521
514
512
506
492
484
478
473
469
475
489
535
617
596
561
530
537
563
586
615
625
615
578
563
555
544
536
538
538
552
553
572
585
577
555
556
549
534
503
491
501
516
545
537
523
532
557
586
619
629
621
608
590
584
587
609
612
583
566
553
545
537
535
527
517
504
492
493
507
550
608
660
600
587
594
613
584
541
572
607
578
565
589
608
629
609
639
691
685
624
590
576
577
557
533
527
544
590
638
629
591
566
561
568
577
598
580
561
574
619
621
617
580
567
579
573
563
554
579
595
613
608
602
610
631
650
607
582
587
586
590
564
592
636
645
651
637
687
713
661
630
617
613
600
619
682
741
698
688
729
741
684
644
646
657
645
711
782
757
713
737
743
729
716
765
729
658
671
708
732
708
654
607
594
586
593
613
601
621
617
574
560
544
553
619
655
664
678
678
645
600
583
597
683
761
763
780
764
693
587
625
754
745
660
667
709
707
646
620
633
646
646
632
658
723
717
691
633
608
580
569
584
656
698
686
674
659
613
577
535
522
521
515
510
516
550
565
559
592
619
626
594
556
533
532
556
574
561
548
551
572
606
620
598
606
600
596
578
556
544
541
563
563
554
544
553
552
558
550
553
571
584
572
564
572
579
563
548
562
571
591
582
592
639
670
677
648
676
665
656
652
612
569
633
580
590
646
687
660
697
741
714
665
667
673
714
733
709
676
618
600
589
608
645
636
602
567
534
522
518
530
555
555
563
556
540
525
514
503
494
491
480
474
476
495
513
540
557
561
542
535
506
501
503
521
568
594
590
591
581
584
564
521
504
492
500
524
561
590
583
593
563
533
516
512
495
488
475
470
470
473
475
487
498
536
571
589
623
603
573
559
557
544
542
541
530
546
563
571
535
506
510
529
548
560
551
548
520
501
495
510
521
530
538
530
501
496
484
476
473
475
474
473
472
468
460
458
455
454
454
459
469
484
494
504
498
481
477
481
488
498
502
509
520
523
521
521
510
506
508
510
510
508
511
506
498
508
541
521
539
551
564
567
551
525
515
514
518
519
509
501
489
485
486
494
508
531
551
567
555
543
524
515
500
494
491
483
482
488
482
482
486
519
571
607
607
617
620
611
574
540
517
498
487
479
476
478
488
487
481
485
483
490
491
490
492
497
496
496
500
494
489
491
484
479
481
485
479
485
486
492
503
516
523
539
533
520
525
536
543
550
536
519
519
536
578
631
608
566
553
548
571
589
596
594
561
534
540
567
616
687
657
601
598
612
635
686
672
645
613
580
559
549
556
561
559
561
624
785
755
760
663
646
651
663
627
607
590
597
578
567
561
553
532
531
548
545
547
595
668
641
618
580
562
551
554
588
630
654
604
577
582
616
628
634
616
609
588
583
577
576
583
588
620
652
657
629
601
559
533
528
544
575
615
615
636
596
598
602
616
594
597
625
652
664
648
632
617
589
594
577
600
632
707
690
613
604
627
650
623
598
611
639
642
641
594
592
588
607
621
612
604
582
588
566
543
534
543
593
668
694
665
630
599
562
543
540
560
579
605
627
626
618
597
564
563
572
592
563
547
557
568
579
598
596
578
565
558
547
554
565
598
630
649
651
649
654
632
608
607
599
563
528
519
519
530
572
611
624
580
540
521
517
523
538
578
639
661
622
623
632
638
619
606
564
541
528
530
524
515
516
512
510
511
511
509
495
483
479
469
465
466
467
468
469
468
473
477
498
513
532
547
577
574
550
565
586
591
565
523
496
485
485
506
534
549
544
535
527
532
545
540
527
526
526
542
551
545
555
557
563
543
538
528
535
530
535
546
535
528
518
517
512
509
500
493
489
489
494
508
525
518
513
513
521
531
532
517
500
487
479
477
475
480
490
493
491
481
474
466
464
465
467
469
469
469
475
479
479
487
503
525
538
543
519
518
527
548
563
557
552
567
572
561
549
555
569
579
554
530
519
525
525
518
511
508
506
507
499
503
507
517
521
518
517
522
525
519
512
522
608
583
566
550
546
513
498
483
479
474
471
477
485
497
515
546
558
556
567
568
558
537
511
496
493
496
498
480
477
478
479
477
476
482
493
523
568
605
655
626
573
542
523
512
510
509
524
528
536
564
597
603
642
650
651
643
579
548
562
566
572
582
550
552
561
578
615
634
630
611
607
607
598
591
604
590
587
592
572
569
573
602
614
586
565
573
590
601
586
564
554
553
560
578
579
573
569
542
535
538
549
562
551
537
536
540
545
548
540
525
533
544
527
495
489
488
492
488
480
471
462
459
457
454
450
455
462
467
479
493
506
513
514
508
503
495
490
480
475
481
498
518
515
516
533
556
550
551
534
531
524
509
509
518
532
548
553
544
516
507
514
522
561
608
632
609
610
579
564
546
544
527
528
531
515
536
570
599
565
562
594
627
657
652
623
642
610
594
572
549
538
555
614
699
764
785
805
750
677
626
657
657
684
692
627
610
593
597
596
684
676
618
673
684
646
633
573
550
576
689
763
789
785
688
616
593
612
662
804
807
795
711
694
696
666
640
670
684
625
566
548
551
594
694
727
719
618
581
583
660
725
736
703
667
614
634
634
650
623
667
708
720
707
695
681
646
612
621
645
681
662
609
581
582
654
807
817
785
735
643
611
629
647
666
591
553
544
554
590
658
692
684
663
629
616
611
621
616
594
583
593
630
697
642
631
646
635
631
602
588
623
685
684
647
618
632
658
691
680
661
642
645
675
693
691
668
661
694
666
638
603
604
629
652
636
615
611
639
672
669
648
648
657
653
659
650
669
688
673
671
667
664
721
699
680
612
597
578
546
549
557
586
630
670
689
651
615
576
558
564
590
616
604
593
617
634
625
614
607
648
655
639
611
594
599
623
645
644
650
613
627
631
631
606
634
692
720
727
717
651
604
610
640
679
703
696
663
669
694
729
689
599
563
549
551
572
600
644
661
647
620
589
575
567
601
674
716
653
595
564
539
524
519
544
656
689
594
556
577
618
655
632
683
696
688
692
647
595
569
555
549
559
586
573
558
558
569
579
584
570
580
604
641
649
610
595
602
603
610
594
568
574
591
619
628
611
601
599
597
588
566
553
548
561
577
583
572
552
544
549
566
584
611
612
611
585
568
568
583
594
611
600
580
549
537
524
529
537
520
504
497
494
489
505
549
640
661
656
711
760
769
730
649
642
640
646
598
592
627
721
693
684
701
673
682
719
676
628
616
623
638
630
692
702
664
649
600
589
590
614
602
582
571
562
542
520
512
511
521
559
598
639
606
590
574
583
574
559
552
558
599
618
598
575
580
609
656
668
637
588
552
541
541
556
590
622
640
607
584
595
619
669
624
636
649
685
652
660
646
647
629
629
692
710
653
622
657
726
689
628
604
607
623
631
605
650
671
664
630
609
580
545
554
596
636
604
637
663
676
634
648
658
635
598
563
555
566
597
644
629
611
616
627
599
597
627
667
636
604
623
611
608
614
579
579
588
604
617
615
610
582
559
552
558
579
612
609
586
574
597
577
536
522
531
545
546
559
578
594
586
572
551
529
522
524
530
547
575
577
587
597
631
686
679
644
616
623
629
625
619
606
571
554
569
584
587
583
570
570
573
551
551
584
677
719
706
662
635
650
675
654
648
622
624
638
656
648
685
713
734
730
703
748
681
672
615
580
563
600
642
696
639
636
646
644
607
593
599
602
596
596
601
604
591
606
591
544
526
533
553
586
612
615
601
596
580
555
558
572
608
675
671
662
628
621
591
614
622
630
618
648
665
658
642
643
623
646
636
641
669
715
686
706
704
706
660
666
651
703
660
660
661
684
731
684
672
695
715
674
653
625
587
554
555
571
589
662
731
751
708
699
690
688
646
597
589
621
688
745
750
720
639
644
683
722
762
733
658
670
654
677
664
626
589
590
638
727
732
733
676
650
663
667
646
650
695
740
739
690
677
680
667
626
616
655
741
752
744
725
737
746
673
602
576
580
610
661
646
636
619
597
579
584
612
633
655
651
611
628
659
622
569
554
583
624
598
607
648
659
645
639
608
579
568
568
580
593
623
645
638
649
639
600
586
597
622
612
604
568
569
588
639
656
652
611
600
612
612
624
615
628
641
668
661
615
621
660
649
618
577
564
573
605
664
671
683
712
692
651
637
652
683
640
628
632
646
610
602
603
612
615
594
604
610
613
599
587
583
585
570
564
560
544
517
502
504
514
541
586
623
597
565
539
522
517
527
542
554
553
554
565
551
545
558
553
547
551
569
569
547
540
561
628
590
586
589
574
577
573
564
565
587
630
630
605
589
582
583
563
570
578
565
558
561
563
572
562
526
513
502
484
478
479
481
485
493
493
499
502
524
542
536
534
525
525
537
540
534
527
528
535
537
539
538
521
502
487
479
474
480
517
624
667
712
728
727
689
644
576
559
583
668
716
751
712
680
600
549
531
534
578
634
636
624
570
552
553
582
611
659
670
697
684
651
634
625
571
563
627
821
778
754
739
700
662
631
640
667
601
589
661
691
694
690
676
622
585
576
577
567
559
563
596
613
636
616
579
560
565
620
679
650
639
617
621
595
595
634
693
712
716
702
670
670
627
575
552
588
645
703
708
692
677
626
644
664
727
726
646
658
717
733
687
605
612
643
680
694
679
649
673
667
664
635
640
655
651
604
593
600
612
611
597
579
584
591
623
596
576
560
569
574
562
550
552
579
589
558
519
505
501
505
513
534
549
530
505
491
484
479
482
483
481
492
517
553
563
570
575
589
590
586
591
602
589
577
563
555
550
533
543
597
718
741
734
729
681
663
630
609
576
543
565
662
721
727
628
613
664
697
739
752
750
749
687
651
630
606
603
603
612
580
569
609
651
677
677
671
635
603
577
564
567
559
562
614
697
737
694
718
786
780
755
731
679
613
624
702
818
807
813
766
760
743
745
705
729
763
804
778
731
628
596
608
756
845
865
871
858
778
758
720
630
573
578
610
729
843
843
853
808
744
668
621
633
621
620
669
757
794
740
701
700
713
732
751
761
758
721
687
653
641
626
618
638
665
632
637
600
630
743
789
741
703
646
642
672
747
756
753
717
676
670
631
619
611
596
570
550
531
528
542
556
561
600
791
843
766
659
709
759
792
802
773
729
712
684
702
728
760
646
630
666
781
782
786
771
630
606
634
663
661
670
671
630
641
627
646
668
620
634
627
649
639
604
603
684
841
813
705
613
600
630
713
883
879
700
609
615
617
651
698
654
756
794
768
746
739
701
714
780
758
756
787
813
775
731
753
760
773
788
713
674
687
729
756
668
705
728
744
651
632
651
683
713
632
607
583
560
545
535
536
538
584
712
767
771
707
642
685
722
736
749
714
648
668
682
748
772
726
730
734
767
760
752
766
763
707
646
646
687
745
704
675
628
630
647
688
675
632
633
645
607
567
552
552
542
532
538
549
575
613
634
612
649
683
707
645
616
611
663
635
635
639
666
705
731
685
625
624
648
717
702
684
723
713
702
684
726
714
729
695
741
739
720
684
722
727
729
696
687
724
726
669
660
663
682
662
676
664
691
656
671
707
700
680
661
671
654
637
651
684
698
700
706
709
704
628
624
651
619
601
566
543
536
544
565
607
627
643
620
595
571
549
533
527
535
569
636
692
654
651
723
732
749
689
674
673
702
727
691
669
670
700
670
626
596
616
646
702
643
660
700
711
683
661
680
682
670
647
657
692
657
622
635
665
675
645
665
696
653
631
598
574
560
559
581
631
640
656
706
727
717
722
657
586
553
537
523
523
535
600
666
684
693
681
722
680
642
638
647
648
643
592
603
634
688
733
727
681
686
695
740
730
743
692
683
676
608
600
602
665
701
739
702
642
645
667
710
745
743
707
644
652
646
652
624
624
648
656
624
601
665
784
707
709
623
582
574
599
638
705
677
687
616
596
624
686
715
709
706
681
645
621
608
609
595
584
599
614
632
638
659
709
785
755
673
649
701
688
681
664
612
600
591
596
621
608
600
574
556
565
585
602
600
582
579
588
606
654
674
675
690
693
680
676
682
723
715
691
717
755
751
760
717
708
722
739
671
635
641
636
657
710
690
659
672
687
677
679
648
640
678
705
707
698
697
659
619
609
597
604
601
648
714
733
653
673
707
721
777
782
761
714
689
694
725
681
703
747
757
691
710
738
799
744
643
590
592
606
665
680
653
654
628
610
591
584
600
592
572
542
529
533
551
585
616
623
617
615
582
556
546
548
575
626
634
594
558
544
537
533
534
540
550
552
551
553
547
545
531
521
510
509
528
559
608
627
631
642
624
604
576
552
549
579
730
785
785
727
688
691
692
653
644
691
634
605
630
716
770
795
780
711
650
615
606
604
587
602
646
677
688
657
622
594
626
608
584
572
552
522
517
525
549
593
594
577
563
589
604
597
585
580
586
596
592
573
577
588
609
578
579
588
608
581
570
583
604
573
556
541
532
524
529
551
568
562
552
575
591
612
601
656
660
645
646
644
617
590
581
568
546
534
529
553
630
688
691
700
689
649
610
590
581
570
572
584
630
733
720
727
722
642
621
610
594
579
591
693
870
842
829
699
680
656
608
569
556
551
551
562
569
595
649
641
601
613
668
752
762
729
704
624
586
571
602
710
707
702
682
706
723
738
753
721
695
692
679
625
671
784
813
688
594
583
575
583
602
676
766
750
736
696
665
638
622
631
657
658
643
620
579
557
546
553
599
669
674
684
661
667
646
633
634
604
629
617
590
561
572
607
675
695
690
645
620
610
619
664
703
706
669
684
672
683
665
620
613
629
646
661
650
632
661
681
686
640
610
600
597
622
641
646
661
624
652
673
703
633
590
562
546
540
543
564
585
631
597
563
565
629
721
728
732
686
660
648
620
595
594
625
697
739
667
646
649
652
687
688
714
682
633
604
611
649
706
718
660
618
618
626
644
680
682
655
612
610
605
600
605
605
626
631
674
640
654
675
677
639
610
609
608
605
577
549
549
584
649
635
602
576
584
609
633
650
608
601
618
645
662
645
651
651
655
651
620
622
648
660
620
596
604
634
660
655
632
598
593
588
596
597
593
612
594
579
584
610
616
624
616
587
589
596
614
604
576
560
565
600
638
653
616
588
563
549
545
557
561
583
564
556
567
591
631
624
607
574
563
567
582
601
604
609
606
611
599
574
553
546
554
571
597
619
633
585
581
591
587
598
584
554
531
520
519
521
517
524
536
544
536
530
528
557
606
621
630
603
569
568
593
612
627
605
622
640
679
672
651
595
555
548
565
609
614
568
552
564
587
583
591
608
584
569
576
576
566
551
533
530
538
565
598
611
602
607
615
610
602
577
578
583
597
576
563
585
616
573
596
636
729
718
749
751
716
663
590
579
610
688
761
747
771
752
742
713
705
689
677
654
705
803
736
705
856
867
866
863
830
793
781
765
781
764
734
784
791
798
865
813
868
882
871
842
833
797
750
746
734
693
800
679
610
620
729
712
824
867
851
747
675
740
820
827
839
863
781
685
681
721
784
845
810
692
637
600
585
611
729
683
635
741
794
809
802
757
648
588
581
617
685
700
686
750
752
747
779
739
681
701
678
736
813
879
882
864
766
727
737
680
631
654
817
884
871
809
694
689
744
778
715
682
671
696
786
771
765
761
760
716
631
617
668
830
833
855
824
788
715
688
699
691
720
790
756
685
688
814
897
900
880
817
683
673
675
700
695
664
716
810
837
796
768
695
735
765
775
783
754
676
634
729
771
805
807
797
707
672
728
745
755
708
646
642
629
606
588
595
622
730
714
663
592
570
571
601
659
695
705
700
698
678
630
651
711
739
710
695
650
613
602
621
652
694
681
749
818
783
682
643
634
716
741
699
633
610
609
635
667
725
736
728
696
667
663
657
657
685
688
770
811
778
703
617
604
616
701
790
759
735
709
648
665
672
678
674
639
616
606
611
617
609
596
591
609
626
640
620
604
609
587
556
541
540
549
573
586
584
587
610
622
601
614
637
658
648
621
619
628
637
635
614
616
637
670
665
617
630
640
657
634
600
602
632
627
653
636
638
638
624
603
603
634
655
678
630
613
616
622
612
586
584
605
627
614
589
599
620
613
602
589
570
557
551
560
580
605
631
630
642
620
632
653
685
678
663
640
646
602
565
566
606
665
654
713
721
721
667
637
639
663
682
662
661
713
673
631
608
581
565
579
621
737
745
679
604
591
571
573
618
639
674
680
626
592
558
543
534
514
507
502
507
511
525
541
533
539
539
526
524
547
576
622
623
602
588
575
554
541
529
524
531
538
556
610
792
784
776
771
693
717
642
691
790
826
808
774
747
722
726
706
686
676
645
636
622
588
578
591
723
725
640
624
639
641
604
587
621
696
707
911
795
674
629
636
702
791
748
757
763
762
729
706
749
755
703
655
683
761
775
751
675
723
737
690
665
690
758
759
680
687
662
691
683
651
708
705
687
658
704
688
673
673
696
709
708
647
631
651
711
749
657
654
700
750
710
651
623
611
626
644
665
638
625
640
711
739
695
677
635
607
620
630
603
575
590
634
657
669
730
739
687
628
662
681
668
609
580
612
632
641
673
681
727