752
659
638
1350
674
751
793
1512
741
729
714
647
1279
1253
630
577
696
625
625
652
1347
690
796
723
637
629
316
4029
1675
739
758
1596
821
868
752
760
847
810
1793
864
880
1739
880
870
852
876
859
760
786
799
782
771
1338
627
645
684
668
710
854
779
1477
661
648
613
597
612
619
620
705
1501
780
812
790
736
789
844
804
827
894
827
856
888
821
854
880
833
838
898
895
852
886
853
827
827
866
789
823
848
835
797
825
863
842
822
874
859
841
878
839
813
833
840
794
803
790
763
757
797
803
773
720
731
754
754
743
801
797
819
776
791
807
758
822
870
864
815
850
870
861
792
797
811
780
746
708
634
609
596
581
578
575
565
580
594
592
652
756
806
710
749
806
761
1520
672
2403
737
792
797
766
700
676
709
726
703
735
764
731
704
736
809
806
841
872
1569
738
807
829
794
801
830
813
790
801
704
639
687
747
737
810
813
757
750
782
818
802
842
831
795
753
778
791
751
717
738
731
718
689
665
872
814
811
807
821
733
723
752
776
775
758
760
785
816
795
804
805
776
705
649
683
672
724
776
804
764
797
857
860
786
807
841
911
861
876
843
825
732
746
766
758
749
798
831
802
815
803
807
783
766
769
753
729
715
741
757
755
771
781
783
734
741
749
745
761
746
768
793
800
792
749
723
640
616
610
668
933
939
936
984
952
947
890
714
646
972
801
557
548
560
586
629
715
723
830
864
874
872
769
732
675
655
649
654
640
624
604
630
630
664
788
773
730
748
874
818
780
794
753
742
890
867
822
896
947
810
713
682
658
666
688
685
666
425
797
597
597
584
602
618
595
590
616
629
637
680
689
676
684
697
680
753
813
842
839
802
817
870
772
897
956
881
937
972
936
871
916
916
781
730
804
960
871
845
879
943
927
861
846
819
754
755
736
772
781
679
666
729
708
754
819
852
873
780
801
839
903
909
872
903
878
786
825
871
817
845
823
763
815
901
935
885
907
922
856
777
814
857
849
794
892
903
880
792
781
718
668
354
327
659
653
652
634
667
738
808
792
848
836
793
769
799
822
794
827
816
756
803
829
760
784
848
851
870
817
742
667
656
657
650
631
627
641
638
624
609
635
683
865
863
880
909
899
896
887
857
828
732
804
914
1011
919
858
810
758
754
690
696
687
754
804
699
689
915
835
812
779
693
702
754
895
893
860
872
916
913
911
900
817
692
677
650
675
764
723
724
786
801
687
654
686
664
674
737
816
828
729
755
824
855
807
770
817
827
783
822
863
769
686
833
919
927
939
827
665
655
665
1055
1016
936
854
849
775
735
687
640
611
611
618
697
1059
998
1011
991
986
971
895
824
778
724
660
632
662
1015
1732
841
819
808
853
486
392
787
742
788
756
751
795
860
838
766
707
807
935
905
891
813
688
661
692
804
818
765
695
739
750
803
792
727
720
728
746
762
728
721
722
668
642
620
615
628
642
1040
1041
1033
1034
980
850
742
694
646
649
667
684
719
809
966
919
871
879
840
703
722
883
882
874
857
824
742
694
683
725
991
892
879
961
972
934
798
764
868
883
826
880
943
828
863
938
886
892
880
884
922
863
778
699
662
681
752
681
706
802
917
878
726
722
767
847
862
795
772
836
835
775
774
779
829
836
826
825
807
782
756
756
741
742
702
692
781
818
825
772
714
666
641
623
609
594
591
592
629
688
681
657
750
837
896
728
681
698
768
753
743
688
715
961
909
816
842
770
682
688
811
690
653
667
950
940
899
753
770
814
914
802
896
942
970
950
1016
978
957
922
898
729
690
697
679
729
870
796
887
909
864
733
719
848
750
711
780
1056
926
857
754
680
635
602
589
575
610
839
908
940
924
791
771
762
706
744
759
761
717
702
745
702
746
809
860
757
689
660
718
888
797
777
890
870
797
870
934
776
748
803
916
823
716
689
977
831
851
950
890
775
695
719
779
783
813
854
844
746
771
817
848
827
901
888
766
770
811
837
815
907
1000
912
906
898
870
779
767
753
722
767
723
706
639
634
630
755
870
849
853
795
781
793
820
808
754
798
803
838
794
743
811
885
923
859
905
893
813
857
853
826
814
785
683
638
649
640
643
628
604
613
704
907
881
887
915
932
919
887
899
897
828
846
897
784
727
708
835
913
921
873
864
923
957
887
879
902
945
922
767
693
935
844
846
925
935
886
858
888
901
898
989
986
847
857
857
794
823
862
823
798
842
831
745
803
870
823
770
792
802
718
671
717
849
860
901
886
802
718
783
846
865
815
837
779
700
683
691
778
812
723
646
662
731
672
635
603
593
603
670
786
844
823
832
890
823
822
847
801
741
659
633
686
776
821
835
820
717
659
636
624
688
782
794
756
732
694
659
644
627
607
601
603
629
643
649
693
690
684
673
668
660
627
604
612
596
647
641
751
794
811
776
697
656
634
601
582
562
543
531
530
536
567
602
601
660
798
854
890
865
799
708
650
636
649
636
624
611
624
979
910
924
946
946
973
950
920
862
897
904
859
820
937
811
813
826
971
977
896
824
815
829
755
879
1023
926
925
934
944
976
970
951
931
941
943
990
989
970
926
785
877
961
843
788
679
753
896
759
963
979
829
893
957
921
846
899
952
932
917
978
971
911
990
957
878
968
995
979
957
848
842
869
813
847
900
873
846
902
912
839
856
866
809
820
732
691
695
740
763
851
907
840
776
802
826
845
785
803
813
742
793
831
814
779
816
847
833
762
735
753
782
700
666
730
824
854
836
711
768
810
722
756
780
769
726
803
781
745
803
735
644
637
730
699
787
787
729
706
705
743
760
740
716
706
669
635
623
637
663
651
625
645
819
879
880
900
836
798
772
789
788
777
948
869
970
995
1007
889
937
1021
855
896
1038
1015
873
885
1132
1087
969
1009
1019
982
874
794
1043
1043
979
948
980
1031
958
955
983
962
922
993
1043
972
985
1016
938
778
692
998
947
864
891
955
856
897
926
875
831
942
958
873
767
797
804
844
827
752
686
727
796
882
841
853
914
938
848
899
921
864
860
906
899
812
880
946
878
811
888
908
812
818
813
778
676
684
702
681
675
703
776
863
822
848
864
841
813
821
823
793
820
807
745
702
687
642
614
587
571
561
572
600
641
739
786
824
815
767
733
678
649
670
635
605
662
820
807
832
845
850
789
808
859
810
808
838
780
823
847
753
837
848
814
727
774
874
759
849
880
845
836
735
726
758
811
756
688
768
889
823
767
771
811
725
804
847
826
735
751
746
733
666
632
709
974
938
891
843
798
772
801
867
879
828
780
854
877
859
896
766
737
784
799
825
781
813
810
733
759
782
723
754
754
741
695
698
678
655
692
728
732
685
753
747
681
639
672
668
646
660
633
617
619
605
624
623
692
700
703
663
675
650
655
662
716
704
674
705
666
617
594
590
621
651
818
780
785
741
826
841
862
800
769
677
658
639
623
611
604
578
563
573
604
699
757
729
818
813
841
707
899
950
988
982
983
974
1037
1053
1055
990
1075
1109
1089
1012
1006
960
999
995
938
963
1014
937
764
676
938
945
899
781
842
927
971
812
854
964
930
837
876
931
769
769
845
813
746
823
861
872
798
829
782
722
761
819
800
717
737
799
790
714
758
830
815
735
773
790
742
691
747
770
723
715
719
785
713
742
803
843
810
865
880
863
898
926
930
906
954
973
883
1005
1063
974
1037
1031
891
929
884
790
942
974
964
993
880
769
820
738
684
749
674
621
578
558
558
574
672
733
783
735
794
821
826
818
805
802
809
798
686
782
888
716
803
888
947
876
896
860
754
711
733
674
640
815
612
581
567
561
550
552
559
584
576
573
562
568
584
652
680
724
729
758
800
678
643
679
653
658
652
627
591
573
555
538
521
508
500
494
484
479
476
480
529
564
680
589
739
810
851
807
821
832
754
715
817
828
781
842
766
906
930
905
836
800
806
685
712
715
733
693
639
649
903
902
906
921
897
891
752
767
800
901
958
945
912
864
855
680
655
809
820
852
937
950
938
942
943
957
871
823
761
793
681
639
644
609
605
572
552
538
532
532
540
575
605
686
805
780
829
867
850
748
818
963
805
672
697
1096
1016
837
734
1098
1038
754
764
1016
1066
1095
1057
1053
1067
1092
1073
1048
976
1079
1013
990
1015
898
938
1090
981
936
981
972
929
981
996
958
970
875
983
1047
952
879
918
946
850
929
1000
954
948
983
908
905
958
906
948
963
898
951
954
838
870
891
821
794
920
917
810
899
897
820
813
817
734
670
682
680
628
648
949
915
901
927
925
806
857
977
930
859
964
1038
977
1017
918
920
965
886
802
873
893
820
881
906
716
643
631
665
763
864
845
771
771
688
631
640
741
707
734
742
762
760
801
813
838
787
829
862
817
879
919
859
799
838
872
841
889
829
773
822
823
698
727
778
849
792
838
843
836
809
814
745
700
722
760
775
765
687
741
832
833
756
805
824
822
723
652
595
567
546
533
524
525
525
587
920
816
813
823
868
907
900
808
726
740
771
808
883
827
859
910
928
894
890
777
703
712
729
781
789
698
725
762
686
721
741
680
635
682
837
901
909
896
835
795
849
955
976
946
976
958
783
698
656
631
663
741
753
758
934
962
912
817
773
741
823
1015
1000
983
957
936
832
919
916
915
918
839
782
743
747
715
775
757
703
771
955
877
897
826
770
807
886
859
888
864
804
868
912
835
832
827
701
663
634
637
738
904
929
921
876
807
800
846
848
888
864
909
912
904
734
648
612
607
633
621
638
608
574
563
566
563
614
774
737
662
666
669
733
740
780
784
756
745
730
744
788
710
673
726
838
846
922
917
840
313
473
684
689
717
788
724
738
813
764
789
773
771
685
656
638
612
590
563
555
551
563
635
759
793
953
953
948
734
652
748
562
328
894
954
956
949
958
955
815
878
985
843
729
664
631
650
921
973
999
939
903
929
946
964
902
861
885
920
927
966
958
856
713
661
645
625
672
833
786
725
783
832
855
777
809
695
627
729
837
844
751
750
693
656
691
744
825
810
714
671
606
573
578
563
577
613
748
676
792
809
775
752
715
681
742
825
813
831
796
813
813
794
738
820
824
745
732
766
752
665
696
750
788
710
722
749
734
667
692
683
727
734
776
738
663
673
670
675
630
650
688
701
685
719
676
611
615
700
687
716
773
823
820
760
771
798
759
745
810
842
771
646
596
573
584
837
834
866
856
797
683
662
724
764
879
856
833
804
831
847
862
846
876
934
960
840
698
667
642
683
796
909
889
907
913
944
904
774
647
629
734
912
867
875
888
890
730
776
844
848
883
863
809
689
763
830
832
804
829
800
773
721
705
733
705
620
576
547
534
524
520
526
540
556
587
603
614
608
609
704
732
810
781
737
715
778
803
829
858
772
837
883
855
797
820
861
708
781
819
744
793
850
887
886
878
880
817
706
667
777
908
911
925
929
944
944
779
782
814
843
704
661
693
772
870
901
793
699
707
719
724
683
648
656
735
963
937
922
797
746
731
716
656
631
604
610
860
920
896
836
826
899
852
719
686
648
654
744
845
957
994
935
896
935
925
745
655
967
931
960
986
988
1013
946
935
932
903
938
829
819
904
954
972
926
902
876
871
875
753
883
982
955
972
926
843
799
885
916
845
687
703
918
864
826
865
808
678
666
707
854
891
803
861
875
792
806
826
801
831
880
795
720
713
666
613
590
572
589
758
785
763
756
783
775
771
737
729
705
776
827
750
665
672
760
862
886
891
894
880
874
821
769
812
846
859
889
735
740
844
918
926
901
869
770
736
781
800
766
883
906
934
961
959
953
944
779
813
844
887
777
860
1050
1006
1007
979
852
709
688
669
677
742
974
923
987
967
921
930
1009
979
934
1069
1061
1071
856
820
1055
1080
913
852
822
1023
875
1060
965
988
1063
1062
967
998
856
803
980
999
962
1019
997
949
1044
1038
939
1016
1035
918
964
887
691
675
678
722
1026
1014
890
909
939
923
843
881
711
724
842
804
801
920
956
917
972
1031
1046
1027
978
975
996
1025
1020
1059
1029
955
971
985
934
911
980
954
984
1002
922
920
872
803
717
662
763
801
756
874
930
877
859
854
840
821
741
747
809
866
751
853
931
875
909
994
908
937
1002
942
941
1046
1029
999
1079
1040
993
1020
1014
898
918
871
875
1032
959
984
1036
944
970
944
896
939
974
935
1008
969
900
950
976
947
1021
1008
923
923
988
999
953
1026
994
897
913
957
835
897
961
888
873
924
893
840
872
880
952
954
847
884
878
777
851
901
849
842
892
922
877
917
922
846
907
938
898
915
761
659
725
771
941
940
866
896
846
828
896
911
828
839
876
856
843
895
912
823
856
893
871
876
919
945
869
880
850
854
948
864
847
751
756
876
925
813
806
795
880
886
869
866
850
818
791
720
678
704
787
883
979
1010
955
964
991
957
941
1009
1017
975
986
1032
1058
996
1057
917
739
673
662
715
962
958
870
992
1042
990
858
749
777
848
896
930
885
864
895
972
929
995
987
916
957
910
906
941
875
930
979
980
954
995
978
888
964
995
885
997
990
919
744
707
1023
842
919
953
955
868
890
895
834
807
896
960
943
887
911
923
796
707
719
851
913
846
806
684
741
956
933
879
889
909
866
784
860
904
935
975
849
791
936
974
986
889
869
898
862
896
865
884
883
832
833
783
686
724
897
874
761
957
1023
924
920
717
693
1026
969
1000
991
972
987
937
855
948
945
887
850
934
864
938
1017
978
987
1012
1012
947
947
877
816
860
981
896
831
896
1021
996
966
943
931
888
985
1012
974
1025
1023
946
1052
1029
992
1033
1005
908
974
979
949
967
1041
904
866
967
993
889
917
917
862
713
651
738
892
771
831
880
783
822
799
775
817
814
801
717
688
835
881
942
915
846
778
852
862
786
716
806
991
998
941
872
920
953
953
986
1012
1030
1023
976
973
1006
918
1016
1063
994
978
1015
975
851
994
960
749
777
723
841
924
899
938
964
820
703
637
608
592
618
893
816
774
672
696
754
722
806
833
736
691
647
614
599
587
605
712
820
753
916
933
915
925
931
886
792
761
780
839
844
695
681
702
905
948
963
784
753
891
932
916
955
886
758
750
805
990
1005
972
1023
1050
1012
942
691
672
800
1075
1079
1075
1059
1036
1004
980
966
929
911
947
895
737
678
798
856
758
746
856
896
917
806
771
798
851
871
923
892
869
846
844
780
708
758
938
881
912
941
816
1182
1023
891
921
955
947
895
931
999
938
1006
1063
1023
972
1032
1036
1007
862
895
1023
1020
947
1039
1045
985
992
1031
1033
977
1038
1064
1010
1089
1066
991
1048
1077
1020
896
942
1025
945
930
993
1005
999
1032
942
932
963
931
832
933
968
905
955
974
903
887
906
742
718
860
903
931
849
901
961
892
890
900
829
784
904
992
938
933
995
972
907
888
802
704
719
804
763
814
881
868
737
788
827
880
854
758
733
800
911
899
886
825
790
830
910
923
788
770
832
866
874
840
805
717
646
643
781
837
889
896
887
965
1009
910
917
960
942
836
878
979
915
910
1015
1025
907
850
903
929
904
914
929
924
858
926
989
908
939
954
900
844
873
911
852
856
855
866
813
854
903
904
811
836
820
802
768
764
765
733
785
783
733
810
856
851
765
826
873
772
767
769
792
685
708
769
838
714
712
777
707
697
701
695
646
642
623
601
588
632
687
656
658
653
664
689
669
680
715
706
637
617
614
633
659
640
657
712
780
707
684
747
913
883
850
722
715
730
797
744
850
877
814
895
941
908
759
639
638
639
681
767
798
773
726
680
658
688
770
750
735
858
860
783
828
901
854
798
830
825
750
825
872
807
816
821
754
780
841
768
856
921
839
879
866
795
829
887
835
883
883
803
814
839
792
866
901
820
839
826
710
712
885
883
803
817
777
664
642
762
757
801
836
804
767
818
837
759
809
854
843
872
915
913
849
896
875
790
864
926
838
913
926
865
888
906
799
802
849
886
845
904
942
848
770
816
891
791
919
961
902
889
910
935
858
890
923
851
890
922
885
906
791
1079
818
908
885
791
837
857
821
812
883
932
875
910
933
853
860
888
801
812
861
916
867
908
888
819
866
919
852
917
922
824
809
699
635
688
863
820
903
950
791
844
835
756
793
870
861
771
820
847
751
783
877
868
790
857
917
826
827
855
847
787
774
776
776
792
854
886
824
869
867
799
827
857
890
810
822
822
774
871
865
800
845
872
826
875
869
821
740
747
810
766
800
840
837
827
858
816
769
802
739
637
656
733
683
788
820
849
780
819
857
797
778
850
888
860
921
968
933
857
907
946
887
890
983
1027
889
927
915
875
769
838
894
899
875
941
926
805
902
1012
934
816
889
919
845
895
945
914
810
880
949
929
864
868
906
896
892
924
897
828
916
928
888
818
903
917
751
673
1067
948
868
869
714
686
806
862
872
874
854
823
873
914
896
820
897
936
810
830
898
834
724
708
716
726
696
656
641
620
611
623
650
661
637
609
610
630
712
745
810
818
808
734
724
786
811
839
743
742
776
867
913
862
821
846
889
862
793
780
828
940
953
818
797
816
845
793
805
714
642
651
770
703
829
908
914
803
759
855
858
932
874
837
858
907
847
798
951
1019
975
809
781
849
786
684
741
929
986
1000
965
910
882
847
827
776
706
714
853
793
735
663
666
669
669
672
575
543
863
812
752
797
938
865
828
873
921
918
936
871
838
936
1010
983
803
760
812
977
828
881
954
928
834
769
807
746
700
675
680
770
768
761
712
781
827
879
839
871
875
787
676
678
734
788
748
705
787
848
822
723
632
624
667
700
650
689
748
822
798
714
731
690
641
616
607
1415
822
843
768
804
857
808
751
650
618
621
725
823
803
823
776
761
806
795
716
733
758
776
735
724
715
781
669
670
695
653
613
581
577
552
567
588
574
576
558
553
559
556
563
578
596
630
632
604
569
546
544
551
569
629
694
751
689
650
606
590
572
571
568
563
566
555
586
646
770
768
741
673
649
655
624
607
604
579
577
635
733
790
833
774
762
759
761
682
673
715
728
696
759
781
819
767
698
722
748
716
656
659
651
662
607
597
583
602
604
588
568
554
552
540
551
551
539
538
541
555
583
620
615
605
675
765
762
749
757
727
733
715
716
686
667
687
750
744
773
815
652
621
616
683
748
788
792
763
746
798
770
648
663
759
887
840
855
843
843
895
842
890
870
874
876
788
883
903
939
916
886
884
760
770
730
770
949
894
927
891
973
920
753
786
947
957
1008
1049
920
927
971
911
893
904
879
869
900
899
804
842
869
894
820
735
786
887
799
712
656
633
625
631
752
951
922
921
929
922
912
833
676
690
1030
999
964
968
951
947
836
731
764
908
926
832
800
1036
1065
1003
815
799
922
977
938
855
890
944
954
865
867
897
890
917
947
938
901
895
896
865
787
862
857
749
776
855
898
809
746
687
646
637
653
821
860
936
950
953
978
1000
985
946
977
984
1019
979
910
1002
938
873
843
862
843
725
842
951
824
870
938
958
941
861
866
887
909
838
840
973
991
921
882
914
906
788
870
873
765
804
910
979
872
925
949
931
898
816
680
627
616
652
882
946
1010
985
1003
1024
983
924
957
941
949
907
954
989
910
891
978
925
817
913
959
872
891
904
787
825
1054
1033
979
969
906
798
744
803
826
914
934
760
677
773
883
861
852
855
795
801
854
938
969
967
818
855
962
1014
915
944
992
1028
994
951
911
785
780
908
942
901
901
982
999
981
973
846
900
1045
960
890
840
933
975
985
971
1049
999
895
881
932
936
1004
1010
962
911
923
970
925
871
885
841
741
692
684
747
838
922
954
916
929
858
843
840
837
823
870
830
717
634
632
610
636
688
725
654
659
663
675
664
644
671
726
763
813
787
862
898
818
731
796
861
892
947
875
725
810
884
867
859
899
952
960
955
1006
977
993
1008
958
971
929
841
858
981
1073
1040
938
935
891
798
832
845
822
960
960
843
709
739
849
916
918
765
672
700
826
881
829
710
788
904
898
888
849
777
868
874
888
864
779
898
1014
920
890
815
780
772
931
780
782
809
1025
1044
1011
994
961
900
873
864
782
819
873
954
981
985
961
905
911
896
841
825
791
870
936
931
874
848
854
762
761
846
977
877
788
807
814
794
733
805
873
909
787
810
831
821
800
919
903
835
838
844
739
675
759
730
743
831
829
797
715
679
738
840
826
828
843
859
850
825
798
766
719
704
707
730
746
757
683
718
947
916
806
770
871
910
792
727
715
752
903
1017
968
849
867
950
796
727
734
720
781
910
822
841
774
710
794
959
968
942
896
850
701
684
650
648
687
735
778
795
842
859
853
893
962
975
962
948
792
691
757
713
649
670
693
630
624
606
604
611
628
673
651
611
613
695
865
832
790
818
811
826
863
860
899
866
817
870
975
981
964
924
913
916
900
880
800
748
804
743
687
803
848
868
802
840
867
856
799
841
874
896
859
865
914
913
813
902
903
819
753
717
700
788
896
874
775
799
893
918
894
944
971
927
926
968
948
889
948
954
895
921
937
861
834
902
900
846
848
891
848
877
885
828
823
857
851
789
865
901
828
852
896
948
966
1007
969
852
696
700
835
830
732
681
804
1004
969
979
949
923
900
906
928
976
981
1001
969
960
941
749
675
697
721
886
910
942
928
903
875
822
751
682
672
737
970
928
925
912
763
795
894
901
885
871
749
719
786
982
983
896
984
1003
979
826
748
868
1034
1012
1016
956
967
1018
1004
940
1031
1023
947
950
1030
1003
947
930
1059
1073
975
907
976
1000
945
991
983
952
972
851
929
1035
941
1057
1035
828
749
704
679
974
771
684
646
636
662
848
938
981
977
941
906
889
833
815
814
718
720
807
959
996
1012
983
928
923
945
790
804
860
883
883
812
874
953
948
869
922
960
869
740
742
724
686
639
698
981
854
882
918
910
790
804
860
821
820
923
969
868
889
886
869
810
918
951
860
774
836
949
927
861
737
809
938
911
875
881
947
956
877
785
814
928
1018
993
902
914
965
948
888
933
1036
1015
976
986
943
852
912
1023
944
979
1055
956
938
970
994
896
930
974
943
916
968
956
831
871
989
1021
934
891
980
1037
925
949
947
823
885
938
978
939
934
946
872
901
917
885
896
901
818
833
854
810
793
773
799
771
859
883
840
855
846
852
771
806
746
769
772
847
795
782
775
747
694
671
666
643
625
590
580
615
837
868
787
864
946
876
827
896
892
789
795
823
758
740
809
833
778
715
727
693
655
662
745
767
696
680
690
712
766
736
739
711
726
676
672
648
642
624
610
617
693
821
817
757
758
741
720
701
782
842
869
810
778
746
690
716
797
785
729
655
663
683
698
654
631
616
622
606
595
609
631
632
618
620
604
603
617
647
637
685
648
599
578
556
543
540
529
535
547
570
616
622
649
630
606
580
566
587
646
705
681
723
751
779
844
743
674
627
604
590
585
590
619
679
692
683
789
805
730
749
757
775
791
897
938
912
812
786
959
753
694
674
639
643
646
665
1020
1004
989
988
1098
1038
969
780
735
736
667
370
283
881
937
1004
1023
543
330
606
847
767
738
725
688
646
664
661
677
710
677
658
736
844
883
879
821
689
651
610
602
586
593
655
933
876
958
960
936
913
863
829
881
966
1011
1042
1006
878
938
936
765
724
771
785
1018
1015
1054
914
967
874
808
832
885
1083
1001
985
936
838
906
870
738
880
897
808
837
1009
989
854
831
817
711
653
688
730
708
865
881
794
721
753
810
937
930
808
757
801
988
992
902
874
938
930
874
931
942
803
780
870
1000
832
931
992
894
787
813
979
855
813
815
715
682
774
896
854
788
825
920
810
804
814
798
781
893
909
789
748
825
908
807
838
793
685
650
708
686
795
928
908
834
896
879
789
852
905
845
738
851
844
733
683
757
958
1003
938
756
813
969
1023
994
909
1009
1092
1042
922
950
1059
1041
1030
1074
976
834
818
827
788
991
1072
955
861
836
922
776
855
727
665
815
954
898
995
912
744
775
1007
900
854
984
1023
912
1044
1002
879
968
1043
965
936
1063
1009
907
915
835
729
724
798
969
978
1013
998
863
927
1026
915
869
1082
1022
817
974
1092
935
1003
1051
838
856
1033
925
970
1048
879
813
727
686
1021
1783
923
975
870
837
831
796
749
929
989
896
924
994
893
879
1003
918
863
935
951
895
837
928
917
867
923
987
857
906
897
819
800
785
966
848
915
974
904
933
935
881
870
1056
1019
918
892
955
852
1895
331
450
798
419
478
734
745
695
645
688
760
681
854
890
836
707
729
937
947
958
796
771
855
1017
985
970
958
983
918
891
972
1044
926
896
936
903
894
957
945
785
891
1000
930
848
859
740
719
1120
1064
920
955
968
834
818
813
796
766
981
1020
938
923
941
817
738
778
708
658
823
861
1036
1114
1005
903
855
866
713
746
1063
900
796
944
1020
897
777
785
896
780
813
870
833
749
805
887
789
825
938
874
862
878
896
774
778
838
949
774
857
736
675
737
896
714
805
1032
973
806
956
1083
958
897
1090
1093
887
987
1071
1043
881
949
1001
955
906
978
1017
896
920
1000
988
850
735
753
838
842
966
948
817
693
721
944
936
805
745
810
767
779
911
955
851
897
788
878
898
934
3030
427
511
317
434
581
413
1567
354
821
1695
289
472
410
633
860
569
1878
4887
1244
263
1229
322
610
287
690
282
495
381
1815
4455
697
10510
1597
598
935