569
575
582
558
565
564
575
570
557
558
554
553
553
534
536
526
529
545
530
448
626
526
540
541
535
532
538
544
544
531
535
534
532
529
523
523
516
514
509
511
511
514
511
512
510
500
506
504
496
498
503
495
497
507
510
516
516
529
546
539
545
556
557
571
574
572
570
553
550
545
547
553
554
545
546
539
543
554
546
548
547
570
559
565
555
564
559
567
578
561
575
563
567
565
566
563
561
557
551
538
531
525
519
514
516
512
513
516
515
520
528
526
528
524
524
536
550
551
561
582
605
586
598
618
651
456
811
531
685
596
433
708
557
551
537
538
530
529
534
532
552
553
554
541
550
559
568
574
570
563
557
546
544
537
526
521
518
520
534
573
591
574
576
585
635
632
607
598
582
596
454
733
561
550
538
530
525
527
524
529
539
590
669
702
661
665
653
667
655
623
615
615
620
622
613
590
575
567
565
569
588
605
594
581
577
580
601
613
594
583
583
580
591
585
585
595
614
639
647
617
614
609
614
604
605
609
609
597
591
590
593
610
619
602
605
607
624
632
609
607
602
602
611
601
590
589
586
599
620
619
628
624
649
646
630
600
592
585
581
579
572
573
571
589
622
664
657
618
598
587
576
566
556
547
551
550
549
547
552
559
566
568
575
580
604
618
604
586
578
569
564
566
562
558
558
560
587
631
639
616
619
613
608
599
581
579
566
554
545
536
526
527
525
530
532
552
563
571
577
576
569
569
567
562
558
554
552
550
546
541
542
540
534
528
522
538
536
534
425
801
411
2217
355
340
354
1370
913
551
549
545
542
541
536
532
532
530
529
526
528
531
531
528
523
524
525
524
527
522
522
523
524
522
519
513
508
505
508
506
503
506
503
510
511
517
526
538
532
540
551
558
556
543
477
495
643
543
540
536
526
527
520
516
515
513
516
512
509
624
399
513
511
513
523
535
530
536
531
538
554
576
575
570
560
541
538
527
541
578
622
695
683
609
1308
1515
291
300
368
458
541
1398
574
697
348
1180
1201
522
358
643
5550
546
556
561
561
615
475
535
532
530
534
530
525
524
520
518
533
559
580
582
582
588
597
609
604
581
579
574
575
590
595
583
583
582
601
624
631
606
521
679
582
577
567
564
561
570
576
575
587
605
621
604
583
579
572
572
564
564
565
566
553
553
542
539
536
533
530
541
521
543
533
539
549
553
554
553
557
561
563
557
547
547
539
542
549
556
547
552
550
568
604
593
590
591
612
619
609
604
605
610
615
602
589
587
578
569
577
579
592
591
583
588
589
598
619
614
591
577
571
572
593
613
588
569
563
557
562
572
579
565
561
557
560
568
585
583
568
565
563
584
621
638
631
606
599
589
594
598
590
575
566
558
553
563
582
601
594
611
617
644
459
811
591
581
569
563
563
568
567
572
584
583
584
585
606
618
617
595
577
568
561
561
564
579
576
573
575
581
609
628
629
612
594
576
571
565
569
576
581
588
591
588
591
601
588
583
588
604
623
620
600
597
585
578
562
561
554
561
576
594
597
604
604
604
628
655
670
644
632
613
599
571
568
554
552
559
576
582
576
574
565
577
582
575
565
564
586
613
633
638
640
622
616
610
604
596
590
580
575
571
556
560
555
562
582
613
636
618
613
609
628
606
595
586
583
598
616
620
611
590
582
579
581
596
611
619
602
584
586
581
596
620
639
634
609
602
597
604
607
618
604
591
583
578
588
606
619
597
592
584
596
618
626
630
621
609
618
610
608
603
599
577
573
565
568
584
616
644
643
489
763
595
600
596
596
598
599
605
613
660
723
741
710
670
637
622
621
618
623
624
616
615
595
593
586
583
591
598
601
592
587
595
617
635
647
640
612
586
584
581
578
573
577
572
576
574
568
562
574
588
580
576
580
588
609
624
609
592
587
575
579
582
598
602
597
590
588
585
610
627
641
619
604
595
597
595
603
604
600
589
579
574
575
593
594
601
600
598
601
622
601
593
588
594
596
600
596
604
606
605
605
609
607
604
585
586
578
576
569
564
553
549
553
560
616
672
648
621
465
819
604
627
492
705
580
575
591
609
490
696
570
597
642
647
630
660
695
754
731
690
672
659
667
654
650
505
749
609
599
598
608
614
628
636
646
630
614
614
621
648
672
679
652
628
628
635
638
459
805
595
592
585
612
623
632
612
630
686
702
719
688
654
648
642
651
652
640
617
609
607
610
609
607
597
587
576
573
581
614
645
662
645
624
618
620
630
641
634
620
604
601
596
608
639
655
645
622
618
629
643
654
648
628
607
474
699
574
562
560
548
548
572
580
591
596
619
681
729
722
673
630
620
615
612
625
617
609
604
603
595
591
592
591
586
587
580
587
578
512
680
589
601
592
601
607
648
675
690
674
684
716
707
680
649
633
616
606
591
589
580
581
584
604
637
687
703
707
686
650
652
633
627
621
618
619
621
617
614
602
587
577
564
579
610
630
636
615
593
590
579
582
597
625
641
637
614
612
616
646
671
685
658
631
630
638
650
653
639
619
623
461
789
611
610
611
604
470
742
589
644
685
699
681
698
711
781
820
803
760
759
747
742
720
694
667
639
612
475
729
593
642
688
708
677
505
727
594
635
718
833
867
842
837
822
806
766
729
713
691
669
662
655
639
638
634
640
657
651
618
608
592
598
616
618
627
603
610
618
606
602
624
660
686
678
666
651
624
604
598
589
592
604
620
632
619
615
627
674
692
694
675
648
633
613
594
594
594
606
625
640
657
666
681
668
659
647
638
633
627
611
604
604
617
652
683
688
668
628
607
600
606
622
652
657
662
636
617
614
613
615
636
672
680
691
702
732
720
697
669
641
630
630
640
662
684
684
669
641
633
639
660
668
670
645
623
612
609
613
634
637
638
626
623
625
635
614
620
614
639
638
627
614
612
610
604
589
571
563
567
567
564
560
556
559
582
610
634
621
603
595
601
619
647
646
629
623
641
654
667
661
626
614
611
607
604
607
606
591
581
578
585
611
646
670
688
681
664
646
637
623
599
580
571
569
588
649
722
542
854
646
679
692
698
678
640
616
613
616
624
658
685
669
645
493
779
610
624
629
646
635
625
627
475
891
652
703
666
647
675
690
750
759
751
719
682
678
663
674
677
673
662
644
633
625
630
645
655
670
664
640
644
649
669
687
700
675
642
618
615
616
641
663
674
654
633
637
636
666
677
672
643
627
621
608
593
582
567
553
548
557
591
626
683
731
760
781
766
728
663
635
612
596
583
570
562
558
548
546
538
540
546
569
593
620
651
675
641
677
662
622
587
568
564
497
610
541
542
462
633
551
571
580
596
604
613
626
646
641
638
614
606
596
584
569
560
558
568
608
654
696
720
741
719
696
700
714
688
652
626
620
627
636
646
657
669
698
466
921
647
651
644
620
466
763
597
643
660
694
741
740
714
744
815
825
836
761
774
744
747
710
700
689
656
650
637
484
764
607
630
656
689
702
715
749
789
811
519
1042
690
682
673
668
681
665
642
645
668
721
734
706
687
683
696
709
714
718
700
662
661
458
858
645
649
651
653
654
639
490
726
584
567
586
599
638
524
912
684
730
672
712
740
744
742
702
688
672
646
635
618
609
606
602
610
620
634
646
621
615
619
613
612
603
592
576
585
595
586
581
583
602
618
645
653
629
607
601
600
606
617
641
658
655
648
661
652
653
658
666
668
643
616
621
630
656
689
688
646
629
631
636
651
676
682
657
640
629
630
658
695
718
689
693
703
703
695
693
671
639
639
635
634
650
647
638
631
646
691
723
722
678
666
657
660
655
659
650
639
621
622
624
641
678
677
645
613
606
611
621
630
616
617
610
593
587
595
606
629
647
656
649
627
627
626
641
651
658
646
634
625
613
596
593
593
612
659
715
744
733
738
744
744
733
678
647
643
639
649
653
655
633
632
645
690
725
696
680
666
631
632
627
633
640
646
637
637
641
635
629
633
629
643
648
639
640
664
688
716
723
697
654
642
634
641
664
689
691
649
635
477
733
588
588
605
600
514
697
594
663
668
654
541
845
673
727
747
730
511
811
632
635
649
665
649
638
658
678
730
713
668
619
593
581
580
601
638
677
702
723
709
697
676
670
653
647
635
626
609
595
579
569
563
570
623
691
681
645
614
630
660
676
634
614
629
597
583
582
594
608
637
640
612
599
593
600
622
649
660
646
631
641
632
639
636
637
607
604
601
615
650
670
645
626
466
839
620
633
610
598
604
643
689
742
708
698
712
739
722
693
665
630
628
615
637
669
689
665
664
674
685
706
475
944
653
630
518
707
600
638
682
705
517
855
645
716
738
726
695
698
722
469
1083
714
695
650
625
623
646
699
747
732
704
715
722
521
912
661
642
622
636
656
716
767
785
757
748
778
792
793
772
731
678
660
653
662
693
697
692
663
636
636
649
651
654
627
624
622
619
614
607
591
611
619
616
611
608
604
601
604
601
596
583
579
586
599
629
673
674
638
623
617
618
628
632
618
607
605
618
650
662
458
863
611
593
472
703
580
624
681
708
679
680
673
720
826
833
828
825
816
783
721
722
708
710
717
706
706
684
666
648
670
697
740
757
730
698
664
657
659
672
686
689
680
668
671
683
696
712
704
671
664
671
691
721
717
690
661
654
667
688
725
728
697
663
643
643
664
698
716
687
676
694
713
770
773
731
688
689
683
687
689
678
661
630
628
637
676
703
696
683
694
694
712
715
704
691
654
630
621
618
655
694
680
690
716
761
700
666
646
659
663
635
643
665
669
665
635
646
647
655
646
643
621
610
607
609
627
646
653
646
665
661
640
621
630
650
689
695
680
633
602
574
561
559
465
688
564
600
593
581
617
682
726
769
772
756
708
688
660
638
624
587
564
556
552
549
557
566
586
605
615
622
635
632
640
653
645
629
621
630
639
630
627
625
632
625
642
641
634
622
621
642
659
647
626
630
646
687
691
658
657
651
678
687
679
649
519
792
633
621
626
635
640
639
672
718
761
774
717
696
706
723
736
712
689
700
692
699
685
656
640
621
632
647
695
702
699
680
680
685
679
666
644
633
637
639
658
665
656
633
639
634
638
644
646
653
639
608
605
608
618
636
648
639
623
629
644
671
687
696
690
652
655
649
648
662
654
631
615
611
615
652
716
733
702
663
675
662
677
663
643
642
646
660
666
656
653
652
692
720
696
660
632
634
640
663
691
694
685
676
664
662
660
656
651
635
624
618
627
640
676
688
649
645
627
641
643
617
605
604
606
641
686
683
645
643
645
653
666
666
646
649
642
651
636
636
622
626
648
680
682
639
641
639
654
662
658
635
623
622
637
644
646
654
626
619
630
653
712
733
743
730
677
672
656
656
657
681
683
658
643
653
681
715
733
476
896
642
646
636
643
639
646
653
690
741
747
702
672
651
633
597
595
589
584
575
576
583
588
597
605
600
604
613
638
642
620
600
600
609
627
632
640
621
605
609
619
625
637
629
606
592
592
605
616
621
620
586
586
579
567
553
551
552
570
601
633
669
673
678
658
643
642
643
653
647
617
602
592
608
616
622
620
606
584
576
568
561
575
616
641
635
606
608
628
643
662
666
646
636
639
637
639
618
584
566
560
561
587
608
626
628
640
634
612
581
562
553
548
545
555
556
579
571
566
572
632
674
654
678
639
623
610
600
591
576
564
558
555
558
546
541
551
570
594
607
608
597
604
626
646
677
697
686
684
641
632
601
609
601
625
640
627
619
637
643
628
600
593
583
593
607
643
677
728
509
933
631
609
586
576
566
557
565
609
662
704
718
718
665
652
475
820
612
610
544
657
584
636
700
721
710
680
687
805
870
896
881
840
789
792
763
754
723
694
662
631
617
602
602
624
637
641
670
677
677
657
651
653
665
656
661
650
631
619
614
617
653
699
707
732
689
658
651
644
650
660
676
672
646
658
653
676
691
689
656
632
624
641
674
706
695
655
651
645
671
695
700
659
633
620
631
649
682
686
672
644
623
615
610
619
612
596
588
601
620
652
671
644
607
599
593
613
634
634
639
640
643
655
657
672
642
653
647
646
635
629
622
623
652
664
652
639
644
646
677
681
686
688
666
653
649
650
645
645
634
623
644
683
712
732
703
702
661
476
760
598
592
581
594
616
686
692
684
666
708
729
733
729
690
658
625
615
605
604
604
600
594
579
586
604
610
599
590
580
571
567
584
624
632
670
617
588
568
511
580
522
516
515
526
545
575
589
604
605
617
621
614
621
620
630
596
480
741
589
609
600
589
510
716
596
642
664
673
682
697
676
673
672
645
637
653
653
622
604
584
587
604
619
642
655
669
660
623
487
701
564
565
569
591
643
681
709
734
739
684
669
632
469
670
554
550
565
571
574
584
597
606
657
724
778
765
761
729
729
713
682
655
633
636
623
611
577
575
565
572
582
595
590
589
586
578
573
594
620
612
623
622
611
596
575
557
555
548
548
550
558
575
594
610
609
592
595
606
630
649
665
661
685
665
663
655
652
646
620
594
573
580
601
653
669
691
704
687
656
636
622
612
607
615
636
643
646
656
644
632
631
634
624
619
618
611
626
609
625
623
620
622
643
670
670
658
631
651
658
681
671
625
615
616
643
693
712
485
944
644
615
586
582
623
761
889
830
826
845
852
478
1073
668
629
598
512
671
580
662
688
706
713
719
718
710
685
657
491
893
607
596
590
606
607
613
599
615
602
617
632
692
733
769
740
720
709
689
661
643
628
628
624
644
660
697
707
720
710
715
722
723
712
685
658
637
625
623
599
625
669
710
672
647
649
668
694
651
619
618
639
646
660
633
638
652
671
688
666
636
635
630
656
666
674
638
643
598
586
586
605
612
460
750
575
557
548
546
557
593
630
655
686
713
718
699
688
680
670
653
657
642
636
619
619
609
624
631
661
692
715
702
703
668
704
748
714
470
854
603
600
626
676
723
722
669
655
669
770
823
846
817
748
701
669
658
645
647
619
602
604
604
607
619
626
619
605
602
617
607
589
468
703
563
560
561
564
597
642
750
771
761
790
804
809
733
711
655
625
610
623
648
660
654
655
681
673
487
813
602
619
460
786
594
635
634
685
720
791
819
824
798
745
769
743
729
690
705
719
694
657
665
692
714
686
658
625
603
601
632
642
664
681
680
669
642
604
607
611
620
605
602
590
619
630
628
601
567
555
559
573
631
670
465
909
612
616
604
570
582
463
780
577
590
580
619
713
836
816
820
873
884
910
888
734
671
627
616
602
604
594
584
474
646
478
585
520
517
527
547
592
586
600
653
771
771
810
476
1104
717
722
685
675
704
699
720
767
770
706
691
661
646
622
607
629
647
615
625
666
688
680
666
623
616
622
659
672
642
646
651
668
668
658
637
643
636
608
610
578
593
603
616
613
570
563
555
557
541
545
558
573
598
611
604
586
611
611
608
602
607
615
591
606
584
557
560
575
569
588
587
585
583
571
588
600
633
686
704
686
657
641
641
640
651
643
681
687
677
652
673
461
863
582
563
556
603
680
728
769
487
1025
651
671
641
646
656
620
709
737
777
827
827
808
739
702
472
776
575
586
617
659
687
721
839
471
1154
681
762
752
759
718
726
743
775
740
678
646
627
611
569
547
541
533
540
539
533
551
557
567
559
531
523
520
517
514
509
506
515
453
606
523
531
534
552
548
550
547
547
550
533
535
535
541
536
541
570
602
610
605
592
599
634
650
613
631
612
598
598
558
545
533
532
540
554
562
586
609
629
651
656
645
633
629
614
604
592
568
584
588
638
646
618
614
568
561
550
546
557
560
563
584
575
591
587
606
633
641
633
647
639
630
629
617
614
629
629
639
644
645
646
672
652
638
639
625
604
599
624
645
651
660
659
690
679
688
685
700
725
708
725
707
716
706
687
670
685
702
701
698
667
684
647
648
612
590
590
580
567
571
581
590
594
599
594
599
571
573
594
604
622
630
643
620
608
598
585
575
571
579
586
587
626
645
638
540
825
610
602
605
586
593
598
652
675
770
791
771
753
736
718
701
649
653
639
659
662
635
637
629
618
632
638
656
641
641
666
559
856
637
641
638
658
644
641
617
621
606
579
608
611
656
668
612
617
651
665
669
653
648
631
615
618
600
579
569
568
574
596
624
653
659
681
694
756
774
753
728
683
655
654
653
664
625
620
611
639
642
645
670
662
675
688
682
671
657
646
648
663
673
672
648
651
642
637
666
632
627
640
656
721
642
606
589
602
601
608
609
599
592
581
558
548
532
534
550
592
632
621
649
637
651
655
651
605
575
585
586
571
552
553
561
563
489
627
467
628
534
563
581
668
699
702
626
624
477
925
609
661
634
639
628
656
644
667
676
684
488
856
586
564
549
530
525
563
656
703
480
967
686
717
712
713
736
716
735
463
935
625
601
609
629
624
622
596
573
613
688
753
745
704
663
645
606
585
577
572
567
597
635
712
719
731
731
721
712
718
704
693
690
678
660
655
648
659
664
679
686
703
694
712
705
701
693
680
666
631
623
653
701
748
698
671
665
661
633
630
612
610
622
636
650
660
646
632
631
636
462
834
610
631
634
616
495
706
573
636
637
671
656
781
776
733
719
732
756
755
748
709
673
665
675
680
684
666
637
607
584
592
614
660
688
693
672
646
657
663
656
624
619
619
615
614
592
579
581
591
637
659
672
679
663
681
658
627
618
616
620
614
640
630
628
652
680
681
682
633
613
590
590
600
623
627
620
600
604
611
627
615
603
593
581
591
606
608
609
461
769
583
634
626
631
602
588
607
706
742
784
729
729
697
677
486
771
601
621
516
682
589
644
654
717
712
706
714
743
765
769
766
707
706
706
726
718
695
665
625
616
622
667
689
698
486
890
635
698
715
744
747
724
740
796
816
824
792
756
736
717
711
680
651
651
664
699
714
698
679
675
689
707
710
715
685
678
683
680
646
625
597
599
592
586
589
602
644
666
660
619
622
622
650
674
673
635
639
644
468
862
471
724
556
566
585
678
698
754
498
989
670
789
742
474
973
637
674
705
711
716
689
510
989
668
720
665
693
759
788
743
701
698
708
724
708
695
659
646
510
835
639
484
806
585
575
586
621
675
722
690
690
733
760
779
511
921
658
701
720
724
703
706
772
823
811
811
769
754
787
820
804
750
585
905
728
738
709
683
660
679
700
740
759
732
700
700
724
741
748
720
687
661
500
850
641
658
637
639
674
764
801
462
1062
698
732
721
709
688
746
769
815
771
738
700
740
747
729
684
665
664
468
864
617
623
663
740
829
820
472
1016
652
678
480
832
604
622
597
617
642
740
754
792
763
804
470
1112
706
683
594
725
638
677
672
683
688
764
805
772
729
720
729
720
721
699
651
639
638
669
741
785
483
963
653
645
651
637
657
718
799
828
769
489
1053
661
665
658
656
683
661
742
788
871
844
816
757
765
776
755
755
757
719
697
700
714
717
692
645
622
612
629
675
694
660
579
738
626
708
714
697
667
714
726
684
728
729
728
699
652
663
673
665
636
614
606
617
637
663
669
651
647
670
692
733
729
694
660
648
642
674
681
657
480
789
597
618
659
687
668
739
842
878
842
770
812
779
756
736
713
717
726
697
666
646
652
667
693
703
660
680
695
721
725
686
667
661
648
635
625
597
583
575
564
594
638
664
649
479
910
643
642
615
622
639
693
676
703
760
778
746
674
688
714
704
720
687
649
657
654
687
675
663
637
633
627
629
636
614
592
601
698
771
775
728
686
699
690
688
675
649
637
631
655
675
661
648
624
632
655
680
662
654
646
624
649
647
638
628
604
576
567
578
636
702
507
966
651
690
466
882
586
577
575
480
664
555
563
585
595
593
602
624
643
649
647
640
628
599
606
637
654
633
633
629
624
621
622
629
629
621
617
591
573
558
562
588
668
728
719
471
878
597
601
608
638
688
463
921
644
675
663
678
667
688
693
479
837
614
645
648
633
682
792
869
907
884
870
847
803
821
790
738
748
742
736
754
745
691
702
713
736
748
698
657
653
652
679
746
786
483
1027
733
738
710
684
649
652
695
787
834
762
729
726
726
720
710
699
729
752
732
725
693
637
618
614
637
679
689
710
687
702
687
672
635
619
605
601
677
670
664
714
791
761
739
690
663
674
696
716
494
910
644
626
637
665
715
759
480
1012
688
514
910
643
651
683
779
795
779
729
785
506
1121
749
763
782
785
544
983
651
620
554
716
658
834
846
803
814
864
487
1147
672
692
721
719
761
799
798
878
904
858
846
813
749
739
753
780
774
776
712
673
658
656
683
722
744
720
760
815
817
790
723
721
487
917
679
660
621
615
604
585
577
593
614
619
607
616
620
620
594
605
616
638
653
651
660
670
641
638
623
627
639
654
650
666
671
677
689
694
681
681
660
638
630
634
640
655
655
703
748
763
722
677
648
654
696
705
671
658
631
631
593
574
572
579
591
611
623
594
567
567
552
542
533
543
552
562
560
559
556
549
540
522
511
511
503
503
510
520
530
546
552
559
575
584
591
582
572
571
566
541
530
520
517
522
529
531
549
563
564
593
590
595
595
563
552
530
529
532
529
532
524
531
523
538
547
586
596
622
617
573
581
569
566
557
555
536
541
561
586
611
637
627
643
638
585
561
542
548
559
589
606
613
609
608
612
567
563
555
578
588
617
606
584
601
650
712
690
686
674
650
646
632
623
592
564
556
566
587
603
614
609
607
610
611
626
622
626
624
578
555
535
546
565
575
595
613
680
699
683
620
610
606
626
1260
575
604
584
584
572
570
566
603
628
666
666
680
665
656
636
598
591
574
582
600
631
649
645
655
654
654
646
639
612
605
598
572
566
585
607
439
728
550
580
450
762
562
613
442
749
543
629
1388
607
692
658
659
651
679
662
674
668
658
640
644
611
573
559
559
575
584
615
585
600
588
552
534
526
538
559
564
566
551
540
536
546
546
567
558
564
580
575
588
604
596
607
602
601
572
560
554
544
543
553
563
564
568
577
591
621
633
642
669
660
526
833
596
633
629
650
643
702
667
656
752
811
818
800
749
729
716
721
742
745
729
731
730
719
733
746
759
707
678
672
677
699
693
665
668
683
730
713
722
456
939
635
630
628
632
631
668
760
765
789
817
808
806
457
1034
656
662
668
694
749
781
797
791
450
1104
703
709
686
663
655
629
612
655
784
823
818
803
752
740
728
753
749
727
724
711
733
729
767
773
756
708
712
730
757
740
713
678
646
636
648
634
612
594
587
632
661
680
702
710
716
705
701
702
683
688
692
684
691
679
684
691
722
735
719
708
650
629
622
625
617
459
818
615
646
669
674
666
681
699
755
711
692
486
795
588
597
633
676
702
719
686
737
803
843
833
733
701
708
718
722
725
709
720
712
743
740
725
698
713
692
682
702
737
758
696
714
733
769
757
710
717
701
687
671
667
664
689
689
699
711
720
709
679
649
639
663
645
480
751
585
591
614
614
623
601
639
729
810
836
490
1130
472
992
671
673
708
733
763
715
764
794
769
719
695
701
740
768
748
712
701
702
683
678
649
623
610
610
607
639
669
662
655
655
691
733
737
721
698
668
636
641
647
650
628
611
599
618
656
685
454
943
634
636
621
621
636
646
713
777
821
491
940
715
787
786
765
763
715
721
733
794
799
764
724
715
705
736
740
730
711
729
749
771
745
721
680
649
652
675
712
694
713
724
744
692
683
688
701
690
692
677
657
667
685
702
506
911
643
648
540
803
649
737
467
993
692
784
782
769
807
768
754
497
989
673
671
643
614
664
689
736
781
841
808
784
779
737
712
690
663
675
690
481
909
664
680
688
700
726
763
757
799
794
807
783
729
701
700
731
468
954
645
622
610
598
598
604
615
609
610
614
589
602
646
655
645
657
684
679
656
628
591
580
571
573
575
583
589
473
711
568
568
562
563
555
566
562
570
632
722
753
743
714
457
893
604
585
586
588
604
606
632
604
577
555
552
558
577
578
592
582
588
574
573
564
557
548
546
529
526
521
524
530
537
537
541
541
531
521
521
523
530
519
524
521
520
520
523
521
521
510
506
509
509
514
518
521
528
529
528
527
505
521
511
512
503
500
506
522
540
550
562
570
570
569
473
651
521
535
526
562
625
677
702
730
744
717
733
701
696
678
679
675
661
609
582
556
551
560
569
575
591
585
584
573
589
604
617
595
591
581
591
596
612
530
694
559
559
547
556
577
601
643
631
625
668
686
688
645
686
703
702
488
861
605
605
592
593
595
581
558
543
562
575
620
677
693
702
438
1520
563
568
568
571
593
658
724
744
749
756
764
730
720
696
675
640
635
611
623
644
656
672
660
637
626
617
648
671
683
685
686
660
662
638
620
615
585
577
572
599
627
646
461
835
570
565
562
584
621
683
729
744
706
652
625
445
816
570
604
599
612
618
637
624
627
637
665
669
704
705
680
621
614
612
620
650
658
640
611
607
641
680
667
646
645
626
654
632
628
627
614
606
592
587
580
554
540
537
543
550
569
596
611
616
636
626
630
628
615
579
557
546
542
554
569
579
576
603
629
650
672
661
663
656
638
624
592
593
585
562
546
545
559
564
588
571
548
530
524
539
575
588
600
599
631
619
644
640
652
657
640
599
592
586
587
588
591
570
569
584
598
589
584
587
592
585
591
601
604
604
588
592
588
594
605
614
616
608
590
585
604
626
639
638
649
635
641
641
457
838
592
625
611
624
682
696
753
769
798
792
728
698
715
743
757
745
705
702
700
702
711
721
726
719
741
764
773
714
704
703
716
763
752
728
774
731
759
766
755
749
707
673
687
687
673
646
615
630
642
706
718
744
745
747
729
720
695
714
708
697
687
659
676
694
719
751
760
779
744
735
696
704
702
686
650
661
646
683
713
722
735
714
730
721
724
720
706
715
694
688
672
683
709
715
705
725
729
760
710
520
866
659
682
700
719
703
691
510
1003
707
745
674
688
738
813
826
802
812
791
814
772
776
739
466
956
636
621
617
662
727
775
793
812
837
827
814
765
792
790
782
770
729
727
701
659
651
636
668
701
728
726
691
667
671
696
761
750
683
662
622
599
591
614
624
648
674
661
660
647
646
626
626
622
615
497
709
581
604
590
623
648
706
732
768
767
771
750
719
673
681
656
665
647
625
631
617
616
646
688
728
737
727
712
706
715
671
652
658
663
689
697
708
663
687
662
676
691
690
466
919
620
620
631
673
739
766
751
752
794
797
749
752
765
763
738
695
706
705
724
684
683
688
707
465
935
628
617
634
669
714
735
770
835
850
813
767
801
806
781
702
709
703
699
721
697
700
695
710
709
681
679
651
550
757
626
629
605
599
608
628
657
649
643
615
600
604
589
601
672
709
740
481
932
628
609
580
558
560
572
618
717
749
796
771
804
806
813
795
761
739
744
692
666
675
678
696
687
625
603
572
589
604
625
609
589
581
574
590
586
577
566
546
540
548
542
531
527
477
574
521
532
529
536
535
540
548
550
540
529
530
540
553
564
574
581
576
576
569
573
585
590
592
594
599
601
592
597
593
589
568
543
527
521
525
540
537
552
575
586
615
649
617
628
600
577
604
574
565
553
546
551
564
567
582
592
603
600
602
585
583
570
585
618
679
712
704
669
664
639
609
469
738
557
564
570
595
640
746
825
857
859
846
823
735
727
735
743
703
716
680
650
663
652
658
624
584
591
595
604
624
631
644
659
669
679
657
478
827
614
629
491
791
595
636
688
784
864
908
902
866
882
849
831
805
748
760
732
715
708
718
671
638
670
686
721
685
681
703
673
656
629
598
571
554
550
563
582
646
654
699
721
743
754
753
737
711
692
686
673
682
697
712
712
715
707
704
711
469
930
629
611
484
691
564
589
656
736
760
782
764
723
503
971
669
683
646
590
573
603
674
710
752
733
495
914
632
594
571
555
574
656
724
772
738
746
736
722
702
635
625
601
595
624
637
677
476
877
608
597
565
559
544
553
572
572
572
552
558
569
579
572
569
571
562
552
531
535
525
515
481
571
518
545
567
637
710
727
749
745
736
722
726
699
673
666
675
682
685
673
658
632
630
627
626
648
629
633
630
616
644
663
668
676
690
490
857
611
623
621
649
646
704
719
753
756
707
673
660
695
486
951
619
616
598
596
644
728
783
817
810
833
571
996
657
642
602
614
610
674
759
850
850
832
818
784
764
518
914
627
646
661
698
582
936
664
709
729
772
770
772
770
706
697
683
651
644
658
673
707
706
701
667
673
680
680
680
674
659
626
608
616
654
686
708
711
687
663
657
638
625
599
585
593
624
661
683
699
668
649
641
653
651
644
632
627
668
706
732
712
688
652
641
619
624
618
635
624
601
610
623
650
671
662
634
613
628
600
583
569
572
594
639
666
675
665
638
618
616
634
648
638
614
586
581
605
629
652
671
671
615
590
590
602
632
637
642
633
638
600
601
606
632
650
653
650
618
604
607
614
639
644
630
623
643
657
647
654
633
610
598
607
607
603
571
593
588
587
581
607
645
679
677
657
610
573
564
492
644
562
585
580
597
576
605
650
723
746
705
708
705
742
700
697
673
654
615
585
585
616
665
735
767
742
700
684
680
668
648
653
665
708
776
759
734
705
697
686
673
652
628
617
624
656
674
667
649
671
663
675
706
672
645
639
629
666
683
710
706
665
634
624
636
642
683
696
687
691
652
639
649
662
654
623
623
615
642
624
606
605
600
614
644
637
633
600
563
556
549
545
540
540
537
539
569
691
693
750
758
757
769
750
736
709
680
666
648
650
637
617
604
604
607
609
611
617
626
620
617
605
610
609
623
631
664
709
748
705
696
687
663
656
652
642
623
599
608
633
662
674
693
682
652
620
627
649
657
667
644
652
639
624
617
626
634
646
659
652
625
633
629
650
667
668
659
640
636
635
658
668
648
637
616
620
640
646
660
636
615
600
620
642
662
667
681
648
621
617
618
624
640
644
636
620
624
641
657
657
662
635
621
612
622
646
672
676
650
620
588
574
559
568