718
711
739
760
762
714
756
771
821
795
749
820
857
850
763
791
811
864
756
778
835
913
826
813
928
1026
958
809
795
824
901
854
766
845
959
980
869
842
897
921
871
788
850
906
914
802
846
905
971
920
802
852
928
935
846
811
853
914
875
772
778
776
756
827
800
813
758
825
794
757
764
790
795
764
708
724
750
880
907
871
810
893
889
889
803
815
883
817
783
880
941
903
826
736
749
795
858
784
881
884
806
838
826
863
790
782
740
726
719
716
693
755
835
899
921
835
751
754
793
825
772
489
1139
761
728
665
639
623
619
680
797
903
858
868
852
887
887
852
787
715
688
704
698
713
685
687
669
665
646
653
673
660
657
691
707
717
504
879
660
697
724
744
736
813
860
867
775
808
805
800
733
739
732
762
721
734
738
751
718
699
712
710
700
684
672
686
695
716
736
739
768
744
697
718
721
784
829
769
719
723
744
771
781
744
767
781
806
798
730
736
751
775
801
783
730
749
781
808
819
762
772
775
820
786
720
704
725
785
863
808
784
740
796
819
777
740
780
841
873
820
780
792
827
858
806
858
915
914
914
812
501
1035
737
749
706
699
751
908
957
922
851
993
997
997
959
874
900
918
892
860
816
755
763
809
839
875
821
758
714
700
678
697
770
851
860
493
1030
700
672
666
682
653
708
705
736
750
745
700
698
656
678
738
900
968
928
894
855
800
793
802
777
754
746
744
754
745
777
792
785
773
752
718
724
753
775
788
763
732
706
729
756
816
777
744
793
819
805
722
717
738
782
802
765
734
787
791
816
790
748
774
802
836
816
778
825
830
828
796
734
743
758
848
840
779
813
832
865
813
794
838
876
873
808
771
801
822
837
758
738
723
730
689
711
719
699
707
745
772
797
790
744
749
756
746
754
713
724
776
850
854
791
754
770
781
799
786
750
723
755
796
853
852
793
849
828
816
806
768
729
705
691
660
673
695
694
740
818
770
813
845
857
817
756
807
827
836
813
855
828
815
812
800
769
763
797
833
828
813
801
796
800
751
721
741
774
841
868
797
821
811
804
743
713
730
771
830
812
749
768
778
816
763
711
704
708
731
772
771
703
686
653
667
738
774
806
771
756
793
809
813
822
789
748
754
786
826
765
715
723
775
868
791
848
902
874
794
730
747
769
797
803
745
692
688
690
725
785
811
787
761
807
828
837
807
810
790
732
723
729
768
790
793
762
794
833
849
806
788
731
741
748
702
679
690
715
753
723
682
653
644
653
674
717
707
675
680
729
732
734
729
683
676
658
635
642
658
712
706
729
778
779
726
711
704
687
680
685
712
720
557
912
682
677
693
715
782
814
768
791
820
873
903
886
492
1090
715
720
725
761
797
788
786
852
877
814
848
871
820
756
770
799
812
748
801
810
809
750
737
695
730
496
992
696
711
715
708
744
814
920
940
858
859
906
903
843
760
726
746
806
848
799
835
875
885
807
817
772
752
725
725
752
758
721
706
730
738
779
765
742
771
833
834
770
771
766
819
847
812
814
815
809
812
833
802
819
787
814
805
835
791
812
827
831
822
839
805
735
763
782
828
812
876
929
898
779
749
566
821
674
700
691
519
760
618
623
662
689
767
855
853
871
802
769
763
767
770
729
688
667
664
657
663
671
667
669
677
675
690
730
779
835
829
829
790
813
823
816
767
740
720
700
730
753
787
790
767
793
763
750
751
758
726
712
678
665
642
623
615
608
646
720
805
864
890
900
829
842
536
1065
742
717
703
717
719
713
753
873
891
927
854
822
825
789
795
804
796
769
733
742
730
714
706
681
656
629
616
618
650
694
799
817
874
886
822
785
754
738
714
691
686
690
691
669
643
659
675
687
701
705
711
697
482
920
662
636
634
626
652
705
690
723
756
771
768
708
736
521
994
709
655
652
676
736
824
521
1156
732
778
813
814
793
774
788
785
786
773
737
736
728
725
722
706
714
527
979
703
727
731
729
727
792
867
854
500
1186
761
735
708
668
674
677
805
887
860
779
823
759
787
487
1041
712
696
677
667
685
742
840
863
794
853
882
957
814
495
1010
694
663
677
681
660
661
690
695
711
747
750
777
760
790
832
492
1150
740
706
702
511
832
644
637
662
668
675
690
764
1059
1033
1004
943
940
851
854
816
780
766
724
724
570
890
655
647
513
863
652
655
666
738
783
838
846
820
793
753
720
717
751
779
721
737
729
764
719
681
662
640
631
617
603
594
614
607
660
668
662
639
639
626
630
627
659
677
663
687
672
655
665
667
675
693
681
681
669
653
631
619
616
611
632
646
691
727
754
760
739
758
759
716
510
938
647
652
649
692
728
759
855
860
880
876
877
784
747
741
743
744
742
747
733
706
694
673
651
613
609
626
668
733
805
802
818
792
753
775
768
775
752
711
698
686
684
677
676
657
665
699
707
743
736
726
722
729
729
731
687
715
732
700
697
690
741
775
749
734
674
678
687
747
821
468
1165
741
763
734
714
809
871
885
826
895
538
1133
688
688
696
759
1029
957
930
806
829
821
489
1082
703
706
691
704
705
754
797
877
834
898
923
837
837
809
738
751
760
777
763
715
727
714
734
702
722
737
758
699
705
685
656
624
616
600
592
604
623
691
653
636
631
664
698
729
738
752
747
726
688
664
645
655
674
671
633
633
647
687
771
790
786
757
478
1008
674
664
658
628
636
647
691
748
764
729
787
797
823
782
734
758
738
725
664
639
635
654
678
518
848
629
623
643
692
503
1044
683
700
695
761
784
757
703
682
683
714
765
747
736
697
681
692
710
712
699
692
681
656
615
593
579
565
494
650
563
562
568
582
475
701
570
567
572
608
655
729
712
751
776
817
794
785
777
765
722
687
640
633
614
612
640
614
594
597
624
667
697
727
770
709
739
765
771
758
756
737
719
690
688
665
666
705
745
740
743
742
737
732
710
743
735
684
649
642
657
633
604
602
605
599
626
624
621
612
602
584
589
589
615
650
679
693
719
711
710
711
684
661
628
609
603
600
649
713
779
784
856
842
846
827
797
791
776
814
815
807
787
792
803
819
806
826
800
790
778
798
804
821
866
853
791
728
712
692
724
747
794
778
754
769
765
737
753
744
779
813
791
802
746
759
781
779
718
717
755
794
757
696
718
753
778
735
694
690
727
710
723
723
746
710
683
689
714
769
750
784
791
761
733
720
731
730
719
709
711
740
741
758
723
761
775
782
796
764
738
765
780
820
817
782
780
779
782
718
712
693
644
617
607
605
594
591
589
600
611
619
637
631
673
700
745
765
771
752
724
737
746
728
738
696
712
507
1016
681
714
792
829
871
941
896
828
917
1030
970
936
886
810
800
794
820
825
715
694
697
749
819
775
776
787
760
751
683
506
822
636
627
489
784
604
591
628
701
804
827
833
872
535
1131
710
745
777
812
733
764
806
801
809
764
737
680
742
778
805
765
699
659
631
612
604
600
605
602
610
631
626
639
656
667
679
687
682
661
630
614
604
592
582
582
576
587
601
605
586
573
569
585
607
639
691
760
758
510
890
618
621
628
607
611
634
640
618
635
637
626
643
644
680
734
754
767
778
763
759
755
482
977
660
662
675
721
532
1033
718
496
1027
674
491
968
699
885
918
956
962
938
905
835
885
873
851
826
819
848
836
824
813
810
823
832
840
826
786
777
788
764
698
717
742
789
735
780
836
854
794
730
722
717
723
731
761
742
747
728
695
704
734
771
797
742
707
690
700
691
675
662
650
644
638
662
718
752
786
801
800
795
778
754
730
703
687
680
675
688
699
706
730
733
721
747
735
716
735
724
702
686
680
692
698
717
710
720
725
753
779
758
744
675
651
626
618
648
688
688
667
650
646
649
653
683
702
728
739
754
746
737
702
692
687
664
671
681
695
711
680
680
685
680
692
695
673
672
666
675
708
670
667
668
676
696
690
675
676
690
701
708
707
699
690
687
692
690
703
681
694
665
649
631
637
658
705
729
702
712
689
670
647
639
646
659
658
657
669
663
667
679
705
749
771
773
725
704
723
786
833
815
782
740
738
770
821
834
834
775
764
779
808
766
724
771
768
778
748
745
739
773
753
700
547
901
679
691
689
721
777
823
782
859
846
811
802
821
818
759
743
753
736
717
685
687
683
688
673
719
726
702
729
733
739
724
688
667
684
723
773
763
725
690
703
715
730
764
744
700
702
692
694
686
667
675
695
735
754
725
680
684
665
487
810
632
618
610
597
577
575
594
659
748
811
824
816
809
785
786
749
731
718
713
703
700
698
691
687
688
701
711
717
709
692
684
693
727
744
732
555
889
696
721
713
709
716
791
912
872
794
828
841
847
820
760
754
761
758
764
714
715
701
707
696
671
684
683
721
726
731
742
733
706
697
692
688
675
653
641
644
686
728
738
704
707
694
667
704
714
686
685
692
705
716
693
685
685
717
741
725
700
717
745
777
778
732
696
699
710
711
751
742
691
694
699
718
750
731
688
660
646
632
625
604
607
611
602
599
608
632
659
660
660
643
630
614
623
647
661
648
624
597
596
600
587
582
585
597
640
682
719
753
745
729
740
715
711
686
546
885
665
673
658
645
611
633
637
632
618
625
658
694
789
858
844
804
745
759
752
736
741
721
692
663
659
686
721
761
750
748
766
771
764
725
711
704
701
676
660
649
664
666
646
640
664
653
632
625
638
668
706
727
704
674
666
670
687
703
689
674
695
712
744
718
701
705
713
723
704
692
696
707
677
491
854
639
630
618
627
658
798
841
870
850
771
803
788
767
716
684
688
719
748
773
756
748
566
828
667
662
681
727
768
745
724
775
876
785
784
763
762
764
741
728
671
641
636
646
671
709
744
782
781
768
773
783
762
754
757
730
695
729
730
735
730
706
664
646
622
646
702
758
769
725
483
936
676
692
677
708
482
926
656
729
803
495
1126
764
478
1094
705
745
792
513
1092
722
753
795
1626
729
702
729
736
840
894
904
893
831
812
829
832
811
795
792
748
746
707
680
680
652
660
700
707
703
687
653
624
622
642
695
792
888
874
892
859
845
835
815
782
745
721
734
769
810
815
837
831
827
800
764
749
768
795
739
683
637
612
605
652
691
755
804
795
769
769
737
702
679
660
642
644
636
637
660
681
689
699
724
707
696
664
646
626
634
642
634
658
701
792
792
727
720
729
741
742
698
708
714
726
715
733
706
703
710
714
694
668
679
688
676
719
715
714
688
685
675
653
629
631
630
636
645
660
654
653
679
712
727
735
741
697
688
669
668
669
475
904
655
665
650
673
721
741
717
808
833
857
785
832
881
909
877
777
769
740
740
693
700
697
707
518
890
675
688
474
929
664
725
824
797
822
891
905
815
824
870
514
1060
730
702
670
661
705
804
817
789
779
821
866
853
821
779
786
766
774
737
717
744
750
769
763
729
708
717
727
710
706
731
732
719
512
916
678
665
652
660
678
741
822
776
772
837
852
815
760
771
771
731
725
736
749
764
760
729
695
677
658
658
486
896
642
661
585
742
653
813
861
565
1052
767
814
769
728
729
790
850
849
813
801
844
858
838
772
771
775
717
680
649
647
674
473
950
673
690
687
477
991
696
779
805
862
887
862
850
813
861
807
820
490
1029
681
646
670
705
767
810
772
840
934
926
896
845
806
860
863
832
839
792
782
535
1065
729
719
736
749
788
582
1023
716
716
710
708
582
942
722
748
750
753
801
854
913
932
887
830
771
719
703
725
504
1054
736
750
756
791
822
823
843
830
813
827
771
799
528
1016
680
652
614
612
475
854
635
637
675
748
835
856
857
879
896
875
823
857
853
818
820
836
837
827
763
764
788
778
740
705
693
697
695
706
721
727
718
706
714
698
727
749
781
787
800
792
768
719
737
771
770
755
708
685
675
676
688
707
748
779
782
753
802
793
809
788
801
776
507
957
668
639
656
688
736
741
855
876
775
801
726
703
512
988
703
708
743
747
744
763
788
819
816
791
588
1031
727
708
563
859
685
734
794
830
793
845
821
739
722
726
688
729
772
785
744
707
699
691
677
695
723
743
783
779
785
739
703
683
677
669
685
720
692
729
714
698
665
658
669
687
704
731
781
772
761
736
720
700
670
655
649
651
684
733
770
775
762
748
745
744
745
744
736
727
748
757
765
768
742
711
728
780
800
778
768
734
745
766
781
744
718
736
750
776
743
699
698
703
709
729
725
786
836
841
822
752
750
771
817
849
810
777
792
776
765
742
721
754
769
799
809
761
731
736
713
699
663
687
695
677
712
726
741
722
680
680
688
684
556
722
624
663
691
710
745
760
724
703
699
733
767
762
746
741
725
696
711
693
720
764
743
713
708
724
752
702
698
702
716
743
768
761
746
547
956
701
712
729
756
785
804
829
840
788
761
734
740
781
793
803
820
780
760
782
787
803
797
774
744
706
716
750
794
780
742
783
817
834
769
747
790
786
792
751
513
970
709
733
719
759
869
895
858
798
816
863
871
857
815
842
832
780
788
800
802
838
856
783
768
788
811
823
807
774
807
840
853
824
757
747
767
826
838
774
770
771
756
731
809
832
808
744
736
755
762
773
775
753
785
791
774
756
801
828
835
786
772
769
764
745
714
686
697
723
771
800
775
793
818
813
765
701
672
663
692
722
756
741
696
705
723
697
686
688
708
717
693
674
659
676
716
499
964
671
676
673
659
683
696
737
693
702
721
771
834
884
921
931
918
859
798
813
816
819
816
790
747
718
723
729
752
767
749
710
712
730
768
788
813
761
748
773
775
774
757
717
719
769
827
851
801
751
775
771
800
764
711
716
733
768
796
741
715
738
784
819
797
752
771
795
832
796
717
692
682
698
743
757
739
792
797
851
851
796
814
817
813
757
714
736
758
795
753
765
768
717
709
677
670
704
731
729
707
713
719
724
707
665
637
616
606
622
718
749
775
809
789
773
736
711
685
668
654
646
637
631
632
632
646
651
647
623
638
658
675
686
705
691
674
642
655
697
749
780
736
706
736
766
780
788
788
740
707
719
719
742
749
716
688
685
683
720
759
754
729
749
755
771
495
1052
676
664
670
712
792
793
766
817
847
844
803
781
813
811
779
731
710
733
769
777
758
730
710
720
738
758
759
705
706
722
742
766
752
710
713
695
720
708
689
679
667
664
492
828
615
600
603
643
735
885
844
785
807
814
838
832
753
730
742
745
763
717
538
823
643
664
661
663
653
744
785
771
871
890
864
832
783
761
744
749
748
712
693
725
757
781
741
517
936
688
701
680
665
698
747
834
798
502
1019
720
758
732
689
691
705
730
733
696
733
784
748
822
820
804
777
480
929
665
667
693
701
686
706
738
771
748
738
767
774
799
786
717
696
684
664
643
659
664
659
648
663
670
684
675
651
627
615
623
661
707
698
679
715
709
764
733
688
698
701
703
683
648
633
636
662
708
723
522
827
637
634
646
658
643
635
655
673
679
771
794
729
710
705
691
712
693
664
667
662
680
688
491
831
624
630
633
667
661
701
731
804
817
773
765
743
743
721
680
683
689
716
706
671
654
672
695
729
714
667
660
646
654
675
651
647
669
706
731
704
678
654
661
666
660
638
612
583
568
560
548
546
539
531
528
557
609
622
624
626
643
672
748
726
705
677
658
638
631
695
808
798
798
781
752
754
747
762
761
738
732
729
739
723
713
700
670
486
828
618
635
663
711
706
759
804
833
828
777
741
752
756
823
799
748
745
730
760
733
705
732
709
695
676
684
690
661
654
634
602
589
590
599
596
575
565
568
575
581
598
614
626
629
619
621
615
616
618
607
582
563
553
542
544
536
537
556
589
625
646
668
667
688
666
652
640
603
585
562
571
587
624
681
685
688
675
630
606
611
617
619
629
655
669
678
687
685
670
657
630
612
569
574
570
620
657
715
726
660
628
621
638
670
679
700
695
697
688
688
674
610
486
686
563
576
613
663
695
726
744
747
754
790
803
834
837
841
836
796
717
697
668
676
679
698
726
739
1468
655
620
604
611
665
709
772
804
799
742
782
798
796
787
778
768
747
744
730
709
718
722
704
712
688
643
604
590
604
635
651
701
745
765
772
776
733
694
678
690
681
689
676
661
646
622
593
579
592
620
670
690
719
739
735
729
666
663
659
669
682
661
664
659
688
698
667
666
664
684
691
702
710
719
712
688
667
653
643
630
606
597
616
617
644
649
666
646
611
583
571
580
604
630
670
693
709
705
688
689
675
665
654
655
627
586
566
567
588
632
661
703
735
744
755
757
748
732
729
715
709
699
695
651
623
611
624
644
645
645
621
606
505
772
612
622
596
622
650
702
719
690
700
714
750
758
721
683
673
655
644
651
634
619
598
609
626
644
656
632
605
602
605
619
618
624
640
658
659
660
663
667
661
657
646
641
620
597
591
593
599
618
628
635
637
651
1293
619
646
1294
613
642
649
687
688
821
719
688
692
774
776
770
754
769
782
806
798
773
734
724
712
718
726
718
719
719
718
682
656
623
639
664
682
714
716
690
647
629
624
626
646
674
723
735
751
756
723
720
688
685
659
664
653
691
727
722
726
747
740
701
1263
599
588
603
632
680
737
795
840
838
828
764
493
1012
673
674
694
716
774
805
807
796
771
753
687
676
671
659
658
672
695
714
701
684
732
747
763
747
470
983
662
644
655
700
737
780
820
818
839
876
521
1131
711
676
632
620
632
688
728
809
891
905
925
917
943
970
975
986
899
843
813
860
850
856
843
799
771
738
715
741
842
869
876
865
845
828
820
803
783
739
712
744
789
835
813
754
738
758
805
828
813
764
768
794
824
818
779
798
813
819
835
770
726
756
825
875
878
802
771
782
795
795
766
736
759
784
798
801
748
768
771
777
737
717
696
715
779
830
809
816
773
770
770
781
772
749
725
735
767
802
793
744
706
714
742
740
707
754
749
732
752
801
835
823
756
722
728
759
796
762
748
479
1085
741
724
701
725
806
897
875
817
548
1154
753
738
697
721
789
868
887
868
891
914
935
866
803
779
791
769
766
758
712
737
747
776
739
707
725
755
760
712
692
689
703
740
752
733
751
771
797
789
761
718
725
740
753
765
762
730
710
687
699
703
681
719
739
703
679
675
662
649
688
727
729
703
696
712
742
744
737
710
720
731
764
760
720
700
715
742
776
759
724
716
736
776
769
726
697
707
502
938
681
667
660
683
777
861
847
791
563
1095
758
739
744
746
774
789
765
807
832
871
841
777
813
824
823
814
761
753
756
777
756
740
747
706
707
723
697
717
717
738
711
684
680
688
695
701
680
678
678
692
700
682
659
651
667
709
762
780
774
755
767
771
772
739
724
694
688
715
707
708
697
740
723
722
759
790
760
712
712
704
489
931
658
644
647
696
737
745
757
815
778
823
842
809
807
798
735
729
725
704
688
679
690
736
787
798
804
744
744
721
717
710
697
669
702
735
757
724
698
681
694
752
816
840
829
783
727
699
705
763
867
877
481
1147
758
748
782
815
812
788
859
895
901
834
771
809
858
887
855
809
750
778
841
892
877
824
777
808
835
862
835
795
757
776
810
870
885
802
754
746
779
818
822
781
755
791
849
881
853
777
752
763
800
853
893
871
835
797
810
836
811
763
766
828
903
927
869
809
747
744
753
813
922
893
864
855
880
870
855
801
801
771
788
795
768
738
785
841
842
782
750
795
857
888
864
789
727
703
713
791
836
821
781
794
825
864
890
842
788
800
800
787
765
738
714
732
793
883
882
823
770
776
784
811
757
706
664
665
660
647
633
643
680
744
782
795
781
771
780
776
727
745
748
768
792
800
750
720
747
785
809
764
736
740
790
821
797
740
744
760
816
524
1063
705
689
694
742
796
826
824
860
894
861
782
800
492
1041
719
696
685
715
810
903
879
813
822
864
875
863
794
738
765
770
804
773
769
760
732
707
717
724
764
776
767
733
717
710
686
714
744
739
703
671
679
687
679
655
655
680
723
730
714
695
726
781
812
759
714
722
741
788
759
714
690
521
894
687
702
698
694
750
854
493
1157
730
749
763
802
797
784
780
847
883
862
802
757
775
772
801
771
737
757
762
782
778
761
772
817
817
795
736
721
734
742
718
739
715
699
719
757
808
795
761
745
730
702
694
703
727
769
777
784
754
781
814
834
822
789
732
736
763
798
827
784
749
768
785
811
811
754
750
770
801
797
769
717
726
730
757
776
757
741
756
778
777
773
752
768
715
725
700
671
474
883
650
613
619
623
659
729
762
745
729
762
771
727
726
739
762
747
726
700
679
521
860
668
669
671
706
767
555
974
699
824
836
798
776
784
829
800
839
860
853
827
761
769
771
798
826
814
786
752
758
759
777
768
724
719
739
734
737
712
702
732
758
774
769
725
686
683
694
729
737
719
695
707
725
776
782
730
709
733
742
763
729
697
697
694
718
729
720
698
715
693
735
763
761
762
736
702
673
644
636
632
632
648
665
692
739
755
745
729
710
686
677
639
643
626
636
634
655
727
784
754
726
692
647
646
623
617
633
635
635
635
628
632
635
656
649
651
637
646
662
688
698
701
694
683
673
657
640
646
472
831
633
639
484
847
648
707
777
819
841
857
924
912
903
908
931
935
907
865
804
749
749
789
876
887
834
796
750
720
729
772
771
735
702
715
774
825
800
741
710
499
978
708
705
686
703
762
835
787
852
900
925
913
883
811
758
804
819
841
802
759
742
775
837
872
860
800
814
856
863
870
813
757
784
796
822
836
801
781
772
782
751
727
740
754
771
784
747
729
753
769
798
775
725
695
689
707
731
743
714
685
665
659
674
652
631
625
637
664
696
677
680
715
736
772
787
730
729
748
748
767
712
509
859
648
646
641
629
640
682
738
771
731
789
834
874
841
887
866
847
863
898
825
777
781
776
813
790
770
726
705
680
664
650
640
639
644
651
656
594
666
602
597
494
845
681
707
720
722
742
736
731
726
703
693
684
658
645
647
651
646
627
609
585
585
599
633
671
696
694
684
691
713
736
727
725
700
707
736
754
743
727
742
719
715
690
698
676
673
669
654
640
656
719
717
731
700
673
679
674
676
674
663
646
622
628
639
634
624
627
625
656
676
671
642
634
619
626
622
612
604
631
683
721
707
673
654
655
666
681
662
687
668
686
669
698
705
740
762
759
761
764
768
567
905
692
677
658
672
471
967
678
720
740
742
789
895
937
896
917
955
931
876
838
845
832
804
746
772
773
815
840
832
767
777
766
768
759
708
721
737
751
737
722
742
737
740
725
704
679
683
691
724
719
701
729
753
719
733
718
728
741
716
691
716
751
803
817
509
1000
520
788
553
675
638
850
871
810
857
901
862
772
793
880
862
869
839
804
787
764
720
700
712
748
821
794
752
735
738
747
743
712
721
734
758
721
723
737
762
752
710
483
930
665
654
646
640
635
638
669
768
832
870
813
830
494
1058
690
682
684
681
705
741
860
858
829
791
822
793
811
829
829
835
795
742
738
715
688
680
681
705
714
676
678
691
703
715
687
692
687
669
671
652
650
641
620
617
648
699
765
738
696
668
677
693
711
720
680
532
791
646
676
681
706
703
712
787
861
846
801
837
486
1196
721
708
708
724
757
756
788
845
802
770
756
753
777
489
1016
677
679
709
535
994
659
509
809
625
734
1055
892
848
867
794
800
779
767
759
745
752
738
717
697
689
687
699
696
679
654
657
659
657
651
660
678
693
675
698
710
692
666
650
649
616
609
622
661
699
754
767
743
769
771
805
779
754
728
751
751
770
765
734
713
702
706
665
689
705
693
673
675
695
705
710
698
667
646
654
674
721
495
959
654
646
660
683
717
745
787
819
779
493
1086
729
755
763
720
733
814
869
854
835
826
854
819
824
854
848
835
860
874
848
826
771
525
1049
722
715
704
719
773
498
1168
739
738
746
779
563
1103
745
818
484
1222
737
764
755
868
862
819
547
1257
811
520
1002
701
740
804
797
786
838
789
800
881
494
1125
740
539
1003
711
738
743
795
837
871
825
752
804
804
850
876
838
756
720
738
762
817
795
744
493
1031
714
706
684
669
662
709
865
937
880
832
807
812
820
774
741
715
719
751
738
704
689
679
701
737
755
736
702
740
784
795
736
719
714
676
705
731
726
704
694
691
701
705
708
676
516
817
653
688
675
670
660
703
806
886
834
780
806
832
862
845
779
772
770
757
733
685
504
896
686
495
968
658
670
533
1017
687
729
827
873
900
802
563
1045
723
751
714
686
679
691
763
810
780
709
716
705
684
675
699
713
750
732
703
687
666
681
668
668
666
686
719
729
711
702
712
711
708
675
659
655
676
688
676
642
614
604
606
605
644
671
693
697
714
723
709
689
677
658
648
641
629
608
612
627
617
599
593
596
615
660
697
721
732
734
715
717
729
713
666
647
653
669
687
688
704
710
752
723
701
698
705
707
675
647
638
500
837
631
632
643
660
709
731
718
768
784
824
798
731
699
690
715
725
717
706
495
885
646
645
635
639
665
689
770
519
1004
681
739
691
666
658
707
770
483
1104
702
696
692
689
727
763
535
978
682
707
525
838
634
652
711
742
693
737
774
770
757
775
775
751
718
710
696
671
645
646
648
678
667
659
476
819
619
622
611
622
625
659
683
707
707
708
712
713
691
471
858
483
759
595
582
588
616
675
709
685
673
703
764
774
753
720
671
682
663
670
644
632
638
675
693
719
700
675
680
675
687
673
664
657
628
612
605
610
610
610
604
597
598
611
625
657
660
651
670
671
691
687
663
652
658
684
696
680
661
687
705
716
706
666
639
627
629
636
642
637
664
689
724
701
683
669
690
687
675
707
701
677
520
777
626
629
649
674
471
892
645
713
738
734
813
932
943
902
885
977
958
846
841
763
746
765
826
858
830
800
776
771
796
800
763
713
705
687
712
708
702
495
983
689
736
549
922
684
718
741
732
715
797
772
753
791
831
836
502
968
661
634
638
657
656
685
729
768
767
705
690
751
690
675
685
711
718
730
739
746
765
751
729
716
675
627
507
703
579
587
621
674
706
723
743
791
806
829
719
674
651
654
684
680
685
687
694
698
683
680
667
649
645
638
629
605
586
565
568
589
599
613
629
638
649
652
652
641
643
620
509
665
564
575
583
608
625
665
704
709
724
682
689
702
725
750
741
727
686
651
673
675
686
691
691
664
649
656
656
663
648
641
638
589
467
688
566
551
545
562
576
620
656
711
726
752
777
773
760
736
675
480
773
601
614
629
645
657
701
731
759
755
697
663
634
648
646
705
735
766
772
752
680
700
674
683
694
671
659
637
652
677
668
689
678
668
674
674
676
681
677
638
618
584
570
570
596
602
652
661
719
758
750
744
697
669
624
643
658
665
632
635
634
646
647
633
632
621
641
650
679
660
666
661
663
680
714
734
725
729
726
732
723
741
742
751
729
520
928
634
607
597
626
704
810
830
827
807
832
844
835
788
752
701
667
648
644
655
691
731
774
783
731
746
765
724
675
641
622
614
595
601
660
715
806
807
801
776
762
720
688
684
710
739
710
716
743
780
793
764
761
791
787
780
730
723
724
729
771
782
816
821
794
793
770
778
776
731
718
709
727
762
762
746
742
729
732
727
729
728
735
715
730
756
757
753
734
694
688
697
726
705
683
673
682
692
690
690
689
704
718
722
707
691
686
698
738
739
697
712
747
777
760
721
696
706
726
755
757
740
703
677
679
702
681
688
674
690
702
705
724
722
484
940
661
643
637
618
607
593
624
688
750
766
758
762
731
750
723
674
648
630
651
693
743
737
721
667
627
613
604
626
649
708
746
752
758
746
734
725
713
705
702
692
673
674
658
622
599
596
618
654
686
699
705
697
655
635
626
636
664
718
770
785
813
821
791
735
680
697
695
686
694
649
654
657
672
670
670
663
649
646
652
652
639
640
663
692
771
819
831
838
815
800
785
742
717
716
729
739
763
771
775
753
747
742
721
722
723
712
706
705
758
801
765
722
697
720
763
796
794
742
758
776
805
789
760
772
741
504
959
683
683
695
706
718
797
841
879
895
845
487
1181
718
681
662
651
689
773
875
882
870
808
774
783
788
791
774
741
719
728
728
747
748
735
707
716
718
742
743
698
523
854
652
664
648
637
648
751
763
744
768
798
748
768
705
714
746
771
762
757
721
681
506
824
616
615
600
600
601
627
646
708
774
785
768
747
741
736
729
713
701
673
642
632
621
618
619
634
667
746
795
800
482
1098
693
655
626
614
635
776
807
793
760
861
919
916
894
869
784
774
787
798
776
760
726
708
708
721
742
735
709
704
722
734
744
750
725
721
749
780
773
797
790
781
738
743
745
755
760
750
734
713
721
727
754
754
747
734
691
694
699
717
725
715
700
720
731
751
736
715
483
921
661
674
685
677
683
675
731
755
825
859
850
837
845
804
728
686
686
708
746
763
751
723
730
746
773
789
775
745
684
691
696
723
739
756
714
695
694
710
735
762
740
735
730
749
766
787
769
740
715
716
718
734
722
699
690
705
718
485
998
677
662
668
679
707
748
787
738
742
784
822
820
768
734
739
765
766
771
745
712
704
710
702
676
684
715
725
718
720
750
778
789
794
772
745
739
715
702
715
735
762
779
766
715
703
704
737
737
746
697
663
647
651
672
681
666
652
679
703
742
741
724
699
691
707
718
717
710
691
686
663
661
673
694
714
735
706
703
699
710
720
689
689
683
703
719
688
645
638
638
646
665
675
666
648
641
655
667
691
701
714
686
662
663
672
691
690
664
647
642
642
634
647
665
697
740
719
666
665
678
713
721
713
693
663
649
636
627
613
634
635
624
641
662
688
703
695
657
647
656
668
691
698
689
660
648
656
701
757
758