732
740
730
688
671
695
758
817
760
798
803
544
1035
716
727
728
680
658
655
708
773
711
695
693
716
770
810
771
773
783
746
719
722
712
707
715
686
688
688
660
679
659
702
738
773
790
746
731
704
677
652
672
689
683
681
679
687
654
645
683
766
811
836
828
796
776
737
726
697
673
657
696
843
914
875
841
789
791
760
722
670
685
688
665
660
682
761
817
791
742
769
777
804
742
722
729
746
748
735
758
785
808
741
726
711
731
750
691
717
730
776
513
1016
699
719
730
731
750
823
920
923
857
890
868
823
762
786
784
793
751
789
792
779
732
751
756
790
759
740
761
781
790
752
742
744
714
682
673
670
703
700
727
780
801
785
744
750
745
718
720
688
657
664
682
724
743
735
548
889
679
687
686
682
668
700
745
749
803
862
851
796
792
779
729
692
551
912
698
737
700
701
743
845
816
817
878
908
865
786
782
792
814
777
752
776
781
777
732
753
744
740
703
719
717
742
746
702
701
702
705
720
682
691
706
734
738
715
700
718
746
749
792
725
722
735
741
714
704
734
771
795
787
745
759
733
746
706
678
678
690
782
850
804
798
796
770
726
702
693
690
693
688
711
717
745
740
726
759
505
1011
682
673
677
729
763
742
775
810
869
811
750
756
745
747
750
691
655
621
604
638
683
750
812
786
742
702
706
709
720
711
710
687
671
661
651
667
673
684
693
704
671
692
721
733
680
710
718
778
754
711
730
723
715
684
671
666
676
679
666
700
703
726
718
707
717
722
717
694
669
671
673
715
721
684
659
648
642
628
651
673
681
668
682
671
680
661
645
651
655
670
704
675
672
682
706
737
490
984
683
675
683
700
748
786
764
789
827
489
1129
723
690
662
683
735
787
775
772
783
835
850
791
732
750
758
771
772
485
990
678
654
654
683
767
757
749
729
768
769
731
495
968
687
677
661
669
681
725
509
1049
735
786
806
855
808
850
886
891
859
824
836
825
786
742
749
769
805
811
764
715
513
939
701
703
688
679
705
759
820
828
834
889
878
840
780
786
771
766
761
713
690
694
702
747
729
779
802
767
773
765
773
747
707
707
747
850
916
860
842
854
872
862
864
811
794
780
786
492
1052
699
741
727
812
823
875
877
910
899
855
803
896
890
895
867
786
717
711
717
729
727
705
548
987
745
764
710
756
815
892
861
523
1043
746
757
744
739
814
890
918
896
898
863
773
767
733
738
718
775
839
773
755
768
794
777
727
735
728
755
715
723
755
814
806
801
741
763
771
804
816
772
784
816
852
842
791
714
713
720
810
896
893
827
843
861
855
868
833
799
833
854
876
853
782
811
810
823
775
720
704
721
773
785
780
806
820
787
723
726
712
714
682
674
677
688
711
707
725
723
720
488
1000
705
692
688
703
749
781
786
813
872
907
854
773
803
808
799
744
743
789
824
816
754
718
715
749
775
740
716
718
741
501
926
647
633
618
614
601
594
596
621
664
714
744
763
741
701
672
669
671
661
660
649
635
612
566
678
606
613
602
598
579
594
619
637
638
623
611
614
616
625
613
624
631
656
659
671
661
661
632
621
619
636
638
626
612
631
660
702
641
629
605
604
611
626
628
642
636
646
618
616
625
639
640
646
633
612
593
595
630
669
720
734
713
675
645
632
646
663
675
709
710
721
709
717
688
649
629
625
665
725
771
742
695
683
685
719
737
750
747
737
698
689
671
675
669
479
820
619
645
699
743
798
785
775
820
841
919
959
838
817
787
795
761
769
730
729
731
729
696
670
669
681
713
778
782
792
776
744
723
718
712
719
699
696
712
758
771
801
766
770
725
694
727
728
688
689
716
732
723
696
723
755
766
717
730
749
764
742
696
703
712
733
761
695
702
718
742
723
715
745
696
698
724
723
727
707
689
677
480
858
628
615
602
595
588
593
639
722
819
829
844
804
784
754
739
717
656
505
760
606
622
650
678
725
732
691
669
497
878
652
725
732
770
707
751
859
893
898
853
799
741
768
729
740
793
808
802
793
753
729
694
671
632
626
636
627
628
625
609
599
588
597
599
640
659
672
659
657
635
633
620
600
596
604
611
639
714
764
1465
697
743
714
719
724
726
678
652
551
738
615
625
614
620
600
653
733
842
816
779
757
776
758
722
710
695
676
665
625
626
612
598
593
604
633
645
654
662
668
699
712
697
711
700
716
733
751
728
701
482
911
649
638
626
622
611
610
628
757
874
783
794
855
863
885
852
483
1133
737
746
751
775
775
808
775
740
570
1021
707
680
673
697
771
880
813
753
773
896
815
826
778
762
775
766
756
735
684
664
643
621
603
592
583
595
610
620
665
678
652
662
672
676
673
643
611
501
661
565
586
624
676
771
744
771
816
807
732
711
687
721
714
732
720
675
668
665
649
671
684
731
723
750
764
755
720
702
671
630
603
596
596
596
622
618
643
628
639
636
641
653
650
633
630
602
591
571
576
576
579
565
556
544
534
538
543
551
554
567
573
593
613
633
602
582
574
587
611
639
642
615
629
663
679
646
639
652
668
689
687
678
667
656
638
617
589
565
553
563
620
667
716
694
698
740
744
713
715
702
704
716
719
716
677
662
650
670
676
705
740
720
711
715
713
710
733
755
765
767
724
688
646
628
655
721
795
777
751
779
783
775
745
708
723
701
721
712
705
736
744
735
705
733
755
724
690
693
698
709
691
680
680
668
669
672
674
674
664
641
632
620
607
609
626
630
630
626
611
593
587
602
635
648
663
676
664
646
617
626
644
662
679
697
705
706
695
680
683
679
660
634
638
678
694
674
697
696
711
679
663
684
719
791
815
838
832
811
782
750
715
711
710
727
749
754
708
703
730
787
798
743
771
793
800
788
723
711
743
1589
689
682
690
771
939
878
934
999
997
869
866
885
917
866
496
1072
735
743
769
811
810
842
813
798
763
829
790
747
723
743
789
803
802
743
710
733
763
786
786
758
715
720
729
771
763
777
786
800
847
827
811
751
493
1014
691
696
739
804
921
906
892
910
826
499
1112
779
800
798
774
756
838
861
833
778
815
843
830
762
813
822
839
843
801
747
724
686
679
730
746
739
710
499
904
664
676
708
754
802
839
841
845
811
741
761
779
812
799
734
708
688
692
702
719
511
1050
709
729
741
766
827
840
819
813
878
830
836
763
710
680
675
701
722
749
742
725
704
690
684
678
672
662
646
636
636
663
667
645
652
656
648
658
631
616
597
578
569
562
568
573
566
564
566
587
602
612
640
671
688
665
677
692
486
919
657
651
640
658
674
670
681
680
735
759
805
844
847
833
497
1015
673
653
667
692
701
692
790
855
837
769
843
838
793
726
735
729
736
718
702
685
643
671
677
664
641
645
648
657
620
613
611
617
626
612
610
608
604
596
572
502
603
539
574
612
662
649
697
711
728
695
832
832
788
809
854
793
704
681
698
776
780
783
762
755
703
673
260
404
684
684
671
687
693
676
667
645
646
656
638
633
623
608
608
590
587
577
574
580
622
688
790
822
811
747
732
749
742
763
769
487
1096
752
729
707
748
813
824
772
837
828
788
812
758
788
797
749
788
833
772
807
825
816
861
751
730
729
753
765
749
706
717
774
486
1077
681
680
677
699
688
682
763
742
793
564
992
684
682
675
673
679
714
735
712
672
645
617
597
599
599
617
631
662
686
720
708
697
699
712
710
673
666
669
646
628
650
645
664
670
685
687
719
708
730
701
707
692
683
697
709
706
759
734
694
700
746
742
719
687
688
709
710
671
683
686
682
628
610
593
583
574
571
583
604
606
622
628
616
605
598
581
577
563
570
599
622
642
661
659
641
641
631
632
640
644
629
604
578
595
637
677
666
681
686
701
736
739
726
714
688
670
660
646
614
592
592
613
660
651
692
670
660
680
672
703
739
742
727
711
678
658
637
630
611
630
650
653
494
801
608
585
599
630
653
699
762
1542
687
708
686
695
706
730
723
725
718
667
643
658
675
685
679
662
640
662
666
672
674
666
626
604
595
604
625
649
673
683
691
679
668
656
653
639
622
593
601
622
646
667
699
742
775
779
788
740
728
645
607
591
590
604
638
709
799
812
741
512
1002
675
663
702
729
732
724
729
750
732
753
768
775
758
700
674
668
690
689
704
766
771
775
731
698
695
714
735
744
750
703
691
666
658
679
733
743
725
686
689
707
742
756
771
758
686
659
661
662
666
684
694
682
649
624
623
613
596
588
578
573
574
592
631
675
736
766
793
811
789
760
744
754
761
752
710
666
641
629
646
662
716
721
731
713
678
479
845
627
635
656
686
722
754
759
811
809
774
721
724
766
786
771
765
715
680
642
615
613
634
1390
657
673
664
710
770
814
792
797
766
755
776
784
772
745
738
715
680
686
715
729
735
715
693
708
738
741
749
739
719
698
723
748
768
741
707
718
737
734
743
714
722
716
687
698
705
692
713
731
746
736
713
681
677
688
692
716
723
791
809
837
751
765
760
757
746
762
751
714
691
693
497
912
666
661
663
658
717
771
767
729
712
497
925
653
658
668
686
730
762
730
714
736
763
756
760
715
701
640
620
616
627
648
685
729
778
811
821
811
757
729
512
854
661
682
712
741
778
756
715
694
692
722
751
796
824
751
751
734
689
695
697
721
717
720
708
696
679
653
631
611
632
661
701
718
702
688
670
695
696
713
496
906
656
634
619
604
638
692
747
800
831
824
740
698
655
653
498
826
630
641
638
627
656
703
1557
702
782
803
800
788
800
783
741
710
693
682
659
647
677
687
709
721
741
723
688
678
673
692
679
678
683
688
675
667
648
615
603
604
615
622
624
604
630
643
646
630
636
647
650
664
671
665
659
656
639
639
648
673
711
673
683
698
706
1412
652
678
651
661
663
648
639
671
729
762
761
755
730
690
704
703
705
690
683
680
675
674
665
643
612
619
634
644
655
661
665
665
651
619
591
576
586
620
663
728
744
756
759
732
729
693
687
720
718
701
694
671
648
649
651
662
673
678
663
681
729
772
750
731
780
806
822
776
813
812
790
781
733
771
784
778
732
726
768
773
788
754
742
741
719
680
497
932
658
647
643
660
711
748
779
781
813
852
856
853
780
785
787
783
732
698
701
729
753
759
763
750
735
736
739
714
726
751
788
787
760
757
771
768
721
723
734
718
688
686
718
713
699
683
724
726
711
695
664
656
636
660
680
709
724
667
650
661
672
679
693
668
650
630
638
650
1363
648
670
1384
658
690
706
728
703
731
815
851
876
855
823
822
828
825
814
801
769
743
770
745
737
711
668
703
710
694
712
734
733
683
653
665
688
767
717
716
755
810
813
744
741
752
779
784
760
742
784
782
771
711
708
714
742
748
723
755
778
807
790
715
553
856
666
675
1387
646
664
664
651
742
563
992
698
803
814
777
722
760
772
750
785
817
816
802
722
696
658
664
655
686
684
650
640
627
633
636
590
607
582
596
592
610
589
583
565
561
559
562
567
567
570
573
566
558
548
549
560
595
634
672
691
714
708
703
655
640
622
625
603
592
603
608
599
602
587
600
616
665
702
713
731
734
739
717
669
689
656
639
639
654
682
713
729
690
661
667
676
720
725
750
744
694
679
703
753
781
710
729
754
764
770
727
707
717
708
753
763
720
720
748
767
766
760
725
696
692
707
726
718
704
696
709
729
746
718
718
735
764
757
730
707
501
961
672
658
664
696
817
893
842
899
889
902
858
803
803
509
1035
711
699
531
839
649
706
731
784
761
830
871
858
871
852
822
806
854
847
841
795
801
775
765
757
808
821
832
783
763
800
825
805
750
778
744
765
736
717
749
757
773
748
727
729
740
767
790
757
760
789
792
798
728
727
737
771
792
796
734
758
752
736
494
936
677
680
689
736
832
857
857
830
833
851
838
813
753
705
703
713
759
778
732
723
760
801
819
793
749
498
1005
693
696
683
681
760
841
863
840
808
862
872
843
827
740
736
715
697
669
668
703
725
718
783
771
777
782
776
760
742
729
698
665
654
666
717
780
789
759
768
786
767
739
728
736
767
774
771
721
714
709
760
796
796
741
743
753
754
778
766
736
507
1031
724
725
518
876
667
699
748
731
727
797
824
862
795
761
798
800
505
1053
686
690
713
757
814
799
833
894
909
850
853
765
790
767
720
680
673
685
710
505
946
677
693
691
705
761
787
807
787
756
775
760
761
719
705
678
648
629
652
668
710
735
697
739
754
780
771
780
732
696
530
858
652
648
641
688
743
816
754
730
716
749
745
747
717
691
650
656
678
669
671
693
687
718
719
744
755
753
724
745
727
707
695
694
679
663
669
679
700
712
706
733
743
719
725
725
731
712
673
680
678
688
700
713
709
729
760
764
741
686
682
693
699
696
726
767
782
720
717
711
729
742
752
709
725
723
769
767
712
664
647
624
606
625
640
651
679
730
804
728
729
697
695
705
713
708
706
698
703
672
633
612
607
614
633
499
849
637
677
669
660
647
647
679
731
776
787
810
786
488
982
646
610
589
593
628
694
739
1582
710
700
1388
644
697
728
785
793
813
829
766
532
1061
725
699
673
664
687
737
787
800
781
808
769
758
757
691
661
657
669
646
648
626
629
635
626
619
617
604
587
582
576
575
565
565
565
568
577
584
579
599
614
650
682
707
727
738
762
748
722
710
721
735
729
736
796
810
817
818
813
790
779
714
676
651
666
726
781
796
828
793
761
762
755
719
703
709
713
693
679
658
485
864
639
666
701
756
794
833
828
795
750
797
854
874
876
836
756
756
754
761
521
955
665
667
704
784
763
740
851
938
918
877
809
802
557
1091
729
728
700
716
774
482
1222
777
798
839
816
812
766
494
1167
754
770
741
754
839
864
847
874
532
1126
739
788
799
801
763
816
866
884
820
791
791
811
833
769
525
963
687
689
692
712
735
761
733
705
714
711
732
721
489
860
649
645
647
648
650
686
755
760
747
763
753
709
720
729
747
733
706
677
645
630
621
621
630
643
671
674
661
640
640
658
674
729
688
692
688
723
685
656
669
688
726
695
744
780
829
821
777
714
725
720
758
493
969
684
721
745
755
751
742
702
510
1016
729
808
803
771
745
789
807
822
797
746
769
726
684
702
709
693
697
725
714
731
729
763
760
729
702
690
691
696
701
672
674
673
704
769
798
842
783
767
715
725
716
694
673
657
648
656
673
692
671
660
739
748
747
699
710
724
772
789
763
716
679
683
710
748
771
718
711
737
746
772
758
712
704
711
746
765
775
729
735
746
754
756
712
674
676
678
708
756
759
719
725
746
780
499
1021
683
682
692
718
772
768
798
862
902
894
857
776
773
770
799
796
788
784
739
709
705
704
738
766
777
742
766
764
758
723
674
663
656
636
635
646
700
754
788
787
739
750
741
746
745
731
715
692
691
714
765
783
771
721
719
698
721
746
754
725
532
875
668
675
644
655
709
763
747
769
805
841
840
774
738
735
735
760
774
745
715
689
707
729
759
754
724
491
918
658
629
535
759
642
660
653
663
746
871
885
857
786
769
798
791
774
738
710
490
914
647
627
622
650
702
779
745
733
806
833
822
870
888
859
833
810
791
743
699
697
700
724
742
725
725
717
684
660
666
651
692
715
729
790
749
698
692
714
726
737
723
675
658
637
648
646
656
674
702
708
688
720
729
731
719
699
681
663
669
697
724
723
730
719
698
680
664
663
684
666
684
712
729
713
530
804
620
626
655
688
717
721
699
738
751
799
787
747
711
724
735
738
722
703
675
666
679
675
709
714
699
671
663
673
711
686
674
674
659
634
619
629
633
632
629
615
610
619
637
668
683
670
518
776
619
624
648
660
712
747
732
669
618
574
628
614
716
827
841
836
797
780
729
691
666
669
667
660
649
623
628
611
623
632
649
636
632
622
631
641
653
664
679
668
648
640
645
677
690
681
682
657
636
622
621
652
665
694
709
473
977
659
674
643
496
771
611
691
714
756
799
778
775
856
926
856
802
768
800
780
750
738
707
674
645
636
659
668
679
687
707
736
752
773
756
743
718
675
661
667
679
691
733
748
736
748
741
768
766
761
742
722
706
703
740
753
760
762
710
733
756
785
804
802
816
789
756
774
740
726
686
684
695
718
737
760
745
715
703
722
721
713
705
698
695
698
699
727
730
731
732
743
722
710
704
729
728
744
754
753
705
669
650
660
673
673
668
653
644
642
668
686
481
934
670
682
694
675
646
522
775
628
651
698
514
960
667
768
769
778
776
833
939
893
829
828
832
832
829
804
798
767
754
742
739
736
741
741
735
751
780
812
820
824
792
766
729
736
707
682
650
652
688
739
813
856
800
730
716
736
764
812
815
768
728
737
740
757
755
713
708
748
826
817
780
724
758
785
801
751
692
668
685
735
778
775
768
719
691
662
646
691
654
625
605
604
610
623
667
678
694
662
647
633
631
637
641
655
653
645
661
673
689
697
688
655
639
639
651
658
667
678
688
662
659
679
717
734
728
705
682
672
682
688
695
715
707
740
711
702
725
521
932
642
627
640
673
691
671
764
835
862
830
804
856
922
881
766
702
668
654
670
693
716
691
697
707
699
694
686
699
692
692
699
710
698
674
678
687
685
656
623
613
602
596
597
621
666
713
743
780
809
791
744
705
657
635
629
648
694
764
780
754
729
703
654
640
637
631
633
632
681
729
760
746
736
713
716
692
629
603
593
610
662
675
639
654
665
747
767
782
755
694
678
670
667
650
660
687
664
658
651
663
688
746
745
703
667
646
630
642
644
645
645
659
671
707
729
751
755
736
717
721
722
719
715
718
729
739
749
729
694
668
655
652
624
612
624
613
627
654
702
722
748
706
692
702
676
665
638
643
660
675
692
669
654
656
671
679
684
670
633
614
616
618
621
618
596
572
565
558
561
575
574
586
619
649
662
667
649
714
701
676
659
540
798
615
641
673
689
726
767
807
825
848
819
781
777
746
743
774
754
744
737
764
727
714
688
653
617
598
604
658
677
684
706
706
704
647
616
612
616
629
625
598
589
589
580
575
571
569
582
613
658
694
725
751
730
730
729
718
709
706
654
639
607
588
590
586
586
590
601
615
615
630
623
610
607
636
650
660
647
639
636
634
622
644
645
644
640
665
701
650
671
665
647
644
635
632
656
665
658
649
664
686
665
659
664
674
694
693
694
674
677
675
691
688
673
660
652
649
671
688
677
651
660
661
653
686
708
713
700
710
692
672
659
654
659
661
676
682
674
687
642
646
675
681
723
693
686
647
618
631
631
631
624
603
574
573
620
658
702
718
734
738
736
721
690
664
622
597
576
561
560
576
582
609
611
634
671
692
708
703
727
712
667
644
640
688
687
731
723
727
729
713
708
681
644
655
691
713
684
650
623
605
615
675
729
799
796
816
769
746
721
694
698
690
702
670
687
701
672
708
735
780
540
843
620
622
624
640
677
708
798
787
797
781
782
703
691
646
610
594
586
577
594
633
622
647
671
666
648
663
673
655
642
633
636
645
659
663
648
678
677
674
660
635
622
627
635
632
644
643
639
623
587
571
567
563
564
572
614
651
719
732
784
791
787
766
710
712
679
685
689
707
713
708
677
731
779
777
768
765
748
743
711
682
647
636
614
616
624
691
738
751
734
701
701
706
732
716
713
753
800
829
749
697
675
651
661
704
729
698
684
683
686
687
675
670
694
747
772
781
759
743
729
704
689
662
660
665
655
637
619
648
678
722
736
761
757
780
797
760
746
726
725
769
811
766
756
740
704
707
695
650
628
634
653
626
616
633
631
638
646
629
640
651
639
627
644
653
681
663
636
641
642
646
641
650
641
630
619
633
633
618
599
646
679
707
742
734
702
691
707
727
713
718
691
679
646
629
618
620
647
708
806
858
884
853
816
765
704
671
656
635
643
631
625
613
608
610
609
595
581
574
573
584
590
633
659
678
696
704
689
694
683
682
667
651
652
665
646
646
620
584
603
629
646
641
627
606
604
618
664
730
769
741
761
722
694
680
665
643
617
498
675
553
550
549
591
646
696
722
733
676
634
590
614
675
734
733
745
688
678
657
668
650
626
616
620
640
660
659
658
649
655
666
664
632
610
596
585
591
591
578
575
604
664
746
754
725
669
634
507
729
596
636
653
659
659
671
691
698
673
662
630
621
613
609
652
666
705
702
704
688
708
689
672
658
626
612
597
597
607
596
592
584
603
612
615
619
617
626
644
668
670
671
640
608
608
650
620
607
644
648
632
644
626
630
620
604
604
621
680
720
715
513
843
605
599
593
594
607
651
718
810
813
813
833
834
826
794
791
780
790
779
765
737
709
715
692
661
623
627
599
589
601
631
660
698
709
699
697
655
646
605
578
559
548
533
529
530
544
565
557
562
578
579
581
612
617
645
687
539
794
585
585
602
625
684
665
716
759
787
806
772
784
798
804
741
727
689
642
638
634
605
626
634
646
656
683
683
697
682
669
650
651
664
689
676
704
704
703
702
688
669
641
648
646
677
691
684
688
661
650
632
646
646
672
676
662
659
654
646
624
621
614
626
624
654
673
651
642
558
670
478
678
563
565
582
588
611
678
719
737
709
686
706
705
669
652
667
731
749
785
788
788
754
725
669
631
501
720
609
678
711
756
763
813
832
790
769
777
735
735
725
689
674
707
753
780
763
738
692
665
677
707
712
698
678
654
654
664
661
651
663
658
644
646
522
831
636
653
630
625
646
730
720
744
759
785
738
722
734
800
746
776
529
969
645
599
593
577
601
620
620
634
633
623
637
657
672
667
668
680
697
728
717
713
700
685
686
695
713
716
716
701
725
729
740
743
753
742
704
677
647
507
836
631
697
682
697
740
804
857
848
761
721
689
681
716
774
844
851
843
813
800
763
753
726
688
673
667
690
713
710
704
702
731
783
762
744
674
663
644
643
644
674
635
636
659
732
791
755
738
692
653
647
665
695
718
722
705
668
638
627
622
646
718
766
811
795
756
712
693
690
714
732
732
686
664
651
661
704
756
753
728
711
689
682
477
882
616
599
593
605
631
656
471
892
601
589
582
577
573
614
630
636
624
628
478
907
636
652
643
642
664
684
682
667
688
708
695
672
643
614
584
572
555
552
543
547
558
566
582
624
636
643
627
608
587
565
546
534
541
536
549
558
577
589
597
604
614
611
631
616
499
666
563
566
599
633
668
712
728
758
754
782
791
773
736
711
710
733
742
754
756
766
787
766
762
729
766
811
813
813
767
699
671
684
705
756
768
743
726
736
751
739
739
759
727
695
698
715
723
739
728
715
692
728
740
752
726
698
716
751
813
793
761
749
739
723
705
682
656
657
683
731
703
746
750
714
717
738
739
719
683
655
636
668
701
734
705
713
693
677
656
637
646
635
657
671
690
722
751
755
762
771
735
724
660
669
643
696
681
661
643
639
644
653
657
688
710
726
720
729
716
713
686
688
685
696
730
746
748
750
764
494
985
664
649
659
670
708
780
492
1149
701
521
935
654
732
768
759
735
802
837
767
771
812
833
813
798
778
770
756
741
738
707
680
671
681
714
760
733
704
727
796
812
804
749
733
714
711
729
716
694
724
800
802
779
765
734
694
672
646
607
605
605
595
602
628
660
646
636
642
670
688
699
693
696
694
702
721
732
731
697
663
633
620
628
666
730
739
748
745
738
762
766
747
706
665
630
611
587
567
563
601
672
750
784
783
786
772
767
697
682
664
659
665
690
695
723
701
690
541
734
611
619
609
607
609
617
604
648
679
671
643
619
643
648
649
647
634
634
625
623
622
644
656
646
629
631
639
669
685
682
702
678
668
507
821
616
615
594
584
586
597
615
631
632
646
644
671
660
682
677
669
669
686
707
733
706
484
859
630
660
664
711
734
718
730
793
822
792
775
717
702
485
855
624
590
592
613
655
694
721
688
677
708
768
748
714
714
696
671
665
672
682
720
730
696
663
649
651
645
634
627
631
633
638
651
645
647
664
647
657
645
661
649
639
630
629
666
710
795
783
812
798
771
739
715
697
699
483
904
652
661
668
508
836
611
617
630
486
987
674
966
794
770
714
693
703
690
667
729
739
731
711
694
693
733
759
771
778
773
753
732
696
655
634
616
621
640
662
671
524
838
651
687
685
695
688
707
747
782
831
821
792
742
737
725
745
761
768
758
716
700
696
707
734
773
785
782
748
779
779
796
789
739
727
741
773
797
771
735
750
753
770
763
710
674
662
666
693
728
758
771
729
713
697
714
741
743
759
733
694
669
656
644
652
679
711
785
821
827
866
854
818
767
711
693
678
647
630
658
681
704
717
722
733
720
718
717
692
677
682
711
784
800
746
713
720
734
782
779
721
707
701
725
769
779
734
742
755
764
763
727
677
667
660
661
680
701
744
773
795
754
763
750
726
688
653
623
625
640
691
759
774
799
789
818
801
765
740
709
667
639
630
642
654
687
720
750
754
738
712
680
679
664
675
699
669
658
654
673
704
727
739
719
704
662
641
623
621
623
605
595
585
574
573
572
573
568
562
571
574
587
596
587
575
569
575
607
654
701
680
653
655
675
712
729
689
673
681
729
752
738
700
704
697
698
671
658
684
718
721
690
721
712
694
492
783
596
592
570
588
625
657
652
712
754
804
803
798
788
794
769
689
674
682
680
708
708
696
720
663
670
655
671
673
676
669
680
673
669
663
649
644
654
655
636
619
608
656
716
739
726
774
790
783
735
728
741
738
745
714
690
692
685
687
718
677
670
643
660
706
765
776
791
778
720
706
708
730
748
749
720
685
665
665
690
465
998
664
651
643
685
761
849
839
809
827
851
847
857
801
805
782
758
734
718
732
483
792
604
635
677
711
681
686
734
772
786
785
771
778
759
703
658
629
629
661
692
1445
663
671
662
656
656
667
652
638
631
657
681
700
706
696
649
612
604
587
699
626
646
648
659
671
640
620
604
618
624
608
623
646
661
657
665
651
617
597
604
651
638
684
685
703
702
697
688
687
688
686
675
667
666
664
660
669
689
691
696
701
688
645
615
614
631
639
668
689
688
681
668
629
611
605
609
637
678
695
666
668
657
672
689
700
698
693
683
676
650
644
638
651
657
472
771
579
569
567
566
468
706
557
588
589
606
1405
653
784
773
752
769
770
772
785
787
1560
671
645
633
652
658
698
722
729
712
714
704
687
676
642
626
589
585
617
629
651
654
682
673
686
678
630
610
593
596
605
616
634
658
665
661
666
617
473
729
579
592
619
654
707
760
695
749
782
810
828
496
1056
661
629
610
604
603
652
696
770
896
846
855
841
823
809
810
802
809
809
815
755
734
751
504
1045
699
701
687
692
643
977
786
838
784
762
832
932
897
778
736
729
722
749
800
785
828
823
769
721
726
763
754
737
679
692
689
641
632
622
621
621
630
651
668
702
734
752
748
743
756
765
749
746
768
747
756
776
780
741
719
723
746
777
776
758
763
758
793
771
739
688
673
698
793
865
841
788
811
807
787
745
766
760
793
795
826
809
792
797
776
753
735
774
788
773
731
743
726
752
744
731
722
776
805
842
822
764
767
733
738
701
691
720
773
783
740
707
690
701
763
763
724
737
764
754
740
726
681
652
645
662
695
727
747
721
699
712
745
767
782
709
709
685
660
654
644
661
696
708
739
716
703
721
753
764
759
732
732
711
720
748
783
760
737
684
666
664
688
708
734
782
855
830
812
774
714
715
700
708
685
646
650
651
653
488
848
640
683
674
671
674
725
802
854
854
798
866
845
860
784
774
757
749
740
701
720
739
778
790
752
745
765
784
776
765
720
703
706
706
694
517
925
672
689
517
849
652
748
820
852
837
798
823
815
834
779
761
768
767
773
735
707
731
733
744
729
696
723
750
769
760
721
500
958
678
681
666
691
769
850
812
797
849
869
818
820
827
786
780
746
767
781
770
731
720
736
760
778
754
746
703
685
682
710
724
742
718
704
713
718
733
729
694
675
672
676
700
707
701
667
662
684
707
725
704
654
628
608
627
490
879
640
637
639
663
709
677
692
723
765
782
731
716
690
679
668
651
621
585
580
567
582
589
640
688
699
702
685
652
631
611
623
638
656
647
654
652
638
626
658
668
668
650
638
650
666
666
652
628
631
635
623
614
621
641
682
723
720
707
682
655
632
615
613
601
578
585
617
642
639
630
646
656
651
646
665
696
701
694
652
638
647
678
692
682
682
671
659
639
655
493
845
624
638
651
682
718
760
803
835
853
831
764
710
712
746
778
760
711
753
809
803
730
737
772
775
751
744
697
489
901
669
696
689
669
694
750
834
845
786
869
897
863
784
760
739
757
727
743
766
786
782
728
748
744
744
732
708
694
663
652
681
700
724
728
722
715
722
732
705
481
915
666
686
690
717
717
739
759
820
791
795
828
823
808
836
828
809
529
947
657
655
673
675
674
698
704
686
688
715
775
830
802
827
744
713
712
710
709
698
665
661
655
677
728
723
723
710
680
681
667
675
668
661
652
645
650
688
753
784
807
811
794
767
746
738
731
730
733
726
721
750
754
745
722
738
736
753
707
679
680
713
766
797
715
711
727
714
722
719
694
671
658
692
695
701
718
692
688
680
671
654
661
689
706
699
685
673
659
667
691
742
763
757
719
712
701
714
511
947
675
641
620
626
654
744
767
748
815
819
813
778
759
707
702
683
521
753
613
598
604
608
623
639
648
684
692
766
492
1001
666
639
645
644
630
606
1175
633
712
735
715
705
497
909
657
631
612
608
617
648
667
681
654
682
656
637
619
614
626
624
666
688
693
688
658
631
630
650
664
671
643
622
616
630
649
678
712
722
696
673
666
667
690
705
705
702
701
688
684
693
694
707
711
697
667
646
634
614
603
590
576
568
588
636
663
686
660
641
646
666
670
685
673
656
650
660
694
702
729
710
678
599
782
646
656
643
624
642
696
759
799
768
778
767
757
488
998
674
673
659
650
678
739
743
484
1051
710
752
703
681
705
760
787
765
727
745
756
505
999
685
677
661
670
701
759
801
812
779
800
818
792
761
711
693
683
684
678
649
661
690
687
706
711
699
680
688
704
695
696
686
667
649
652
666
702
709
693
673
659
646
475
831
631
506
731
601
616
665
723
723
766
805
846
795
821
802
811
761
758
757
747
740
720
707
690
677
665
673
503
892
656
657
653
644
677
721
787
790
854
868
826
759
719
714
711
731
746
762
728
737
734
727
713
682
676
669
676
681
677
705
737
760
761
769
733
692
669
652
667
685
702
729
736
746
739
727
722
702
713
711
685
670
655
643
669
694
714
707
691
693
721
729
721
691
658
648
655
678
728
731
717
654
627
619
612
613
613
614
622
620
632
657
694
754
769
769
763
721
690
685
674
668
663
679
694
697
689
705
717
729
738
740
743
737
732
712
676
676
667
659
659
656
660
633
616
633
636
646
660
668
682
677
655
636
646
666
713
712
696
706
706
723
714
732
744
738
731
707
684
676
678
692
723
706
715
678
671
705
687
687
695
701
721
739
731
701
688
692
713
740
757
750
739
700
675
674
678
702
729
748
723
701
681
707
737
771
788
763
745
692
658
647
649
675
712
726
716
697
699
719
752
764
748
715
683
674
666
658
651
657
630
643
658
687
724
741
727
705
664
656
648
659
639
642
642
675
694
694
706
713
722
737
689
659
645
646
651
634
609
594
585
589
610
698
729
777
784
782
774
744
696
675
684
703
686
706
700
694
686
678
646
640
645
662
687
689
695
701
683
699
732
760
771
741
740
706
693
706
709
702
708
713
718
711
686
665
641
619
612
632
676
749
762
779
776
748
764
760
728
714
672
641
634
641
660
687
723
725
738
712
677
675
675
688
687
671
672
692
705
733
753
723
708
699
731
522
930
670
656
632
639
687
736
792
793
739
754
762
738
705
679
685
701
738
771
774
751
729
693
681
691
718
749
747
736
707
505
892
665
677
674
699
716
723
749
488
1070
695
689
671
690
743
516
1078
718
712
706
730
790
845
873
849
807
813
800
779
747
489
1015
697
672
645
617
616
620
648
722
807
836
761
768
766
794
790
785
739
707
565
891
676
665
667
677
711
783
758
774
800
797
787
729
689
676
672
687
672
644
648
668
684
704
721
714
691
688
702
709
715
692
666
664
683
721
715
721
679
660
665
696
738
735
528
864
653
646
644
659
690
745
779
751
713
477
989
670
663
632
633
666
741
848