599
575
581
612
624
609
596
579
566
561
564
569
588
612
649
648
641
632
621
610
597
587
575
566
564
566
573
556
579
567
559
557
552
544
538
540
550
552
557
550
558
556
554
545
545
546
545
546
537
545
530
527
524
514
517
507
525
523
509
501
499
494
493
492
504
508
521
543
539
534
532
535
534
532
517
509
511
506
502
502
504
512
518
550
593
637
625
628
633
629
632
628
608
597
578
563
549
537
545
556
549
550
551
567
570
571
566
563
555
538
529
522
507
511
508
507
513
519
536
563
618
632
642
601
583
566
557
566
585
593
609
624
605
586
563
549
544
542
543
545
570
612
600
586
597
641
711
687
647
602
583
586
622
618
592
588
600
604
602
585
579
590
601
590
595
638
662
656
629
605
603
593
582
577
574
562
554
563
609
669
709
667
654
663
666
670
641
622
628
657
481
865
602
594
587
596
617
650
653
664
664
638
652
679
699
672
650
652
652
653
651
659
653
662
675
676
693
654
624
612
606
632
650
638
628
667
731
742
704
656
642
630
632
630
611
601
622
649
657
673
657
645
618
604
606
619
636
648
657
651
638
640
641
627
595
575
569
579
592
586
580
569
574
582
577
577
571
563
559
568
568
573
588
578
571
558
546
539
538
540
541
536
543
538
563
591
621
602
603
618
626
633
614
599
596
603
601
598
600
601
610
602
596
581
578
605
620
618
630
631
619
607
601
589
581
574
563
555
541
530
528
531
545
559
575
598
604
631
612
600
581
559
546
532
521
516
519
513
518
527
536
544
557
557
572
583
574
577
571
558
546
535
519
514
516
536
560
579
575
567
555
536
543
557
566
580
589
579
567
561
558
543
539
547
568
592
619
630
648
654
634
648
645
637
624
622
606
585
574
564
557
551
544
536
534
530
519
517
512
505
492
495
497
500
498
499
499
506
516
522
524
543
565
579
578
565
553
553
549
565
581
609
635
636
636
621
598
599
605
612
614
604
588
573
581
621
633
615
588
566
558
559
557
556
578
592
589
570
559
568
579
606
606
595
587
577
579
573
568
564
554
554
558
551
551
549
563
584
614
649
659
637
619
602
575
559
1083
522
511
504
507
522
571
647
726
714
681
635
479
851
604
591
574
571
604
667
686
655
653
719
775
702
675
690
701
686
650
621
621
632
640
638
622
644
645
651
630
607
612
616
599
583
605
623
623
619
606
596
572
565
552
549
547
554
553
564
603
633
670
702
732
701
652
630
611
606
593
572
563
563
560
557
556
549
554
575
622
608
619
619
607
590
573
563
559
560
570
591
623
646
640
607
582
570
563
563
560
572
584
600
603
604
597
589
585
567
565
468
663
553
538
541
549
565
585
591
600
620
638
639
621
604
591
585
566
554
551
542
544
544
549
563
570
587
595
598
590
584
590
579
593
600
604
597
577
571
492
632
473
646
543
534
522
536
548
612
681
726
729
741
698
635
603
575
565
567
558
566
573
588
590
596
593
592
580
568
554
546
545
529
536
546
556
561
556
550
539
538
551
559
567
560
554
548
545
544
563
576
588
573
567
578
585
570
559
544
549
551
552
545
532
525
524
528
539
551
558
570
583
600
585
593
597
578
569
573
565
558
561
541
536
533
535
530
525
519
516
512
515
521
531
547
562
576
577
574
569
576
566
568
558
563
558
556
551
546
548
550
562
581
581
581
578
549
549
553
566
568
580
582
596
588
594
586
569
563
557
548
543
536
531
533
539
555
575
565
568
558
563
575
588
586
574
558
544
533
538
533
523
529
531
559
574
616
604
594
580
568
555
551
539
541
547
556
550
555
550
550
552
547
545
540
541
541
547
561
568
559
559
551
537
529
523
518
513
501
494
500
509
537
526
619
538
553
550
582
599
607
560
557
563
578
570
571
542
527
536
538
536
528
520
516
511
510
499
499
490
485
480
484
485
492
490
498
504
519
521
542
546
548
543
544
536
522
517
518
521
528
521
515
513
516
522
531
533
545
548
554
566
577
573
582
601
584
566
539
515
509
519
541
546
567
590
594
598
581
577
563
554
543
536
548
570
596
576
564
551
542
537
536
528
525
528
530
537
538
540
556
575
605
646
1283
572
571
565
562
555
546
546
559
630
727
675
693
701
647
586
570
573
585
600
609
595
592
599
623
670
652
646
657
665
644
631
649
660
649
657
642
633
617
626
617
601
588
590
630
659
651
624
621
636
656
669
648
641
646
647
631
621
623
618
617
589
569
561
559
557
564
583
1267
651
643
647
653
631
628
629
614
599
586
586
568
565
561
559
551
537
526
521
531
565
610
640
646
671
650
632
621
585
563
545
524
516
513
516
528
535
551
560
559
577
565
613
663
684
673
686
665
648
620
614
603
587
569
577
611
623
644
658
703
678
668
644
622
604
621
620
625
639
649
633
623
614
602
569
559
550
554
574
568
571
594
636
664
636
591
572
578
595
608
598
591
576
558
551
554
586
646
684
637
607
595
597
597
575
562
556
562
571
588
582
576
585
589
576
552
545
544
542
539
539
545
551
549
545
532
545
573
591
597
593
573
563
550
547
540
534
527
518
510
500
492
485
482
479
481
479
479
482
490
512
532
549
580
604
608
630
607
614
616
614
617
605
598
582
574
581
584
587
597
588
574
565
560
549
563
597
619
636
625
604
589
585
472
731
587
576
565
561
591
631
635
633
673
688
659
660
648
609
585
581
595
619
643
641
604
609
506
702
578
566
563
568
572
585
572
557
545
532
525
521
533
553
589
602
600
601
597
587
593
584
577
569
573
575
574
575
617
637
656
644
619
595
579
582
600
607
612
610
613
609
604
604
616
610
614
640
658
644
629
605
580
562
551
548
561
585
590
593
584
570
572
567
561
560
558
551
550
555
563
567
580
589
598
624
615
581
562
557
569
598
597
589
571
563
562
564
563
561
1144
551
547
561
567
573
583
581
596
597
607
595
604
603
615
607
582
573
560
538
533
539
565
561
563
567
584
570
563
573
567
565
556
555
563
564
579
570
568
566
571
578
577
577
578
579
590
598
604
604
599
599
579
587
584
580
582
575
578
570
559
573
598
618
626
642
669
659
649
627
615
609
624
642
649
653
638
624
639
653
649
634
607
605
607
600
593
596
595
609
608
633
632
603
582
586
593
571
563
567
586
620
646
674
684
681
689
682
696
683
676
662
650
641
645
631
605
579
594
662
690
699
671
628
606
604
617
630
628
609
611
620
631
646
655
649
651
643
636
634
604
594
594
617
640
662
667
656
661
617
599
587
580
581
584
588
585
574
559
548
547
560
559
468
773
596
623
638
658
660
671
704
686
767
713
679
684
658
632
620
616
616
629
628
618
620
620
618
667
670
660
641
632
631
621
601
606
604
605
598
589
606
613
627
624
599
576
575
562
548
544
540
555
578
607
634
672
690
700
709
697
685
663
646
652
650
644
641
636
649
661
658
673
665
660
657
667
697
688
678
669
625
602
588
599
589
593
575
561
554
550
555
572
607
646
669
672
694
715
719
706
677
650
627
624
630
635
659
661
635
603
580
556
547
538
536
534
545
552
561
571
589
591
597
594
593
590
584
581
582
590
595
604
615
604
604
596
601
601
614
620
628
627
602
591
595
598
608
615
624
625
616
611
629
623
598
587
580
570
568
563
562
559
549
543
550
547
544
542
547
561
571
578
590
604
604
606
606
612
619
638
643
611
595
583
577
584
601
595
599
583
577
575
580
591
588
583
595
598
607
603
611
605
601
591
600
601
598
579
564
552
542
540
560
599
618
622
623
603
585
571
567
573
580
580
582
576
573
560
558
553
563
573
582
606
598
584
576
570
563
568
568
584
589
585
595
612
594
572
578
595
607
609
603
582
581
577
573
568
586
633
669
709
739
731
688
698
684
694
690
680
662
645
641
643
658
670
656
635
634
616
615
606
615
614
610
599
587
578
587
619
652
682
685
679
653
640
617
605
611
616
623
633
636
645
651
634
608
606
621
641
643
618
604
604
610
623
666
629
616
600
595
591
577
564
560
562
567
578
496
798
615
653
643
629
605
593
604
640
681
739
760
760
729
708
671
649
630
621
629
636
628
631
635
662
674
704
711
711
702
690
660
634
616
604
613
634
640
661
663
667
663
635
610
586
584
604
603
599
584
570
567
570
573
568
572
572
586
615
662
689
704
701
692
678
688
675
678
682
658
647
637
641
623
613
622
674
727
710
699
632
610
593
585
578
568
559
552
554
562
560
563
569
592
604
597
580
587
593
615
622
618
617
615
622
611
604
601
591
583
578
588
614
648
651
630
639
649
669
647
619
602
604
603
594
583
575
577
583
575
564
558
550
545
550
561
615
636
651
644
627
605
605
592
575
572
574
593
606
625
618
631
633
646
648
623
596
582
571
572
592
598
610
616
607
601
592
589
581
587
586
586
615
630
604
583
583
594
628
649
644
632
625
608
595
587
599
613
630
636
610
580
585
584
599
600
589
568
553
542
534
536
549
570
588
622
660
677
680
626
632
629
624
621
606
573
566
577
588
585
594
606
604
605
606
608
588
584
580
577
566
566
556
541
482
557
503
502
496
495
511
536
617
636
657
681
726
724
750
712
688
696
684
710
703
696
673
636
624
632
664
678
664
651
650
646
633
608
585
566
564
558
563
577
620
655
638
633
625
599
595
573
547
546
538
527
527
523
521
524
526
520
514
509
504
498
493
491
494
498
495
491
493
503
522
556
573
587
584
592
608
645
649
653
631
605
584
560
553
563
564
563
563
559
543
543
541
547
547
541
529
527
521
514
509
502
501
502
515
529
537
529
533
540
547
549
554
557
543
542
533
524
518
519
517
521
518
522
521
511
510
506
506
500
497
490
487
490
502
513
523
552
601
702
655
655
676
690
673
650
634
623
618
620
621
621
611
613
621
640
649
650
651
637
604
593
598
610
628
627
608
583
598
641
664
680
645
609
594
594
587
581
567
559
580
594
589
607
598
603
585
585
554
542
530
529
534
543
574
609
649
668
681
674
640
637
646
633
654
664
664
651
638
629
613
606
614
646
694
720
688
655
639
661
677
695
675
668
646
619
624
635
648
650
648
624
611
608
602
585
606
621
607
591
577
586
609
634
645
617
596
577
570
573
571
557
575
603
644
663
668
639
615
604
604
618
622
615
603
629
668
707
672
647
639
631
641
657
642
611
585
576
578
593
634
681
674
665
701
695
705
676
650
622
612
604
604
601
584
589
602
638
649
683
696
694
658
652
638
631
614
596
574
563
562
563
553
559
566
596
630
622
607
601
606
628
659
653
643
625
609
596
601
620
644
646
634
607
583
589
608
671
713
671
645
662
664
706
712
677
636
627
623
645
651
656
640
616
625
640
675
679
660
632
615
620
629
633
607
589
581
575
593
626
607
578
568
568
564
574
591
613
611
606
595
588
592
599
615
615
619
618
599
586
586
599
616
634
626
622
618
628
642
627
616
609
616
632
636
616
595
593
603
624
638
640
622
614
631
630
626
621
630
632
606
585
575
580
604
604
594
581
594
606
606
601
613
631
643
646
633
607
600
604
623
651
670
650
615
614
633
646
649
634
609
612
607
615
626
630
618
617
616
615
617
609
604
595
594
602
617
616
617
604
582
589
594
605
594
593
590
611
634
671
680
647
620
606
598
594
585
574
563
557
555
566
581
600
608
597
590
595
614
623
603
591
593
592
595
479
734
490
674
563
548
541
536
529
548
604
705
716
674
674
653
660
657
647
624
601
607
617
647
662
656
645
654
667
661
654
650
643
637
616
599
593
604
617
630
632
614
606
610
617
632
641
631
629
643
669
688
694
661
628
629
634
653
644
646
641
644
651
642
625
624
608
608
633
651
670
657
636
626
630
629
634
645
636
626
616
612
612
639
654
637
646
659
663
643
629
606
595
581
578
577
579
580
574
574
577
595
592
577
592
597
593
576
583
585
584
591
595
584
591
594
594
584
578
572
560
552
553
557
561
572
600
612
614
621
619
638
646
648
642
645
643
637
652
630
614
592
581
576
587
589
574
558
555
563
591
627
611
624
640
637
596
576
564
558
574
593
609
638
665
686
704
688
670
643
633
630
623
620
604
597
597
594
612
614
629
622
597
572
565
570
597
605
632
618
614
624
642
650
661
671
653
642
622
620
604
583
567
562
569
593
624
611
632
651
664
664
644
626
625
627
628
629
626
608
586
587
591
617
605
592
574
579
593
621
640
636
611
587
582
582
573
563
579
600
606
595
588
599
611
630
632
602
582
594
606
618
619
605
583
568
573
592
604
620
592
573
565
571
576
592
592
568
574
584
582
565
556
552
546
546
545
543
543
546
546
538
559
586
611
637
650
650
632
616
594
570
550
553
577
571
556
561
575
617
661
724
709
692
634
609
610
622
632
623
615
592
576
563
556
552
556
566
639
631
636
647
668
675
680
655
645
630
620
616
606
618
631
632
646
646
644
648
649
657
638
628
596
576
564
565
573
587
606
624
647
675
694
664
641
644
642
642
640
629
605
592
582
591
601
595
588
590
634
702
728
717
677
645
645
645
646
646
631
615
601
603
613
632
643
664
654
636
623
633
626
623
602
594
614
622
604
588
586
591
598
609
616
604
601
612
651
686
680
647
634
637
637
634
623
610
589
586
578
585
560
547
542
532
526
521
516
515
513
514
517
523
552
569
587
616
646
650
652
642
622
600
574
568
582
595
608
600
587
578
564
561
555
555
557
566
585
596
620
622
633
623
615
626
622
617
601
579
571
567
568
556
549
541
542
558
575
599
610
628
625
1245
1705
548
538
535
539
546
552
555
552
556
552
545
530
530
534
538
538
533
531
531
540
553
576
616
628
621
632
667
682
657
660
625
608
602
606
613
627
624
641
635
613
605
605
621
631
634
619
599
579
568
559
551
550
562
568
563
562
554
552
543
539
537
542
557
587
595
606
599
596
583
577
578
566
565
580
614
663
698
703
663
617
590
585
574
564
578
598
582
560
553
556
576
607
616
596
580
589
598
607
600
584
568
558
553
544
548
559
568
558
548
540
533
526
521
531
549
577
591
583
578
564
562
565
567
564
563
573
568
562
571
578
551
540
539
540
544
548
539
528
527
520
516
512
505
504
509
516
513
507
504
504
510
518
523
533
538
549
546
544
524
516
513
509
512
514
520
521
521
517
514
508
517
549
597
632
644
648
635
610
615
608
601
589
582
579
569
547
532
524
516
512
514
524
538
563
582
602
629
631
633
614
603
580
572
563
539
528
517
515
523
549
576
614
658
687
630
612
599
608
615
612
615
598
594
586
586
580
581
575
574
566
561
561
559
565
548
528
524
525
526
538
560
581
594
632
643
654
627
622
621
616
608
599
586
584
579
579
569
562
551
546
547
552
567
572
575
572
575
570
554
541
532
527
523
522
528
549
565
551
541
528
530
541
558
566
584
584
567
572
563
560
553
546
530
523
520
517
523
531
541
562
563
569
565
552
555
553
558
551
551
535
529
524
524
525
524
536
549
533
521
512
510
525
595
655
673
702
783
804
802
777
752
729
708
677
636
617
590
568
561
561
581
597
592
576
561
552
568
599
653
688
680
640
649
643
632
611
581
582
578
582
578
605
646
667
644
612
596
598
620
644
668
657
640
647
662
642
634
610
604
626
654
674
657
625
641
671
720
729
697
654
649
654
669
684
652
631
644
688
717
705
668
646
659
676
694
681
652
646
665
700
501
912
629
625
624
636
659
658
687
714
754
767
749
729
688
677
642
636
639
639
625
618
634
668
483
926
633
658
670
697
729
714
684
690
729
730
689
684
682
679
671
663
658
651
647
652
665
691
698
666
642
649
680
681
658
676
688
662
641
665
705
757
697
659
645
647
640
638
625
607
608
612
665
712
713
694
694
698
686
641
628
647
654
640
626
609
608
620
651
686
676
648
648
674
733
735
713
671
673
674
680
682
674
663
653
674
719
716
690
665
674
676
692
672
631
604
603
607
636
669
661
647
658
689
747
700
677
666
653
630
616
615
634
659
657
628
617
610
601
587
583
604
607
589
584
593
613
625
610
601
602
588
579
579
584
584
619
645
638
622
619
636
648
637
631
612
602
613
621
639
646
635
620
617
621
653
650
619
604
605
618
639
646
640
639
653
662
648
640
636
637
641
649
640
624
621
642
664
684
663
653
643
656
668
681
672
649
632
640
645
661
638
631
636
654
698
706
685
658
641
621
615
617
629
624
617
643
675
738
498
931
629
616
608
593
581
602
630
676
681
717
563
972
670
638
625
637
675
720
730
699
697
713
736
743
710
670
642
661
685
701
697
673
648
663
688
716
721
696
684
697
711
716
680
656
647
653
678
676
666
649
657
689
733
742
701
668
672
684
680
665
650
653
672
702
713
671
647
631
617
633
636
627
621
640
659
670
662
629
604
608
610
607
610
614
646
638
627
613
601
598
611
596
589
580
579
586
595
606
599
588
584
592
609
625
636
644
646
629
611
611
613
616
624
613
598
582
573
579
607
678
723
700
693
688
712
704
694
674
646
637
655
646
647
615
596
601
588
577
574
594
607
604
605
622
644
666
649
623
604
601
604
625
635
632
619
609
622
644
682
658
624
616
628
634
634
622
608
608
619
643
641
635
612
602
607
621
646
653
644
641
651
672
654
623
602
604
610
641
635
613
595
592
595
594
584
574
568
576
568
569
557
542
542
545
554
546
536
533
533
534
534
530
528
515
513
509
508
513
521
534
553
585
585
579
555
539
553
551
575
585
583
588
565
558
556
541
532
521
514
512
521
538
567
596
621
650
614
602
596
596
590
584
586
575
567
559
556
557
548
539
544
562
592
575
569
572
583
615
636
672
665
648
633
622
604
595
581
573
561
539
535
528
515
541
536
551
547
539
535
547
560
591
608
632
525
809
599
588
586
584
581
597
614
616
588
567
576
586
600
600
601
612
602
604
601
592
593
586
577
557
547
535
539
551
563
597
625
631
629
627
587
568
557
546
557
575
590
593
580
563
553
544
543
555
623
637
654
646
647
639
639
642
642
641
638
627
627
623
619
636
653
661
677
658
648
636
639
615
597
590
625
718
719
683
659
672
486
915
643
631
612
613
637
686
690
698
666
721
722
700
663
670
676
698
672
636
620
629
490
866
643
669
647
668
706
774
789
741
771
802
772
703
661
626
630
634
638
638
647
636
646
640
639
648
648
673
656
654
627
603
584
577
576
569
577
594
647
679
672
680
662
630
607
586
571
558
556
541
539
546
567
627
689
740
739
730
726
487
874
626
611
603
595
598
603
640
700
848
847
800
787
776
752
713
688
670
655
492
761
609
622
637
639
648
633
640
711
850
811
780
730
726
727
719
693
663
662
656
665
646
624
604
604
635
694
727
700
677
697
714
728
723
703
654
632
622
636
658
678
690
663
657
671
687
697
695
674
644
641
633
645
645
639
625
647
705
749
715
687
713
713
706
691
650
635
643
645
646
646
624
614
633
648
643
634
610
629
628
611
603
618
635
642
625
612
604
608
610
622
609
602
613
633
643
618
603
605
623
635
642
642
615
604
619
630
643
621
609
623
638
667
683
657
646
662
658
656
654
630
604
606
613
547
729
609
614
587
591
626
728
798
771
741
750
744
718
689
659
642
655
660
668
673
662
660
666
707
724
710
661
626
619
616
624
617
619
626
660
710
706
694
662
630
616
604
589
572
571
567
558
549
554
576
588
589
599
596
599
592
584
573
563
554
543
535
531
535
536
538
553
574
588
564
567
577
612
655
703
751
733
695
688
681
672
652
638
630
620
610
604
604
600
581
572
580
604
628
636
622
606
606
638
683
724
690
668
635
607
594
595
610
648
657
632
650
668
687
664
657
648
619
597
581
569
568
568
621
727
760
765
740
698
650
644
640
637
614
626
640
651
637
646
645
627
618
601
597
599
604
610
596
597
598
594
610
616
603
590
600
631
674
694
715
700
654
659
657
653
661
637
626
633
652
661
637
635
632
660
682
678
661
643
654
666
647
629
629
613
618
625
652
646
636
622
628
631
650
637
630
628
611
599
588
576
569
565
566
571
573
576
581
598
606
625
633
646
636
638
633
630
622
628
621
621
604
591
579
590
612
652
663
650
621
626
651
663
676
660
633
633
641
652
656
646
627
611
621
631
632
633
607
594
594
607
614
647
634
622
617
635
649
674
677
665
645
631
633
621
603
587
568
564
565
563
558
565
583
621
644
626
598
604
635
646
677
649
621
609
615
618
627
623
605
589
579
585
604
612
636
619
605
613
629
637
648
642
627
608
606
606
617
621
604
598
592
603
616
635
624
616
617
633
651
652
633
607
604
603
593
584
568
568
579
576
571
569
574
575
583
590
604
612
599
592
578
576
573
575
578
577
556
548
539
532
530
536
540
564
588
602
619
618
595
566
555
554
551
539
546
549
562
576
582
571
555
551
558
554
549
538
539
527
523
535
545
572
598
588
559
572
593
621
651
647
618
608
612
631
644
652
645
624
604
606
610
620
606
600
620
648
669
633
604
592
591
511
698
590
582
570
573
582
594
602
621
627
624
604
585
593
600
599
589
572
562
556
553
575
589
603
621
657
636
616
600
604
601
596
599
588
578
564
551
550
556
572
588
587
582
578
567
558
540
537
555
577
602
640
690
687
699
656
631
615
612
605
592
577
574
561
560
565
575
593
609
614
601
603
619
633
636
630
604
581
570
562
570
586
628
676
706
696
673
648
486
756
587
567
558
552
558
580
661
810
815
768
733
692
697
728
755
734
696
651
636
654
664
667
654
636
611
597
600
621
623
616
599
590
606
651
713
690
648
664
684
695
700
673
654
672
690
688
676
642
622
625
634
660
650
639
641
471
875
630
634
616
603
620
678
756
770
729
684
665
666
697
685
653
631
607
602
612
627
613
604
585
596
608
619
604
585
574
574
601
648
675
641
626
634
637
661
657
652
637
637
631
653
646
629
606
620
649
677
670
646
619
606
609
617
632
623
612
616
629
657
646
629
590
581
581
566
554
547
543
551
559
571
583
585
611
623
642
666
688
708
723
716
697
666
648
636
625
604
584
573
564
553
544
541
553
593
648
680
665
635
609
623
623
612
592
613
633
633
610
588
574
563
559
560
570
576
582
593
674
668
652
658
653
670
658
648
642
636
618
619
629
620
619
602
576
564
557
552
539
534
530
538
548
574
675
593
573
566
555
558
570
582
586
573
567
563
572
588
597
631
642
615
596
592
586
615
654
641
643
675
721
697
650
628
628
649
655
644
622
620
625
625
617
606
611
601
584
587
585
571
562
569
573
566
557
552
555
569
593
597
581
565
590
610
640
629
606
589
603
620
624
594
581
585
593
578
567
565
575
596
608
613
588
570
566
583
605
634
621
615
621
646
674
674
639
610
607
603
609
615
603
592
600
618
622
628
614
590
603
597
587
584
593
607
614
594
579
573
582
594
606
616
603
594
600
618
635
651
656
627
605
610
610
594
595
589
572
564
566
564
562
553
569
618
680
676
634
616
642
668
691
688
650
627
637
648
662
660
653
642
618
645
659
653
643
615
585
568
556
554
566
573
573
562
586
599
597
589
615
643
654
646
609
584
575
577
591
609
618
596
581
583
587
609
643
625
602
599
608
629
647
653
629
591
577
575
575
574
573
564
551
559
561
552
542
531
529
554
599
632
626
634
691
755
772
711
666
666
675
688
659
611
582
563
563
568
594
590
581
564
558
566
564
548
562
580
597
595
588
568
562
554
553
556
557
553
542
533
526
521
524
537
558
600
628
625
601
567
570
576
562
548
542
553
582
624
650
620
604
595
624
660
697
658
627
626
645
656
647
624
596
590
593
614
616
603
585
599
610
1276
600
591
585
597
604
631
626
621
622
661
697
697
662
632
631
640
634
615
591
579
570
577
580
591
583
583
583
602
624
659
685
663
666
665
688
661
642
619
612
611
633
644
644
629
610
606
634
663
696
672
628
598
585
588
593
601
587
586
601
620
614
595
579
579
595
614
623
612
593
595
604
1271
581
566
563
574
646
734
716
697
720
784
729
721
671
632
615
604
594
570
568
565
559
550
554
560
591
619
617
599
581
588
583
572
563
560
566
585
594
595
586
593
604
605
598
575
563
560
563
563
563
550
547
548
558
579
577
582
567
554
547
552
571
598
598
575
563
558
572
590
630
652
635
603
594
607
619
635
613
597
580
579
591
604
615
612
594
577
581
584
604
611
596
585
582
580
582
591
581
577
589
617
649
682
660
638
643
647
653
619
605
604
610
639
653
645
623
613
612
611
609
604
585
575
585
599
629
665
654
624
612
613
623
611
583
563
550
539
556
589
611
627
614
602
578
560
545
545
554
554
542
537
523
526
534
549
570
570
572
564
598
626
632
646
481
820
592
575
558
545
552
567
580
590
601
632
620
610
594
573
483
620
538
535
524
520
520
521
522
521
524
542
554
576
591
599
592
580
553
545
539
540
547
544
535
539
555
561
575
557
540
540
541
545
548
534
536
528
526
531
534
562
578
599
615
631
622
604
599
581
568
564
563
556
551
553
561
545
537
523
519
522
537
547
594
591
626
627
650
662
664
654
613
581
558
549
549
551
555
560
555
557
557
565
568
582
563
563
562
560
550
554
558
542
544
541
546
535
535
533
546
559
564
557
544
538
533
535
546
566
577
601
597
619
602
581
565
563
561
559
553
543
547
553
571
585
587
562
549
546
548
552
551
544
543
543
569
580
597
611
624
624
612
592
558
547
535
530
531
542
552
559
561
562
562
554
542
554
568
585
582
589
591
579
579
575
545
533
524
530
541
556
576
597
601
604
597
563
549
531
523
526
525
535
538
551
572
602
621
647
668
683
666
655
653
636
607
586
584
581
584
602
600
595
563
550
555
587
643
664
625
581
560
541
556
629
631
629
588
577
589
580
578
577
568
553
543
527
521
525
542
549
553
557
555
559
554
552
534
530
516
521
536
563
595
612
616
592
564
577
577
551
541
536
540
547
556
559
559
554
555
552
550
549
551
553
555
548
535
529
517
516
507
514
530
542
544
534
531
522
517
508
501
498
495
502
502
499
511
539
571
578
587
577
566
553
544
541
528
525
511
509
523
552
588
608
621
637
623
620
605
590
572
560
559
535
524
521
535
554
554
550
560
596
618
632
631
616
609
591
572
565
558
552
547
537
547
557
574
574
577
555
556
563
572
597
609
605
592
580
575
575
570
573
576
576
574
575
564
575
569
561
550
543
535
538
548
557
595
517
780
596
631
614
611
604
604
599
587
578
566
563
562
569
584
595
617
614
618
606
604
603
607
604
594
583
576
581
617
634
644
627
613
624
637
656
655
632
599
590
602
618
625
623
615
609
609
627
624
621
600
586
586
596
592
594
576
569
574
583
590
613
612
602
603
615
639
650
632
607
593
591
596
604
619
627
625
621
620
627
619
614
585
574
577
591
612
627
619
608
626
636
649
639
620
606
614
616
609
596
579
572
571
583
601
619
610
590
581
582
599
613
629
604
608
601
601
602
588
573
562
567
586
604
610
608
476
743
582
601
614
599
589
598
624
678
720
695
683
689
708
697
666
629
614
612
622
617
617
600
573
561
553
567
582
572
587
619
626
612
604
620
657
690
511
833
607
608
607
610
604
598
621
664
719
713
676
661
679
692
707
666
637
629
630
641
649
642
617
604
611
604
602
582
584
607
618
613
602
620
630
634
635
612
594
584
590
603
627
626
613
609
631
668
669
651
623
614
610
617
615
605
589
584
596
1273
585
591
593
609
603
601
582
593
611
620
610
597
584
585
594
610
622
606
615
627
620
603
598
590
571
563
557
565
589
626
651
646
645
640
611
580
564
554
557
568
584
587
581
571
577
604
626
641
647
645
475
787
609
606
609
608
600
588
582
591
634
706
702
669
665
684
706
707
664
629
610
611
617
646
618
601
599
609
640
676
666
649
648
675
662
647
614
587
572
563
553
566
628
649
625
634
632
613
613
614
614
606
601
582
572
562
543
537
524
524
528
549
559
590
617
653
613
617
624
629
623
611
588
569
540
526
518
509
511
530
546
553
551
547
542
542
531
520
512
512
510
506
508
513
534
560
588
600
593
578
559
550
542
543
544
545
541
533
532
526
521
513
506
497
490
498
516
540
545
552
563
571
575
548
528
535
540
542
541
539
522
521
517
513
510
514
518
525
522
518
512
512
514
520
521
525
523
522
526
543
537
537
547
538
533
515
508
495
495
505
529
556
581
592
577
552
552
562
559
547
553
554
547
544
531
529
519
517
525
536
552
567
590
618
625
626
593
563
545
544
535
521
515
518
511
509
514
517
522
540
560
561
545
552
540
547
548
559
551
553
547
541
528
513
509
511
515
522
526
533
532
541
540
526
514
517
518
528
542
556
553
563
562
563
555
543
534
540
558
593
610
627
628
597
580
575
568
580
599
602
580
558
550
546
551
555
550
544
536
546
552
580
578
578
561
546
552
567
592
607
590
567
546
534
533
541
555
570
555
555
570
582
583
561
545
535
528
525
525
523
545
585
615
616
645
658
647
599
577
563
556
556
560
545
543
536
538
536
538
528
521
521
513
511
511
515
526
565
613
682
696
681
1316
585
572
544
525
525
527
528
533
560
614
651
670
688
677
672
646
635
621
604
602
594
591
594
595
584
586
593
641
689
715
677
651
646
641
646
635
612
593
598
619
660
690
674
658
650
657
659
632
618
623
636
477
781
582
586
588
618
616
617
648
732
768
788
768
700
688
638
632
620
618
603
590
596
590
575
578
586
598
569
569
568
563
563
561
567
571
573
578
575
570
562
565
561
540
530
525
524
530
541
559
590
629
652
665
1292
597
591
579
581
580
595
595
583
573
605
632
641
623
607
591
592
614
622
633
627
602
573
579
563
550
544
544
542
551
560
552
600
648
677
634
627
599
592
569
573
586
576
566
555
564
592
637
657
625
631
650
649
656
633
608
602
606
625
627
604
587
580
584
601
636
619
597
588
601
608
656
475
752
578
573
581
587
602
615
608
632
675
715
711
654
624
618
616
627
606
585
565
563
570
587
605
615
622
633
633
601
576
571
572
569
576
575
571
562
563
564
559
548
534
534
548
576
603
624
627
652
619
584
560
552
540
537
528
522
522
511
514
514
510
510
514
510
524
545
540
524
529
545
559
584
589
589
590
576
567
549
532
531
542
560
584
590
584
573
564
560
551
541
530
521
523
532
550
583
619
653
671
661
640
632
605
596
586
578
569
567
563
571
578
578
579
598
616
644
698
706
501
841
607
587
576
569
579
624
706
740
724
706
666
681
682
716
717
673
637
616
622
653
671
679
667
660
671
677
653
636
643
649
652
636
625
617
624
635
616
604
582
587
604
609
604
585
596
621
655
666
662
639
614
615
630
647
637
631
620
651
699
718
748
711
647
617
610
620
652
676
669
664
685
716
692
657
659
645
653
632
646
641
696
670
668
675
696
684
661
652
635
622
605
603
614
635
651
670
669
668
638
645
643
647
469
819
595
575
566
576
609
673
699
691
644
640
672
704
703
649
661
680
661
639
633
622
614
608
611
598
584
574
580
604
647
646
630
601
602
612
637
631
624
608
619
624
629
629
615
602
584
582
590
582
570
583
593
595
604
583
573
580
607
612
601
598
592
584
577
585
601
614
615
613
621
641
649
634
615
603
602
597
592
586
578
574
566
566
566
571
578
562
557
538
540
548
566
585
598
603
595
591
590
567
563
549
556
576
601
613
616
606
590
571
570
578
576
572
566
566
559
563
571
585
594
601
592
578
586
571
570
570
574
577
581
570
563
556
550
546
558
583
610
640
614
627
643
644
605
590
574
578
581
589
588
583
580
572
560
553
549
501
584
534
534
518
529
528
567
623
663
678
688
653
611
580
570
586
597
613
644
653
681
678
652
631
612
615
631
638
635
636
629
624
613
615
627
638
628
601
582
572
571
593
634
718
730
715
712
668
634
632
632
641
640
629
615
606
613
650
653
636
613
614
637
656
661
519
761
604
602
604
613
613
622
657
672
712
684
659
666
672
669
668
630
605
610
622
654
686
681
662
687
699
691
665
639
640
521
802
619
621
620
645
697
743
728
701
729
741
738
713
659
646
645
503
832
611
592
581
581
594
594
618
669
653
672
693
751
736
707
671
679
696
699
662
639
634
639
663
665
655
632
630
638
668
690
668
657
673
693
702
692
656
638
650
654
660
650
629
627
646
665
682
658
634
623
617
627
655
655
630
626
642
679
695
700
656
623
619
614
615
622
618
627
662
688
683
658
647
656
668
676
652
633
632
661
701
707
671
643
632
638
646
647
635
606
601
610
636
649
657
622
608
626
624
606
604
610
611
603
591
585
599
479
814
604
593
585
603
661
740
717
695
716
765
777
745
699
713
697
696
678
644
615
609
618
636
652
638
640
618
622
615
604
600
578
560
551
540
528
526
538
577
626
672
660
670
697
721
729
497
951
653
636
614
612
626
673
722
500
970
631
601
589
602
648
719
716
699
803
765
705
685
687
712
731
697
660
671
675
648
623
626
611
601
591
585
584
577
582
563
555
548
542
539
538
540
541
542
544
521
555
538
542
546
550
543
537
532
1120
577
624
658
698
684
669
646
682
666
670
666
645
644
647
646
634
632
614
597
582
586
587
601
601
591
576
565
560
584
559
553
549
543
544
542
547
548
561
571
574
575
575
565
557
561
570
582
587
598
601
600
594
584
581
590
620
655
649
643
624
595
585
584
581
571
562
562
571
614
629
653
630
609
595
604
628
647
653
632
620
622
640
631
620
608
586
583
580
576
571
576
595
608
613
605
589
584
594
625
646
523
822
625
612
601
595
587
607
634
682
694
665
648
668
632
620
627
657
672
678
660
628
635
642
657
643
626
624
635
648
660
646
645
625
614
618
634
636
637
614
599
591
590
584
574
565
566
579
592
606
600
590
582
595
624
668
673
661
640
634
618
593
584
585
603
631
616
627
639
664
686
686
672
651
619
597
587
595
614
630
620
607
601
624
674
688
701
681
663
667
672
686
691
682
652
644
627
618
615
604
582
570
566
574
603
657
706
714
667
636
618
606
590
569
557
545
538
533
533
541
554
581
610
633
654
656
666
657
637
622
594
583
586
585
579
573
573
565
560
558
560
579
618
624
630
638
599
567
553
545
538
539
547
555
562
555
547
547
556
574
601
602
614
617
613
608
589
583
585
583
570
554
542
537
535
539
558
582
610
638
618
598
586
567
563
551
546
542
538
531
524
534
531
539
546
550
544
537
533
540
539
531
536
556
559
577
595
605
648
676
689
665
627
608
600
596
588
589
580
583
605
635
650
661
669
666
635
610
598
593
595
591
592
595
605
583
571
576
614
633
637
596
572
566
550
553
562
562
563
574
584
589
585
561
557
563
579
578
572
559
551
553
568
586
625
658
679
672
663
634
620
593
575
582
600
623
641
667
680
675
669
644
621
594
579
574
579
602
626
654
648
617
597
596
608
616
627
627
620
605
581
580
580
608
625
624
623
605
604
618
624
615
605
591
577
564
555
556
573
605
637
649
616
592
580
584
593
612
629
608
593
570
560
553
548
550
564
602
627
669
683