585
642
640
1364
5343
583
567
565
563
552
556
554
583
619
638
626
629
647
641
627
605
587
581
590
584
586
622
630
632
657
667
717
770
749
706
652
645
670
678
646
605
591
580
592
622
626
602
603
617
658
698
682
696
754
739
700
690
641
630
615
628
647
656
651
664
638
624
624
624
665
733
807
853
828
809
813
813
758
712
699
655
633
635
657
686
680
670
666
672
664
664
656
656
650
610
590
599
667
937
886
817
736
813
869
874
816
722
710
711
758
765
719
699
710
691
667
634
620
646
677
714
741
687
673
692
724
712
677
684
688
696
658
616
633
653
752
826
770
713
748
772
784
729
699
693
722
725
704
689
756
841
881
852
750
757
758
746
738
686
693
684
713
751
738
725
773
803
820
776
736
742
745
744
722
690
689
726
795
839
814
790
787
789
783
753
710
688
682
646
619
624
680
802
799
741
789
805
812
727
718
710
719
723
694
655
669
665
699
702
688
672
686
700
760
782
757
737
746
726
696
650
632
645
666
659
630
637
682
755
755
701
675
672
729
757
713
727
744
760
705
714
723
733
741
747
713
677
680
683
661
655
472
817
593
599
644
792
866
854
839
802
812
845
852
754
704
707
721
733
722
688
643
640
634
670
746
775
732
691
702
724
721
724
694
664
657
656
648
650
637
639
665
739
807
711
648
621
611
627
631
621
585
572
574
581
581
589
597
620
642
623
638
641
646
641
645
610
602
585
595
621
627
644
649
635
621
613
581
557
545
544
533
548
560
563
571
577
594
586
574
564
553
548
550
562
578
601
610
602
599
593
604
604
604
597
591
586
600
615
663
707
697
703
716
719
708
731
711
690
654
613
615
619
632
640
670
698
700
629
599
588
614
690
810
765
782
831
822
778
755
776
782
733
703
669
652
629
602
583
604
667
732
717
712
700
701
667
646
624
624
625
644
647
650
638
646
662
681
649
662
625
622
591
588
597
647
684
735
719
675
668
646
646
640
644
638
629
636
656
629
636
671
648
614
583
582
575
625
660
635
645
621
609
606
598
572
579
589
588
594
596
575
586
590
619
619
660
670
686
659
632
622
627
606
604
589
589
584
594
596
629
662
652
619
608
627
629
646
685
672
648
633
632
600
581
575
570
578
587
582
595
635
666
694
711
800
769
721
683
702
667
656
645
633
601
583
604
643
685
721
710
692
700
716
718
671
645
649
668
723
702
683
699
729
767
766
717
667
654
660
691
676
689
700
707
731
686
688
688
714
710
658
616
599
589
603
643
647
637
662
695
702
732
730
701
702
691
674
666
663
615
610
592
589
591
595
604
597
643
703
653
687
689
677
642
620
610
630
635
641
649
603
464
689
559
563
561
546
573
624
617
472
853
604
629
623
653
739
781
848
856
829
884
872
872
890
781
772
746
744
744
704
653
660
666
655
654
733
723
696
684
667
618
598
601
605
638
646
628
607
598
598
588
594
582
563
567
584
629
692
649
635
623
624
614
606
566
564
563
555
546
567
626
710
735
729
693
720
744
724
671
613
601
598
619
672
673
654
647
678
733
777
771
709
701
696
691
671
654
633
597
589
591
635
695
715
681
648
659
669
673
643
628
628
661
1516
1060
600
588
585
591
599
599
580
570
572
584
622
646
629
645
667
694
662
671
662
642
606
619
651
707
697
672
688
698
718
685
663
667
692
706
701
677
620
593
573
558
573
632
687
678
680
697
730
738
709
656
641
627
646
683
717
676
680
697
737
748
719
724
744
754
746
689
665
648
638
604
592
599
627
662
669
646
680
704
725
674
663
656
654
620
592
575
553
559
601
682
725
712
693
699
704
735
707
667
657
662
703
751
758
714
660
668
695
727
717
669
683
691
744
732
683
658
674
693
729
699
680
683
673
669
635
642
658
661
658
651
668
703
685
651
641
647
663
652
614
608
616
597
576
593
609
609
586
586
597
633
682
672
644
662
692
722
729
722
685
661
653
662
696
685
685
696
715
712
696
693
702
711
673
657
662
707
699
676
696
736
758
733
674
657
658
649
632
594
569
554
551
574
658
733
772
785
755
702
693
704
676
661
639
605
585
595
635
667
707
722
711
669
677
711
767
787
709
675
679
730
778
785
753
692
679
661
698
770
797
753
743
776
492
1019
652
614
607
625
704
785
811
759
755
753
752
725
692
688
705
730
755
736
670
632
623
629
653
660
632
636
688
756
794
781
714
653
633
639
641
639
636
634
650
691
732
754
738
675
655
670
699
731
744
736
691
690
654
649
617
592
608
624
622
653
700
738
748
666
625
606
614
623
647
652
650
648
652
657
672
646
617
598
604
643
668
646
689
743
744
777
713
653
646
639
654
679
701
688
694
695
688
690
691
668
632
644
653
667
692
662
653
667
696
717
690
702
688
684
677
667
669
671
661
646
629
637
665
698
718
712
691
651
639
651
650
634
651
673
713
704
673
669
671
671
660
639
650
679
722
706
718
735
748
717
710
667
641
642
690
709
743
758
788
744
712
716
710
691
675
653
647
637
636
619
595
604
629
665
686
696
705
674
684
697
714
703
659
626
627
637
699
732
757
803
832
771
754
698
646
644
677
699
708
694
686
688
670
655
621
471
768
606
719
792
751
734
792
869
800
866
897
899
868
769
797
780
758
716
719
697
680
655
639
656
765
858
804
784
762
701
694
644
637
621
646
660
665
666
663
659
646
619
604
593
590
586
593
630
633
646
648
700
728
711
685
645
641
638
652
645
622
614
601
596
592
587
589
587
616
675
684
715
776
758
733
669
651
637
638
623
598
594
623
653
674
696
688
687
639
646
641
640
666
728
733
688
678
680
667
670
671
698
695
674
682
684
701
682
673
669
675
672
662
631
612
600
617
686
732
795
720
725
736
794
814
808
746
771
768
754
749
734
677
648
659
677
733
730
772
795
763
716
725
784
833
748
684
626
520
717
599
636
639
660
698
692
731
784
814
764
748
722
711
669
653
674
646
653
635
645
638
665
684
704
684
708
721
714
709
676
667
619
608
609
602
591
582
596
639
714
738
782
761
766
695
655
600
571
570
574
582
600
590
470
724
575
620
608
630
655
696
714
716
723
672
683
682
673
631
607
632
640
652
646
635
629
617
608
600
577
588
607
636
638
626
614
604
585
587
611
604
600
608
629
687
778
781
754
717
677
655
671
675
668
629
631
636
643
630
650
663
657
649
640
620
604
593
585
587
595
604
587
603
668
779
803
829
730
724
714
718
731
714
646
615
1225
596
638
692
755
792
815
842
856
831
796
761
742
738
745
753
777
774
777
751
750
708
660
631
641
723
795
746
807
830
815
740
719
702
689
693
705
694
715
730
715
457
963
661
646
626
630
692
729
800
904
938
915
884
856
770
785
766
742
722
658
632
598
602
619
496
792
587
641
660
746
788
818
903
913
906
906
896
900
812
783
721
698
685
692
749
729
764
752
766
741
711
683
651
649
647
662
658
653
630
641
668
700
692
659
652
668
677
684
683
638
630
625
633
632
630
613
628
635
645
627
609
611
624
672
687
667
640
652
662
692
687
646
637
650
671
684
685
674
665
676
724
744
722
688
645
659
666
697
736
717
691
728
751
776
773
751
705
711
720
729
727
710
673
639
640
651
647
640
640
662
697
688
663
674
693
736
704
693
695
719
725
703
495
853
633
630
648
690
739
760
743
828
862
828
767
775
805
810
797
745
758
763
733
757
758
729
747
736
761
738
704
727
770
746
722
700
650
664
687
755
763
776
771
726
718
697
688
682
696
675
713
754
791
762
698
695
693
717
760
744
730
731
754
784
793
701
682
668
686
755
774
723
776
841
894
864
793
802
779
738
707
665
646
650
672
746
783
774
773
819
799
788
747
729
729
742
738
709
672
652
666
696
793
795
746
720
743
746
740
747
700
655
642
648
677
726
738
746
792
773
752
720
689
697
712
709
709
756
806
826
824
738
690
681
665
661
647
632
611
649
672
680
699
709
692
673
635
490
749
616
680
690
721
713
772
896
927
916
816
818
856
828
812
731
724
715
728
750
742
726
692
729
745
758
760
731
693
688
677
687
675
655
651
666
716
732
717
711
727
718
717
667
640
646
654
680
697
680
688
702
750
748
713
668
668
680
699
479
854
622
600
588
575
581
621
690
753
680
679
699
731
726
674
641
655
644
636
652
660
659
667
655
655
642
618
602
604
608
619
620
630
639
630
613
614
650
687
707
705
677
640
645
648
661
681
686
643
617
634
666
742
753
736
676
630
634
650
706
715
715
669
642
640
651
665
696
711
689
703
725
715
692
651
624
621
637
689
727
733
701
718
743
772
751
696
629
608
600
635
664
689
710
704
729
723
740
697
663
657
652
664
663
660
634
648
668
692
693
660
626
593
595
604
604
592
588
591
619
650
634
610
619
627
633
652
613
575
559
548
552
586
614
640
670
664
643
629
597
602
597
620
639
631
642
681
707
699
691
684
670
635
613
587
479
684
576
646
520
815
608
641
680
761
816
820
800
814
837
794
737
722
672
632
605
604
634
672
695
698
680
656
655
659
688
715
775
748
721
702
670
666
665
645
634
630
622
644
645
656
657
672
745
774
788
756
738
691
636
635
625
633
650
679
686
695
706
714
724
702
699
664
639
630
625
651
700
752
765
740
685
1333
641
658
657
646
1335
613
616
638
661
706
731
719
696
714
768
799
826
780
718
686
662
688
695
696
709
726
721
700
679
651
629
624
628
649
686
681
678
707
732
749
727
480
850
625
600
587
579
581
627
699
813
810
754
687
677
679
717
756
769
764
718
673
636
634
655
717
798
808
773
770
729
672
626
609
615
664
724
778
761
749
727
683
686
707
743
748
744
722
716
687
666
623
619
619
643
687
705
691
651
625
642
665
705
730
723
678
648
657
650
664
659
631
625
628
679
702
715
719
698
691
684
691
694
669
640
614
605
621
647
672
673
656
671
669
680
647
628
508
780
607
614
586
571
575
599
668
690
739
753
720
666
658
634
645
658
667
658
636
619
600
598
630
707
767
745
733
695
659
667
674
672
665
660
629
611
612
616
633
650
691
687
654
644
661
688
709
667
639
619
589
588
604
642
669
712
691
668
697
733
746
707
711
687
669
658
665
690
714
690
688
654
649
652
687
705
685
650
626
635
648
683
681
657
683
707
735
756
734
678
629
623
638
694
748
768
754
734
687
688
662
671
653
630
645
670
718
726
695
683
678
686
693
658
630
633
623
649
665
683
644
610
587
571
554
572
632
693
688
665
701
731
757
728
683
640
644
660
666
687
686
668
650
657
671
700
700
687
462
854
615
616
632
652
656
637
635
687
780
859
816
747
698
702
707
692
704
702
672
632
611
613
635
683
463
947
632
618
630
656
676
683
685
731
776
831
845
752
689
653
652
660
680
688
692
662
636
638
653
689
713
698
670
634
618
625
645
665
690
648
620
615
628
652
688
678
676
677
679
660
641
613
582
569
570
583
597
595
592
594
598
604
644
669
688
646
619
623
625
645
630
629
631
635
611
659
712
697
667
670
670
654
660
638
629
595
595
608
652
695
510
956
635
625
594
597
626
696
810
823
806
744
747
767
771
727
678
646
640
655
653
689
661
627
600
587
596
604
600
594
575
556
541
535
540
539
530
525
537
557
577
597
612
641
670
682
646
648
617
618
615
603
591
576
569
606
671
695
706
646
624
631
635
607
612
590
584
574
573
593
590
587
577
563
555
553
547
539
548
590
649
695
692
721
718
714
658
610
600
591
587
584
571
560
559
544
540
540
544
557
571
581
591
600
598
592
596
605
618
611
607
631
688
691
725
701
684
674
634
604
604
599
595
605
624
651
676
672
656
675
700
680
671
675
647
655
648
656
681
666
656
646
643
662
709
715
752
702
672
640
646
654
643
636
642
665
723
756
763
764
696
688
669
671
670
671
650
633
645
659
697
717
700
689
708
704
717
715
687
671
660
653
636
658
708
759
796
810
815
813
775
720
705
687
661
683
712
765
743
690
670
669
681
701
692
682
666
659
646
644
630
625
628
619
606
585
574
576
618
662
715
725
731
725
685
666
646
616
605
622
692
709
699
665
663
659
649
631
635
634
648
662
669
673
683
677
675
662
620
644
672
710
727
703
672
662
669
1391
632
641
628
608
614
672
780
812
806
783
791
741
688
686
723
749
738
756
718
689
643
620
611
606
604
593
584
577
586
617
635
661
664
662
643
646
629
619
600
579
597
641
672
676
665
643
625
646
672
688
695
690
667
672
667
657
648
636
643
645
656
678
665
670
710
758
774
781
768
736
686
682
649
639
640
469
773
598
615
624
640
671
700
731
807
839
874
808
720
682
618
607
600
606
639
666
692
714
722
713
707
697
688
667
692
693
692
687
698
735
760
783
711
716
665
645
637
641
663
685
677
667
633
487
748
609
630
639
658
676
684
717
742
753
786
757
737
722
686
670
653
625
633
646
643
640
632
631
636
656
657
710
699
678
660
680
679
680
661
648
623
598
576
566
565
587
615
663
681
650
635
652
659
661
655
657
650
656
663
620
596
582
607
639
680
719
731
710
653
615
596
611
611
649
646
686
693
713
718
691
684
667
663
659
651
653
631
634
634
648
652
624
604
624
646
682
696
697
644
617
590
584
592
602
619
647
675
688
712
688
684
671
676
666
649
621
592
565
555
558
580
594
616
633
642
641
636
643
652
634
642
650
645
644
628
587
567
592
637
665
653
664
685
707
704
724
1448
664
674
675
684
680
676
665
673
665
657
655
644
653
640
642
604
571
558
563
576
616
668
702
732
735
747
764
757
751
740
699
678
643
638
635
625
598
596
600
620
616
617
643
683
703
700
693
672
658
639
604
577
588
622
658
709
738
729
693
638
600
595
596
602
618
646
679
678
685
687
688
680
660
640
634
622
597
579
567
568
588
609
648
685
689
662
628
624
617
634
646
698
705
708
695
693
662
638
622
589
579
566
569
607
650
681
685
714
710
686
672
654
651
623
594
576
557
575
601
620
648
677
702
700
682
634
613
605
611
624
635
638
639
627
613
624
629
645
667
683
701
629
604
1264
603
602
608
662
683
698
693
690
675
679
690
689
683
681
679
679
685
708
649
592
569
584
620
638
683
727
760
759
755
717
698
673
629
627
1270
613
647
673
676
713
727
752
762
704
691
641
616
618
620
633
634
667
658
650
628
592
578
583
614
636
666
686
707
688
740
762
746
1408
654
645
643
647
659
642
647
656
716
734
693
697
713
744
741
752
519
978
684
678
670
688
688
675
640
631
639
649
663
688
697
715
709
696
681
662
641
626
611
604
586
564
554
563
587
643
720
798
766
702
702
729
732
729
711
698
689
673
650
636
624
616
635
656
657
691
695
690
698
730
749
742
731
741
745
762
739
710
664
1260
609
593
593
613
629
645
643
667
660
641
636
623
630
617
601
632
684
676
666
679
685
668
641
609
602
611
629
631
639
633
644
629
677
705
710
1368
630
602
580
561
554
578
627
741
806
835
849
838
811
778
721
649
627
614
615
622
636
624
616
611
606
613
618
615
634
644
645
611
594
579
582
604
622
642
651
651
638
609
596
614
634
652
673
660
648
625
618
613
653
727
732
699
694
676
665
646
633
637
648
654
652
655
657
649
639
637
636
665
695
688
672
649
637
623
624
629
661
663
663
636
595
587
580
599
637
687
738
727
490
988
682
692
663
656
665
697
691
729
746
765
721
673
1331
596
566
555
557
591
681
751
776
756
773
813
782
759
697
646
625
601
607
615
628
646
656
667
691
669
641
635
657
708
751
757
755
747
728
495
920
637
500
715
569
618
693
844
840
831
786
800
777
743
717
680
646
657
659
694
730
748
737
740
710
688
509
933
690
691
714
735
774
796
804
726
746
788
752
784
772
774
746
715
685
668
649
643
494
771
597
576
572
597
678
766
890
833
850
1639
715
739
767
775
756
472
1034
675
663
677
505
863
646
714
744
766
813
876
860
789
750
701
687
664
644
624
609
610
611
624
636
621
592
579
564
559
556
560
573
591
608
615
643
680
661
700
722
721
703
700
689
658
621
598
582
609
661
749
813
791
787
805
792
807
762
736
713
698
671
648
621
642
641
675
682
695
687
695
660
649
646
640
630
630
615
616
646
723
763
766
792
791
783
760
726
709
656
640
620
631
650
655
657
650
646
646
606
585
581
588
607
635
660
671
672
658
660
646
626
612
581
570
560
587
646
649
669
664
667
671
672
672
669
683
668
644
632
618
631
645
658
671
666
648
641
647
636
622
604
596
606
621
647
696
703
688
694
674
672
641
610
606
585
603
637
642
645
656
659
646
668
664
657
665
688
693
683
659
652
627
613
610
633
685
745
761
489
947
665
661
640
630
646
680
748
792
740
757
770
778
801
787
769
748
696
629
613
470
747
590
655
690
727
751
769
773
747
751
743
723
663
626
639
653
756
816
790
769
734
718
685
665
641
634
616
619
641
660
677
649
626
607
618
657
687
693
692
644
627
597
591
587
595
589
579
577
564
599
698
689
673
678
745
750
752
718
699
665
615
598
583
587
615
627
627
628
619
598
599
626
655
638
615
595
579
572
570
578
589
600
615
646
689
716
723
697
698
689
675
655
641
624
613
611
620
657
1404
656
674
668
692
717
747
738
754
789
826
789
790
791
785
773
774
694
668
636
618
624
614
644
673
699
704
694
677
657
638
607
578
581
580
616
698
752
755
715
746
746
732
713
715
718
692
658
618
609
589
595
623
676
728
744
724
715
735
772
816
476
1101
689
665
665
653
646
631
638
619
624
676
716
706
713
709
690
668
661
643
628
598
584
580
597
648
720
805
466
1093
698
712
681
507
855
637
660
664
632
618
629
664
693
692
708
697
687
652
629
616
626
651
662
689
708
707
693
672
646
632
635
664
649
636
645
640
656
645
629
619
636
1404
659
660
479
832
607
634
667
748
870
864
878
857
762
788
808
791
773
703
667
662
645
1313
610
602
613
631
646
686
730
753
771
793
775
756
744
733
706
671
658
658
671
692
737
781
770
785
777
760
726
714
695
697
690
660
624
617
645
715
767
752
715
754
776
832
784
706
694
692
700
704
721
710
654
648
659
664
671
690
680
700
716
744
729
697
707
722
728
712
693
679
678
636
638
633
625
601
593
593
636
683
729
725
720
699
695
675
666
651
642
1289
606
588
599
626
482
878
636
662
664
721
809
835
836
795
782
745
695
662
496
861
637
653
540
815
645
695
688
551
861
655
689
704
722
747
749
771
770
748
724
734
765
770
763
723
691
687
702
713
715
700
687
646
665
666
706
723
707
679
638
649
637
621
622
647
700
771
777
730
729
729
718
716
681
645
669
696
750
753
705
688
703
737
754
743
709
684
704
702
698
680
681
688
653
635
500
813
636
667
684
695
722
784
830
835
817
808
783
778
758
749
736
728
706
704
714
762
776
776
774
766
771
750
743
700
691
717
784
785
756
710
737
729
763
753
687
682
691
708
720
733
697
669
690
711
766
768
738
707
708
702
696
704
708
699
693
717
766
777
784
758
742
741
739
730
724
698
662
674
672
715
731
723
696
666
695
721
747
759
729
675
683
669
662
678
674
672
699
734
776
766
740
693
645
662
688
749
794
809
776
735
731
716
699
685
678
665
649
628
615
589
577
582
607
666
726
753
768
788
1565
700
697
693
689
656
619
606
525
903
720
808
772
740
801
808
803
736
739
728
731
732
732
713
697
695
671
670
697
712
729
729
695
716
747
794
806
762
733
709
680
669
659
678
708
734
729
691
719
741
775
773
727
702
711
697
699
724
707
674
679
691
729
752
787
743
727
747
750
777
743
710
732
725
726
688
694
510
914
664
626
627
624
658
702
757
797
814
813
505
1100
517
955
700
703
680
707
756
796
802
775
735
724
725
741
747
750
759
742
712
646
658
656
677
713
747
760
746
740
1458
691
649
641
659
674
768
853
896
888
845
752
737
749
782
807
792
774
779
770
745
710
689
717
770
779
804
782
728
711
732
780
788
788
728
746
760
752
722
669
650
650
648
648
640
683
691
687
688
709
738
737
728
696
708
693
683
672
657
679
715
793
749
720
747
770
788
722
666
652
651
656
690
483
962
680
689
681
688
743
756
745
816
818
797
739
756
771
789
770
728
531
870
671
665
677
697
727
729
796
819
816
826
817
745
758
740
711
675
644
639
658
705
759
774
756
746
752
756
750
713
705
733
762
773
771
736
706
720
719
708
694
656
657
652
669
690
683
663
688
715
737
736
700
691
676
701
729
514
934
673
674
672
704
724
708
751
802
868
818
771
777
771
759
742
703
710
741
782
780
766
709
661
657
679
740
836
830
768
762
796
824
818
785
722
665
672
668
690
684
705
788
808
828
786
714
654
640
650
703
754
718
738
768
766
748
711
693
668
505
764
607
607
603
576
577
587
608
910
859
875
931
967
998
876
859
943
849
809
761
741
738
736
746
692
674
693
705
696
673
656
635
613
612
621
645
657
670
694
674
669
667
680
697
717
705
729
720
728
697
660
671
670
725
712
684
657
633
618
607
594
586
579
589
601
623
638
625
671
699
744
753
743
748
759
756
752
731
718
705
685
665
643
530
814
646
683
705
700
728
814
820
844
790
841
901
823
817
799
776
771
739
717
731
709
707
691
696
726
759
759
748
721
683
693
702
735
734
734
768
798
792
766
701
656
673
652
679
686
670
645
679
729
796
810
756
770
764
751
738
677
639
644
647
683
702
723
738
745
1573
742
729
723
722
732
704
688
695
724
773
733
764
758
764
757
507
986
699
681
668
676
695
692
669
663
665
646
690
722
737
702
680
673
696
714
736
760
732
693
697
701
712
725
727
698
683
493
929
679
696
677
656
521
916
699
787
796
755
848
911
871
777
769
803
820
864
803
752
747
753
768
784
796
726
690
695
712
742
729
731
753
750
723
691
695
700
705
680
650
656
653
654
525
894
676
647
628
630
641
679
731
729
719
764
819
829
796
733
682
696
678
681
687
681
673
683
725
795
799
791
734
667
666
692
722
774
771
733
756
772
793
766
752
730
702
695
692
678
704
704
723
726
701
717
726
771
794
805
814
792
769
725
690
693
694
726
746
733
702
714
710
731
747
699
678
677
700
741
736
682
645
664
678
728
771
743
695
695
696
706
699
671
651
681
738
779
788
743
704
688
710
722
706
689
716
728
765
734
690
646
626
623
660
671
692
683
677
653
663
681
708
743
762
784
737
749
736
741
742
719
682
661
673
683
702
708
690
729
775
813
781
732
717
691
681
674
646
636
673
725
757
749
746
755
742
729
693
664
670
700
755
1574
719
722
715
723
744
763
717
743
775
767
718
740
772
751
696
695
698
710
711
708
683
653
666
691
748
779
768
726
739
744
748
744
710
674
679
685
717
721
706
682
652
650
673
709
704
673
679
694
727
705
662
650
655
674
679
682
679
663
641
650
667
721
734
704
693
695
712
711
698
675
642
635
645
665
697
746
809
747
744
738
741
707
649
636
631
635
636
655
678
685
690
687
673
675
676
680
669
672
661
687
702
750
772
762
713
673
674
673
667
670
638
631
633
620
626
675
661
654
661
672
700
718
729
708
684
652
635
639
673
698
702
665
636
644
646
663
641
627
604
609
634
670
697
649
607
584
615
607
643
659
673
655
615
591
587
589
600
604
620
627
618
608
592
591
592
638
693
724
735
738
724
718
712
728
754
754
727
688
621
598
587
597
640
703
751
743
712
719
718
702
687
705
692
689
658
635
618
621
643
670
686
706
689
655
634
628
629
614
652
667
674
669
638
600
587
585
601
491
812
613
638
629
627
632
673
765
807
783
746
754
767
764
711
681
698
697
681
650
660
668
677
681
657
633
635
650
649
669
678
642
619
617
618
619
604
606
616
628
627
612
1279
612
638
645
615
604
599
640
721
776
819
770
728
681
686
676
697
710
699
662
627
615
632
650
683
679
664
673
689
723
692
687
690
689
664
623
480
755
602
620
614
598
623
673
771
816
1595
678
678
657
651
637
628
556
865
696
749
631
861
673
678
500
772
600
605
678
791
850
779
859
884
817
820
870
815
730
693
714
688
663
640
649
667
684
690
694
674
661
635
525
681
588
618
663
688
731
748
741
705
710
759
809
807
782
742
685
647
647
651
667
688
694
674
675
669
667
654
641
615
598
589
578
574
594
653
687
746
742
749
691
656
639
644
663
686
696
704
682
687
701
724
729
703
665
626
610
604
639
698
728
695
691
714
758
762
755
714
666
667
693
728
739
719
663
638
648
630
612
625
660
721
782
764
714
729
774
496
990
652
660
664
496
898
666
698
532
918
686
795
771
784
822
865
823
798
752
721
681
636
608
602
593
586
628
650
672
682
688
706
719
758
775
787
770
743
722
696
646
652
665
714
729
742
724
712
712
710
726
720
723
688
692
699
678
684
688
721
739
720
708
682
680
684
711
727
693
677
678
706
731
482
930
658
644
644
670
739
798
729
695
703
700
744
766
758
748
733
728
702
688
651
647
641
650
688
721
724
710
682
708
710
709
681
650
651
659
665
688
705
685
667
693
720
745
719
685
700
721
775
747
695
717
733
708
700
661
635
650
678
705
713
687
720
729
735
720
686
687
684
692
692
681
650
625
639
676
714
739
704
709
703
719
719
674
680
683
700
710
690
704
705
726
713
669
649
650
671
675
663
670
684
712
737
743
698
659
667
671
675
670
653
652
665
684
698
675
677
690
712
758
744
774
783
728
714
701
669
652
647
657
622
618
623
646
670
702
723
739
707
649
610
598
593
599
628
659
690
699
703
712
710
701
668
641
646
637
612
597
585
575
622
681
713
708
704
667
652
646
667
674
694
691
685
671
646
655
680
711
729
707
699
707
718
711
689
663
666
676
710
708
685
683
719
741
780
769
490
944
661
646
644
650
650
650
710
792
856
837
756
770
780
1519
674
626
618
622
675
729
742
729
498
1068
711
473
1007
646
672
720
767
763
727
754
790
795
799
742
741
730
730
722
704
671
680
711
737
742
742
707
686
666
662
660
638
625
629
652
650
651
673
651
637
657
680
671
641
636
649
663
654
656
654
640
614
585
570
566
585
631
674
686
678
652
645
649
642
636
634
648
648
616
597
578
577
598
634
653
663
620
629
654
633
614
595
579
572
575
1252
667
672
658
658
643
634
622
625
631
631
617
624
665
694
680
658
617
604
612
633
663
655
670
632
604
609
633
676
719
719
687
643
615
618
645
671
648
646
646
651
641
608
629
646
623
636
644
639
630
606
593
593
612
663
706
730
690
650
649
675
700
687
1286
607
615
622
631
625
639
682
734
754
780
725
726
752
792
772
772
1484
679
665
663
685
696
1457
649
682
730
800
836
828
826
765
1599
736
760
726
704
749
777
818
799
742
773
801
819
753
720
737
763
777
783
1469
636
608
607
612
654
699
739
721
703
750
795
798
802
759
716
712
746
737
734
705
676
670
671
693
698
680
645
653
675
681
686
684
668
647
661
679
705
740
728
703
679
659
662
662
660
647
643
648
656
686
668
635
656
659
688
679
675
501
863
627
628
629
627
646
664
629
637
662
679
674
648
613
589
582
573
563
573
592
636
681
686
668
665
649
646
659
677
711
691
692
703
709
722
723
697
652
618
613
619
629
636
651
659
662
647
643
655
688
732
729
701
664
658
505
802
625
640
645
636
658
700
759
794
788
741
694
683
701
706
732
701
657
646
648
643
644
643
657
697
734
729
739
708
674
689
701
716
710
695
682
645
634
633
663
695
738
713
675
669
671
679
668
646
660
663
671
653
636
637
660
682
698
688
675
687
687
685
678
646
639
638
652
657
646
622
627
657
697
717
677
632
637
634
625
608
592
585
590
620
659
691
698
672
673
674
700
703
688
667
630
600
588
583
587
620
676
744
759
748
720
710
704
667
645
647
645
655
671
645
636
637
674
683
530
791
602
587
591
601
640
697
707
702
745
739
707
722
731
716
696
681
682
670
652
637
653
682
701
707
682
660
656
669
700
711
703
651
617
1270
630
670
687
696
692
716
778
855
875
804
785
770
733
720
690
681
648
624
516
744
618
660
666
540
807
617
627
684
742
792
779
720
749
790
830
791
754
712
667
651
642
646
669
665
666
658
654
640