701
656
652
636
620
616
619
608
590
589
586
576
570
567
603
690
708
705
708
661
646
634
626
611
583
580
605
594
583
578
574
571
562
569
579
579
582
587
586
580
581
583
578
633
649
646
658
670
672
701
712
682
653
620
602
586
583
580
568
574
465
734
573
566
560
552
548
552
559
492
699
573
637
623
588
578
570
564
562
565
575
586
601
618
615
622
612
599
589
578
577
566
575
581
582
587
605
669
713
678
643
634
649
671
703
703
663
647
627
644
631
650
631
629
625
604
581
573
564
563
577
583
668
794
752
733
727
739
709
695
688
697
681
659
646
618
593
571
552
549
520
612
578
740
726
692
674
707
727
687
673
700
660
621
613
616
641
617
607
595
609
633
633
638
626
618
611
601
595
586
589
577
567
563
569
647
764
846
803
738
690
658
647
676
710
753
763
729
691
678
664
660
647
486
748
590
573
581
613
703
725
502
896
649
710
679
698
688
647
673
691
683
668
680
692
697
672
651
655
654
707
700
687
684
689
719
733
683
653
649
652
692
716
688
1285
615
628
637
678
727
760
729
710
749
750
731
710
675
639
634
629
657
682
694
675
678
673
658
638
614
605
619
646
711
738
708
723
678
661
637
612
597
580
568
569
604
655
715
733
686
677
675
645
620
598
585
586
598
623
642
646
639
634
631
627
624
612
608
498
684
572
580
607
693
786
821
815
821
813
803
778
720
668
634
625
627
679
725
774
715
718
708
746
752
717
672
674
671
714
702
666
650
668
691
739
719
674
663
656
684
701
688
678
703
731
788
783
707
682
660
652
653
642
655
684
731
758
737
707
714
703
715
693
687
683
689
719
723
688
663
664
676
692
707
676
651
643
654
707
760
721
723
774
790
761
705
646
624
613
618
609
611
660
699
711
678
651
638
632
633
645
644
643
672
710
764
769
705
670
660
655
671
687
665
657
664
699
728
706
512
824
624
632
632
640
663
668
494
855
651
732
741
729
756
768
808
798
795
776
720
689
693
701
723
743
714
682
689
688
714
719
703
676
679
698
699
665
651
662
677
691
712
676
649
652
671
692
718
689
685
702
730
679
648
631
632
667
730
760
748
728
696
687
674
669
683
708
711
677
650
657
694
740
756
723
690
686
665
674
643
622
618
635
673
722
736
696
687
707
748
752
729
672
647
646
648
667
687
693
688
692
711
714
732
701
669
646
645
661
678
720
707
684
693
701
723
728
679
650
637
637
669
732
747
724
1385
660
691
691
688
670
651
654
696
809
828
750
720
741
746
748
693
658
635
628
642
703
741
729
688
689
703
725
710
679
661
673
686
740
739
732
676
506
779
626
634
649
642
648
683
789
898
868
780
707
663
647
649
658
687
661
645
658
680
709
724
683
673
661
664
637
620
605
608
611
610
612
606
618
650
686
732
700
667
667
675
694
674
653
646
647
671
680
674
655
660
685
701
694
688
654
632
640
662
719
735
727
694
672
669
684
689
694
671
672
647
640
643
644
644
631
627
509
763
618
656
659
676
658
704
787
811
768
771
810
780
723
726
744
734
680
646
637
633
640
659
650
650
653
688
748
773
733
702
712
705
732
716
690
657
631
621
628
669
731
693
680
694
731
759
751
715
671
1300
616
590
571
558
556
588
648
739
729
706
699
711
722
486
900
624
589
578
569
564
554
552
552
555
555
559
575
597
612
622
629
644
637
639
645
643
646
636
628
623
622
612
597
579
571
566
567
560
579
575
556
561
552
566
569
605
1279
608
629
619
614
620
631
650
640
658
641
621
620
625
643
630
606
591
576
574
598
618
620
647
671
691
674
669
641
623
491
700
570
551
539
528
521
519
522
545
647
678
706
738
768
754
738
710
707
694
687
684
658
656
655
669
660
643
629
622
619
623
653
655
637
627
621
468
750
596
621
627
618
611
620
623
614
601
584
571
563
559
557
562
575
610
661
696
702
737
677
645
619
631
620
617
606
598
602
594
593
589
581
572
574
569
568
564
562
559
562
557
563
569
564
573
584
600
613
603
492
739
590
587
590
597
608
640
693
790
744
710
697
701
703
705
687
677
692
719
687
668
638
645
657
663
640
649
648
670
679
651
626
477
789
607
603
604
612
739
736
802
849
956
790
772
745
737
725
655
629
626
646
629
626
665
697
712
696
691
670
638
612
598
596
584
592
588
573
566
564
561
574
585
611
661
688
687
673
634
619
585
571
556
546
535
532
533
559
593
643
681
729
750
744
1398
629
603
575
552
544
534
534
554
566
567
583
613
672
761
804
762
766
738
715
719
695
679
671
655
667
685
677
670
634
515
687
579
579
603
638
724
808
868
837
793
835
828
813
755
728
721
688
668
673
687
697
687
659
658
673
685
680
692
691
690
691
690
682
656
630
1260
613
623
634
641
619
631
666
792
877
822
769
804
809
790
759
697
673
668
679
683
678
649
661
710
807
804
783
727
737
759
775
753
715
685
677
678
711
725
724
684
685
714
746
759
741
711
688
685
667
637
638
644
670
662
671
689
720
710
680
576
745
637
645
643
635
630
636
643
640
659
683
749
794
782
722
742
743
730
697
715
696
677
657
661
491
833
630
625
602
608
644
733
811
814
766
810
829
836
804
820
786
752
689
669
651
631
651
655
675
698
679
698
726
740
739
706
665
643
646
666
735
750
726
699
728
717
722
688
665
1352
648
675
659
660
688
763
814
757
746
826
844
793
756
712
689
682
701
713
700
678
661
676
709
763
760
734
721
729
736
737
703
688
717
739
772
729
693
712
735
773
778
752
712
706
708
735
644
789
653
625
604
591
592
604
647
663
681
653
640
636
638
647
669
665
646
638
620
608
628
651
647
629
604
591
587
611
650
715
708
665
654
645
627
597
577
564
569
570
571
588
597
604
1222
592
590
591
589
590
596
592
598
582
1131
550
550
551
553
561
613
484
1003
672
760
718
714
700
727
709
706
742
1449
656
646
631
482
785
603
608
597
597
623
510
954
661
871
890
926
959
825
854
863
760
765
741
724
700
681
658
651
636
632
639
639
646
633
612
622
632
647
650
640
631
610
604
603
631
654
682
1351
651
721
714
688
1386
628
616
626
659
726
783
763
738
719
756
721
716
720
753
723
683
664
646
636
626
601
591
587
599
604
592
601
620
630
644
1305
627
614
602
601
603
594
580
580
607
679
809
816
760
740
755
755
733
706
691
675
671
663
663
652
637
618
630
677
731
740
697
672
656
649
627
637
670
676
676
639
633
646
683
716
727
705
484
923
676
708
711
736
710
722
682
711
755
771
517
905
662
679
690
674
658
670
726
803
758
756
766
797
802
729
713
700
707
693
705
671
651
653
673
700
692
678
654
661
671
695
714
705
685
688
675
665
640
651
673
705
729
723
1369
647
638
623
616
623
677
751
823
811
745
727
730
734
695
691
714
684
664
670
621
763
669
681
676
1424
659
717
495
940
638
666
715
803
776
862
869
905
843
890
875
782
760
716
751
732
713
695
683
661
625
600
603
609
631
651
670
676
631
600
603
611
619
624
627
623
611
602
592
586
581
573
572
573
563
550
554
570
605
660
677
665
692
719
730
747
723
727
725
738
741
712
729
703
731
738
696
679
686
690
721
749
723
709
692
718
689
666
486
813
624
616
601
601
646
754
473
1174
729
743
688
696
738
784
814
823
765
749
738
755
735
693
684
688
721
720
697
697
680
668
701
713
733
730
730
742
706
660
635
616
606
597
593
588
589
599
617
649
671
686
681
695
714
655
662
656
653
657
642
622
614
608
616
630
646
639
634
613
613
613
607
607
609
626
638
633
648
664
676
679
677
673
653
628
628
618
635
634
715
780
779
770
699
653
624
615
616
633
657
664
682
684
693
736
748
517
1012
687
669
645
634
641
668
708
732
702
690
691
712
716
734
725
708
693
688
680
685
663
651
633
655
653
653
638
624
611
602
619
712
772
760
715
729
738
757
709
674
680
672
679
545
791
618
609
617
652
726
731
729
794
803
758
481
1082
714
743
490
890
649
628
638
670
743
801
765
818
859
928
877
816
869
860
843
786
735
711
692
706
711
678
680
672
684
679
677
679
675
684
681
648
641
643
637
636
637
637
628
632
636
637
639
623
616
619
615
611
587
597
613
609
599
597
601
626
646
646
629
647
647
675
668
639
632
635
639
653
637
623
619
621
630
635
629
612
625
630
645
654
646
629
644
643
649
636
608
600
600
618
648
649
644
620
612
610
626
627
620
608
639
669
672
665
688
682
708
692
657
635
641
638
704
709
516
859
642
682
673
652
671
728
826
858
854
804
823
812
797
730
679
639
630
626
621
632
645
691
688
665
646
674
640
1212
591
589
604
649
657
692
673
651
717
739
741
491
918
669
661
649
650
653
685
746
806
830
780
771
758
762
730
697
700
698
719
718
677
665
667
685
704
708
676
654
653
670
707
716
688
639
609
593
577
581
617
624
638
647
684
698
686
664
630
608
606
606
620
637
636
630
626
645
677
686
692
653
623
615
604
595
577
575
579
572
563
555
555
555
564
587
587
631
671
684
708
697
685
670
649
631
618
596
575
563
567
599
641
688
724
524
884
628
638
623
594
586
610
743
825
838
796
745
775
793
800
753
722
704
688
683
663
663
688
722
750
722
676
632
604
589
585
612
656
725
740
767
796
775
746
678
648
645
630
620
606
588
595
612
622
631
633
652
629
625
613
623
646
653
652
663
686
728
728
698
698
693
723
707
655
616
596
581
573
596
646
659
646
658
691
737
741
721
671
663
653
648
631
611
625
665
713
686
664
671
686
693
695
668
640
627
633
682
719
723
700
694
693
704
695
682
655
626
621
625
645
635
606
633
651
481
837
611
606
600
505
765
594
620
604
650
842
1123
869
824
880
889
852
740
694
711
760
756
729
701
676
646
662
681
695
673
672
677
697
700
718
693
667
669
655
661
656
643
645
642
646
640
607
597
592
594
480
736
588
586
495
684
579
722
745
729
716
785
884
849
789
774
746
725
710
694
691
685
672
655
516
794
625
631
629
646
685
716
727
766
824
783
730
743
766
758
711
662
655
652
671
679
657
645
651
668
682
655
644
623
622
607
589
573
565
561
564
585
593
606
630
655
675
675
672
655
628
595
588
587
587
593
592
600
624
648
694
692
637
605
585
586
486
793
602
621
630
706
777
820
831
781
814
790
788
744
693
684
670
669
660
642
631
640
662
653
620
603
616
634
651
650
635
610
591
579
577
590
610
622
599
613
643
659
642
615
597
583
584
594
610
611
626
618
607
602
605
615
633
640
635
645
646
672
749
783
745
705
697
685
689
703
684
658
639
630
650
677
672
643
685
682
650
630
613
613
631
665
689
682
653
629
632
643
677
724
690
666
643
655
670
687
684
665
645
626
637
648
685
685
669
643
634
642
659
672
673
645
625
614
609
621
620
627
634
643
647
669
689
697
680
642
645
647
649
654
665
650
639
640
655
654
639
613
590
587
579
576
575
593
627
669
691
658
640
635
646
698
748
749
696
686
670
1306
608
606
616
662
710
699
792
788
485
968
679
764
726
698
661
651
684
722
756
739
709
674
680
685
690
687
680
644
614
605
600
606
609
607
584
585
599
608
610
602
607
614
618
622
620
607
604
555
708
639
708
680
659
646
673
713
735
748
713
687
703
540
874
658
646
629
624
638
702
779
744
1426
656
671
655
522
752
606
691
760
771
746
821
868
828
842
767
700
723
711
669
670
673
709
706
688
669
637
612
610
614
631
644
643
625
620
643
679
676
663
633
1234
594
591
614
636
646
640
1316
625
685
663
656
688
783
913
858
787
817
843
846
817
780
712
688
692
698
714
718
696
662
651
671
709
749
689
660
666
687
694
725
697
674
657
662
669
665
657
639
624
647
687
750
761
1411
633
609
590
572
581
604
617
622
644
699
758
776
717
688
638
648
625
604
596
606
634
668
689
701
690
661
660
672
674
534
811
613
624
629
661
734
752
752
729
745
772
794
732
683
667
672
489
825
607
607
625
664
741
760
731
703
733
756
775
758
715
678
686
704
705
711
665
644
631
645
649
635
631
619
605
598
1160
573
572
585
604
618
549
690
604
605
621
641
661
676
691
702
809
788
750
704
692
707
702
716
675
667
674
695
706
701
663
644
637
640
667
699
722
713
673
663
669
686
710
713
720
702
677
1335
635
626
625
633
637
662
693
735
756
720
674
698
685
655
622
620
642
675
689
659
635
634
643
676
705
721
702
703
549
905
672
675
649
623
642
734
843
848
802
779
519
1051
705
683
658
666
683
772
802
771
491
1030
696
711
682
668
694
757
766
765
752
785
807
755
738
746
758
742
703
684
668
645
626
604
593
587
581
543
618
584
614
630
630
633
622
644
670
720
722
705
680
655
649
646
651
660
667
649
1281
617
633
611
622
660
677
686
676
694
729
744
751
717
675
653
663
684
728
749
703
684
688
702
735
753
712
678
666
675
708
745
741
707
664
648
657
667
692
564
856
648
624
616
619
641
678
669
647
675
680
651
636
641
652
661
672
646
631
615
622
641
677
689
677
664
660
658
671
689
696
676
667
692
698
710
671
640
633
630
638
501
773
602
598
602
642
702
750
738
713
746
781
790
778
710
679
672
1338
628
616
605
599
615
676
767
792
766
568
1010
700
560
872
630
620
639
697
753
780
767
744
788
814
803
740
682
672
688
664
638
622
618
623
627
643
640
604
640
643
631
621
644
677
684
511
813
611
594
602
613
648
649
675
716
773
773
727
527
947
677
683
663
638
633
649
691
729
694
688
683
687
701
670
648
648
667
702
694
715
701
677
642
615
597
595
599
596
597
591
585
595
635
689
706
1390
638
654
661
672
700
679
665
683
761
819
838
793
724
692
696
691
697
706
682
667
674
700
722
746
741
704
666
646
647
679
741
748
740
706
718
715
725
722
721
687
653
636
638
650
688
727
699
685
1369
650
658
655
640
637
633
657
731
775
737
695
685
672
678
644
615
599
602
597
590
587
596
600
622
632
615
604
596
591
606
648
660
650
632
612
595
618
656
648
631
607
615
646
658
644
625
612
615
629
655
662
650
630
611
607
616
636
645
636
1238
592
598
607
612
1279
608
731
757
717
715
729
772
796
746
695
714
752
764
721
676
668
659
672
680
681
658
638
619
624
643
650
643
641
611
617
641
632
609
612
626
654
669
672
651
641
666
709
500
930
643
628
626
612
612
610
637
715
799
809
755
586
897
711
728
711
671
652
653
678
767
774
761
711
675
669
1409
659
651
630
620
639
670
690
522
958
674
692
668
701
770
811
827
782
713
709
710
708
701
693
669
656
648
652
669
672
640
634
657
660
629
613
592
574
560
553
562
593
643
688
729
759
811
837
811
791
732
677
635
613
606
610
628
654
647
649
650
648
656
628
647
663
666
668
658
638
639
623
625
621
618
621
655
735
778
754
696
659
666
700
731
722
689
661
673
683
704
700
679
659
652
653
692
723
703
677
643
618
631
651
712
742
735
711
698
702
696
704
695
681
651
649
665
699
737
771
751
705
690
680
678
697
713
688
1386
664
696
691
705
692
702
737
760
802
772
753
741
1482
678
658
642
652
691
718
717
705
711
763
774
771
725
1370
649
643
641
633
644
669
705
702
681
703
718
688
692
692
703
683
653
619
596
584
579
574
594
625
637
651
662
676
674
664
660
670
652
641
611
605
602
603
614
622
617
608
602
604
615
638
619
606
586
590
623
631
665
638
612
591
597
613
639
645
626
607
609
617
624
636
633
606
589
577
573
572
568
564
556
560
588
643
675
669
668
684
693
672
649
1232
602
609
633
646
649
726
786
836
790
743
768
776
768
718
708
699
705
684
650
637
648
705
728
714
1410
671
693
693
683
669
687
756
833
857
811
770
716
698
711
743
726
698
666
645
653
698
772
736
748
751
737
675
651
639
642
671
732
773
778
730
717
729
744
744
751
732
702
668
649
664
722
486
1002
656
622
601
604
628
726
581
1110
727
693
683
720
786
795
770
740
720
741
737
752
747
728
693
668
642
649
656
675
684
663
633
618
632
658
700
695
679
653
663
683
711
709
673
1286
620
620
628
619
617
627
664
763
889
863
807
750
784
814
834
787
709
673
678
701
739
769
735
703
682
681
704
732
706
702
668
645
1291
616
587
590
609
640
671
689
760
875
883
878
827
761
729
712
700
688
665
639
624
637
700
729
715
673
653
642
619
641
671
673
668
676
692
699
695
669
644
638
637
656
672
668
655
659
678
721
710
680
640
608
594
582
574
598
617
606
621
622
629
675
680
688
672
657
635
618
600
591
581
581
579
581
587
611
632
671
676
701
753
764
758
493
884
642
666
698
729
780
740
715
766
854
909
808
726
702
696
722
757
784
738
694
702
738
801
824
1531
688
676
679
702
717
738
718
701
732
769
747
761
726
682
661
661
1363
622
602
584
597
596
609
609
610
632
681
704
724
689
646
608
593
605
609
602
487
660
546
549
550
550
565
575
1139
544
577
604
665
697
691
659
661
691
689
734
713
676
666
660
661
659
656
636
611
598
590
585
588
577
573
568
578
590
609
601
590
592
615
625
635
621
605
594
596
612
622
640
640
626
621
639
667
692
706
693
661
627
612
607
590
590
617
646
665
654
634
622
633
660
678
661
646
606
614
653
708
741
738
690
652
646
643
639
615
591
592
596
589
583
593
610
646
681
667
641
638
652
699
710
696
674
646
637
637
645
668
683
678
644
627
632
644
653
656
625
619
649
655
639
641
661
681
676
664
628
626
632
655
693
710
688
669
686
694
707
721
706
695
730
735
744
705
674
658
647
655
666
707
723
697
681
697
699
726
526
898
630
613
1251
598
653
686
738
880
897
916
849
860
878
858
769
715
714
732
742
707
659
665
657
651
632
626
645
692
711
712
695
683
669
671
701
709
722
718
690
688
675
688
712
738
704
676
654
647
669
664
669
646
642
615
634
675
740
755
711
679
652
646
639
629
648
666
678
680
654
644
631
612
629
654
674
696
672
646
646
647
652
657
676
672
650
641
642
668
693
708
706
674
691
711
723
728
685
651
633
630
628
658
691
688
682
701
756
781
756
725
682
1337
638
646
649
641
630
635
659
695
692
677
707
736
722
681
654
1380
670
684
677
655
651
688
703
765
758
748
749
726
684
688
704
722
729
710
696
681
675
691
691
699
683
677
1337
643
660
514
853
658
688
714
775
859
852
786
733
706
685
675
654
619
606
609
619
631
664
683
702
709
473
880
639
636
633
646
669
708
739
756
781
765
715
690
648
640
670
1461
678
681
654
652
653
673
756
832
872
890
879
823
748
700
659
632
636
651
682
710
695
689
737
773
796
759
738
700
670
678
685
697
695
695
695
715
739
745
720
689
657
649
663
701
688
696
673
656
656
659
688
691
685
656
643
648
680
698
679
661
627
607
591
582
589
604
623
633
620
606
595
599
593
596
657
700
735
745
719
690
654
628
607
614
618
660
727
504
954
652
632
612
618
652
734
791
770
755
714
732
743
771
747
747
746
692
665
644
625
612
594
607
641
650
645
637
672
702
688
659
624
598
578
568
577
617
627
644
663
674
692
680
674
650
640
630
634
636
636
628
620
616
614
611
606
609
621
636
641
651
673
672
675
670
654
1295
624
648
661
647
666
729
817
842
835
795
821
835
843
765
756
736
750
729
690
668
666
662
688
1408
667
700
702
661
630
640
632
621
608
641
662
681
693
702
707
673
652
627
612
609
614
630
638
643
637
628
641
640
651
646
664
689
709
725
729
1389
634
607
592
599
627
675
770
818
800
753
755
821
845
834
515
1052
656
622
595
580
596
684
813
851
864
840
804
799
733
681
744
750
702
682
687
711
708
699
678
658
675
681
696
675
641
611
599
600
644
701
732
743
717
694
657
513
796
618
607
592
590
600
646
780
819
481
1085
671
651
636
482
769
601
617
624
652
733
872
839
792
830
854
851
836
795
766
779
762
735
494
979
663
654
648
623
603
652
705
487
942
651
687
700
735
747
744
708
729
697
677
671
661
673
657
658
528
801
631
626
603
589
577
591
621
645
649
692
756
815
802
769
721
691
707
736
741
737
693
663
660
672
721
774
764
723
694
501
892
651
655
650
664
680
754
866
850
811
784
782
779
799
756
711
664
652
658
686
731
756
760
739
700
696
688
679
660
545
731
595
573
582
671
846
847
512
1021
649
639
611
670
725
756
719
707
708
723
717
696
666
655
675
710
752
720
691
659
656
669
716
728
724
699
705
733
746
725
688
661
670
670
668
660
639
622
630
644
655
658
652
653
672
704
739
729
709
706
687
682
668
648
633
627
620
624
646
665
699
711
683
659
634
616
601
497
696
575
600
638
652
650
683
724
759
785
734
731
743
728
700
660
616
591
584
605
664
720
730
732
507
1057
696
712
666
640
651
687
733
730
722
675
660
639
634
607
629
654
668
664
662
633
617
610
607
625
632
630
614
602
597
609
639
662
654
641
621
629
645
658
663
638
621
624
631
660
673
674
657
653
670
697
711
707
680
644
627
622
624
540
766
616
646
662
634
651
663
490
907
655
648
647
622
597
581
577
565
558
563
573
584
605
616
635
680
737
700
661
652
651
661
709
688
687
694
688
715
697
666
655
659
682
691
677
643
668
684
651
618
591
572
565
580
620
646
637
704
763
769
801
808
771
717
685
651
634
498
801
622
643
637
652
680
795
847
829
785
725
704
723
673
664
651
649
1375
635
628
611
600
617
656
686
730
740
703
651
627
627
625
628
622
620
614
624
624
632
621
622
654
674
662
637
634
620
614
615
615
600
599
604
612
620
623
626
631
626
606
593
570
566
589
647
668
646
652
508
766
602
604
1231
596
618
612
604
583
587
591
597
478
666
552
546
536
542
540
552
558
585
571
569
574
625
674
678
680
655
673
678
672
644
529
735
598
596
599
617
636
658
681
685
703
677
678
477
764
581
569
558
554
551
595
688
739
770
744
733
720
737
773
802
791
771
492
971
650
631
612
600
608
627
678
759
788
785
745
766
754
761
762
733
703
674
666
666
660
645
636
608
607
1257
604
662
686
685
648
638
647
669
677
663
614
622
613
599
601
607
616
633
673
646
656
671
683
648
618
591
573
570
585
646
699
771
736
1497
656
646
627
616
631
688
752
796
774
741
722
750
773
760
731
694
680
679
1402
646
640
625
1282
620
699
705
717
482
979
642
627
600
603
668
775
821
759
524
948
650
679
672
661
626
634
662
727
731
738
694
688
710
703
685
672
678
652
628
587
564
552
538
533
549
561
546
567
591
604
586
572
583
580
576
554
545
537
533
533
1064
534
532
529
526
525
525
513
520
512
509
505
504
503
503
510
518
539
576
613
647
655
660
675
676
672
657
639
610
588
580
563
548
535
532
529
544
549
549
565
557
580
601
604
607
599
589
577
574
583
580
559
558
549
558
554
563
572
565
568
551
555
561
570
581
606
624
588
576
565
553
548
547
545
552
553
556
560
541
537
531
532
535
551
563
569
587
605
615
606
598
591
583
573
567
564
556
559
540
547
577
598
592
595
614
639
1300
603
616
627
1271
592
613
676
1521
655
821
676
644
639
520
967
646
767
734
746
732
729
684
650
649
1344
625
624
607
1234
599
652
681
1437
652
680
663
677
691
653
633
617
647
686
696
714
693
688
685
673
672
660
654
640
642
634
625
600
580
569
564
563
566
559
556
565
544
559
556
582
620
623
651
654
644
639
621
1197
580
554
551
578
610
670
710
744
761
755
743
743
715
705
671
619
595
573
567
574
591
608
606
624
625
641
646
643
645
647
637
619
605
583
565
554
554
1159
564
588
532
640
571
602
636
669
720
693
695
679
696
697
636
623
588
582
573
569
574
571
578
572
586
571
591
604
635
648
627
634
621
602
585
571
568
555
563
588
607
646
667
653
655
642
637
621
597
586
578
568
566
553
541
540
549
573
591
619
630
649
671
685
673
660
620
588
589
584
584
571
575
580
530
581
541
534
532
536
533
544
560
585
600
604
599
578
582
562
551
543
533
542
543
554
559
560
565
564
559
556
555
546
548
528
544
536
580
605
628
634
622
605
591
592
605
625
627
626
642
636
626
606
585
560
559
545
556
575
1217
572
577
561
568
604
614
604
599
626
1286
599
604
600
1239
582
587
603
594
641
1388
635
690
718
718
732
1450
645
675
634
626
645
688
715
1412
622
596
571
568
592
682
750
791
796
792
751
748
676
633
619
601
621
628
650
650
667
667
656
642
625
606
607
601
569
556
546
552
565
586
611
640
652
645
636
595
604
594
585
577
569
558
543
542
554
569
572
1180
569
583
580
556
563
579
602
607
604
615
1234
572
581
580
582
583
610
610
594
589
1287
590
618
620
601
584
581
620
668
713
757
756
730
708
699
677
666
665
634
606
572
575
579
598
595
603
595
612
615
599
576
556
548
556
564
582
592
594
593
588
580
558
551
536
528
533
1104
536
563
558
584
604
627
641
637
655
656
645
649
650
636
616
600
590
566
546
532
528
532
545
557
560
580
599
611
621
638
645
644
648
643
628
597
588
565
560
551
542
543
534
547
550
548
557
576
607
625
630
634
628
637
631
615
606
591
584
565
584
600
631
616
591
572
596
622
642
661
655
631
630
611
610
605
602
604
605
603
604
624
630
631
636
627
622
614
593
466
657
540
544
565
604
654
676
644
633
595
859
644
711
715
716
714
721
735
735
717
646
1172
555
563
570
581
603
617
630
646
652
642
1243
580
581
581
594
595
617
619
599
592
568
575
563
593
611
649
647
654
629
622
607
619
625
631
644
615
604
586
594
597
607
617
630
643
652
650
635
600
570
570
579
605
615
629
641
649
648
649
646
636
625
618
606
597
585
567
553
553
590
620
662
684
678
660
645
621
594
583
567
566
589
603
622
650
654
664
664
657
642
625
609
578
563
546
538
545
561
587
613
649
665
625
607
596
608
612
621
589
625
628
627
624
612
597
576
554
553
474
606
523
533
546
585
603
627
663
685
709
717
707
634
581
468
645
539
552
573
605
621
621
644
627
671
660
715
710
705
654
653
604
599
581
575
572
573
579
593
603
604
571
546
537
540
539
545
546
557
561
562
550
537
546
552
551
558
553
552
546
543
529
519
511
528
543
565
575
581
592
562
547
539
543
556
565
585
599
591
574
577
568
572
549
545
527
524
526
533
541
538
562
565
583
595
605
597
592
581
578
574
580
575
571
570
557
554
548
548
534
524
535
554
576
605
587
582
565
571
566
569
566
566
1139
558
567
561
562
569
578
587
592
602
609
598
596
591
591
589
581
563
540
530
527
534
551
554
562
577
624
631
621
605
592
608
621
587
578
571
575
563
567
558
564
586
603
597
619
636
648
646
640
610
601
592
594
600
602
581
568
574
589
610
627
640
636
638
630
613
609
593
559
547
540
547
559
577
605
637
639
646
645
633
607
596
1164
565
577
1180
563
579
595
629
628
619
609
616
642
656
683
674
663
657
673
664
668
655
647
641
639
624
596
580
566
545
544
550
564
584
610
633
611
618
619
631
634
611
602
590
585
575
561
1130
551
578
593
615
662
701
698
667
655
683
690
660
636
640
618
594
590
603
618
629
638
634
619
611
616
623
615
588
566
559
563
579
608
624
665
677
712
717
708
1364
601
1183
573
597
611
642
646
692
737
714
681
1361
623
659
676
705
727
717
720
700
765
765
782
781
744
762
743
722
709
489
939
639
632
640
639
647
650
673
705
709
697
708
701
683
677
657
631
608
581
583
586
586
597
595
613
605
606
601
612
616
627
620
622
616
580
562
551
554
587
621
665
689
688
686
671
619
586
568
1185
576
608
608
615
615
596
587
588
615
656
665
681
659
660
668
660
646
637
633
621
598
576
572
570
575
558
561
559
567
569
582
603
580
578
556
563
580
591
604
616
616
607
579
574
556
538
536
525
517
523
521
545
591
626
681
751
763
746
676
622
611
611
601
603
604
607
603
603
582
560
567
587
589
603
609
610
607
602
591
565
1092
532
552
573
601
637
686
714
743
713
680
1400
620
669
646
638
648
680
726
765
750
739
691
658
626
612
606
589
606
625
642
649
631
635
615
604
592
588
588
591
588
596
606
608
619
633
630
624
598
585
568
573
578
585
585
592
591
589
592
590
594
592
575
565
554
553
1187
568
606
627
632
669
714
746
745
746
741
729
710
686
643
602
594
603
627
644
646
635
629
599
615
614
633
643
654
633
637
621
636
619
604
573
584
605
641
649
659
648
644
640
648
651
647
640
617
614
614
604
610
603
596
583
584
586
585
579
583
585
573
555
562
572
578
587
569
556
554
561
571
589
611
625
623
621
592
572
563
572
594
580
569
553
559
567
589
614
646
646
641
636
618
601
610
604
615
603
605
583
575
581
609
652
680
665
642
632
630
656
669
658
637
616
607
611
629
649
652
626
608
584
574
574
585
594
610
616
614
610
620
619
613
615
629
650
675
668
667
641
620
602
600
627
652
673
646
638
624
647
673
641
623
609
583
569
558
551
543
550
563
590
625
651
662
691
699
690
662
657
645
629
612
597
594
586
578
580
568
567
591
604
627
644
625
612
593
600
1237
600
661
693
714
714
720
716
706
698
708
694
684
666
650
640
633
604
603
621
643
1298
616
625
639
663
712
716
714
692
694
701
717
753
769
714
687
664
636
643
642
668
683
688
495
901
641
639
619
597
579
569
571
585
597
618
607
606
613
468
725
579
566
568
564
556
583
614
630
626
680
708
494
910
653
698
668
659
619
598
603
484
862
624
659
652
633
634
681
740
750
710
718
731
701
703
654
650
626
639
641
646
640
632
625
607
590
581
587
607
617
639
642
637
629
626
637
648
638
633
617
641
634
625
621
609
600
587
579
590
616
652
680
655
663
667
669
647
1275
604
604
595
598
604
624
653
685
714
706
672
647
635
647
665
666
673