612
598
588
589
578
578
562
557
550
542
536
536
544
555
585
618
625
608
593
596
606
612
604
581
568
559
551
546
549
555
555
544
536
529
521
521
531
544
560
568
574
585
586
580
566
562
556
548
540
534
525
523
524
526
531
536
535
540
550
550
547
545
553
563
572
581
593
590
581
574
564
553
550
545
542
547
555
557
454
673
556
569
574
582
596
613
630
636
635
616
599
594
594
599
585
570
473
663
561
560
560
552
563
589
628
626
604
602
599
626
623
609
611
606
613
601
588
575
569
567
569
576
573
573
570
562
563
564
572
578
578
562
563
554
548
546
548
548
553
558
572
602
599
588
576
568
577
604
640
683
646
605
592
576
560
549
543
543
545
541
537
538
538
546
568
580
576
570
567
571
582
598
601
582
575
574
573
578
590
583
570
572
569
577
584
576
567
563
562
565
582
600
606
594
589
587
586
587
587
571
567
465
665
554
563
563
557
559
575
622
676
676
651
467
811
608
609
595
585
585
586
596
604
605
600
604
605
604
607
600
604
608
618
613
615
610
606
586
579
577
580
597
605
595
602
600
608
595
586
585
583
594
604
599
594
594
596
596
582
578
469
693
574
583
576
575
504
692
589
632
629
644
631
642
628
634
628
622
604
603
607
606
616
607
596
584
595
586
579
465
656
552
546
533
538
524
520
521
530
523
536
556
576
579
602
604
615
489
716
584
577
575
573
574
581
589
586
584
586
582
592
589
594
589
586
570
571
570
569
570
571
592
618
619
610
622
618
626
617
599
591
590
593
598
580
577
576
578
582
573
565
563
563
563
576
592
590
590
579
575
559
560
552
558
557
563
555
560
553
560
552
556
557
552
544
543
543
539
538
530
541
537
539
552
465
663
563
565
571
564
556
568
572
584
590
591
611
620
604
607
604
608
603
597
591
587
582
574
571
565
565
571
574
575
581
590
593
593
585
585
576
578
575
571
570
580
585
594
603
600
604
614
611
622
620
624
602
595
593
597
597
604
469
723
582
577
574
558
558
557
576
629
678
651
628
625
636
653
657
643
632
623
623
609
599
594
598
599
592
592
597
613
614
603
599
592
591
596
606
609
595
590
590
600
616
635
622
480
735
597
591
492
676
560
554
561
570
579
598
603
604
615
653
673
645
609
496
659
565
559
591
624
639
634
606
599
615
627
634
631
627
621
600
584
573
563
556
551
541
540
537
540
547
562
586
611
636
641
637
629
479
779
601
587
488
670
571
586
595
618
629
611
617
649
657
659
652
638
627
619
620
614
610
603
604
595
596
592
588
581
586
585
588
581
589
593
608
614
622
608
595
591
579
587
598
602
596
602
601
616
618
604
604
599
595
582
588
584
600
468
788
593
589
577
573
563
578
574
593
582
580
572
573
566
560
544
540
534
526
518
514
523
538
543
540
537
545
549
498
603
537
533
527
525
522
524
527
528
524
527
526
535
543
544
536
528
524
525
531
539
537
526
521
519
513
515
515
516
520
517
516
514
515
518
531
551
549
543
548
560
582
582
586
579
575
566
556
553
550
544
545
543
538
538
539
547
558
579
593
604
598
583
570
563
563
569
589
613
605
604
606
601
598
588
567
556
546
536
539
563
603
619
603
585
599
591
574
572
573
575
586
583
569
564
563
564
583
585
596
612
627
641
637
617
622
620
620
612
596
596
570
569
560
563
587
604
607
609
599
581
570
568
566
572
586
604
624
619
627
632
658
659
640
626
614
605
586
569
559
552
554
579
604
626
629
645
634
611
601
592
576
573
569
564
562
556
553
545
544
539
537
539
545
565
595
632
664
665
658
650
639
615
595
587
583
586
599
586
574
575
585
569
584
630
620
623
606
602
590
579
569
559
541
535
528
521
519
536
578
640
666
647
652
626
620
486
752
589
588
576
564
563
555
555
554
552
548
557
573
625
672
658
647
636
641
630
614
599
586
569
561
548
540
532
527
530
558
636
684
655
552
654
573
587
605
627
629
631
626
608
612
610
611
615
601
584
552
604
572
600
585
577
473
673
566
587
577
582
587
613
664
653
646
649
671
670
646
611
601
596
598
604
612
602
595
590
575
561
551
545
540
543
564
584
595
580
564
558
553
558
568
560
556
563
571
564
557
552
548
544
555
570
581
564
559
556
553
553
558
551
547
547
549
582
612
601
598
592
597
585
572
569
570
558
551
549
546
545
539
541
546
556
571
593
607
596
593
589
586
575
575
566
570
568
558
559
561
560
565
579
607
629
621
586
592
590
591
582
570
573
577
581
578
598
591
603
594
582
565
553
543
553
464
674
570
591
585
581
572
563
557
551
546
553
565
583
607
629
627
633
619
613
605
594
584
577
580
574
563
558
543
542
537
550
578
597
614
611
466
742
586
609
609
608
470
703
566
574
571
580
590
628
734
744
789
769
756
699
663
641
629
621
610
613
610
616
601
585
584
580
578
571
567
569
570
575
572
559
554
556
578
610
626
604
592
583
578
563
551
541
533
527
522
518
516
516
513
506
502
500
498
493
497
495
502
506
513
529
535
528
544
544
550
552
545
533
530
532
527
528
525
526
528
533
537
537
533
542
546
553
548
538
539
550
552
543
538
532
535
533
527
518
518
512
512
511
510
507
509
514
509
516
510
514
519
522
521
519
517
514
510
506
503
499
498
492
491
487
496
515
518
518
518
530
557
601
637
715
699
693
681
653
629
612
603
586
573
568
570
575
583
592
587
576
585
595
599
594
577
576
580
584
596
604
597
603
600
614
606
615
612
607
607
595
581
552
539
531
523
526
524
524
530
538
550
538
528
525
529
532
541
565
565
574
577
579
574
555
549
529
517
512
506
505
513
521
529
537
550
558
561
559
538
536
522
512
508
508
507
518
532
539
553
554
559
578
590
591
600
586
594
580
569
562
556
556
555
564
570
573
574
577
584
596
606
513
749
586
593
581
569
568
576
587
604
602
584
580
568
566
567
569
576
577
571
477
688
566
595
608
599
618
656
728
777
743
722
705
689
678
659
526
724
604
604
596
589
591
586
578
584
603
643
657
639
629
647
621
624
621
617
607
604
584
572
568
572
585
605
595
470
750
591
598
597
597
604
619
643
666
649
667
662
617
613
609
622
469
776
602
593
598
604
632
685
714
703
718
713
715
666
657
643
626
460
746
576
564
581
637
647
688
720
686
711
749
802
724
762
712
703
698
652
625
618
608
611
615
602
591
591
598
603
618
626
614
603
605
609
471
756
576
568
569
567
584
628
649
654
671
680
716
689
647
643
640
637
625
612
521
660
574
596
616
618
649
682
728
686
687
720
720
678
624
616
594
573
568
567
577
572
571
577
577
593
608
628
625
615
590
576
567
569
560
553
556
558
568
580
574
568
570
573
578
584
584
579
579
573
565
553
550
549
562
583
616
644
654
643
635
625
605
586
580
572
580
607
624
624
542
767
625
666
627
610
615
616
615
465
764
578
562
554
561
608
710
465
917
648
694
686
698
664
686
680
684
651
631
627
625
636
636
623
629
637
646
651
629
623
624
642
656
657
630
629
630
646
655
645
632
636
648
662
662
638
633
634
655
666
646
620
621
487
729
586
576
574
582
599
674
769
773
705
682
500
771
596
575
575
568
564
576
577
592
623
651
623
605
599
607
631
655
642
620
621
627
635
646
646
629
510
714
579
580
584
570
571
614
631
641
652
664
700
707
653
664
670
674
666
623
608
603
477
736
592
592
585
587
599
543
843
648
684
672
696
724
718
669
638
627
617
618
620
612
596
584
581
585
606
635
616
599
593
544
640
459
694
558
542
472
605
530
537
552
595
645
673
497
800
605
635
620
578
583
597
580
563
558
553
569
581
591
601
610
662
701
672
662
649
644
649
611
577
561
546
536
490
577
471
577
520
525
527
533
536
558
609
687
706
685
693
673
666
624
625
615
618
606
607
602
564
552
541
535
521
515
504
495
497
495
495
487
496
501
517
522
535
543
551
552
555
559
562
560
554
551
548
532
533
534
556
572
554
594
625
608
615
639
657
660
600
483
706
568
589
588
577
554
550
558
600
665
694
664
627
634
612
602
572
561
554
552
574
600
583
577
575
597
604
577
561
560
563
568
556
545
535
528
530
535
541
554
575
599
627
513
719
571
585
582
578
486
645
555
568
581
582
479
677
560
573
574
573
468
737
572
608
625
701
713
766
718
726
712
705
699
649
610
602
516
679
570
566
567
568
577
588
584
569
572
587
602
597
601
581
573
571
576
578
582
560
555
553
550
550
537
538
558
572
585
574
571
452
653
543
550
564
592
609
599
596
632
665
735
722
672
671
650
645
634
603
593
598
598
601
594
576
561
551
552
562
587
583
583
607
656
685
500
771
582
584
582
569
556
561
579
628
671
673
682
674
636
598
483
685
566
562
551
551
557
568
588
581
567
577
603
637
646
626
625
619
614
596
574
551
546
540
550
564
568
570
556
557
571
599
643
616
590
570
560
557
558
540
536
536
534
530
518
521
525
529
525
530
535
541
546
528
519
516
509
513
521
526
519
514
507
500
499
516
536
544
533
530
533
539
529
517
492
506
487
485
487
491
492
509
524
556
562
610
604
621
594
582
543
533
521
522
519
507
501
491
484
480
476
472
472
475
474
478
479
479
478
478
477
472
475
466
463
466
470
473
472
477
481
493
503
511
514
515
515
513
511
509
496
498
494
504
507
511
521
526
542
538
526
534
551
544
538
540
525
524
512
509
509
512
510
515
522
532
555
580
592
574
564
561
580
603
625
631
604
576
475
658
548
559
551
556
561
596
676
645
620
628
641
661
615
595
565
560
543
545
543
543
553
561
560
567
558
554
552
556
556
544
547
539
546
560
579
588
570
576
587
588
602
612
613
605
607
606
599
580
577
576
590
612
629
652
635
645
656
670
677
634
616
605
607
606
599
598
616
617
625
627
631
606
608
612
630
658
666
477
833
603
610
454
753
557
550
543
552
593
465
924
647
730
701
688
693
659
643
638
641
649
642
631
625
618
615
629
646
658
673
653
635
630
623
621
628
625
619
600
620
626
658
675
683
644
640
630
619
586
579
577
583
584
571
564
567
578
608
643
626
476
741
574
582
570
559
564
576
619
649
661
673
664
609
583
570
565
585
590
603
591
571
558
559
574
588
456
719
565
578
582
593
590
604
600
632
638
599
492
669
544
546
556
578
605
606
623
620
629
622
624
621
615
604
606
595
583
572
550
543
546
539
540
536
541
560
581
602
620
634
625
606
602
601
605
615
602
580
571
581
632
679
450
824
579
570
574
597
626
617
608
637
454
946
606
604
585
591
610
462
835
580
604
464
755
574
595
517
771
607
705
656
684
691
719
727
653
637
627
632
620
616
591
570
568
565
560
563
572
560
509
591
539
537
527
531
539
536
535
530
519
515
514
518
517
530
545
554
538
538
534
533
546
563
561
547
540
532
544
556
561
547
544
543
545
546
551
537
536
532
528
530
529
521
516
516
517
529
555
573
572
561
563
581
606
627
633
623
591
573
559
551
543
533
526
527
538
567
588
581
583
586
604
608
613
583
565
562
560
558
556
544
534
531
524
525
533
523
523
525
529
548
560
542
530
534
545
560
571
555
543
540
540
546
551
541
544
547
544
547
545
531
459
577
511
509
515
556
587
597
607
645
712
737
704
688
634
611
586
565
545
538
543
564
582
600
612
587
564
546
532
521
512
506
497
493
490
496
516
548
576
486
729
559
565
559
559
555
557
552
538
529
506
502
488
481
484
495
506
536
569
585
575
563
545
555
542
547
534
534
523
521
503
468
538
499
495
499
504
513
515
519
517
518
517
519
521
526
528
532
534
528
532
529
528
528
531
539
555
574
601
587
586
589
591
579
563
555
556
562
565
551
552
547
545
531
519
508
506
512
525
540
550
529
522
455
599
515
517
447
577
509
517
509
514
463
560
505
514
511
514
512
511
483
520
494
500
516
525
526
527
524
525
522
550
564
568
576
591
591
597
589
574
569
491
621
526
517
514
514
510
518
516
521
522
527
525
535
540
531
521
514
510
516
524
527
535
530
521
512
511
517
525
527
524
517
518
521
526
527
521
517
513
507
502
502
506
512
520
528
531
530
504
500
490
488
487
486
479
485
487
485
489
491
505
522
514
513
521
541
548
557
537
548
547
551
555
546
535
526
529
528
520
513
507
506
509
514
515
498
492
485
484
483
481
479
473
475
476
472
468
471
476
476
467
467
462
461
459
460
459
458
459
460
456
450
445
446
444
441
438
438
438
438
437
437
435
434
431
430
425
431
434
442
439
437
441
462
496
548
609
630
607
607
603
583
538
527
511
524
531
541
552
571
543
540
520
522
508
510
527
556
569
572
567
546
527
520
518
528
533
525
505
502
489
482
479
480
482
489
499
503
502
511
509
508
503
507
509
510
513
516
511
503
499
498
495
492
487
485
486
483
475
473
466
467
476
495
504
530
546
544
442
634
502
501
505
504
489
489
484
490
483
491
488
492
498
503
506
512
511
509
505
502
497
493
488
488
486
482
488
474
473
475
476
479
479
472
473
483
504
540
562
566
570
436
718
521
519
507
503
442
565
503
554
636
704
725
833
780
724
638
594
556
536
517
506
505
503
510
534
544
563
571
569
562
558
550
540
536
532
531
528
519
513
518
524
531
532
531
525
521
522
525
540
545
567
606
628
621
640
438
801
557
544
530
526
521
522
544
589
738
686
646
660
708
718
703
665
626
610
578
564
454
642
535
542
542
554
556
562
557
561
553
556
553
551
543
538
531
518
468
533
494
511
549
608
642
669
664
639
631
639
648
658
647
629
608
586
577
562
575
562
548
540
531
535
544
566
576
590
588
598
585
573
565
561
568
577
597
596
601
582
587
581
594
596
613
617
598
611
606
632
677
621
609
582
585
584
578
580
570
579
569
561
550
543
545
540
543
562
576
569
562
546
537
543
554
578
570
548
558
556
557
557
553
550
555
549
543
538
539
536
543
542
534
531
554
477
823
582
576
553
549
553
563
560
564
545
540
540
538
526
531
540
541
535
530
535
548
539
524
511
508
501
499
497
495
487
481
474
472
471
474
484
502
515
511
518
510
509
513
519
521
518
511
498
495
497
507
509
507
500
495
487
488
492
499
515
515
505
499
502
507
526
560
567
553
542
548
554
558
539
526
519
520
521
521
518
511
519
525
530
541
543
553
545
531
527
531
537
547
554
546
552
552
556
542
526
524
532
542
545
547
544
550
559
578
587
565
547
533
525
529
534
541
552
568
593
615
615
578
568
567
563
547
530
520
518
505
508
515
523
531
529
530
529
532
528
521
469
531
493
489
497
509
514
530
553
578
593
611
578
557
543
537
546
553
561
552
549
542
543
550
563
608
662
706
707
670
611
591
575
552
550
563
578
588
577
561
547
554
568
591
610
586
568
555
561
579
602
606
586
576
577
596
604
590
564
547
537
469
592
524
520
517
513
514
532
566
575
572
573
587
623
617
590
570
564
564
559
548
538
541
546
537
526
519
511
509
507
508
513
515
525
524
526
520
520
512
504
499
505
524
533
563
602
593
612
636
624
619
590
594
582
552
551
556
564
550
538
523
517
518
521
536
543
540
537
531
534
525
532
553
570
578
582
576
560
561
555
555
557
560
548
546
561
588
619
612
597
575
576
605
635
647
619
594
587
580
582
569
553
545
544
548
580
585
584
558
557
569
588
617
593
587
579
601
607
607
607
570
563
544
531
522
525
529
540
540
563
592
622
592
593
581
586
594
584
583
569
555
547
542
536
531
528
510
509
492
495
520
592
668
699
693
682
659
636
605
588
565
555
546
562
578
591
599
587
575
561
563
569
577
593
597
592
583
571
556
541
538
537
535
544
534
532
538
567
620
627
631
680
695
658
481
701
554
546
546
558
579
642
641
678
728
720
646
602
584
595
600
605
606
605
589
566
563
559
560
563
568
553
542
534
532
528
520
511
515
532
560
576
579
560
543
533
548
542
510
546
515
504
501
500
497
490
490
493
489
487
485
483
479
460
500
478
481
485
485
484
476
473
472
473
470
468
473
484
509
537
544
551
558
571
586
598
595
595
597
598
597
583
572
557
552
563
578
576
590
584
566
568
575
599
592
584
563
559
563
566
570
567
550
541
540
547
551
554
544
536
523
520
520
530
530
521
510
504
501
495
496
508
515
529
529
542
445
648
527
520
516
507
499
501
501
516
528
544
553
560
561
563
560
547
540
537
539
549
559
556
543
546
548
563
563
551
542
528
527
532
554
564
571
570
546
527
517
514
517
522
524
526
532
545
565
600
599
472
692
551
536
468
578
512
525
554
586
599
625
629
646
669
669
643
631
627
593
580
566
560
559
559
552
553
551
553
555
553
553
555
552
553
555
581
571
621
605
614
610
611
620
602
452
725
560
550
545
543
560
585
670
673
692
734
780
765
704
704
692
673
672
638
601
593
586
576
572
568
564
565
560
563
579
595
592
585
569
570
578
601
599
604
579
567
564
566
571
587
581
566
545
539
543
563
584
593
605
603
480
693
552
537
529
529
534
545
491
645
548
561
563
579
588
598
608
640
688
724
697
646
617
613
604
612
592
574
566
577
578
592
587
576
577
589
605
628
604
589
583
584
587
580
563
561
562
565
554
543
537
538
544
549
557
563
559
561
563
587
591
597
584
561
538
529
534
538
544
548
543
525
528
516
515
515
509
512
521
520
527
537
545
450
662
536
532
533
524
529
502
557
528
548
543
558
561
580
605
614
611
590
600
588
599
592
604
609
616
615
598
577
575
561
556
557
565
572
575
570
586
626
680
701
675
643
642
624
631
612
602
591
606
615
646
663
647
611
592
587
601
634
639
609
596
593
600
604
622
595
593
602
608
603
601
608
614
627
502
771
589
572
559
565
583
623
641
616
586
612
661
759
744
697
669
466
852
584
587
590
580
564
562
579
655
675
643
682
680
631
627
622
599
583
571
570
569
570
565
564
558
555
547
544
547
550
553
547
548
561
593
633
649
647
613
592
586
589
609
617
612
608
604
595
575
576
579
599
626
615
603
591
598
619
623
622
598
593
591
600
612
620
596
581
573
572
587
593
596
579
575
570
583
599
615
613
594
600
604
630
651
632
600
466
699
558
550
545
543
546
563
592
609
624
680
718
715
660
642
622
628
621
608
589
585
452
737
573
566
565
572
608
663
682
672
713
772
767
685
664
479
832
613
597
588
587
596
615
623
624
640
612
623
617
624
607
582
572
565
563
559
552
556
565
586
583
568
560
557
563
583
594
601
591
595
574
582
600
621
615
591
572
563
556
559
563
570
567
581
611
645
673
667
634
611
601
462
732
560
540
527
527
543
611
709
746
717
735
732
753
747
678
640
630
633
647
631
629
474
734
577
579
586
604
611
609
602
613
634
654
626
597
591
605
620
637
607
578
582
572
478
642
554
553
553
556
559
549
549
549
566
573
571
563
558
552
556
551
549
549
544
547
541
549
553
561
566
583
471
728
568
563
560
561
563
575
583
584
619
634
659
680
687
454
904
623
618
618
642
674
715
688
460
961
607
603
610
653
675
667
712
740
769
766
703
687
665
652
638
627
633
647
697
650
670
664
675
668
634
605
587
565
570
594
611
622
595
576
572
548
544
547
544
530
543
575
606
623
650
620
627
617
604
578
573
570
603
639
663
640
639
640
666
639
632
638
657
625
597
592
619
646
681
667
653
638
633
629
615
593
600
604
634
640
623
620
618
603
586
468
688
557
561
565
577
613
668
691
723
713
694
664
627
632
637
648
643
624
584
551
535
526
529
554
589
630
650
646
655
634
462
775
570
563
557
556
552
553
562
563
548
538
547
563
577
586
591
577
457
682
542
536
537
554
599
673
705
714
683
684
671
690
762
717
682
556
763
610
622
615
589
573
576
510
754
597
612
472
766
597
633
626
653
696
730
683
703
704
693
696
686
676
657
628
617
594
578
554
550
556
574
604
631
637
631
624
604
598
583
576
551
555
567
599
640
662
671
649
657
665
682
679
666
625
607
592
602
604
610
600
606
579
573
558
561
584
598
602
611
605
601
600
594
590
578
568
555
565
581
593
592
596
587
575
556
558
565
563
562
550
547
554
589
676
712
642
627
653
678
695
639
612
612
613
624
632
619
600
603
604
621
621
617
592
586
592
605
632
637
615
610
618
607
605
595
588
588
602
623
628
609
614
629
660
682
675
640
486
785
602
612
598
584
594
599
615
607
617
652
716
671
684
696
686
634
628
616
604
600
575
575
575
594
630
646
636
637
657
684
679
640
625
620
622
624
618
595
581
586
596
618
613
632
635
628
487
704
565
545
550
558
563
595
486
881
618
639
619
643
691
693
646
642
613
667
712
743
740
712
691
675
647
613
601
595
589
580
591
592
591
579
575
576
573
574
568
563
555
539
539
532
536
559
587
604
613
590
578
581
575
566
560
554
558
561
553
517
581
531
523
521
517
518
526
559
616
687
712
689
671
641
640
470
725
548
526
516
528
609
704
773
856
893
909
868
853
792
711
692
675
658
640
620
595
574
565
563
569
584
598
609
618
625
637
649
636
628
609
593
591
595
596
612
593
574
511
665
571
584
538
587
556
584
589
607
647
687
654
646
641
514
813
586
583
576
573
573
582
601
656
647
662
670
637
646
633
629
601
597
593
597
583
578
588
611
630
636
612
583
578
572
582
584
578
554
541
531
525
528
521
528
541
553
561
550
541
541
548
555
563
572
563
557
558
567
569
583
567
556
556
568
596
594
582
576
483
660
552
541
532
532
543
577
610
633
632
653
648
658
624
597
586
594
601
613
591
573
574
576
587
589
580
573
576
586
599
587
591
588
598
582
570
571
576
586
575
564
554
547
547
542
525
526
531
529
529
451
625
536
562
546
535
466
601
532
577
617
630
614
627
653
680
668
633
471
737
565
554
546
548
564
641
604
639
610
628
645
698
709
655
647
636
626
597
583
570
578
598
617
610
600
589
584
580
558
556
553
577
609
624
608
480
784
600
616
607
597
609
638
688
694
642
613
611
609
593
562
551
550
552
560
560
551
539
537
539
550
583
463
705
544
536
536
562
597
624
616
642
704
811
748
730
666
531
778
612
615
470
739
567
567
584
598
604
623
708
793
796
721
677
466
909
625
611
601
599
614
648
702
671
684
682
743
720
693
640
642
645
638
619
608
595
603
625
655
629
598
580
587
605
618
607
581
584
583
595
581
566
551
543
531
533
550
574
588
582
562
563
561
575
598
609
602
596
595
608
596
575
563
563
567
573
566
552
540
549
554
553
554
559
566
584
598
582
566
574
597
615
632
604
588
590
473
733
560
550
549
560
593
642
642
464
878
606
640
596
585
600
621
665
668
633
637
613
631
630
619
602
600
590
563
547
532
489
553
520
548
563
604
638
661
661
669
666
647
634
607
588
560
538
531
541
567
603
623
614
613
619
633
615
599
600
603
610
585
572
574
591
617
630
616
613
605
620
453
756
576
570
567
572
565
584
617
685
733
695
685
646
636
595
578
560
544
546
557
575
567
558
560
572
603
653
687
674
647
623
635
631
629
631
639
637
629
591
587
594
614
621
603
598
463
708
555
539
533
541
568
616
665
658
677
699
730
722
680
534
806
607
575
552
539
539
553
604
625
653
617
600
623
639
653
657
620
582
567
563
579
612
640
665
657
662
678
668
645
630
607
585
568
577
588
592
587
587
586
593
589
585
580
568
557
545
534
529
518
521
525
545
591
617
625
643
633
603
599
578
575
582
585
584
587
592
598
593
589
608
611
624
620
616
604
601
603
608
488
713
577
636
697
571
842
630
700
712
720
650
643
667
690
696
453
854
602
570
555
541
558
454
772
569
575
592
646
733
775
742
711
825
846
812
734
727
708
706
716
672
628
599
590
594
622
645
638
620
650
647
665
672
659
534
801
618
598
574
568
569
596
634
647
634
613
615
637
671
655
653
645
669
686
696
480
821
608
605
589
578
470
657
549
526
460
569
505
527
561
569
571
564
543
544
544
540
533
525
513
507
501
505
507
501
501
513
506
515
524
524
521
535
532
527
528
526
530
532
537
535
565
581
583
578
606
591
589
562
550
545
562
573
590
617
610
627
608
604
600
587
579
575
570
574
573
573
585
591
593
599
614
645
689
691
707
689
676
680
659
652
644
642
647
666
680
703
725
706
719
467
901
604
574
556
555
574
629
775
772
811
821
842
807
751
735
718
697
701
528
879
641
633
628
635
639
513
888
626
641
646
688
707
766
776
733
543
868
645
660
671
677
689
713
722
808
806
751
695
674
674
682
688
652
630
627
649
676
702
715
692
478
873
637
615
600
582
582
601
667
770
752
751
790
772
751
694
667
652
660
684
672
644
621
614
605
602
607
596
577
583
587
575
575
586
598
597
600
587
575
573
573
597
635
625
624
619
642
690
716
721
507
813
617
612
483
736
579
593
617
720
718
776
786
720
736
758
796
784
793
780
758
722
718
705
700
683
645
637
628
646
711
725
686
713
702
712
497
890
619
616
619
652
666
665
723
833
859
807
492
949
642
623
612
619
622
640
687
773
789
755
721
677
504
863
651
682
661
636
485
839
628
685
682
752
798
514
1086
700
717
723
740
712
735
771
842
793
768
742
749
754
761
740
707
666
674
664
662
676
675
657
676
669
695
670
649
661
688
722
720
711
720
695
681
652
640
636
650
655
688
675
646
624
622
628
643
679
688
670
715
752
777
732
689
682
659
666
640
610
584
573
566
562
556
559
596
672
697
620
570
563
549
544
552
581
605
651
692
700
681
659
642
607
605
593
572
472
635
546
544
547
554
545
537
535
548
576
595
591
603
604
616
626
627
621
615
605
588
584
574
575
580
595
622
636
643
649
636
633
640
636
628
617
634
631
640
651
628
648
652
661
619
629
629
614
624
633
633
622
603
594
594
610
633
633
616
488
744
594
636
644
634
632
634
696
752
801
763
715
738
758
744
703
655
651
651
644
654
662
646
660
671
647
651
649
674
670
655
621
612
614
627
653
651
658
678
683
674
677
655
623
618
616
637
647
629
592
577
570
466
725
510
623
507
594
542
570
613
727
757
786
771
732
727
735
716
736
506
916
641
613
599
587
587
589
591
591
594
587
503
617
545
572
605
635
625
646
663
689
655
643
665
652
636
642
645
647
633
468
764
569
550
546
550
557
547
552
545
564
590
615
625
631
622
613
593
585
575
564
560
558
560
569
558
544
559
580
610
604
604
607
628
626
646
611
590
566
563
562
564
569
569
571
568
558
543
550
554
546
534
534
530
538
541
539
540
542
542
540
550
555
560
569
563
546
537
526
525
536
544
562
561
567
573
563
556
558
562
560
577
563
549
533
542
559
580
592
600
604
579
561
548
548
557
555
559
561
575
581
592
599
598
597
587
572
549
536
524
519
522
537
562
588
584
587
601
619
634
645
653
645
631
588
571
552
546
544
551
553
556
543
542
549
542
568
594
610
629
631
627
617
606
596
584
575
556
542
541
549
574
593
617
633
628
634
595
567
561
566
571
585
607
495
721
566
559
552
559
577
604
641
661
688
695
673
654
619
638
623
624
615
600
588
576
566
553
552
559
566
592
601
581
602
603
618
618
619
615
600
604
604
604
590
569
546
575
550
559
564
461
710
555
594
610
628
616
611
635
675
723
460
969
628
666
673
645
638
645
663
640
627
607
598
602
623
632
640
640
631
619
600
572
555
549
548
554
563
460
697
561
557
463
626
533
553
472
771
586
618
608
593
576
612
656
718
729
701
650
646
614
602
596
632
643
656
639
624
623
614
594
594
604
618
644
641
632
594
513
627
562
580
612
650
672
688
667
667
616
590
577
573
575
585
595
610
491
750
579
592
583
564
567
595
719
919
910
914
823
859
808
709
711
730
734
721
691
644
635
635
643
651
648
644
680
707
744
726
738
712
706
681
656
665
652
638
612
593
579
590
604
640
650
629
629
649
691
724
697
651
467
800
594
598
602
605
614
626
686
746
731
700
672
669
651
623
611
656
655
667
669
634
566
622
570
563
551
551
560
591
610
638
657
690
666
664
665
685
673
667
660
646
624
610
604
598
591
564
558
555
556
563
558
553
551
565
600
657
723
736
719
707
676
675
657
652
653
658
646
629
618
622
614
632
643
673
669
660
641
619
604
609
638
703
737
723
725
691
681
675
678
661
476
918
644
617
598
597
621
655
736
742
717
713
710
717
715
695
665
668
656
651
635
620
475
772
599
611
598
601
595
626
743
837
851
789
725
701
690
680
665
642
491
752
591
566
558
573
604
622
662
706
729
701
706
708
698
638
603
583
575
595
606
641
650
643
639
629
505
692
567
546
535
542
557
586
621
644
645
652
609
589
586
589
593
597
605
599
596
585
577
554
548
549
564
582
612
645
642
645
517
679
558
548
558
593
652
739
777
780
807
822
475
1065
654
629
596
597
633
663
673
674
705
742
750
742
700
674
637
622
611
609
608
618
592
482
681
574
587
463
732
585
610
479
862
627
670
706
720
735
734
736
741
727
706
664
661
663
670
676
666
659
658
664
676
688
671
684
671
677
681
652
634
630
643
681
663
648
651
661
691
670
662
660
677
667
631
619
623
628
639
648
628
635
656
669
659
638
649
663
674
646
637
644
647
648
629
624
619
632
648
647
625
608
608
628
637
617
604
608
604
614
623
612
604
596
603
623
621
604
617
622
620
626
595
580
586
608
643
670
646
620
622
635
654
665
644
624
624
632
630
645
637
615
613
629
634
627
601
621
619
606
595
597
604
626
644
632
610
607
613
640
635
626
636
636
649
638
623
605
580
572
572
592
607
650
658
639
646
634
610
572
475
644
533
529
507
503
512
530
570
589
630
461
880
562
559
549
587
608
646
682
694
672
631
604
595
603
603
573
571
565
558
547
537
527
517
510
501
494
488
482
481
475
479
489
490
496
512
520
536
548
534
532
524
529
545
557
544
532
526
523
521
524
531
535
551
544
541
546
549
561
573
581
577
567
560
547
533
532
531
527
522
518
516
520
524
538
550
553
563
573
589
608
609
614
592
580
566
553
535
529
532
536
543
538
537
545
577
605
607
580
560
544
541
552
563
582
595
617
608
601
590
573
549
545
537
521
516
513
512
522
550
569
557
558
558
579
591
605
639
628
634
617
620
612
604
588
585
584
583
558
552
546
534
542
563
571
590
606
601
603
607
646
675
641
612
599
603
602
611
621
627
647
692
708
718
690
646
609
573
552
553
545
547
536
534
547
563
578
593
595
584
581
581
581
578
581
576
577
590
588
599
609
605
593
585
604
602
611
597
584
571
563
570
591
613
638
678
653
653
652
643
641
642
655
656
653
652
610
602
605
624
620
650
675
712
654
485
839
605
604
594
610
622
642
688
698
720
695
640
627
627
608
630
667
656
606
579
571
577
579
587
586
578
571
573
565
563
501
613
542
538
536
536
527
519
515
509
509
518
603
762
746
765
703
711
707
699
670
646
634
633
614
606
599
585
577
578
572
577
567
574
495
688
571
588
479
686
550
561
493
812
614
701
729
709
620
595
490
827
612
678
680
665
639
602
582
591
595
599
604
627
496
844
612
601
591
584
583
600
600
604
596
605
619
627
474
839
596
587
578
575
575
597
609
622
636
671
645
615
594
594
592
583
566
552
546
553
575
608
624
642
635
616
624
633
613
602
598
612
455
842
608
598
580
574
594
669
756
795
734
718
502
947
646
630
595
531
599
549
574
622
718
775
789
803
796
767
726
697
651
619
591
573
572
592
619
637
642
634
639
620
620
649
670
688
698
703
691
479
849
609
595
590
582
572
586
646
492
849
604
606
609
618
665
680
671
652
671
706
759
751
729
678
629
615
612
625
641
635
607
587
580
590
610
637
660
680
675
658
633
621
613
612
600
586
577
586
601
627
646
669
645
644
647
648
657
653
643
614
599
590
592
615
653
672
657
627
637
650
665
659
658
632
610
589
577
574
597
632
671
694
713
670
646
643
487
735
579
568
570
582
583
587
575
587
630
717
754
770
740
479
862
607
591
595
603
623
659
482
910
630
628
603
604
631
728
798
817
818
780
706
674
650
659
657
647
621
613
613
510
752
600
593
575
570
580
623
720
743
699
714
725
742
746
729
702
655
626
608
604
597
601
621
615
596
579
585
591
621
592
589
593
597
640
626
609
613
615
614
613
608
592
583
579
578
603
644
670
679
686
673
646
617
605
610
622
635
649
681
658
650
618
615
623
640
648
656
642
627
605
596
599
617
652
675
654
626
616
618
638
646
648
645
617
598
588
589
609
637
669
668
645
631
632
639
640
649
658
650
624
601
599
598
607
608
629
624
608
488
729
586
610
486
738
570
581
618
686
722
472
979
611
617
610
656
685
672
688
662
633
600
604
605
597
582
573
575
588
605
632
652
657
657
625
609
601
595
600
621
650
654
646
626
604
604
604
606
620
621
620
603
593
600
618
652
681
668
492
760
585
565
557
549
553
629
652
665
670
680
694
713
701
696
648
614
611
617
621
638
618
613
617
625
641
650
659
640
641
630
616
609
609
620
626
620
626
623
646
670
680
676
642
616
610
607
618
616
619
609
626
640
644
646
631
608
596
595
595
611
616
613
599
575
585
574
575
564
559
557
563
590
615
638
654
645
611
601
593
590
587
588
600
607
604
590
511
643
522
668
595
633
626
622
617
619
632
654
641
623
616
609
614
603
583
586
587
592
606
619
614
607
600
596
596
605
610
605
614
605
598
599
594
597
588
523
646
581
600
604
593
587
604
470
819
602
614
598
568
553
549
561
595
617
634
483
787
587
584
587
592
599
595
589
597
609
646
502
728
583
587
492
691
570
567
563
577
615
675
715
700
736
737
718
707
710
692
673
646
619
597
586
577
578
607
641
669
675
652
653
629
629
609
600
596
599
614
647
640
628
620
625
632
635
637
632
604
583
576
575
581
601
617
621
620
604
600
626
646
658
637
625
607
619
622
629
609
595
590
596
611
635
625
617
618
631
649
659
660
635
607
592
588
592
603
612
606
582
584
580
581
582
586
585
585
577
572
581
604
614
638
636
646
629
611
530
694
598
607
587
585
586
613
650
675
668
681
661
646
626
613
605
606
591
595
600
620
640
619
597
576
566
560
560
586
581
566
551
538
529
521
451
2614