852
932
886
854
917
942
986
934
1011
933
855
749
730
744
731
757
745
686
682
717
818
1004
973
964
866
839
739
712
732
799
751
695
677
712
733
802
770
780
884
829
838
831
977
888
925
941
919
910
945
887
983
936
935
882
986
962
838
790
916
741
707
739
700
683
670
688
710
1003
908
793
846
792
820
833
813
793
827
742
759
806
798
1146
1059
860
906
1060
864
1075
1027
876
933
940
792
877
1188
1110
1046
1108
979
1003
1050
1046
1135
1030
930
1032
978
825
775
729
820
953
845
960
859
996
1119
906
879
965
896
894
1032
954
909
1097
985
874
872
914
916
888
786
1042
1081
904
889
952
850
919
991
959
1015
1089
940
998
1021
974
1022
1055
991
961
1008
937
824
963
1008
878
927
971
924
945
986
950
909
946
990
930
991
989
867
802
813
771
766
819
834
815
933
883
900
931
856
773
775
801
910
909
937
871
848
904
875
913
933
903
799
794
831
858
1000
928
897
909
860
854
991
1053
962
815
760
762
1018
1011
979
881
826
773
778
748
812
867
800
729
704
706
763
830
735
744
813
865
875
794
819
811
804
744
768
815
834
784
792
872
922
913
889
829
789
837
906
819
853
852
811
863
817
800
855
978
955
891
931
915
838
859
925
865
779
817
854
842
831
943
938
875
865
859
832
784
814
849
873
870
929
860
777
782
765
755
760
800
817
813
856
871
909
948
892
792
864
909
888
859
850
895
797
832
834
793
765
802
805
742
747
729
739
771
911
867
792
854
840
793
760
769
790
757
786
801
802
784
814
812
746
758
814
984
821
821
843
884
858
943
952
874
841
853
841
805
821
820
814
779
732
737
730
707
759
725
727
811
898
823
802
821
820
794
854
835
780
813
904
886
874
867
881
824
876
843
790
832
903
813
888
923
824
759
784
816
765
819
830
796
747
844
853
822
769
831
863
818
776
813
827
781
768
843
804
781
794
822
815
771
832
889
853
810
836
808
775
795
878
877
801
864
880
829
772
768
776
760
758
794
810
770
795
805
803
783
827
856
817
784
852
883
802
835
859
872
856
854
821
758
752
771
802
813
808
818
811
784
845
876
821
772
766
723
697
702
743
761
724
730
731
707
684
683
680
707
715
727
722
741
780
846
767
754
767
758
782
882
856
794
796
772
752
708
747
771
768
709
735
766
803
781
854
874
845
795
865
866
833
749
748
791
831
819
801
786
736
734
792
879
787
819
922
889
776
938
872
776
815
878
893
834
887
854
792
804
859
887
773
855
877
882
798
793
821
774
797
852
813
833
861
825
795
876
940
909
831
868
836
786
827
819
805
789
854
882
793
742
832
882
787
798
826
875
829
823
823
842
795
810
793
818
782
841
819
764
726
737
724
714
700
752
771
781
749
800
855
799
902
863
786
749
792
814
789
802
876
824
831
935
923
857
860
874
833
795
867
883
816
887
904
862
829
881
847
804
842
878
829
785
810
781
733
741
791
798
755
816
852
854
779
819
864
857
768
773
790
789
730
736
763
776
740
748
829
962
913
916
985
1051
905
987
1143
1099
1102
1121
1041
1029
1115
1073
987
1016
1042
964
966
982
926
939
979
908
942
948
858
818
995
1004
923
913
897
850
762
877
943
876
915
1045
994
943
964
952
942
1006
1030
942
987
981
906
843
754
710
700
774
712
724
742
759
706
764
896
800
808
880
901
820
805
859
939
875
885
996
981
940
928
912
822
854
889
844
854
899
947
873
940
939
899
890
886
808
783
763
813
856
809
751
707
688
657
643
636
640
652
639
624
627
672
823
721
751
930
893
778
758
767
775
720
726
724
760
771
859
966
890
797
802
821
766
848
920
880
833
982
979
875
895
983
908
906
914
844
767
974
921
821
890
991
922
979
943
822
762
721
711
778
729
791
891
842
792
816
820
774
722
767
835
800
764
847
932
854
877
894
871
819
886
855
841
911
952
898
938
995
942
920
951
967
908
984
1034
976
971
934
858
782
910
910
802
879
995
901
945
994
915
916
949
868
853
905
790
753
873
959
851
986
1001
897
929
1004
917
990
1046
970
915
895
866
793
922
1006
890
896
979
940
799
820
984
931
906
957
966
881
797
982
930
850
937
937
827
782
829
871
745
814
990
780
813
959
779
704
896
1029
896
917
1056
982
954
1047
1055
1099
1064
957
965
1079
836
767
1056
963
863
915
1015
962
979
1020
968
819
865
849
795
832
856
741
705
706
758
999
941
862
781
754
698
667
654
647
644
631
623
630
648
641
636
620
617
618
625
635
625
623
632
647
651
650
646
631
621
621
626
614
612
644
687
670
660
649
627
629
618
624
676
689
683
671
669
666
655
656
665
663
642
642
665
766
753
774
830
729
697
672
680
869
736
1057
891
744
875
1005
899
814
924
902
816
1152
1039
931
1069
1059
1003
1091
1023
1009
1157
1055
988
1066
1028
885
992
1104
896
1078
1079
942
1022
1002
902
844
938
941
889
995
1061
934
1022
1052
944
1135
1092
1068
1123
1005
1039
1040
915
1076
1074
1011
1076
975
979
1030
928
949
983
880
1046
1061
957
990
948
875
931
942
835
1068
1076
1001
995
1016
882
939
888
766
895
835
805
785
887
941
812
968
982
875
961
993
932
879
757
963
1068
859
968
950
886
979
910
851
908
884
898
922
901
928
988
914
828
836
785
757
1079
1010
891
929
927
854
833
939
859
751
742
906
762
797
987
778
766
861
857
896
882
828
803
783
755
734
813
999
940
1003
988
902
893
931
769
732
757
764
771
760
713
680
664
657
660
666
654
636
632
645
661
638
636
639
645
650
648
646
639
622
621
616
653
689
689
646
635
639
646
644
644
639
627
627
673
697
666
1018
980
932
910
836
743
832
1037
916
1044
1021
1028
1067
904
1023
1121
1012
1091
1114
996
983
1147
1027
1053
1044
890
862
1060
944
1046
1094
1032
987
1069
989
1111
1127
960
1043
1043
898
825
870
931
846
1072
905
966
1010
907
964
996
861
865
1018
915
932
1042
942
867
984
905
804
925
919
847
879
928
864
793
938
932
851
1003
1018
925
989
1040
994
1026
1035
929
945
998
898
898
928
900
771
838
953
856
915
1026
991
896
936
979
881
934
1002
997
1010
1039
981
992
1073
1008
905
946
979
884
917
1016
991
890
960
1004
851
869
976
781
786
900
866
816
901
896
798
827
873
810
749
805
827
748
728
999
924
828
814
887
854
789
868
833
777
773
889
848
769
825
878
873
779
919
889
800
816
938
854
772
856
835
786
854
890
777
779
878
831
771
813
836
768
707
702
692
664
691
727
694
755
848
872
787
807
853
837
771
747
797
943
745
1023
1118
1031
1026
982
833
780
787
816
882
1113
963
1009
906
840
892
832
873
909
892
896
960
882
726
551
726
1223
1106
1096
1025
931
866
799
753
727
701
680
672
670
667
653
660
675
693
682
682
698
739
734
708
730
758
808
809
807
755
736
763
773
751
753
764
745
753
802
760
791
824
749
701
711
721
700
707
797
822
716
722
814
831
771
738
779
854
797
796
918
958
836
887
912
886
810
881
974
853
852
917
854
951
918
813
802
965
729
715
1052
1028
844
910
954
834
752
770
821
807
869
948
910
834
888
896
819
914
937
847
893
932
829
858
901
859
854
1000
919
858
933
867
929
941
893
844
891
926
902
1075
1098
1024
950
925
896
750
721
789
850
866
912
852
872
956
919
805
849
844
807
925
1013
938
996
990
900
939
932
882
936
927
877
906
933
872
901
943
805
752
845
988
945
1008
996
959
972
963
844
865
860
847
1031
1011
920
960
1035
928
987
1063
935
956
968
880
892
945
837
814
878
860
878
998
992
958
956
944
877
1000
1023
922
939
898
851
944
779
707
745
703
708
844
865
790
1006
878
729
720
772
873
764
762
806
842
781
840
881
783
726
750
782
722
743
785
811
718
769
892
860
895
936
902
899
893
841
795
870
908
823
830
902
855
813
925
921
773
825
896
848
838
1010
930
847
1002
990
864
861
938
830
892
942
828
797
795
908
903
979
929
866
841
879
790
816
863
826
764
803
818
775
758
777
842
791
889
935
818
826
856
881
810
874
944
855
842
925
938
841
890
838
819
905
870
856
813
744
748
839
773
874
944
910
813
828
921
737
729
758
781
722
757
893
818
841
832
779
820
891
859
911
938
919
850
935
887
848
883
896
789
740
743
807
727
717
814
920
729
698
723
936
1047
892
806
900
931
913
906
753
751
805
941
1015
889
788
753
754
885
880
886
788
741
747
868
974
1001
945
859
818
979
822
774
742
692
631
627
617
613
674
726
662
673
773
899
857
1045
892
823
718
698
687
670
1141
1109
786
1055
1097
854
912
1059
785
873
1116
785
1170
1141
927
1131
1065
1011
1131
994
1063
1099
1038
1208
1128
1058
1188
1073
1119
1095
1046
1169
965
1131
1110
1061
1146
1071
1137
1150
910
1035
1115
964
1114
1101
1064
1183
1069
991
1091
994
1011
952
940
1016
909
1003
1097
956
1070
1072
835
844
1048
902
929
1024
913
973
970
879
1096
1015
896
1024
1027
941
1007
1053
953
1006
961
910
971
953
927
984
951
874
1032
1063
958
1013
967
1006
1076
972
943
1001
882
983
1046
929
998
1054
920
1011
1055
931
1031
1049
952
859
976
962
838
914
958
825
902
940
857
935
961
928
936
953
892
876
869
835
771
897
1037
916
939
985
939
974
946
835
810
921
854
903
1005
1017
940
1043
1044
912
960
951
926
972
1032
959
992
979
914
942
821
780
918
934
901
1001
949
959
963
877
809
901
933
833
976
960
839
862
919
929
961
1054
1026
1000
1065
1036
949
993
923
993
1040
1024
849
880
1097
841
941
1040
942
945
915
790
881
980
935
902
836
769
765
881
1031
924
939
932
837
917
951
900
967
984
912
969
1047
887
792
941
876
992
942
828
876
961
938
898
917
888
838
1026
985
870
891
934
838
876
921
899
824
1015
996
966
945
917
936
947
914
933
973
938
812
889
1009
927
956
969
884
902
1003
918
924
1034
1008
942
986
956
941
902
752
709
715
773
943
752
929
850
750
765
731
902
817
764
729
695
710
846
853
782
839
889
813
781
753
760
765
725
685
732
849
798
787
1042
943
872
917
894
788
887
946
787
860
811
1073
1203
1045
1033
1071
938
985
892
748
845
961
820
919
1067
1041
936
951
972
842
886
952
909
932
1090
1037
1006
990
935
921
1012
953
1009
985
1057
1051
883
1021
1005
1046
1144
972
998
961
1077
1080
980
1092
1014
1026
1049
1010
982
1047
998
938
939
989
851
879
855
810
992
958
914
849
912
940
771
802
880
776
777
1019
1009
943
976
962
859
945
916
820
875
1053
983
1004
986
919
728
707
1096
1041
945
1038
990
969
1012
901
900
839
760
822
1000
913
958
962
952
947
1040
943
915
955
931
896
993
962
977
1020
914
897
973
951
1006
987
861
906
990
931
979
1017
961
1053
1007
877
972
1007
957
996
1055
950
969
972
823
924
984
876
933
967
913
945
925
825
943
948
853
911
924
837
975
993
863
945
915
766
741
768
815
923
1063
994
1033
1092
992
1087
1044
938
938
998
972
947
874
976
974
853
803
932
941
903
749
726
805
929
963
1479
659
623
627
606
642
751
735
766
698
651
624
624
614
641
979
954
958
839
783
743
727
714
698
688
680
664
646
632
617
609
615
706
944
855
821
706
712
1011
970
982
891
755
706
667
648
648
806
880
900
809
882
873
718
721
1028
925
762
829
972
752
737
1031
806
709
685
1161
1043
863
876
999
984
949
1043
884
722
692
676
886
975
923
1064
1067
916
1048
1058
950
973
974
921
1117
1009
1055
1126
1018
1036
926
746
861
1185
1062
1073
1115
943
1019
1080
1003
1021
1026
1006
838
718
692
925
938
795
797
810
779
906
913
939
879
759
776
830
933
739
758
777
732
691
719
753
880
978
852
825
890
931
787
799
1114
856
1033
1022
910
996
960
855
1003
967
885
991
957
889
940
946
811
1012
992
928
974
962
855
847
854
777
846
1049
850
971
1002
943
976
974
818
855
1032
903
891
934
933
840
966
926
823
968
961
848
941
973
892
980
970
853
827
908
903
918
951
842
820
833
730
707
757
974
775
787
857
847
735
726
742
716
692
675
729
856
841
761
787
828
834
777
851
858
827
813
842
842
789
875
868
776
855
994
807
907
918
820
864
881
815
803
830
834
766
877
938
795
844
852
737
778
873
798
735
769
949
768
855
945
876
789
768
805
830
829
862
791
783
813
823
718
725
821
968
859
866
906
867
814
861
904
804
803
937
966
897
935
961
882
859
952
945
825
889
968
896
842
848
828
755
819
944
809
796
896
913
796
930
922
810
812
840
718
750
859
870
743
860
1016
820
810
847
866
883
1064
863
792
1123
960
1027
1084
963
1004
1018
892
857
937
837
929
1046
933
954
974
840
851
984
909
908
963
931
922
957
889
806
883
831
784
910
866
822
1016
1000
898
864
882
850
833
879
872
826
897
889
779
880
876
804
861
800
741
767
935
874
802
911
854
774
839
907
777
772
851
938
778
831
911
828
774
891
883
776
901
919
879
869
887
855
776
901
764
717
708
679
985
799
799
897
854
718
732
871
865
780
940
903
767
779
881
819
908
953
817
725
811
979
793
783
894
813
852
1001
844
763
818
925
836
895
957
919
764
845
1012
940
832
949
1010
895
1024
987
877
880
937
782
777
1016
864
813
965
927
804
739
756
775
790
740
760
734
702
686
795
724
721
730
817
749
781
866
831
761
850
979
902
861
876
917
831
957
979
903
916
987
954
850
934
986
875
798
827
913
796
930
943
922
972
1040
947
895
896
868
776
918
965
868
900
949
877
842
800
776
769
942
910
764
848
1006
842
766
887
884
789
1032
1031
898
994
1026
908
798
783
1042
938
953
963
904
789
864
954
904
795
868
948
848
809
886
964
817
897
953
887
865
938
967
890
939
930
827
825
951
872
853
904
917
826
1052
1001
933
968
912
814
1029
995
898
974
981
892
909
927
949
860
953
979
875
926
950
901
840
817
797
765
813
982
862
813
933
895
805
935
905
796
854
914
862
862
873
926
785
717
810
956
871
788
862
916
809
797
861
833
776
821
924
831
888
930
859
814
870
797
720
843
975
832
868
945
782
736
768
883
750
771
1038
947
883
848
846
802
762
806
909
776
793
897
896
788
854
815
736
786
1050
880
764
836
897
797
1000
931
811
806
804
727
719
738
849
741
948
985
923
886
957
971
891
896
872
715
685
996
927
892
813
772
683
646
636
642
678
667
680
683
665
656
637
626
611
605
596
587
579
583
596
592
587
578
575
568
562
557
556
560
556
553
555
579
584
582
574
563
557
548
543
548
549
554
551
551
547
544
544
555
573
567
561
565
569
568
564
560
560
558
556
554
548
545
544
534
538
535
533
538
533
530
531
532
542
555
557
550
549
540
536
542
560
567
568
571
569
563
566
581
604
573
565
562
587
647
621
615
585
576
559
550
554
587
605
596
580
571
565
560
550
541
544
556
590
613
630
617
617
602
596
601
594
595
588
585
579
565
561
561
572
580
566
563
556
550
558
590
600
611
616
612
625
630
607
579
569
558
568
627
671
684
670
668
668
657
638
610
599
616
691
694
686
675
640
624
645
688
676
634
621
616
646
684
698
685
657
632
623
610
603
604
698
648
646
733
739
734
690
686
662
628
610
599
633
699
753
822
830
703
1001
1029
970
969
1032
762
677
678
810
719
725
834
963
915
882
840
796
789
768
758
740
680
647
632
665
741
729
701
650
630
666
731
651
629
646
750
825
787
781
755
715
692
651
644
692
780
713
650
622
608
660
744
662
630
633
688
734
724
679
669
670
710
732
743
730
708
699
650
630
628
694
757
740
674
644
636
676
751
686
659
675
724
744
753
745
718
701
687
688
643
621
616
658
1013
840
720
725
1038
1002
921
915
1087
1024
840
764
1149
1116
996
1085
1184
1004
1151
1079
1225
1211
1025
1194
1208
809
1220
1004
796
926
1090
777
1207
1107
979
1104
1002
1076
1153
872
1147
1082
1067
1088
1076
930
1132
1116
1141
1142
905
739
1140
1133
1071
1147
1094
1115
1121
1016
1104
1041
1057
1097
976
1067
964
885
979
942
964
1011
982
1008
1001
955
957
1014
946
940
949
885
881
1004
1016
1053
1077
938
941
979
921
975
1012
914
949
979
913
971
955
868
951
993
928
1019
1102
989
1039
1067
981
1079
1083
1005
976
797
700
675
671
657
734
989
974
1031
985
893
1049
1032
940
939
979
928
920
1071
1049
1029
1040
955
970
1048
960
914
922
954
893
1021
1027
944
990
1018
984
977
986
938
1099
1043
936
994
961
958
1019
923
933
981
935
851
959
999
931
1020
1018
958
1058
986
886
995
976
902
860
794
800
851
925
790
814
1025
915
869
942
869
854
1034
976
910
884
754
851
1019
900
813
831
874
787
809
866
826
811
1013
1030
949
1025
1037
837
852
952
888
1023
1031
923
829
838
948
965
1047
973
933
897
812
757
723
777
1046
938
822
1024
1029
893
862
831
778
726
765
965
971
863
958
1016
999
979
960
872
939
1005
938
986
953
885
979
957
806
1033
1029
952
992
1027
938
962
1013
947
990
1008
933
946
919
762
847
1111
1021
999
1052
1036
936
922
921
817
865
909
818
981
1044
925
880
905
828
921
970
892
837
982
926
849
860
810
720
759
1006
965
914
984
975
914
906
948
903
911
993
926
925
1020
1080
1009
1037
973
929
1070
1041
988
931
876
938
918
1066
1098
1007
910
984
938
1003
1081
1036
1041
1044
922
939
1045
997
1049
1014
896
961
1064
923
953
1023
914
930
932
854
863
1007
917
934
1038
964
1018
1002
909
949
994
904
796
767
817
734
932
1031
853
853
964
832
722
716
753
746
740
821
925
850
911
937
814
894
936
889
903
987
922
957
978
915
918
998
915
842
846
820
938
989
867
814
847
789
803
1061
950
938
930
1028
1072
962
999
1022
906
978
1000
925
936
1034
994
985
1047
1014
999
1018
979
874
920
888
828
981
1054
954
961
973
861
883
930
844
914
1052
999
994
1030
915
847
916
858
820
996
961
859
1007
1044
930
952
938
838
789
866
895
850
992
996
839
941
955
779
745
781
914
836
1029
1087
927
1006
1126
854
1025
1168
976
1069
1017
924
1148
1062
964
1038
991
831
968
1030
903
921
985
956
793
672
696
1188
1144
904
795
713
694
694
715
729
695
661
646
633
634
662
677
668
686
727
726
738
732
820
886
829
785
832
871
809
824
915
838
798
828
881
770
798
813
780
731
761
792
784
768
897
881
816
874
860
815
804
891
871
863
961
905
854
953
878
788
792
815
777
734
680
660
664
712
744
695
743
839
790
912
886
758
804
828
748
739
795
793
744
792
895
901
782
862
1009
951
873
887
871
913
921
893
953
931
768
838
969
867
825
851
919
837
886
963
914
840
914
963
913
846
911
905
796
824
807
876
805
906
884
771
797
889
841
831
916
850
776
796
775
748
773
949
811
845
970
897
806
834
836
778
785
849
879
781
903
969
828
780
831
919
814
967
1031
968
989
1024
940
896
961
965
922
972
989
892
881
920
853
938
1020
932
896
914
878
808
865
928
867
775
804
825
832
854
947
858
790
795
785
756
764
726
845
801
763
854
907
890
774
749
729
722
727
778
821
801
743
790
816
757
745
762
765
746
760
777
804
763
790
822
829
762
811
863
788
765
785
802
767
808
777
729
702
686
670
732
754
700
724
772
772
710
734
765
762
710
758
857
740
701
738
799
773
739
838
864
761
789
859
799
765
846
873
777
841
870
797
810
814
817
731
701
717
725
678
682
756
821
734
760
866
795
740
740
749
803
780
893
977
916
901
996
1049
929
1083
1170
1110
1127
1172
1154
1155
1170
953
1085
1037
965
1023
935
936
1021
978
977
1042
978
1001
1072
1025
1038
1103
1058
999
1033
977
926
974
990
895
931
916
827
811
877
876
808
979
966
870
887
944
880
762
893
957
853
860
943
933
869
957
948
864
899
948
878
816
817
806
724
705
682
716
938
748
770
842
830
815
1024
899
751
790
934
835
796
990
958
852
962
1017
918
945
977
959
923
1020
998
902
986
1001
889
965
1007
922
972
957
889
892
970
908
745
765
969
850
854
1049
891
741
789
1030
885
807
832
902
797
831
1098
993
870
816
894
795
944
1044
998
1017
1032
985
814
755
768
790
731
733
737
784
738
732
786
792
754
762
792
764
748
783
766
713
729
873
780
730
735
682
663
704
827
813
789
769
733
687
677
688
687
666
660
675
696
698
700
803
859
763
976
870
739
756
877
779
733
835
822
743
898
869
756
865
874
765
860
879
776
736
783
831
769
977
952
805
951
950
871
884
974
942
905
976
973
823
872
1040
905
999
1078
967
914
986
940
782
695
712
776
767
733
877
952
813
1022
938
829
990
932
775
796
813
797
779
895
757
756
923
889
782
1063
966
789
780
778
797
946
852
786
699
681
665
648
659
664
670
656
646
625
616
609
621
652
657
640
621
613
604
599
614
643
654
635
623
612
595
590
584
587
617
633
626
603
606
641
632
638
636
670
755
750
728
683
657
636
619
638
665
672
661
640
617
604
621
696
696
690
641
647
735
671
657
1049
969
814
714
773
946
756
802
1044
949
851
858
938
790
948
988
862
744
825
984
841
970
1050
972
1140
1146
1021
1085
978
853
1129
1056
1054
1131
983
1110
1065
1048
1147
976
1110
1091
911
1163
1112
983
1134
1032
981
1099
992
995
1039
918
1044
1031
897
1000
1101
974
993
997
996
1062
969
1019
956
1004
1059
999
1076
947
814
1012
896
907
1008
939
908
1021
1006
958
1073
1053
959
1051
1008
1044
1027
932
979
983
896
1004
1020
967
1005
1013
981
1070
997
1021
1076
953
1034
1070
1011
1089
978
1064
1084
1076
1087
993
1041
1078
936
910
859
808
805
1058
944
877
1019
997
862
860
994
911
1024
990
887
978
902
809
997
1016
970
1063
1002
941
994
959
832
1006
1115
889
1129
998
930
849
804
786
775
854
851
836
855
1079
1016
878
909
1086
969
1115
1087
1066
1052
938
920
1101
998
1155
1038
912
1063
1065
874
891
1046
910
1158
1149
1082
1133
985
1056
1142
980
1135
1057
980
1081
1036
1031
1013
914
898
927
914
880
987
920
831
937
996
899
956
1024
972
969
1014
1006
873
899
949
934
1082
1104
948
1104
1101
1047
1144
1027
1132
1138
1043
1181
1030
1062
1188
1027
1106
1013
861
1099
1073
893
1099
1032
887
979
1096
1031
994
968
856
772
1062
1040
955
976
1017
913
775
992
881
833
1021
896
869
1012
938
1021
1109
1001
1019
1060
930
1076
1071
868
908
1120
926
977
951
793
793
1110
912
1089
1054
873
789
881
779
757
971
944
845
868
755
793
1018
790
963
1084
864
897
1066
949
994
1107
974
1043
1102
978
1019
1069
896
914
1064
946
921
953
906
781
1012
948
848
813
961
944
854
1047
1047
910
971
1058
936
923
1064
961
862
992
1011
862
1009
1035
919
1108
1121
1020
1073
987
890
975
1007
973
994
883
794
992
890
813
939
967
834
940
944
805
860
890
813
815
983
977
789
771
801
942
883
763
697
684
707
730
737
724
688
667
673
691
672
669
701
719
745
736
714
684
660
658
693
771
823
920
980
942
923
984
990
870
945
900
805
762
789
918
833
813
1031
1040
903
805
927
918
828
1033
1008
956
1005
965
847
831
856
904
1119
1012
1016
1019
847
879
981
883
876
1131
1060
893
1034
1007
1001
1033
985
980
1070
981
994
1059
963
1013
1074
1014
1037
1030
930
932
1019
952
986
1020
978
1010
1064
987
1013
987
939
1096
1039
1045
1037
972
997
991
787
829
1114
1007
955
1060
1102
1015
1069
1113
1067
1050
1049
1083
1049
1065
1090
1073
1011
1033
1133
996
1059
1171
963
1053
1063
966
1118
1056
900
1129
1097
906
1062
1041
857
1032
1110
948
1041
1081
974
1066
995
807
934
1011
838
764
878
921
837
1077
1042
973
1007
1035
954
990
994
898
939
928
762
845
1147
895
1033
1108
856
696
725
1026
1116
1071
1063
1052
926
838
888
1069
969
862
985
1043
994
966
1004
970
892
984
959
876
879
828
756
806
827
995
1012
916
905
921
717
685
681
716
854
721
695
704
709
674
666
666
665
657
648
652
655
652
643
651
647
638
632
643
646
649
638
664
676
678
659
680
696
704
684
658
673
686
698
673
645
631
622
633
647
641
638
684
712
676
710
698
715
693
658
681
709
710
674
668
675
687
688
653
660
689
694
673
650
687
762
706
741
727
766
718
754
939
925
831
879
895
851
777
847
874
771
736
772
831
745
775
814
784
735
835
889
783
879
924
780
923
973
772
1001
1001
884
820
901
803
773
782
808
742
894
937
867
929
936
915