804
751
772
781
787
754
798
854
854
819
827
767
722
729
753
819
729
695
968
904
873
747
729
743
775
725
791
835
823
796
817
826
816
768
749
764
812
806
753
767
783
831
788
773
778
796
825
761
770
781
802
770
748
779
786
786
725
718
694
672
707
755
694
721
731
715
688
735
757
715
708
729
783
754
748
853
841
829
774
855
899
779
754
802
792
723
717
797
884
737
748
844
892
804
798
848
854
795
784
813
870
816
780
825
855
836
788
801
842
890
804
801
846
852
831
777
823
870
836
767
766
798
809
747
721
754
798
830
745
795
947
936
905
873
898
917
896
799
793
832
813
738
711
740
821
930
819
793
749
712
705
726
746
742
736
703
671
671
694
742
776
724
742
839
969
931
909
923
794
777
798
832
821
744
813
908
942
967
1004
960
850
827
881
834
811
783
720
698
711
794
902
907
776
729
767
938
854
815
809
743
841
896
803
772
898
1009
881
915
911
853
864
777
808
773
801
759
751
817
874
827
789
905
886
814
886
866
814
736
789
1048
903
830
976
1047
999
909
948
1009
898
924
949
955
852
834
855
897
850
828
893
823
757
922
843
762
821
859
872
789
820
813
777
708
709
754
762
738
689
689
700
696
663
662
674
701
723
700
765
786
852
756
738
721
706
852
857
879
818
758
792
794
802
759
867
863
865
842
836
765
777
814
840
821
753
806
875
883
816
797
861
885
815
760
778
794
803
733
758
783
830
761
766
837
872
774
839
886
804
782
836
829
767
813
784
815
799
768
759
734
713
696
676
651
629
625
629
674
710
642
646
679
777
724
735
767
691
681
697
811
837
803
763
787
838
833
803
824
801
859
917
880
848
859
863
823
826
854
854
792
798
860
829
766
778
741
737
982
739
732
781
827
734
714
716
717
683
679
707
771
718
691
714
738
691
682
724
820
818
798
835
848
852
777
838
877
890
800
781
822
826
771
749
833
880
897
853
858
881
849
863
884
922
862
771
787
790
731
820
998
967
916
989
977
889
903
919
866
892
916
891
937
943
903
918
942
900
868
914
936
889
864
859
847
747
760
774
757
707
709
804
795
778
794
922
841
750
739
816
861
788
790
836
806
743
785
805
877
813
842
886
869
771
730
719
722
920
849
749
839
886
912
803
789
841
869
809
792
834
829
832
765
823
809
759
723
737
741
773
733
761
768
799
730
759
813
769
723
729
753
764
716
684
698
738
794
750
771
812
803
788
772
818
729
699
749
781
697
698
743
819
833
776
803
776
794
763
759
820
797
773
715
699
676
708
826
854
793
779
837
841
761
736
777
797
775
731
794
823
795
723
711
765
849
803
760
843
853
796
804
865
844
777
811
907
894
814
892
917
867
771
862
917
923
880
943
992
948
921
947
913
826
836
875
858
871
882
827
755
784
803
760
787
805
813
759
764
804
804
745
719
779
818
753
725
743
805
748
735
769
844
764
741
796
836
796
770
862
762
721
792
868
879
801
787
822
841
811
740
716
696
679
663
673
749
688
686
706
752
710
705
734
780
785
735
732
744
789
758
716
748
767
758
707
725
769
766
704
732
844
834
790
775
846
855
849
787
839
856
795
763
821
802
788
874
886
864
892
854
850
739
776
842
794
770
736
727
732
694
650
633
622
664
717
727
670
642
649
667
683
676
683
663
658
629
621
614
643
652
630
649
676
693
684
671
675
662
657
635
623
629
686
699
679
671
664
634
626
618
632
626
622
756
775
750
697
664
678
691
699
669
646
635
647
683
686
672
644
652
638
639
668
679
678
676
664
654
641
624
614
615
669
688
702
647
649
688
729
708
701
670
669
684
648
654
747
828
830
747
742
847
889
918
926
935
925
912
968
928
866
841
864
857
740
736
708
736
797
804
749
705
754
829
761
702
795
834
810
722
771
830
755
696
689
704
771
694
713
754
760
741
718
751
763
774
773
744
734
792
843
879
842
849
854
867
779
950
891
854
803
893
947
899
878
876
892
863
871
920
917
842
877
921
837
782
845
910
880
813
907
965
938
856
862
885
815
813
904
896
771
809
920
886
817
883
950
889
867
896
900
813
849
911
895
854
924
864
800
879
896
834
851
918
896
832
833
824
803
766
775
823
821
768
797
852
847
767
829
819
793
756
798
833
809
806
896
902
831
820
845
829
766
813
862
876
787
883
963
887
813
879
929
850
860
940
916
855
888
898
866
795
828
854
810
767
790
815
778
740
777
782
799
764
817
855
791
747
762
797
838
778
778
793
824
765
767
740
716
696
684
770
759
722
807
810
756
722
800
919
865
744
814
890
782
744
822
898
866
896
927
890
813
757
815
894
878
846
900
958
936
911
913
896
830
896
931
897
924
937
904
846
912
897
800
787
836
911
865
812
875
865
801
787
887
897
819
773
854
878
766
775
769
756
712
697
682
702
705
676
713
770
774
737
720
775
808
788
702
704
716
813
767
848
862
833
757
844
957
864
831
870
901
854
767
813
862
895
850
839
823
799
768
794
792
802
737
811
877
859
802
854
930
880
777
788
760
737
715
784
729
698
735
838
809
742
738
756
810
743
749
778
785
735
711
739
807
750
751
925
775
713
728
737
705
671
678
691
706
701
689
730
766
752
738
717
749
782
821
777
774
794
840
831
773
831
806
790
837
952
905
778
834
1014
932
893
927
981
895
891
908
852
741
751
842
868
748
770
850
818
760
798
829
799
736
723
740
722
701
693
748
862
832
763
871
893
849
792
914
944
891
873
900
929
842
778
849
933
917
917
922
914
843
835
882
871
798
834
864
817
780
867
870
800
743
777
807
799
725
711
692
683
726
784
722
702
747
788
764
718
747
780
763
728
764
794
793
744
890
858
804
773
846
898
786
770
809
800
742
836
965
961
859
896
907
872
764
804
895
880
779
867
843
812
746
748
788
849
794
736
789
838
840
806
881
900
864
840
892
897
853
811
821
835
801
868
933
936
902
854
847
833
771
839
849
800
754
795
816
758
704
715
720
738
700
694
720
766
741
693
734
828
839
735
787
823
839
761
790
829
810
730
734
762
799
755
783
823
813
745
732
749
707
686
759
765
698
771
819
768
709
754
846
851
756
776
829
816
733
672
658
661
748
956
907
918
947
859
764
787
853
833
785
757
700
732
730
706
685
687
701
713
713
699
688
682
686
688
660
666
674
697
715
696
692
720
725
743
728
693
697
684
684
710
690
735
784
845
791
739
747
754
789
733
730
737
750
714
701
723
760
736
707
712
712
716
689
708
688
691
690
686
673
728
736
685
666
684
707
740
690
734
781
787
686
674
651
692
886
905
838
697
684
688
675
677
654
634
628
637
651
634
623
618
628
698
699
702
678
665
663
656
646
625
622
648
686
735
765
747
699
740
851
852
798
714
763
932
930
853
862
856
940
807
765
793
826
829
750
969
938
907
772
794
811
776
720
785
789
793
731
749
761
732
740
790
852
843
754
798
859
841
753
807
849
827
757
822
830
780
767
817
813
747
791
814
829
750
738
777
822
780
734
776
799
731
695
698
729
749
739
726
793
789
743
729
715
796
819
752
707
765
845
840
777
788
828
835
794
774
867
842
724
707
763
852
852
881
903
866
789
859
876
869
813
881
892
829
801
871
887
808
804
839
863
724
730
842
860
895
809
749
803
872
872
955
981
1064
943
1021
1011
899
872
880
851
763
727
859
878
904
776
850
875
848
754
768
805
856
809
796
870
877
891
795
829
798
853
774
761
870
898
825
822
938
930
838
789
822
857
829
770
826
844
788
768
873
877
918
861
755
742
815
916
938
850
793
818
814
784
742
725
756
837
808
704
727
778
841
871
855
946
952
912
873
898
931
894
795
805
773
721
756
796
711
744
794
756
704
743
771
760
714
767
836
853
776
794
858
822
745
767
730
805
776
780
884
889
779
815
880
838
740
784
818
782
710
748
786
823
785
806
758
755
699
710
750
872
837
745
790
827
790
752
836
848
825
796
839
866
903
870
838
811
838
819
755
760
774
813
775
766
804
818
780
713
731
818
915
825
787
768
821
778
762
919
895
839
790
989
976
909
873
847
837
779
766
867
899
770
812
884
914
769
735
792
879
845
775
839
813
814
748
760
795
884
935
989
994
964
924
919
907
873
983
987
931
921
935
934
872
912
957
903
900
907
888
804
869
989
996
1026
945
851
745
860
1004
963
894
896
869
782
850
918
867
834
806
826
781
820
982
877
871
941
935
838
896
903
849
876
926
929
940
994
946
893
956
870
872
925
1010
924
938
963
939
937
976
926
815
738
708
681
724
699
672
710
717
686
729
771
709
680
687
691
711
697
670
686
699
728
687
672
720
801
688
695
782
820
729
677
670
695
864
897
778
837
836
712
732
842
839
771
731
793
855
813
731
830
869
827
792
932
870
763
805
864
885
796
803
834
805
732
786
778
769
697
709
725
814
725
699
768
882
871
760
822
847
833
706
657
644
652
763
1030
1029
1034
1003
961
924
856
762
751
705
657
677
880
879
858
897
932
937
918
810
767
825
895
960
844
721
763
1072
938
890
817
710
717
826
906
817
904
941
915
801
834
786
759
705
724
788
837
787
816
804
817
743
734
738
730
707
684
704
730
766
762
825
874
999
753
682
647
634
737
752
697
646
632
637
646
657
651
641
621
611
609
606
610
615
619
597
593
604
622
615
609
593
588
595
620
604
588
580
576
580
594
600
610
616
617
611
604
597
591
586
580
575
568
598
614
600
624
652
660
643
618
603
586
573
567
559
555
563
558
550
558
600
696
671
615
604
609
612
601
591
600
615
617
617
620
614
613
613
608
593
589
586
597
620
628
630
635
625
615
607
597
590
591
640
681
669
655
646
613
604
583
579
574
609
704
722
739
712
708
676
653
645
641
608
605
599
632
734
709
692
695
685
665
635
623
632
672
719
653
646
669
693
699
715
720
663
654
692
801
1006
936
917
940
905
858
792
725
976
1008
982
987
971
774
698
681
740
1112
891
910
896
788
710
679
684
792
812
846
776
763
749
729
737
749
750
710
673
656
683
823
878
872
859
716
701
716
805
843
846
774
745
741
731
715
714
685
664
643
621
605
669
776
686
629
649
910
791
682
738
861
813
747
704
716
883
839
813
803
737
729
803
814
739
683
673
702
1140
1055
1155
1082
1076
1092
1161
1096
1048
979
972
1071
1105
1016
976
931
830
859
1019
982
1133
925
989
1113
837
758
1083
1100
1031
906
1177
1053
1019
1065
1068
893
961
1049
877
884
920
965
918
957
955
861
803
900
1000
904
884
885
893
776
803
917
874
786
758
756
715
713
828
741
670
696
719
804
765
719
731
719
714
680
683
856
1021
887
792
821
1005
993
1006
964
1003
937
973
960
934
956
1023
1001
927
1000
969
865
944
946
798
725
788
875
866
806
965
1017
980
944
973
967
849
881
981
890
881
899
873
805
999
980
916
950
1025
931
902
1007
907
924
986
946
820
774
757
745
729
855
831
729
759
817
835
769
747
771
898
981
787
744
843
897
785
739
751
785
758
845
966
978
942
876
783
750
897
896
846
970
1093
942
857
861
1040
973
1062
1063
938
967
1001
1006
982
960
891
849
897
900
828
835
1010
979
974
955
887
796
835
880
953
891
806
831
757
736
764
773
761
724
891
1076
931
896
917
901
873
852
824
792
862
870
772
798
826
778
732
821
901
795
759
763
756
739
785
847
788
789
777
743
725
739
772
776
736
735
759
806
738
737
763
735
701
673
664
688
951
830
731
757
813
727
895
891
753
905
1021
905
806
822
921
870
845
1018
1050
1080
1014
974
906
951
992
898
885
902
887
780
818
979
963
898
921
891
805
775
846
777
743
799
963
863
761
778
817
762
741
803
817
793
770
863
813
771
878
901
801
731
759
817
854
800
1064
1065
972
1055
941
928
1046
1007
894
920
923
855
841
896
890
749
726
748
845
766
719
1044
999
851
763
782
827
745
755
770
832
812
808
931
915
824
819
905
856
833
867
819
792
724
760
788
831
777
1016
959
819
834
941
939
818
793
844
905
815
1120
1035
930
931
896
785
746
747
704
688
692
762
786
740
743
698
674
649
640
608
604
604
596
604
629
679
633
609
608
618
636
641
655
654
650
650
636
614
601
604
740
718
665
645
655
664
697
679
664
661
656
624
608
619
612
613
677
752
723
692
674
634
628
644
625
630
663
633
631
636
625
646
689
707
703
678
654
630
604
593
608
615
599
615
648
661
657
632
629
650
680
693
704
642
639
635
679
746
723
726
696
674
657
661
653
633
624
646
646
631
656
699
743
727
727
691
656
635
635
772
820
800
767
764
736
682
656
664
692
711
763
700
667
651
652
696
738
718
721
714
703
658
641
632
618
615
656
739
750
722
714
666
646
643
661
686
712
724
696
668
666
680
671
656
675
756
715
709
706
693
705
668
651
694
699
654
647
646
659
764
764
746
772
735
737
709
666
645
637
700
744
730
728
665
654
639
653
815
843
837
814
757
744
718
718
733
730
672
653
670
779
815
858
942
927
886
901
848
754
729
1073
1036
1053
1069
1034
975
979
996
973
953
824
809
966
962
886
753
725
1002
909
847
746
959
1102
1022
938
1039
1049
928
910
877
781
746
915
1062
965
813
753
874
736
749
1105
1022
915
1002
1048
1021
884
946
1026
1002
871
1021
1256
1071
1062
1155
1180
1033
1171
1118
970
1030
1065
933
965
1005
1010
942
1025
945
859
954
1063
1064
1155
1154
1074
1131
1221
1141
1112
1274
1124
1176
1125
1015
1172
1025
1072
1181
1011
900
1127
1092
950
1118
1189
1020
1049
1137
993
1035
1063
950
991
1124
979
1063
1092
907
967
1041
948
1231
1174
1042
1082
1199
981
928
1181
995
805
764
1068
1038
851
735
659
690
705
772
1163
1033
1019
987
963
927
849
794
823
871
921
852
816
790
811
862
859
831
810
820
775
790
772
754
831
884
818
798
850
853
801
746
809
823
773
761
854
918
895
880
972
983
916
897
905
851
862
867
854
790
856
901
879
838
953
900
801
778
770
795
739
711
713
725
697
702
760
815
727
689
693
739
808
778
744
825
818
840
778
741
760
812
795
783
884
938
876
844
970
943
894
875
957
941
862
892
979
989
862
844
864
851
782
897
926
825
814
941
979
852
861
869
803
769
911
894
791
775
817
901
823
865
888
845
912
856
792
737
771
829
825
943
961
924
869
878
903
870
854
903
911
833
769
1007
1042
902
829
831
864
850
809
921
925
869
819
832
783
708
696
733
772
747
685
688
734
828
768
729
762
831
803
756
804
857
788
743
782
895
851
752
804
882
845
791
839
863
794
765
790
790
765
780
890
864
801
824
931
937
829
838
899
914
819
790
811
825
748
753
751
701
670
659
646
665
759
800
752
723
763
796
761
737
785
793
808
851
922
918
859
951
946
799
749
879
968
906
824
989
1019
920
783
800
896
831
718
752
1038
980
887
884
901
925
939
948
926
886
881
892
866
881
928
852
723
734
810
903
863
881
943
957
867
857
891
907
873
931
959
1006
956
962
1008
967
938
982
970
910
1017
1053
987
920
844
734
722
825
904
878
900
998
1017
957
985
968
875
856
872
941
886
929
910
805
815
899
756
720
775
827
729
784
889
882
741
962
940
880
910
918
902
859
881
771
720
843
898
813
884
901
892
806
896
908
860
850
899
917
809
751
834
916
741
718
734
811
799
726
812
1023
923
806
787
840
811
802
857
863
800
763
804
838
811
750
755
816
844
787
804
874
884
852
779
777
828
888
801
823
898
845
777
892
913
859
854
923
916
835
845
905
867
768
828
885
870
805
986
925
864
897
861
793
765
919
980
868
887
864
754
695
718
750
902
814
703
670
702
769
783
720
702
678
662
664
652
677
661
628
629
644
653
626
620
620
630
623
619
606
597
591
587
588
594
594
597
592
587
587
600
636
675
697
702
747
788
726
687
702
693
654
652
650
696
753
755
753
715
684
664
655
645
645
645
649
648
645
651
658
655
671
645
635
625
631
689
752
704
721
686
655
646
657
648
645
656
692
736
765
670
666
662
739
960
915
788
741
915
996
1021
1037
1096
1106
1071
995
938
871
818
909
1011
832
771
1117
1023
892
848
1045
1150
942
824
797
1105
957
851
876
931
832
873
1035
885
840
936
870
986
1067
991
1008
1084
1036
857
1009
1136
949
1044
1045
970
945
1007
927
859
938
971
899
947
951
903
899
914
920
879
932
1020
956
996
1035
927
938
979
959
939
933
947
842
958
980
842
736
778
716
716
829
881
771
836
885
879
768
771
806
810
744
785
857
834
808
827
905
961
847
825
934
940
834
887
881
840
778
879
919
869
767
869
999
916
850
816
801
809
795
1030
1023
957
953
879
756
713
693
864
937
802
979
960
890
991
1010
971
940
934
848
842
892
901
801
788
974
906
813
932
966
936
919
891
820
745
757
783
853
719
732
757
852
747
744
875
848
762
713
724
738
781
786
839
911
904
868
856
911
955
915
887
928
935
868
860
879
813
739
726
772
756
729
735
801
829
727
728
760
797
797
746
777
815
808
732
721
737
763
739
741
833
854
823
793
879
870
794
713
726
795
792
765
730
695
745
730
699
751
824
826
745
794
813
814
736
790
875
858
763
775
821
842
784
813
861
816
789
818
876
826
735
750
777
785
746
738
787
825
755
747
796
807
755
736
693
685
724
779
721
722
702
691
681
664
653
646
644
644
619
613
605
619
693
743
725
768
728
673
669
715
828
931
989
946
955
988
951
816
789
910
867
813
889
965
900
770
814
882
790
736
765
814
724
730
766
811
787
729
792
937
872
780
873
868
864
791
829
874
864
842
957
947
839
796
853
914
805
775
759
814
754
728
771
733
698
716
769
723
723
771
847
779
759
826
852
794
801
957
882
760
727
776
685
636
661
876
1079
922
891
902
880
820
770
745
725
707
687
672
663
684
725
755
771
755
740
698
689
687
704
716
719
695
721
751
792
774
745
741
739
727
715
717
741
783
809
766
784
844
874
770
740
739
747
734
761
815
823
734
798
811
720
717
754
786
737
722
744
735
703
680
728
717
686
702
719
726
671
689
740
782
719
704
721
763
749
696
663
660
670
649
665
673
717
739
710
740
762
779
743
722
753
758
771
741
778
810
831
759
758
824
882
799
750
746
765
853
819
893
928
875
854
883
828
724
722
718
686
741
855
760
785
859
812
730
764
861
856
797
800
889
886
817
786
789
809
835
814
855
833
820
792
854
868
827
773
794
815
782
761
788
765
742
719
756
879
871
788
869
833
811
748
817
791
775
736
766
804
815
773
747
880
1017
956
911
975
1188
1034
1160
1143
991
996
1032
946
889
981
1016
902
946
1010
944
903
936
931
816
795
835
784
786
993
964
909
920
897
854
775
842
833
771
729
779
887
833
761
881
890
775
798
794
842
744
754
793
812
784
723
758
777
791
736
733
757
786
759
709
718
714
738
720
789
894
888
754
786
855
909
815
810
858
893
795
764
798
856
750
724
748
782
766
711
744
841
850
741
738
776
815
757
840
850
755
748
755
742
688
671
714
696
729
797
806
751
772
854
886
814
782
795
803
753
779
874
880
784
788
817
816
744
773
807
871
771
758
793
834
752
700
741
833
821
782
708
694
747
748
707
698
744
884
806
771
809
814
758
728
745
754
792
725
696
711
729
779
727
743
786
814
771
751
775
832
821
758
793
850
814
747
735
729
730
721
667
655
666
687
706
716
703
740
768
730
733
753
793
767
751
806
783
776
714
690
717
754
710
724
726
719
720
678
700
698
696
674
674
687
690
682
667
677
681
687
644
638
643
652
653
656
642
623
620
614
612
609
594
587
582
586
612
591
588
607
628
627
616
601
596
588
588
597
618
635
619
607
602
585
583
577
582
614
618
605
597
607
613
620
608
598
596
604
611
614
618
616
615
609
598
588
580
581
610
645
623
604
610
626
623
629
616
601
601
623
662
636
619
628
652
649
642
650
645
638
631
617
595
581
572
575
648
667
653
623
591
592
626
604
620
691
751
742
726
714
674
667
656
660
667
658
634
621
614
612
600
602
639
676
666
654
634
616
606
599
585
583
605
598
579
575
598
656
654
645
619
610
622
637
631
613
603
608
617
607
600
635
687
686
649
626
629
641
632
612
604
613
662
660
669
664
662
646
641
628
610
601
590
593
641
680
643
636
654
687
679
678
650
643
631
651
937
852
767
716
682
654
642
655
693
665
635
642
684
650
659
709
743
730
713
688
667
657
657
664
641
636
635
635
685
723
727
689
656
649
678
725
729
747
798
743
692
680
667
634
622
613
624
662
795
1000
957
952
978
923
946
989
1049
1009
1028
994
974
893
871
852
793
728
730
953
935
888
897
904
962
950
929
906
847
808
863
848
857
861
890
991
981
834
786
928
876
770
839
1000
951
826
887
1028
961
933
1018
961
882
1005
1031
960
918
905
792
723
832
771
723
763
862
826
745
817
851
858
765
768
810
763
778
754
716
806
1024
945
876
838
869
868
832
788
820
727
722
698
680
951
875
774
848
860
819
746
794
889
909
844
792
1074
1016
919
878
855
799
840
919
927
887
781
857
882
835
766
813
883
770
787
841
870
780
800
861
836
793
820
928
877
763
799
805
768
720
729
737
732
676
678
695
665
704
763
739
694
738
797
856
812
784
849
820
756
849
909
816
810
780
777
723
752
819
856
700
695
737
870
1019
881
841
854
934
790
704
689
698
735
696
729
791
878
790
723
739
811
826
774
732
733
745
800
743
725
738
781
880
777
738
833
905
902
841
834
821
875
816
850
874
881
837
802
861
813
760
781
831
849
814
934
960
818
831
832
792
823
985
892
822
879
920
839
891
940
873
842
898
901
870
792
736
1078
956
859
839
831
825
740
793
863
1009
893
878
944
892
865
957
1032
949
963
924
916
1044
990
854
885
881
777
806
1022
978
973
944
888
734
678
678
972
997
1013
951
1016
1012
975
921
954
976
896
795
776
809
833
771
784
775
761
760
720
702
713
690
707
799
719
701
739
822
828
761
879
937
825
786
893
882
820
780
833
846
753
781
873
842
742
852
932
900
799
848
899
858
787
847
871
850
840
933
886
826
791
812
796
743
804
848
867
753
784
955
893
805
806
900
851
809
933
896
820
822
900
934
802
1014
943
813
781
1008
1029
945
999
1048
1046
943
969
945
881
949
1005
929
953
971
909
884
951
949
874
919
962
872
862
867
887
811
895
841
751
806
855
804
739
854
881
717
663
647
631
677
753
683
655
652
657
669
660
645
627
607
621
609
634
688
704
711
701
684
669
663
661
656
646
634
636
623
613
612
642
667
677
684
675
665
632
613
619
687
862
843
753
698
683
686
687