859
785
747
753
788
734
763
895
837
768
808
801
737
837
913
849
974
828
745
730
696
679
652
646
629
619
659
745
695
719
845
798
790
890
786
704
746
1035
875
807
668
658
693
831
846
780
736
794
738
680
789
902
795
903
857
748
762
785
740
751
761
776
780
764
726
705
707
713
712
713
722
714
692
688
688
677
678
671
655
629
642
626
613
623
640
655
645
683
693
704
681
689
681
682
686
675
639
631
646
644
704
721
757
744
717
668
646
646
644
616
610
646
819
762
744
717
726
744
742
712
683
650
625
613
634
664
697
688
671
646
680
720
757
810
759
714
755
787
801
769
747
779
789
759
680
654
662
717
764
772
794
801
763
786
797
759
752
738
758
785
878
795
774
782
766
722
760
800
785
735
773
799
759
717
731
743
777
757
816
914
901
807
823
929
852
931
934
838
810
864
848
799
907
868
796
820
857
859
779
794
835
788
711
716
736
753
691
713
745
749
717
771
803
789
746
789
792
812
752
783
812
760
714
752
770
794
785
817
858
813
780
811
822
787
756
798
803
754
718
749
774
762
730
765
766
722
690
697
711
718
700
741
769
732
701
716
745
731
702
718
726
731
702
707
727
739
716
692
706
724
741
710
721
734
770
716
706
711
726
709
745
772
764
706
701
715
717
710
679
693
690
695
671
661
693
682
653
636
654
682
723
723
688
696
708
709
694
688
704
727
705
699
723
712
707
677
659
669
657
665
652
675
686
688
670
675
689
710
701
671
683
688
682
680
685
680
665
650
652
676
683
656
668
684
691
675
688
702
695
687
673
692
729
778
728
775
786
757
699
694
683
654
632
643
644
662
654
682
711
729
694
713
738
773
719
693
704
711
693
676
702
705
704
678
712
725
690
677
657
649
654
633
626
650
692
733
715
690
705
699
671
656
648
652
665
643
662
677
703
684
674
704
709
694
652
662
673
668
651
667
668
670
652
685
688
701
675
663
692
694
690
669
711
739
736
703
693
703
724
729
696
716
725
718
694
697
707
703
686
721
739
725
683
696
716
711
674
691
717
715
674
669
686
693
679
674
685
640
606
604
608
600
615
654
713
700
690
699
710
701
656
664
668
683
661
664
680
675
668
638
649
706
745
743
694
712
733
698
675
694
699
740
729
773
805
814
777
781
740
707
669
691
711
775
756
738
728
754
751
792
814
842
780
802
798
747
712
705
726
725
701
708
736
767
735
749
731
699
659
685
719
698
670
689
717
755
753
721
696
695
769
798
758
737
750
748
695
672
682
675
646
628
671
712
666
641
629
626
636
663
652
633
609
588
583
587
605
617
593
596
622
672
665
670
692
700
656
660
705
752
732
707
711
698
673
674
676
680
653
670
688
736
698
726
759
766
731
742
753
738
730
757
755
703
709
719
713
673
687
696
706
682
704
711
709
699
729
744
721
695
711
755
710
678
708
726
740
709
730
755
776
730
694
697
711
684
679
705
716
709
685
712
714
681
709
741
732
743
689
684
666
631
634
689
707
692
692
690
681
658
676
704
734
737
702
706
703
711
686
709
748
726
686
712
710
702
674
675
720
767
756
807
816
775
823
840
795
771
807
803
747
719
723
719
745
697
709
695
679
646
658
677
683
689
654
668
682
719
705
674
696
718
706
686
656
670
698
767
739
715
761
811
804
774
798
825
819
757
754
772
788
774
767
787
775
760
706
727
742
764
728
751
761
761
707
718
727
701
662
649
659
688
701
665
653
678
687
714
691
680
681
677
673
650
646
670
698
729
699
684
734
791
821
775
780
773
740
709
731
775
767
702
686
685
694
687
666
690
707
740
744
739
790
776
766
748
749
728
691
698
719
724
692
729
732
741
705
711
728
714
713
714
730
725
724
746
765
737
740
733
723
706
742
729
713
703
735
772
740
693
696
723
727
682
665
663
656
649
627
628
645
677
665
654
672
676
684
668
649
643
642
644
634
627
634
651
660
654
630
623
625
617
638
675
681
741
732
706
665
646
635
628
614
611
630
658
658
639
635
647
651
671
652
646
651
664
675
675
684
684
684
674
680
716
733
744
715
724
729
706
674
680
674
678
660
667
679
688
674
647
646
640
645
633
611
594
593
601
899
962
930
921
887
844
791
842
852
849
790
785
810
796
796
766
736
747
740
741
720
706
724
748
742
712
727
729
710
684
653
658
665
666
650
673
676
686
668
706
729
734
776
771
734
695
709
722
691
683
695
686
670
676
679
682
678
692
683
657
655
661
685
680
710
717
716
686
700
710
694
669
677
672
661
645
635
620
619
618
657
688
706
688
668
679
677
695
699
700
698
673
688
694
680
670
677
675
667
632
638
644
627
608
629
668
744
732
697
702
693
705
675
684
677
675
646
663
675
668
662
689
699
708
667
668
663
666
658
643
645
644
651
641
637
642
643
639
629
647
658
661
637
628
628
633
636
638
656
682
679
649
656
674
688
673
675
680
694
684
671
676
676
679
664
655
652
665
664
646
671
676
693
659
669
674
690
678
662
681
696
686
664
663
676
681
663
658
673
700
686
663
680
670
652
633
634
644
670
653
670
694
720
705
737
740
723
687
693
720
764
763
757
769
753
761
701
707
733
738
701
719
727
746
751
739
797
809
785
731
718
727
726
687
685
670
663
639
625
636
648
662
637
648
661
660
637
654
664
664
646
655
684
691
672
675
681
676
665
645
648
655
661
640
639
646
646
638
626
635
644
651
629
633
647
647
637
618
603
594
582
569
617
645
639
700
700
735
712
750
834
806
725
750
790
756
753
789
795
751
723
737
717
664
639
659
686
681
678
693
696
683
659
667
672
673
682
701
711
694
719
751
771
740
756
770
744
706
644
648
696
703
672
684
692
715
693
671
672
685
687
668
671
662
667
652
658
665
664
659
659
672
692
686
665
683
681
698
665
655
660
687
696
673
689
706
720
694
693
686
690
677
669
668
662
644
646
660
683
676
658
705
730
720
716
711
686
663
679
692
678
717
715
721
678
678
659
640
643
682
691
697
707
700
720
727
724
715
713
729
735
731
732
760
758
731
687
686
702
708
703
745
785
754
761
813
859
736
741
779
768
736
889
942
819
735
768
788
738
803
869
818
782
856
838
762
792
797
775
720
738
780
786
732
718
758
788
761
766
797
816
757
772
790
795
773
772
832
838
804
811
866
870
819
835
868
831
808
802
787
756
804
823
765
805
829
824
789
796
763
784
804
760
686
676
682
695
741
741
784
783
751
784
786
730
673
668
670
659
661
723
726
705
723
709
687
655
669
697
719
676
729
726
727
688
729
747
729
714
734
744
700
685
677
656
633
642
655
677
655
638
661
686
726
724
674
668
657
659
633
640
635
651
652
635
653
681
726
692
699
716
726
703
679
679
682
646
617
604
598
599
604
583
597
608
601
603
589
609
639
678
641
617
624
617
613
602
590
603
603
624
617
611
617
631
656
652
704
727
684
669
656
664
653
616
631
637
623
603
604
611
600
579
568
560
553
544
555
576
596
575
573
575
580
564
554
555
577
599
570
570
579
588
566
563
575
595
572
563
563
570
560
546
543
553
575
576
557
557
574
569
566
566
590
579
562
545
535
542
580
600
606
576
567
555
544
537
528
521
516
509
505
501
501
496
488
484
489
498
500
499
487
479
481
479
476
484
516
558
552
533
539
562
574
557
572
592
612
585
583
624
654
633
614
637
659
642
627
651
671
675
638
634
668
725
667
668
681
688
658
660
733
820
770
699
725
721
716
679
704
757
783
707
767
782
712
671
712
775
736
726
818
813
733
888
856
811
764
893
896
817
853
925
862
835
876
899
832
838
909
921
842
910
926
894
828
871
853
768
735
785
815
743
813
883
846
835
923
855
789
742
780
853
742
744
739
709
675
737
792
796
1007
963
943
898
886
803
762
835
810
700
684
704
650
672
891
838
716
866
828
798
719
820
738
757
764
765
701
684
698
657
688
803
757
682
673
685
718
1007
866
803
824
886
759
671
692
694
716
667
670
671
692
657
641
663
718
676
626
618
669
1023
813
749
727
722
709
683
650
632
615
602
589
583
567
555
550
550
570
581
578
567
563
563
560
549
545
545
604
701
695
671
681
704
733
714
700
702
721
688
751
756
718
657
667
694
710
689
749
780
747
714
738
745
716
721
837
870
805
842
888
823
782
835
849
778
789
914
903
767
751
785
783
803
967
854
741
769
798
774
768
785
737
706
776
781
741
806
820
733
696
769
840
783
803
801
758
716
748
808
814
730
744
765
713
668
685
731
771
729
784
869
903
827
765
780
814
796
829
865
812
775
871
879
806
806
785
709
717
781
827
797
842
810
737
727
737
743
704
674
703
809
811
761
769
765
766
750
780
797
774
729
746
794
844
756
743
740
750
747
731
793
821
783
770
847
858
779
768
809
759
715
718
740
722
689
725
757
823
807
838
936
833
757
768
800
762
722
756
816
775
788
831
798
747
710
721
771
748
729
746
778
766
726
734
736
714
667
648
639
631
633
671
714
702
667
677
698
694
679
688
695
700
682
708
733
724
722
701
690
658
670
699
723
709
764
741
731
699
697
690
675
667
693
685
686
664
689
717
734
788
802
806
781
833
793
776
769
789
817
836
778
799
828
828
788
762
725
689
717
768
769
732
779
771
716
783
842
793
728
717
731
719
648
643
681
712
759
725
719
708
693
680
697
737
779
756
728
726
705
678
681
664
654
650
669
648
611
611
644
719
749
674
676
691
709
679
661
673
683
695
689
668
704
755
796
762
836
900
824
855
902
839
771
774
780
700
688
749
741
730
743
738
738
730
703
672
661
676
694
674
648
664
667
637
631
654
688
681
695
757
784
718
729
742
728
688
678
694
730
696
695
704
735
708
665
640
667
740
827
768
689
688
676
678
646
657
699
760
710
668
639
612
610
596
627
668
864
792
705
655
680
676
639
619
595
584
591
603
605
591
608
613
624
610
599
626
675
671
633
646
673
714
709
681
729
719
695
666
680
631
639
646
649
653
644
618
604
591
575
563
553
546
542
555
568
563
555
546
539
531
521
514
505
500
496
490
492
501
507
507
510
505
501
501
504
514
518
516
525
555
591
597
586
582
580
582
574
580
627
688
705
674
624
614
638
664
710
710
663
673
718
882
958
809
817
862
780
754
901
878
820
938
933
904
901
968
873
890
975
941
924
980
919
822
889
944
894
799
891
954
804
722
817
899
938
1036
928
869
932
920
850
930
905
834
802
1051
983
902
1007
1060
980
944
972
914
880
899
886
807
900
954
882
892
893
917
943
865
858
884
828
741
911
966
875
959
1035
965
976
935
849
1008
917
832
900
1024
961
921
947
933
911
939
871
772
793
853
831
789
862
900
755
771
803
780
730
832
827
825
808
996
938
870
825
823
965
843
877
907
876
913
921
895
843
870
839
757
789
740
675
646
714
797
738
737
810
815
743
717
707
727
729
776
841
778
769
764
775
857
771
771
796
767
717
703
712
721
660
652
677
721
738
737
860
888
769
744
772
760
708
725
746
756
713
722
758
765
740
778
813
785
767
718
667
632
627
620
619
603
586
634
719
684
661
668
651
647
621
616
620
681
683
671
696
716
729
674
732
788
771
753
864
808
731
823
845
834
772
876
903
784
843
913
782
718
825
907
771
767
796
806
799
899
815
745
729
755
748
682
658
644
626
604
622
699
742
729
706
751
756
710
688
679
679
678
673
721
765
729
681
673
697
770
704
851
946
850
894
821
746
704
781
843
758
755
822
796
724
740
752
735
724
860
748
708
719
770
759
709
708
714
713
675
696
691
673
652
699
764
720
728
751
742
678
681
693
726
709
754
793
760
730
761
706
688
711
785
764
701
696
677
655
643
698
744
738
680
702
710
707
693
690
688
660
651
668
647
650
638
653
663
690
661
681
702
694
666
677
661
642
632
645
659
672
649
666
643
644
635
635
621
592
643
607
581
586
623
782
653
638
624
651
651
975
829
688
615
603
604
833
872
674
616
629
618
585
563
549
544
544
532
527
532
528
535
524
514
508
502
498
494
489
483
479
476
472
467
466
461
456
453
449
446
444
441
439
438
437
435
432
431
430
427
427
426
424
421
418
417
416
413
412
412
412
409
406
403
405
402
402
401
400
400
400
399
399
399
400
403
404
402
402
403
407
409
415
416
421
426
422
425
427
428
430
431
432
432
432
432
431
429
431
424
424
422
426
432
438
448
456
460
450
451
455
466
483
473
469
475
495
524
522
521
532
530
512
512
558
594
588
554
548
566
597
568
557
571
611
608
986
805
654
612
636
1041
809
902
963
789
653
690
842
673
604
607
707
1091
1061
1030
1054
1004
897
1019
1027
938
1009
912
927
939
1041
786
846
1067
1001
1039
1084
1037
956
1066
915
883
1138
1020
1113
1139
809
795
1101
1122
1070
840
1056
1025
855
1073
1022
936
1006
878
824
1104
870
831
1095
980
1097
1095
917
1021
1040
902
988
977
865
1014
1035
929
987
869
754
1110
900
764
875
1133
771
738
1088
1073
1080
965
898
978
1001
944
1022
965
966
1033
954
803
832
1014
823
1052
1041
906
961
993
814
730
782
786
882
944
859
995
981
935
919
943
847
768
878
825
801
1061
921
862
947
865
821
971
936
984
945
860
906
978
841
825
1007
750
705
746
782
781
869
904
804
799
818
727
699
755
782
729
821
946
810
779
769
711
700
776
925
807
812
869
828
777
783
817
790
794
818
793
744
801
843
780
779
816
834
767
824
871
772
724
756
871
795
778
837
847
773
891
937
809
782
800
832
768
783
849
781
796
857
860
743
735
724
715
681
751
829
742
793
860
811
734
803
1021
938
932
967
937
861
857
921
900
877
918
959
904
926
916
858
816
972
898
837
917
964
782
781
892
829
776
955
870
766
824
834
754
748
734
711
668
699
703
732
710
732
742
706
677
714
705
658
640
669
700
688
808
927
842
791
822
829
760
773
841
838
751
782
834
815
774
835
860
790
776
816
779
738
747
729
736
704
881
874
797
875
897
755
762
770
780
744
786
772
739
698
741
758
788
719
715
695
675
674
759
823
747
656
658
732
800
735
672
694
730
816
751
783
752
754
732
708
902
967
775
797
872
826
755
844
811
745
724
760
811
746
720
753
762
730
734
736
745
720
703
731
771
713
701
695
676
645
660
674
684
650
635
661
680
672
636
624
630
686
728
759
803
775
737
720
765
792
770
811
804
770
716
709
761
813
747
726
755
783
793
729
737
751
735
689
699
722
741
701
672
697
735
736
704
748
791
792
750
770
782
745
696
717
734
724
692
723
755
729
690
745
814
811
765
815
817
788
717
755
792
790
743
777
840
825
786
817
794
744
718
787
863
793
779
793
807
755
757
791
802
773
729
748
787
768
752
815
914
826
796
844
862
786
802
848
780
788
791
750
695
712
736
720
717
749
781
769
743
739
741
744
817
857
809
775
802
797
751
721
733
734
718
683
695
700
689
698
793
849
749
752
785
822
714
692
683
695
708
677
712
743
746
705
694
695
696
670
660
671
660
642
692
681
675
712
771
806
717
664
680
667
656
694
685
730
849
847
763
665
649
650
644
615
592
584
604
624
642
645
616
610
598
603
598
589
587
599
592
564
559
550
544
551
567
575
574
564
559
548
537
531
538
540
540
537
529
525
534
559
564
542
535
528
527
537
528
525
526
531
535
535
530
528
526
524
521
521
516
507
503
497
492
495
493
487
486
488
501
513
514
515
517
518
522
521
510
506
502
504
521
536
534
538
537
539
541
533
520
513
507
503
511
521
534
533
538
536
530
534
544
542
547
546
549
544
538
528
524
545
561
545
543
553
564
546
535
533
544
557
561
575
582
577
577
564
560
553
545
549
542
528
527
523
535
561
569
552
543
533
525
524
528
555
573
584
581
563
553
558
569
578
563
564
584
604
596
570
563
559
577
595
608
608
613
602
592
587
579
563
559
555
545
548
593
622
654
660
704
700
695
753
901
884
783
747
800
752
687
688
1077
823
710
748
928
849
743
796
957
965
841
813
831
840
717
730
966
981
977
861
876
938
925
823
911
974
910
869
922
886
795
831
937
860
925
1028
957
938
949
984
818
975
1012
929
1091
1005
846
809
957
769
911
1071
796
778
1063
871
997
971
875
823
839
932
824
846
925
928
889
960
938
819
874
809
762
752
830
914
969
1026
932
864
942
931
860
958
991
935
949
947
906
881
946
963
876
928
933
897
892
946
915
875
913
920
883
787
709
739
760
761
851
861
730
714
776
792
719
751
806
844
792
775
796
820
795
768
929
1018
896
857
877
871
813
926
1026
945
942
976
962
923
951
857
743
735
755
752
761
797
835
758
799
807
820
756
826
912
853
782
794
890
868
864
861
843
752
786
820
758
673
684
1114
1003
801
780
1010
836
849
941
846
831
916
875
783
848
931
871
809
812
768
771
731
718
782
782
734
688
725
733
737
726
729
748
752
683
670
663
696
660
678
738
750
694
672
672
668
639
649
664
679
674
662
679
677
693
670
654
664
697
729
706
732
734
736
705
704
727
771
730
743
758
726
700
707
740
767
687
695
703
751
726
702
728
768
745
697
742
752
743
703
724
738
735
685
665
683
714
761
750
769
795
779
752
788
797
720
673
709
795
853
795
779
791
810
741
729
758
779
771
746
802
891
861
796
822
885
903
827
729
752
797
787
790
833
824
794
755
771
772
765
745
783
752
683
671
717
749
728
706
751
809
824
806
810
813
767
699
694
720
745
753
762
841
922
897
858
890
848
750
783
1026
899
852
899
850
754
723
777
811
782
729
734
781
827
780
810
803
770
729
728
727
723
683
675
681
698
692
666
691
736
771
743
725
759
744
697
693
701
711
721
677
662
672
702
717
684
695
727
752
732
685
716
741
748
718
724
727
747
723
692
718
741
767
733
704
729
724
771
729
711
732
779
760
748
775
810
762
772
788
784
731
770
799
770
774
802
777
737
735
760
787
777
819
866
795
747
736
767
813
834
953
886
834
865
903
806
771
807
970
953
963
1046
1008
899
883
864
811
760
802
824
797
753
843
891
858
752
719
760
780
790
737
760
763
787
727
703
737
802
810
727
759
777
803
753
837
891
816
777
832
862
771
789
787
845
766
782
856
807
765
782
773
760
719
763
759
745
688
705
730
763
736
750
788
773
715
699
724
755
729
680
688
708
721
709
713
688
714
693
689
710
701
674
629
616
604
646
778
711
706
728
736
747
715
696
734
758
776
727
779
822
835
773
811
838
771
735
740
769
758
743
805
793
754
702
713
752
759
714
742
784
824
751
751
761
746
730
764
768
763
720
719
752
763
751
720
745
763
748
737
759
783
738
693
707
718
733
690
760
759
761
686
686
778
823
785
749
779
803
772
768
755
754
736
740
783
792
785
779
764
757
740
692
676
685
725
748
722
771
792
811
779
835
838
772
730
728
754
904
876
771
775
950
874
811
865
886
794
756
884
987
850
789
797
759
691
716
761
773
705
752
860
832
732
730
720
694
677
696
739
747
693
714
736
762
721
783
850
814
740
713
722
758
731
695
730
755
747
701
731
816
813
794
826
816
760
773
842
912
901
990
923
841
811
879
860
803
913
999
893
791
785
830
782
749
846
842
763
726
731
736
703
847
1016
854
856
888
889
807
769
763
726
685
693
714
732
714
771
921
801
849
938
999
819
809
837
826
760
883
942
854
798
845
846
744
780
804
791
753
805
822
827
739
747
733
754
703
722
771
805
728
728
769
818
834
786
773
809
791
792
782
760
715
747
854
893
770
864
1035
954
842
749
807
877
807
778
857
959
841
768
760
752
745
703
710
746
775
767
725
793
828
829
717
700
694
740
760
728
790
847
837
838
868
879
750
732
789
808
793
939
920
774
795
860
887
836
854
872
799
777
852
905
815
812
859
910
835
795
796
790
715
665
688
708
732
754
757
782
779
735
688
690
687
698
672
687
688
702
678
670
676
705
724
711
763
820
833
740
734
752
802
754
790
794
827
770
799
777
740
698
744
795
789
732
776
775
771
757
820
869
780
750
753
775
774
740
756
755
734
688
704
723
764
753
756
775
747
706
669
669
666
647
654
723
801
784
705
722
742
777
778
775
828
810
763
768
845
859
783
725
746
759
785
757
923
895
772
729
746
744
710
909
857
801
746
768
752
726
690
708
738
815
713
695
692
679
717
739
751
733
720
729
723
683
680
659
629
630
651
681
867
903
749
751
778
796
729
683
686
670
696
668
672
715
776
771
704
738
762
793
729
688
716
762
710
658
676
707
729
674
671
704
726
689
658
658
652
652
636
668
693
745
709
706
727
750
713
683
710
723
752
722
716
718
726
706
696
744
750
725
724
800
767
734
741
759
760
702
730
788
755
701
719
725
735
713
790
817
789
720
722
727
706
672
690
691
687
677
665
684
696
685
662
662
667
671
684
671
728
782
790
768
867
846
773
760
753
786
726
771
853
800
814
879
873
798
808
801
776
738
785
819
777
817
846
806
728
728
727
765
707
706
740
755
716
704
668
667
652
649
688
735
725
676
662
657
633
619
607
605
607
619
613
611
628
634
652
637
634
639
647
662
663
667
678
706
696
660
665
678
698
678
666
712
729
723
688
663
681
679
691
663
668
685
717
704
683
682
667
667
646
637
646
672
689
656
666
681
736
727
680
696
700
707
716
677
709
734
740
715
713
759
796
792
729
723
714
723
690
715
749
806
756
705
709
721
697
663
682
704
695
672
692
690
685
653
647
651
646
654
628
640
622
608
596
583
569
564
577
611
646
652
619
632
652
670
649
628
631
646
663
654
649
661
665
703
690
723
752
745
753
756
775
762
750
820
936
856
790
740
739
759
754
745
721
720
732
782
755
714
758
767
765
705
725
783
773
752
776
775
732
692
725
771
765
697
707
745
787
720
755
760
746
698
723
753
810
751
722
779
775
768
745
789
813
772
733
779
776
737
775
806
837
799
747
741
720
688
696
707
727
703
743
747
714
660
642
629
632
616
603
618
635
633
620
636
668
700
681
624
625
650
676
672
643
660
679
691
702
756
738
685
676
826
833
784
745
833
858
771
738
762
778
762
768
801
883
833
835
838
762
681
724
986
833
729
692
729
729
685
677
729
767
723
695
757
842
794
740
848
847
759
743
764
898
803
736
837
905
834
769
791
738
677
723
975
964
898
815
756
763
725
648
639
724
918
831
808
759
806
786
803
769
838
893
875
819
776
783
803
788
862
953
890
765
757
797
783
783
892
970
830
768
911
895
881
976
974
881
978
1070
910
992
1063
935
969
1031
905
918
956
967
881
934
954
864
856
906
821
748
839
868
789
730
779
797
761
736
835
936
849
729
709
730
783
744
739
811
841
835
876
872
767
698
691
716
727
696
821
951
869
829
921
800
709
750
787
763
793
871
906
784
784
816
771
727
731
760
753
726
739
745
716
677
669
652
641
614
652
680
671
647
603
583
569
557
554
539
537
566
599
622
582
554
549
562
577
595
564
540
530
522
524
559
606
610
632
624
594
561
541
530
516
504
494
487
480
474
468
461
456
452
449
446
444
438
434
431
430
430
430
429
423
420
419
424
432
437
440
438
438
438
438
438
441
445
453
457
461
462
466
470
471
467
467
465
466
467
464
464
463
461
461
460
464
467
471
472
469
470
469
466
461
457
453
449
448
451
456
460
460
460
467
473
476
481
490
495
502
503
507
498
495
497
512
552
589
600
569
553
581
617
647
646
604
617
699
786
682
624
577
560
581
800
797
789
675
609
585
601
646
598
596
640
661
646
612
604
676
756
732
671
716
1057
812
691
719
813
753
1037
991
854
869
1052
1059
934
831
780
743
797
932
860
836
934
890
828
790
896
895
789
931
960
745
661
1064
965
839
702
691
798
739
675
693
1086
912
947
1003
885
852
938
891
862
939
924
835
1027
1020
850
792
927
813
701
699
1132
929
731
720
1082
1036
930
898
707
636
661
831
888
744
777
801
794
731
708
679
662
727
701
666
619
607
623
688
680
712
704
722
724
690
659
720