726
761
742
720
763
784
786
739
728
1024
895
820
764
729
704
729
743
763
761
748
772
812
816
779
824
809
765
727
748
762
750
705
770
799
780
716
762
756
793
734
787
735
727
697
716
781
759
703
693
715
807
734
707
769
803
749
706
720
728
744
726
754
783
805
778
743
786
780
781
724
788
798
779
733
776
777
762
750
771
810
748
704
709
716
696
671
692
680
697
684
659
644
643
665
666
629
624
628
653
684
650
697
748
750
706
704
727
769
734
700
729
757
740
717
733
757
758
714
759
803
774
724
767
793
754
758
806
765
723
748
762
784
729
771
822
781
750
795
784
752
721
737
733
716
720
776
781
773
762
807
780
737
740
765
773
723
720
769
768
712
695
718
777
736
754
801
815
753
761
807
806
752
767
793
936
879
858
804
737
688
697
730
771
703
747
780
758
715
704
719
745
729
716
756
795
744
721
753
753
712
693
705
725
702
719
735
743
695
725
746
777
703
723
740
748
721
717
727
749
748
749
800
784
728
723
748
743
718
738
724
695
676
712
764
737
687
722
745
699
679
704
747
770
721
732
736
693
684
691
695
699
685
701
703
706
682
687
687
680
659
643
632
679
734
689
680
694
711
720
689
761
771
744
689
699
698
728
766
702
782
782
743
738
894
862
815
806
825
825
756
777
828
815
740
767
810
771
720
760
752
742
697
702
711
753
710
715
729
737
732
756
773
790
771
833
797
764
699
703
733
697
672
689
727
717
644
617
629
616
739
844
828
791
776
755
757
724
706
696
705
718
718
705
684
717
739
774
786
756
751
734
723
725
738
706
727
743
744
715
677
688
702
710
702
688
690
694
717
692
697
716
725
717
702
704
697
699
665
646
666
694
709
673
690
706
740
672
688
717
764
693
693
727
716
679
661
677
699
734
688
677
688
711
716
686
718
730
726
697
709
729
732
696
694
729
737
719
719
733
744
713
719
734
777
712
690
733
786
801
740
771
794
780
717
686
692
723
744
738
708
729
743
734
721
717
714
716
698
688
697
718
715
700
676
677
688
692
688
702
729
757
734
727
737
749
716
699
737
750
731
707
737
750
743
736
754
746
730
718
728
747
718
704
720
742
733
703
749
775
768
744
808
842
803
751
775
746
688
663
647
630
639
829
770
689
729
759
721
692
738
746
731
711
699
722
766
734
716
760
808
818
739
785
802
761
729
778
808
801
726
787
824
813
742
833
818
784
756
788
814
754
724
775
785
710
731
796
801
736
756
848
868
805
837
865
814
735
787
786
760
736
802
859
800
778
841
862
784
775
799
813
753
814
830
837
780
820
826
828
768
834
865
832
762
830
867
818
780
829
864
816
782
852
901
795
875
900
841
837
862
858
773
791
836
761
856
896
841
820
829
866
793
813
852
831
774
810
813
820
749
758
793
776
758
820
827
820
777
853
842
760
769
790
804
742
802
841
852
769
798
831
818
778
875
889
830
778
827
826
792
751
772
768
738
737
776
771
748
791
779
715
747
773
783
735
744
786
817
756
797
757
735
714
757
790
761
729
752
777
785
748
819
817
798
728
718
699
704
692
697
679
693
822
779
699
724
759
734
694
731
802
785
729
803
825
821
750
793
835
770
718
749
796
750
746
797
805
747
810
854
829
753
787
797
759
759
788
789
760
787
816
752
730
807
883
807
745
845
836
769
763
871
818
729
800
842
801
736
775
829
799
775
823
847
813
748
759
820
764
749
854
893
862
815
841
871
804
793
839
810
740
769
781
783
754
804
814
772
736
764
791
759
756
820
858
754
745
807
851
793
797
864
861
752
779
843
853
801
846
871
874
775
799
844
802
769
819
833
767
737
822
835
822
752
795
792
755
740
770
817
772
806
790
758
748
774
843
770
843
890
804
743
792
840
769
789
813
856
780
805
840
824
742
750
783
835
741
748
813
817
710
717
803
865
776
829
911
848
745
791
834
794
820
859
845
767
779
771
729
714
743
784
721
720
701
677
819
828
758
797
821
803
747
816
841
747
707
745
834
800
739
855
896
809
776
849
818
755
969
973
858
825
905
914
919
863
751
688
719
846
738
699
759
831
728
701
792
863
844
707
716
736
832
730
737
756
704
673
738
1003
954
826
704
743
856
868
837
815
773
751
786
821
802
762
794
794
830
819
801
864
927
892
868
815
804
840
812
737
853
882
841
795
859
881
835
845
898
869
765
862
911
858
808
904
912
850
755
835
908
803
764
843
863
796
816
872
854
787
842
809
801
826
878
890
793
862
828
771
741
871
915
844
785
880
953
923
808
845
980
967
856
780
869
897
877
844
870
893
869
804
880
935
865
851
926
906
824
853
944
872
743
763
848
863
802
925
953
916
905
893
844
775
873
903
864
770
842
854
830
764
853
924
870
771
810
844
809
745
785
868
828
733
741
766
830
790
715
797
863
901
807
819
783
716
705
737
766
744
731
690
684
692
712
669
652
653
654
645
629
629
665
708
676
653
645
657
686
732
760
709
700
712
754
797
731
798
813
832
787
729
742
837
821
753
830
884
872
796
834
796
788
738
782
844
850
758
736
838
917
822
792
847
845
798
854
882
840
769
829
929
844
776
844
847
859
774
771
859
919
864
800
862
897
825
800
879
887
801
758
874
930
894
877
921
918
866
846
941
951
898
923
959
934
924
984
970
888
843
810
816
741
822
943
926
783
790
975
829
790
970
939
838
900
879
868
836
978
1017
1022
1077
1042
918
765
799
880
840
891
945
884
757
867
1005
984
915
936
937
835
851
927
832
747
875
969
865
805
780
876
774
789
871
872
808
775
830
836
745
725
759
821
846
758
736
851
854
806
752
807
863
818
738
754
793
821
754
800
869
828
740
777
824
827
745
757
799
809
784
729
853
864
814
748
771
819
777
720
753
781
791
718
719
791
791
731
733
814
819
736
714
757
787
803
710
725
734
815
742
690
720
768
765
710
729
748
756
734
714
798
807
771
724
751
780
789
729
717
729
817
801
732
781
827
824
752
772
794
823
738
770
823
811
732
740
752
788
737
722
788
808
791
734
783
822
756
721
755
815
800
717
707
772
744
759
694
689
673
672
661
644
624
626
633
609
611
638
660
688
646
627
638
665
731
709
672
677
696
727
734
680
680
724
792
799
742
753
841
821
775
770
843
722
667
627
635
980
912
908
889
802
729
694
657
638
620
611
595
586
586
588
591
606
612
621
622
614
623
632
646
653
657
656
650
646
647
658
660
656
643
650
663
688
736
692
745
752
762
705
646
621
637
1039
896
873
795
716
677
646
631
616
616
609
602
609
624
631
643
621
625
638
650
666
655
692
755
782
745
715
737
726
680
669
685
712
671
650
675
732
753
700
719
763
756
700
675
695
728
724
686
717
781
874
801
765
896
861
783
819
903
881
800
865
908
834
861
917
908
851
894
897
836
819
855
863
794
791
742
679
680
709
793
778
718
851
877
808
743
785
787
725
737
812
819
763
845
925
864
841
833
827
750
871
909
845
844
925
942
859
937
1026
924
884
880
881
799
819
893
904
839
797
830
842
787
794
848
877
812
752
809
804
743
731
789
812
785
754
849
842
805
778
835
821
750
721
767
849
778
760
835
845
796
776
844
918
814
838
851
787
767
825
887
878
841
858
836
774
803
797
769
743
812
796
745
738
769
792
752
712
762
797
816
747
719
729
766
725
707
766
767
707
675
666
653
644
707
738
694
669
688
731
717
674
700
757
813
807
717
771
801
795
734
722
756
815
734
686
695
724
694
666
679
660
642
660
733
791
804
705
741
794
831
803
700
748
812
801
733
675
676
707
766
734
698
791
819
840
775
780
792
802
800
742
799
814
867
807
803
848
889
814
721
787
864
913
823
833
883
925
891
854
914
949
892
835
845
890
865
812
876
897
850
751
788
825
808
750
828
827
834
801
764
788
821
795
726
799
824
786
711
811
867
811
712
793
897
875
851
875
860
807
862
907
895
830
853
869
741
762
863
919
869
829
878
928
831
776
834
837
747
726
854
902
853
781
872
895
824
726
816
939
951
896
912
936
958
893
937
980
901
785
885
942
942
867
901
952
969
896
879
880
861
806
943
932
881
891
924
806
712
729
802
803
878
775
775
807
794
729
730
732
792
726
663
666
727
777
810
757
673
686
700
742
744
695
694
713
766
780
763
692
694
775
839
829
796
723
677
659
644
749
772
785
725
675
738
799
830
814
723
732
848
863
812
718
792
897
939
857
745
778
849
868
836
755
892
950
917
791
858
896
858
739
786
1054
974
945
953
851
753
833
961
873
785
900
958
898
804
858
891
891
821
875
972
843
756
769
771
822
714
759
873
912
892
774
722
743
825
833
818
722
768
802
846
731
761
890
899
813
824
826
846
764
802
829
842
745
794
893
838
771
729
754
781
795
701
679
690
760
799
737
727
788
810
786
694
712
831
922
877
848
851
853
779
772
790
831
809
728
664
672
664
982
918
868
838
798
787
808
808
795
828
834
833
830
824
788
812
787
753
729
824
882
907
786
789
888
945
912
826
856
896
869
823
865
852
782
705
682
693
836
860
790
707
776
815
826
907
839
873
954
928
872
798
802
861
862
782
859
862
894
818
756
810
883
876
717
718
779
791
737
702
709
690
666
670
716
724
703
673
693
724
728
734
690
672
688
744
799
841
826
742
797
878
944
848
736
807
920
925
757
805
896
910
789
934
1011
972
853
793
812
838
813
814
928
984
882
869
874
938
885
884
940
980
871
885
905
888
793
889
896
870
837
941
916
852
784
816
847
752
787
860
844
757
888
979
898
810
802
859
858
759
896
933
870
847
884
907
879
739
812
1007
1010
895
844
923
860
734
722
824
725
694
702
680
811
858
761
707
759
810
860
819
757
861
860
865
750
773
941
886
751
849
961
915
857
963
980
899
911
969
974
882
933
1031
1010
990
1016
898
876
952
902
874
971
936
827
846
917
879
906
898
797
743
794
879
879
834
738
705
722
762
835
813
767
922
1005
935
803
835
950
907
771
730
954
971
922
1018
995
873
796
856
1013
931
872
886
902
849
834
917
921
865
849
897
908
823
786
874
896
862
758
794
891
916
823
769
798
809
743
747
813
823
813
727
751
807
755
729
884
874
838
755
752
771
796
774
725
820
859
814
728
796
966
924
770
755
792
824
787
721
762
855
859
769
742
795
805
759
706
710
729
697
672
658
681
749
776
762
693
776
761
770
714
684
714
808
843
766
735
822
860
823
818
896
950
813
775
870
888
778
810
982
917
820
916
984
866
826
969
943
840
859
930
826
867
956
874
771
862
919
856
855
962
958
848
731
732
773
772
685
715
812
846
765
736
722
694
896
884
794
777
871
835
740
719
810
861
831
725
838
860
850
731
765
994
954
931
882
855
757
699
728
885
883
813
741
1050
1098
877
787
926
950
900
918
944
953
949
1037
969
838
828
900
909
842
933
996
947
1002
1017
990
878
891
940
1010
933
1008
1036
950
868
927
996
954
837
881
1008
1013
928
853
921
989
911
904
1022
952
927
975
979
902
1029
1001
915
897
959
956
833
797
901
893
785
768
938
980
790
854
907
813
719
747
764
748
703
799
965
880
766
755
783
790
775
716
756
800
798
794
724
721
772
806
806
744
729
758
830
861
813
731
803
809
829
768
710
797
938
979
880
870
843
837
732
737
817
900
815
771
858
906
813
780
910
930
772
750
826
863
765
762
849
868
815
887
931
807
776
809
852
829
726
716
783
901
783
731
807
815
822
724
790
892
852
755
774
887
887
824
787
868
878
774
731
789
846
796
735
803
826
769
688
673
663
1052
935
889
813
777
781
696
663
651
728
813
755
697
826
865
806
734
705
755
852
854
804
761
891
891
899
829
785
903
925
871
782
847
936
902
825
842
908
900
806
940
1027
911
849
917
948
828
775
868
927
753
850
1064
865
792
800
799
731
709
894
955
843
795
931
936
815
810
836
807
719
1035
998
824
740
851
884
884
739
752
908
942
830
743
898
901
866
815
869
880
817
803
878
885
840
815
853
914
881
786
867
886
779
739
752
821
817
749
771
808
854
840
762
865
875
885
751
801
831
825
710
722
724
702
911
888
826
702
715
821
853
888
820
778
816
895
833
807
868
854
782
762
862
914
852
788
883
897
808
767
888
923
845
876
936
849
830
955
937
824
770
1002
1005
872
935
998
937
971
969
890
819
818
871
754
698
729
1023
918
844
733
783
898
827
795
895
894
759
706
792
863
818
725
872
952
970
901
828
865
920
843
762
762
836
790
762
892
984
843
861
910
916
838
826
866
850
761
815
914
932
812
844
960
944
803
825
867
880
752
867
959
832
770
867
875
765
800
792
741
704
748
843
841
788
735
831
834
817
745
805
856
879
768
799
798
821
768
749
869
967
828
746
847
936
922
806
845
968
927
788
821
871
940
876
982
795
729
759
712
714
836
831
817
768
719
697
678
657
648
626
613
603
608
682
638
618
635
675
652
669
683
682
673
655
635
622
611
596
588
583
613
711
727
687
674
638
618
611
622
626
646
736
735
717
690
652
632
673
761
757
714
684
647
629
645
682
698
647
632
620
651
744
721
662
655
662
670
670
646
636
636
622
617
615
615
601
590
581
595
667
642
611
600
616
632
637
622
618
613
601
594
589
572
573
576
632
683
660
672
679
722
714
641
633
618
640
686
665
672
672
700
716
704
689
684
692
694
634
624
620
628
670
759
786
787
725
708
698
677
661
631
613
638
696
703
704
643
631
628
690
750
743
744
708
714
694
644
631
621
622
640
722
776
771
739
707
672
644
634
686
755
759
739
681
660
700
761
746
726
711
687
633
626
617
627
680
681
671
631
629
626
656
785
793
761
718
721
694
683
665
662
642
619
608
682
711
641
639
702
818
810
777
767
736
727
674
645
630
664
756
770
788
758
725
732
690
635
628
624
719
811
773
684
690
775
766
781
693
687
711
722
702
705
684
666
660
640
616
607
597
666
744
641
674
796
815
792
708
664
644
665
838
825
814
810
784
771
724
698
687
639
621
641
694
804
853
840
824
767
710
656
654
789
753
746
670
667
652
654
776
888
809
743
701
650
630
657
691
642
617
623
668
711
702
739
676
647
647
696
769
743
734
723
667
642
664
748
751
734
723
702
691
679
677
672
656
618
616
611
648
737
728
747
704
660
644
662
722
708
665
658
700
749
808
833
800
790
806
858
852
896
910
902
904
888
849
835
751
704
861
914
895
912
803
704
709
1070
958
819
737
992
1080
906
889
1051
909
772
757
850
751
1149
999
819
875
1057
944
954
1037
1031
936
1096
1050
894
932
996
984
861
886
946
1035
910
797
773
1000
922
913
969
954
844
801
783
781
804
1121
985
1083
1125
881
940
1087
1066
974
1187
1135
917
940
964
918
806
783
1161
1063
902
1061
1053
927
902
1000
1026
911
982
1001
910
1003
1066
993
1012
1006
846
727
729
952
785
1229
1102
938
1152
1139
966
991
1199
1022
1136
1122
994
1054
1081
923
945
1121
987
1008
1071
1021
988
1065
1045
876
865
1113
979
1000
1130
1060
883
989
1104
1061
1002
1045
1023
892
940
1061
854
771
1183
1142
976
987
1001
977
945
1103
1092
933
984
1110
928
778
777
745
1168
1045
880
866
1051
1025
864
876
1038
1079
908
878
861
883
788
1216
1140
1005
933
893
841
762
731
1126
1092
962
913
1072
1104
955
1092
1056
886
739
805
1229
1072
868
1007
1007
857
770
906
954
819
859
897
906
803
799
901
1019
917
940
931
821
908
983
965
955
1104
1048
943
1130
1054
902
985
1016
894
970
1121
971
994
1090
989
877
983
1017
870
938
1046
935
1002
1071
920
911
1047
952
895
971
952
917
992
945
882
986
1021
887
916
1117
1008
926
1023
999
880
972
1069
921
1016
1137
1058
841
924
1141
1026
867
772
1029
841
736
1101
874
752
1080
1044
861
958
1001
896
869
969
976
852
825
1083
1140
962
948
1005
939
837
968
1060
901
818
1122
1064
859
1035
1153
971
1028
1141
954
973
1117
1051
998
1138
1099
931
1113
1103
944
1066
1113
933
948
991
926
886
1003
1017
921
973
1092
1032
892
896
1008
864
966
1160
983
966
1050
971
872
1126
1075
813
840
1170
1080
892
771
724
724
1136
978
832
763
929
964
907
755
807
926
937
882
722
767
729
1072
922
872
729
722
802
820
859
829
760
730
986
1017
1011
855
966
988
925
784
935
1068
932
1060
1103
942
944
982
929
818
1151
1116
937
976
1117
1079
909
878
1092
955
975
1086
1001
898
1040
1128
951
919
1011
1091
1030
1010
1178
1093
962
1006
934
926
1128
1131
965
769
805
1192
1081
951
844
935
1021
954
925
1044
1086
982
1040
1035
969
907
992
984
867
911
933
985
872
964
1037
1006
948
1128
1024
895
950
1058
884
946
1074
873
833
1053
1038
882
952
1011
744
654
667
780
883
825
764
733
700
669
645
638
642
649
650
646
647
655
653
670
667
659
653
659
655
658
678
695
718
766
739
713
750
815
851
800
751
766
835
896
835
801
827
919
827
831
925
897
783
972
1012
823
709
715
897
894
939
1043
990
923
911
862
761
778
908
921
843
858
938
900
798
868
965
862
868
921
1016
950
1024
982
903
958
1012
916
901
999
1044
992
1068
1072
925
983
1026
1011
953
1104
1087
960
952
1044
1053
932
1005
1067
1005
896
926
957
951
873
936
988
941
937
995
1010
905
929
967
988
896
992
1100
957
944
1026
945
1003
1111
1018
990
1077
1061
931
944
901
802
785
881
813
742
769
872
733
807
852
813
753
795
922
931
803
861
903
790
806
924
955
784
902
1106
1063
915
954
1002
944
917
965
1026
980
1081
1100
979
1047
1144
1056
1042
1138
1053
948
1040
1088
1002
1103
1013
891
956
831
709
722
816
896
762
791
823
798
723
722
789
826
752
794
999
982
910
911
985
1024
976
1014
1029
936
927
941
920
864
925
987
924
963
999
962
900
967
1043
920
926
992
989
943
946
946
873
767
850
971
918
770
737
821
954
945
767
794
979
975
811
771
873
837
739
693
711
854
846
883
734
694
718
784
880
836
790
859
849
789
773
915
1001
924
799
889
951
974
913
865
849
895
860
843
926
895
780
720
736
699
683
744
728
690
734
742
734
697
687
714
744
745
721
693
733
874
840
761
851
1040
958
845
908
944
869
798
927
1049
917
901
959
876
805
970
1002
879
868
981
916
912
954
911
861
1044
1070
948
1007
1085
980
983
1066
985
983
1043
995
981
1045
908
807
840
867
725
738
1192
1092
870
760
920
936
799
731
873
1043
922
771
899
1001
955
877
874
912
944
793
789
897
960
908
804
868
968
907
825
980
1001
903
792
941
1104
1024
888
986
1085
933
952
976
1015
886
786
793
799
779
814
984
937
905
1003
906
775
906
940
829
854
799
700
678
694
901
883
867
826
774
740
676
659
660
733
815
808
771
710
687
720
760
754
762
771
754
691
661
650
697
878
732
679
672
700
759
787
779
763
756
675
661
659
694
754
738
724
677
656
659
691
723
714
700
687
652
636
639
688
742
729
715
680
649
640
659
680
648
675
755
776
743
667
650
644
667
724
784
791
765
684
662
646
658
684
682
673
644
639
679
753
771
688
668
662
701
735
739
702
701
729
734
716
681
653
639
638
669
694
652
666
731
696
667
682
784
880
842
820
833
708
680
663
730
875
754
815
970
914
855
779
703
722
737
683
670
749
875
837
803
780
753
724
706
668
641
640
655
677
615
618
616
654
769
755
827
800
788
770
771
684
665
648
672
724
730
740
745
688
664
687
803
817
762
698
673
729
792
748
716
674
659
673
712
707
682
651
637
633
671
703
707
695
684
653
639
671
710
698
684
670
660
642
633
629
625
615
618
654
656
673
704
729
686
656
648
656
666
674
686
704
665
651
704
818
771
790
708
681
727
793
786
783
771
748
724
710
660
648
630
644
961
807
752
758
755
688
669
688
756
839
818
713
688
667
668
707
719
713
713
695
699
684
673
678
668
648
634
628
649
717
794
755
712
705
656
646
632
645
669
687
678
659
644
630
625
618
613
624
698
770
763
718
686
714
796
825
821
784
787
791
797
785
766
770
774
791
836
909
897
893
894
930
902
932
946
957
955
932
910
908
933
971
989
998
938
787
709
751
1094
1079
959
961
1011
999
846
752
741
861
979
912
783
701
708
713
692
804
920
895
854
771
897
903
878
802
760
946
927
879
908
1023
995
927
946
958
866
750
757
892
886
775
881
1153
1032
897
988
1061
941
976
1127
1048
939
931
824
717
757
1033
857
765
1025
1006
886
875
874
914
801
888
898
861
805
985
978
888
912
941
857
828
932
910
794
898
916
916
882
954
1026
884
748
982
973
959
809
718
804
1078
1010
920
898
917
863
837
894
878
788
756
864
1009
917
800
830
919
888
830
771
808
883
934
861
875
877
788
804
817
838
743
711
710
712
901
907
799
762
842
891
823
770
894
970
867
824
957
909
783
788
902
883
780
1001
966
888
767
774
785
748
710
900
873
763
805
900
931
783
812
875
831
792
834
854
832
749
803
896
793
733
790
881
888
795
797
832
830
770
827
1024
917
794
813
971
944
836
922
966
905
861
938
944
885
938
1007
968
883
813
816
739
682
649
673
1163
1089
1009
939
753
704
705
726
737
744
734
745
754
739
702
676
725
835
894
890
829
873
923
854
773
791
905
912
870
894
958
905
806
950
938
779
770
1017
966
883
811
875
1032
969
936
916
892
833
794
843
813
742
831
1093
998
979
971
978
984
1017
979
1043
1004
947
862
860
897
784
854
971
849
805
984
979
891
948
967
911
869
919
927
813
837
845
779
737
803
821
776
771
891
860
778
817
874
823
800
813
841
770
754
802
935
785
824
891
796
738
826
913
761
709
722
695
1051
875
736
713
743
739
684
652
647
676
702
671
670
702
713
725
663
648
686
735
766
710
676
738
858
854
781
730
742
803
839
773
757
874
885
843
761
867
926
844
829
768
770
930
975
922
887
818
760
691
674
718
733
771
800
781
781
777
761
729
680
667
657
662
813
838
810
794
766
747
691
671
724
944
955
785
745
1061
977
912
820
806
848
827
771
998
905
820
776
792
817
792
717
686
687
678
703
834
841
743
713
810
906
926
772
838
1066
1024
873
783
887
1024
888
897
985
1010
893
954
1060
1037
923
1002
1024
925
900
1010
1054
919
952
1038
982
922
1039
1047
902
872
1015
1088
927
854
939
978
936
877
982
1020
928
864
911
1018
899
947
902
749
694
1249
1006
787
783
929
832
779
708
670
639
621
616
625
653
656
645
640
641
656
689
667
631
644
685
746
750
688
681
750
825
766
699
740
784
775
734
768
919
908
805
775
945
947
880
900
921
878
779
939
991
861
871
977
913
861
924
932
938
1051
983
1044
1056
993
999
1036
947
995
1040
1013
1068
1021
963
1127
1011
1000
1066
938
763
722
923
782
747
1083
996
911
911
911
825
733
993
1004
942
836
900
925
933
908
1032
1046
957
934
1072
1101
999
1023
1095
989
980
1034
1051
881
922
931
1006
1089
1036
918
968
968
754
716
863
758
737
822
787
695
641
649
641
686
737
714
701
685
683
659
637
640
663
701
731
721
710
703
675
640
633
659
634
625
636
662
675
690
719
725
801
781
710
664
664
706
771
771
767
754
770
745
742
741
685
718
828
835
828
754
688
691
734
859
818
784
754
875
1019
938
780
714
772
1024
879
846
909
946
857
756
806
847
731
764
853
813
713
768
1036
982
957
866
903
920
853
762
955
959
989
897
886
993
980
905
940
991
1005
956
925
988
1044
935
910
974
940
842
866
848
863
893
846
858
826
718
725
1013
967
924
809
786
851
893
813
849
918
942
954
839
826
951
972
869
906
945
934
860
909
943
887
759
914
1021
977
941
931
874
780
854
914
774
771
858
779
743
895
893
857
750
828
845
790
714
704
678
672
682
667
646
643
614
603
589
583
571
564
561
527
1646
769
2205
1055
4562