635
628
652
646
627
635
653
666
644
644
670
682
704
688
680
777
974
907
831
703
676
674
669
662
643
645
641
646
630
635
663
694
670
662
688
722
714
682
691
702
712
691
676
695
683
668
646
667
725
718
706
722
770
836
739
724
708
691
664
681
680
696
653
667
687
706
681
670
683
697
697
686
711
697
710
729
735
757
707
709
709
743
790
898
967
866
753
712
757
876
806
934
974
821
744
785
801
712
708
728
772
734
788
862
758
714
733
689
670
646
639
673
710
753
709
725
738
720
696
668
669
674
710
673
661
683
722
735
691
712
703
696
672
684
711
717
680
687
689
707
680
674
715
742
710
696
736
767
754
701
693
702
727
700
726
733
725
685
687
701
713
675
667
677
698
691
672
688
684
702
670
642
634
636
644
666
649
673
682
696
672
658
684
685
693
691
798
864
804
729
706
732
763
754
699
707
730
756
729
729
773
779
740
726
736
744
729
725
786
797
753
726
740
754
728
684
690
707
735
739
699
708
712
721
695
699
721
706
688
662
665
672
697
697
670
679
703
738
753
730
772
780
739
693
709
750
749
701
703
730
769
715
683
690
692
687
684
718
735
723
707
752
771
745
707
713
711
698
765
810
790
726
752
781
762
718
704
691
689
664
663
683
712
696
689
759
887
803
857
823
839
771
749
768
772
735
717
732
736
728
689
714
750
768
737
735
825
798
763
701
697
721
776
762
722
751
760
741
702
714
717
714
696
704
701
687
707
740
710
664
659
668
663
669
698
688
678
657
660
659
659
642
641
636
630
624
624
622
615
607
601
603
602
608
605
602
622
633
650
649
635
648
652
663
650
675
696
706
672
647
654
652
649
634
643
662
676
688
658
649
629
700
739
669
671
681
684
639
650
680
712
714
717
883
797
721
693
680
681
688
692
790
761
726
704
733
752
735
749
788
794
688
661
665
711
733
709
664
647
638
627
624
628
615
613
605
604
602
593
584
584
594
592
588
579
577
576
577
579
574
565
564
559
557
562
562
558
553
556
573
589
579
576
573
573
565
561
563
582
630
658
617
676
1049
948
844
877
828
869
906
844
818
1061
987
967
1103
908
782
976
1022
1002
823
694
702
1176
954
831
838
748
857
1038
967
1017
844
786
962
835
914
1097
957
964
1003
921
958
1000
859
880
985
965
957
1018
873
861
988
976
879
940
910
819
931
1017
909
864
905
897
788
1031
961
856
893
894
763
797
1004
864
867
918
833
779
986
961
876
971
961
831
772
916
798
791
919
920
862
1047
980
856
767
799
966
792
848
960
883
917
996
930
855
922
967
858
945
943
853
944
957
874
801
1011
847
755
790
916
818
804
880
824
758
775
831
798
733
746
785
765
739
780
854
795
775
832
811
750
783
833
754
726
751
767
763
740
800
865
788
777
804
816
785
765
771
778
723
749
814
838
754
732
767
782
764
726
759
744
719
697
720
755
725
692
741
778
752
710
730
753
739
692
706
729
753
713
697
725
762
743
724
772
755
724
699
728
755
742
707
698
695
679
654
652
673
710
726
681
656
700
800
902
804
785
815
729
762
896
858
760
779
830
732
719
708
699
674
762
1004
911
849
931
1026
957
948
980
924
905
961
994
907
902
854
788
812
1030
919
917
862
721
718
1048
914
865
796
745
719
802
934
772
973
1031
938
913
930
848
779
966
914
816
933
917
798
968
1012
873
786
813
736
699
762
938
802
754
815
883
774
798
967
921
791
859
833
726
714
715
729
678
685
732
814
723
729
720
731
688
715
777
825
756
726
750
760
734
705
739
769
768
720
740
744
744
706
711
737
789
737
705
712
729
752
714
787
853
786
786
828
836
785
732
762
787
770
750
767
764
714
694
700
689
689
677
745
785
780
749
787
776
725
695
721
726
749
711
697
725
751
738
733
809
805
757
743
773
768
712
681
698
783
813
747
802
813
805
765
752
857
847
772
763
853
880
753
750
769
779
728
716
712
781
744
733
779
802
737
717
701
695
680
654
647
660
699
693
655
666
699
685
713
791
813
781
741
795
781
734
706
706
680
658
678
802
843
739
842
959
773
770
840
838
730
702
707
710
680
672
717
810
777
730
752
855
827
738
731
785
833
783
728
769
817
731
826
900
858
859
822
784
796
826
790
751
787
828
785
778
825
836
756
799
881
859
793
796
855
792
760
718
683
694
738
804
720
711
761
941
797
803
874
832
753
773
813
792
765
803
839
799
775
772
753
710
722
729
706
668
707
727
726
673
666
688
736
740
692
711
761
788
741
752
759
766
721
688
707
688
707
689
665
686
713
738
694
718
761
812
748
759
751
746
700
729
729
726
682
682
722
764
735
701
736
772
752
716
814
781
714
663
659
700
741
708
681
741
818
759
713
722
752
775
727
710
736
764
765
947
996
913
940
1002
946
906
964
917
879
926
885
781
880
941
860
774
766
863
822
752
715
694
703
692
660
664
687
741
814
767
714
734
791
773
748
756
724
684
678
696
753
728
770
963
810
770
880
903
795
819
833
835
755
897
927
806
769
775
799
736
731
765
788
718
730
782
822
743
749
809
845
758
769
769
786
715
721
741
779
729
711
744
762
731
695
729
725
711
677
697
722
737
691
693
722
751
721
693
717
708
695
655
664
696
718
722
698
726
746
712
676
690
718
718
682
710
730
739
693
721
751
753
691
688
688
718
681
687
702
738
700
679
696
714
695
666
681
692
701
667
688
693
682
655
668
701
771
735
730
779
816
750
702
707
740
746
695
686
717
750
752
763
810
828
755
729
774
811
728
703
759
803
777
763
778
786
720
748
772
789
725
704
727
727
725
688
712
740
755
718
685
715
739
728
688
684
659
658
643
619
611
643
661
672
642
661
683
698
682
649
672
693
706
666
682
709
737
701
691
724
736
725
716
729
760
729
722
785
787
742
693
735
822
832
735
738
815
818
764
756
800
776
715
687
707
724
714
698
746
790
746
711
730
731
708
671
684
704
704
649
640
653
684
670
660
688
717
706
672
679
687
688
656
677
688
696
671
668
683
719
692
669
686
704
700
667
691
696
683
648
660
667
676
660
681
690
675
652
683
715
739
709
785
825
751
729
795
806
731
694
698
729
737
716
959
824
739
789
1041
881
892
911
900
792
775
871
772
736
794
821
755
755
790
887
753
759
774
813
732
736
787
815
729
737
787
808
738
746
748
759
716
752
789
778
716
750
766
781
731
758
785
769
708
739
799
774
712
738
763
748
698
732
766
736
692
716
747
785
765
843
856
791
741
750
768
730
745
863
860
782
766
754
729
675
659
654
667
663
641
661
678
692
657
661
679
685
661
646
660
682
674
653
711
743
726
682
723
737
705
649
632
621
739
969
860
851
761
810
783
766
715
722
758
778
724
726
743
808
763
751
765
805
778
793
842
822
752
765
780
790
751
797
869
804
736
744
751
739
693
719
740
780
733
751
792
757
717
729
728
754
729
764
830
768
705
737
802
813
827
853
788
693
680
666
708
720
722
870
808
759
994
881
752
730
890
870
756
855
918
789
777
839
835
758
698
714
775
774
729
805
777
729
689
707
761
734
697
712
728
717
702
728
761
730
683
705
752
753
697
740
777
794
730
780
826
784
709
688
680
684
659
690
765
752
695
718
741
738
704
808
822
730
717
783
839
732
728
768
798
737
742
814
805
725
725
757
779
722
741
793
853
731
720
736
751
719
695
763
802
729
700
689
671
641
639
684
711
692
669
680
686
675
667
696
705
682
660
657
667
670
646
664
664
659
630
631
658
672
677
666
708
756
729
691
714
711
704
669
665
643
638
620
642
676
677
639
613
634
617
621
661
669
688
656
636
664
692
680
647
664
666
662
633
653
661
694
666
653
687
699
676
645
669
676
698
656
642
624
607
604
632
604
595
617
666
647
625
622
645
666
642
682
719
707
665
646
685
698
688
684
739
765
703
693
729
786
716
744
862
812
731
744
763
730
681
713
745
778
704
729
759
767
698
696
716
722
688
685
712
732
705
680
718
775
793
719
710
731
744
709
677
692
686
693
670
673
698
702
668
665
672
712
696
671
688
711
728
684
693
717
794
729
844
761
731
688
763
859
731
873
802
779
710
807
768
734
666
650
675
707
649
626
619
646
685
739
776
726
663
631
621
621
617
613
607
604
603
594
587
598
627
645
617
604
613
645
657
647
640
622
609
598
587
580
570
555
556
551
542
536
541
559
553
550
546
542
534
531
530
534
540
543
541
540
544
542
531
530
534
551
567
578
571
555
549
546
554
568
592
583
588
583
584
578
568
558
549
544
550
546
538
539
551
573
597
598
585
575
563
552
547
555
590
598
597
591
585
582
578
566
556
554
574
594
578
567
554
547
546
577
595
599
609
598
590
581
563
560
580
599
609
599
593
581
559
553
545
543
556
582
600
591
589
582
585
575
560
558
563
569
571
582
589
583
564
562
573
582
590
600
594
581
567
560
549
540
554
585
591
606
592
583
566
562
564
593
608
600
612
611
613
606
592
571
565
583
601
595
604
583
584
612
632
639
638
636
629
616
603
584
575
563
567
594
581
589
639
658
634
643
616
597
583
586
598
636
649
664
649
621
601
597
604
622
622
615
609
589
576
569
562
577
568
581
635
646
631
622
641
637
669
649
637
623
601
580
594
692
682
659
642
612
586
589
654
677
686
656
622
594
592
615
616
586
582
585
599
603
606
587
571
578
574
589
629
630
632
600
579
569
573
616
646
646
633
614
595
578
571
601
643
627
630
622
643
623
611
590
583
598
605
602
596
601
618
606
600
591
573
568
560
554
573
620
630
641
636
628
614
611
604
595
589
577
565
567
604
653
664
628
590
583
576
619
781
706
661
631
640
663
650
765
970
792
716
696
698
734
820
704
685
721
1053
906
704
657
642
664
870
738
746
1174
954
741
849
1149
854
713
670
670
1107
890
835
779
768
758
688
655
641
661
684
686
667
626
611
600
599
592
581
576
587
598
592
596
584
577
574
564
559
561
569
564
576
598
613
593
573
570
571
573
575
591
587
595
622
639
624
608
591
580
582
597
617
634
616
599
607
619
636
646
658
667
667
639
620
616
637
650
621
604
624
722
679
641
627
630
632
617
607
610
598
584
597
607
595
606
638
661
662
677
662
645
637
628
622
627
621
618
611
602
592
591
656
744
672
632
623
615
1103
948
777
691
719
1123
995
816
1066
1179
993
1155
1193
1173
1117
1021
1073
1072
937
1157
1018
1062
1029
797
772
1192
826
773
1153
879
772
1150
984
818
941
939
760
961
1082
823
760
1147
896
885
1104
997
907
1149
816
701
701
837
1209
860
753
1122
889
735
715
688
1123
1011
764
694
774
819
828
835
998
1122
1145
849
770
891
1069
953
813
705
672
675
691
682
703
719
742
707
668
669
684
694
642
639
667
756
761
744
725
695
663
648
685
718
721
712
705
661
667
723
939
812
713
723
1151
968
877
1117
875
839
1150
913
1134
951
1130
1136
888
1157
1039
995
1129
902
753
760
1148
760
773
1191
1125
848
1085
935
762
700
906
760
1147
1116
939
1030
948
938
859
765
727
692
646
625
691
1097
771
701
725
1108
1045
1066
1025
768
872
915
808
919
1046
923
779
816
954
867
905
1027
956
839
1063
1026
896
943
1028
957
964
1044
979
923
1043
978
847
926
1034
849
1030
1016
857
835
934
878
754
798
835
722
752
848
871
789
982
1063
848
837
1017
915
835
1016
1005
849
817
1049
940
851
1008
1041
942
1125
950
935
962
799
694
719
818
858
959
885
829
759
730
713
701
672
648
649
693
1001
1004
988
853
768
789
821
811
774
804
956
950
800
750
867
969
958
821
823
736
713
750
709
698
735
1009
1167
949
827
952
946
805
944
942
779
773
866
872
925
1109
937
905
1019
864
767
839
817
765
1039
945
789
794
1094
976
981
1006
956
962
1086
1042
944
919
1039
952
913
974
903
892
1015
932
979
988
909
926
982
882
810
977
813
763
870
1071
850
995
885
790
854
1067
798
818
962
796
879
1117
945
869
897
799
774
1054
936
778
869
1045
849
794
953
914
915
996
940
830
905
902
782
766
775
833
768
858
1068
873
884
935
874
831
848
836
943
876
794
721
708
711
720
729
731
738
725
680
658
650
676
729
750
695
642
645
732
1076
1097
1053
1011
884
862
837
774
752
716
684
707
748
729
689
654
659
686
652
665
696
757
756
722
829
887
776
735
768
805
786
735
794
795
809
736
752
801
807
738
771
847
855
764
823
854
818
754
815
903
837
794
893
930
806
767
791
791
743
785
900
808
762
896
914
787
823
994
830
776
819
824
771
765
1021
988
814
822
980
878
750
770
847
862
776
837
941
806
813
1001
878
734
698
695
792
802
744
871
848
760
734
755
780
709
720
765
742
800
884
836
741
744
755
751
722
747
770
745
717
732
742
765
717
720
720
721
689
711
741
737
711
733
746
704
679
694
711
754
738
956
981
814
782
855
919
778
767
782
770
726
803
966
859
829
964
925
787
797
845
813
770
931
947
772
792
822
825
726
771
830
779
712
746
771
732
699
771
805
743
720
762
799
727
764
828
801
730
807
920
807
740
773
830
721
710
743
748
671
670
706
710
655
674
800
700
668
707
739
718
701
704
701
684
658
652
647
635
639
693
770
813
744
824
961
805
763
814
889
768
781
1072
1019
811
788
805
739
794
1083
789
730
1107
961
865
1123
1153
936
1055
956
858
723
750
1134
1065
1134
1071
1026
1036
1015
981
865
802
911
1021
927
795
749
733
722
727
701
703
695
676
655
666
692
737
754
694
691
741
781
749
709
757
794
708
729
962
838
855
1070
865
732
700
1130
792
685
803
1102
844
872
994
921
858
1030
987
826
887
1066
892
903
1094
1021
939
1028
1090
903
935
967
920
1020
1122
961
954
1082
964
851
881
978
904
1095
932
762
675
688
1131
1092
855
884
1066
972
985
1034
950
970
960
922
996
1013
887
851
1003
1026
883
1036
986
879
1048
1027
877
1039
1089
862
1138
1138
882
1037
1003
983
1100
976
895
985
961
989
1062
979
961
1032
946
937
1000
960
847
977
1016
899
976
1038
958
957
1088
961
944
988
965
1021
1055
969
993
1035
967
1056
1027
876
928
1008
926
878
943
1017
905
946
946
813
838
980
784
800
938
787
788
869
854
771
884
904
771
752
802
860
780
931
883
774
768
950
928
770
813
953
854
781
915
1059
893
833
1046
942
871
958
985
904
986
989
843
936
985
866
784
1000
899
769
813
1051
828
836
878
745
756
995
881
760
806
871
782
809
1038
945
801
978
1027
899
954
957
881
961
1011
913
944
972
945
822
822
1092
979
905
1057
1050
924
1010
1032
874
829
1057
824
1053
1051
963
979
1003
866
743
752
804
752
810
1039
855
888
945
806
719
868
895
772
1044
1001
848
901
953
895
826
959
925
774
736
1121
998
788
907
1052
913
752
809
1029
890
937
903
834
713
889
1016
802
952
935
832
903
1007
870
917
982
884
995
1051
833
718
766
968
732
994
860
729
969
899
715
790
1101
943
874
938
891
780
1023
977
866
974
1011
870
933
969
895
850
1018
911
841
1020
995
877
956
1005
951
837
1054
997
832
838
1025
869
1087
986
872
1040
1034
907
1007
1035
897
963
919
796
826
903
811
824
1058
943
902
973
908
886
914
855
736
900
902
763
839
1001
912
856
905
899
769
838
1035
859
792
958
783
729
784
944
729
929
883
766
1116
1072
905
1027
947
846
1023
1064
901
990
1028
875
952
1046
880
864
1032
888
914
931
855
727
775
905
734
733
859
1026
840
784
787
939
734
785
1058
926
805
1011
932
775
851
1056
860
790
965
917
863
1016
984
840
994
1018
801
782
1100
786
701
778
1012
728
693
831
832
783
722
758
769
776
705
690
753
804
719
710
710
706
681
647
626
647
1019
879
714
678
698
689
658
647
672
703
727
679
689
733
723
688
779
900
727
718
698
729
700
689
840
707
674
686
741
792
707
694
725
695
647
628
627
665
651
632
646
682
736
686
694
765
777
718
712
780
746
668
681
787
842
727
736
800
816
711
712
722
871
728
728
913
930
763
815
865
751
687
690
714
723
723
938
826
725
732
845
776
722
750
782
742
698
773
961
777
731
733
756
668
745
1028
905
754
679
764
1053
899
778
859
849
725
828
960
811
713
774
921
779
734
873
935
742
795
1019
855
796
1003
839
716
789
999
803
847
960
804
722
950
949
887
883
968
907
851
956
979
906
884
892
832
733
762
843
823
731
789
979
820
758
858
886
759
995
849
707
720
746
717
699
789
732
684
753
961
788
708
765
827
727
690
746
906
736
726
733
741
688
729
804
742
696
746
823
748
741
798
853
729
760
814
740
682
733
794
771
755
883
896
743
884
962
854
839
937
822
701
723
793
737
726
875
984
739
832
990
899
859
940
888
768
783
898
764
741
945
978
854
750
820
925
753
730
897
797
682
642
644
754
955
745
693
654
637
625
604
582
575
568
568
563
553
546
551
554
554
557
548
548
547
539
533
531
523
518
509
509
510
516
532
536
528
522
519
514
511
507
507
510
517
517
510
508
506
504
500
499
499
495
499
508
511
512
509
507
505
505
501
499
501
500
498
496
493
491
492
491
490
488
486
484
485
490
489
490
490
487
487
487
495
500
511
515
518
525
526
523
518
510
503
500
499
515
529
532
520
516
519
538
538
533
534
550
560
563
565
554
541
539
547
562
559
559
553
543
540
548
564
569
573
569
576
577
564
560
548
538
534
549
562
563
567
549
546
546
542
551
574
629
609
609
602
594
577
563
553
541
571
622
578
606
715
721
684
616
597
579
613
647
703
673
629
608
637
673
669
661
601
587
572
588
602
613
644
618
600
556
549
537
526
524
530
550
576
579
595
601
584
563
558
548
555
569
576
564
554
556
560
562
551
554
590
632
618
614
599
582
583
602
631
615
602
587
575
569
568
570
575
563
568
581
603
616
599
584
571
557
564
596
644
591
581
608
661
648
635
627
603
583
575
590
629
598
604
654
662
609
591
589
617
742
741
703
689
660
655
624
606
615
638
609
616
647
701
655
647
641
662
668
668
649
628
611
586
577
566
570
613
654
673
696
706
690
685
666
675
652
677
669
671
715
730
682
674
666
682
719
687
664
637
614
608
625
664
669
671
640
606
600
590
597
1101
860
688
646
645
1115
1024
752
695
1171
1002
947
1124
1134
963
1104
993
974
1064
769
681
1156
758
813
1131
1023
881
1008
1001
735
658
672
1167
1063
1000
787
719
1123
992
909
890
704
662
660
699
720
754
751
733
705
666
643
650
736
809
741
680
672
731
789
751
752
732
679
658
682
814
849
705
668
659
788
1066
899
858
1099
1106
1027
913
920
758
1195
850
905
1191
881
1148
1234
746
703
1194
1178
1069
1107
970
1041
794
731
1158
1089
1063
1093
955
945
1069
954
980
787
693
756
1166
1067
1001
951
906
855
723
700
695
655
637
627
642
721
730
714
695
681
663
646
636
627
615
615
609
596
618
650
607
611
664
663
666
623
609
616
660
699
683
641
633
654
670
660
644
625
623
670
711
666
639
627
659
678
669
652
646
641
647
657
648
637
617
607
597
598
617
621
598
604
651
681
697
676
653
649
624
623
705
756
683
652
660
678
653
668
719
689
677
711
704
660
643
627
620
656
657
647
653
653
645
643
627
621
668
807
694
696
670
638
625
622
672
633
622
621
676
711
703
674
729
754
772
694
725
947
1064
960
835
705
711
740
729
1151
1024
813
692
661
701
952
706
678
687
884
894
862
804
716
695
699
728
719
723
678
679
765
821
716
668
654
654
1097
939
909
894
767
729
677
661
669
965
1037
887
755
846
1156
1121
1070
1096
1001
1086
1066
856
713
1205
1011
938
1157
1209
846
1154
979
861
939
994
842
801
1186
963
800
1155
1040
953
1146
1057
859
813
952
720
771
1184
1044
1050
1039
895
864
907
813
771
836
848
820
1094
832
812
1028
842
916
1076
850
802
1121
859
1119
1077
905
1076
1009
986
1105
928
977
1086
883
1037
977
838
1206
1117
984
1132
855
717
1166
1048
856
746
899
754
847
1088
777
685
1148
856
898
1133
909
972
993
969
915
985
838
740
835
1032
861
1145
819
718
1109
768
1137
811
708
1161
1122
894
1035
1087
859
898
1048
753
759
873
862
781
935
890
755
687
690
724
842
789
771
973
1016
777
804
1016
909
897
1062
967
758
752
967
955
880
1066
930
767
730
1195
1089
1123
1197
1027
1066
1168
960
1110
1109
975
1006
942
824
763
864
799
729
1056
812
877
1007
768
731
795
1020
754
1059
1018
890
905
953
963
851
857
805
757
1089
1062
856
813
855
810
1100
1122
931
944
1100
977
1025
967
842
890
881
749
945
801
1037
1069
942
881
884
860
773
849
1033
836
828
1005
912
785
721
949
1122
954
871
860
908
738
896
1042
801
813
1042
866
958
1052
897
1021
1035
879
984
913
821
872
1190
813
713
714
724
675
727
1099
1020
878
854
947
837
986
997
833
825
957
857
821
982
807
757
951
1069
821
818
854
843
1057
1019
883
774
916
929
788
936
1018
780
786
1069
884
887
909
898
802
940
1000
892
967
988
851
884
950
845
750
920
874
782
909
1014
803
762
996
934
895
812
747
765
841
820
743
702
679
667
662
655
650
631
619
609
604
621
663
691
676
682
693
671
655
628
615
625
725
724
689
810
1053
771
724
899
938
734
742
862
795
765
1076
870
704
706
815
854
950
766
716
1084
886
735
918
1071
850
1074
863
709
813
1120
811
958
973
790
1072
1025
851
947
1076
896
820
1061
992
943
1105
967
1022
1135
948
981
928
778
1042
1037
863
778
971
798
739
1115
976
789
835
1067
876
789
1128
949
925
1050
913
765
999
1035
889
940
1081
954
987
1050
974
962
1014
906
825
997
820
756
867
1118
896
957
1027
886
819
1101
1015
1023
1012
985
889
955
994
925
875
975
931
919
932
932
854
1016
999
886
790
965
911
773
911
1055
811
897
980
773
951
1102
912
761
1020
1019
908
948
962
835
759
1075
1011
976
984
989
900
735
671
674
734
803
727
646
660
688
1067
976
916
784
721
670
656
659
650
657
635
625
629
632
636
632
609
608
604
622
667
686
733
745
799
809
731
717
736
763
786
745
759
733
788
807
755
765
678