1092
1152
1054
1095
1140
998
1125
1165
973
1080
1133
896
867
1227
1069
968
1040
1070
1081
998
961
830
757
1179
1182
1045
1093
1124
965
1151
1087
974
1143
1111
988
1136
1079
972
1133
1104
967
1128
1108
1003
1114
1085
907
1089
1125
934
1134
1024
1006
1198
989
1112
1152
1107
1171
1018
1003
1165
1003
1057
1124
957
1100
1127
937
1130
1058
848
907
969
781
1020
1130
930
1007
1063
922
957
1012
881
992
1062
884
1006
1083
893
954
1098
906
982
1162
911
969
1110
979
1128
1108
898
925
1085
803
738
1148
1010
899
948
1019
867
839
967
880
854
776
1215
1072
928
1054
1078
958
1057
1077
931
1005
1077
951
1030
1134
957
1106
1076
958
1133
1136
935
923
1028
865
1019
1098
984
987
1073
1080
1029
1122
990
1023
1107
1059
964
1060
1060
891
1016
1059
887
987
1152
1057
1104
1125
935
1063
1190
873
1200
1123
1030
1102
1136
1020
1007
1204
1087
1086
1221
1119
1086
1179
1023
1001
1218
1149
1133
1174
1163
1147
1115
1014
1037
1163
1002
1044
1113
908
1070
1147
929
1176
1134
818
874
1176
1028
1061
1141
935
858
1160
1035
1026
1137
1074
986
1098
1088
970
1146
1183
1146
1058
1103
1104
1009
1063
1079
1002
1112
1096
962
1117
1122
1007
1076
1091
1056
1079
919
893
1172
1075
1015
886
868
825
803
842
1196
1084
997
1074
1022
999
871
1038
1077
992
1095
1117
972
1144
1134
979
1111
1187
1018
1202
1138
1096
1161
990
1149
1137
1178
1180
1017
1142
984
934
1194
1011
897
1116
1063
822
971
1178
760
562
1266
1198
1177
1147
1153
1096
1050
1033
1046
972
736
699
700
1104
1026
1616
1319
3074
796
789
746
755
744
735
676
671
665
691
740
711
754
822
818
807
755
753
771
773
748
727
705
692
682
681
650
641
636
676
949
2305
695
681
661
690
1179
1033
733
330
837
840
853
1116
1100
1063
1062
990
977
1021
411
632
1091
1108
1009
989
966
1044
1082
1009
1045
890
753
794
1147
916
1155
1136
1128
967
1021
998
993
897
1018
1061
1065
931
1124
1042
1078
917
835
750
733
682
499
878
665
524
831
655
673
697
696
672
695
765
752
734
1037
937
894
1129
1075
984
1068
862
1168
1147
910
1218
1096
1210
1191
832
1229
1123
1053
2308
1320
1225
1019
1138
1121
996
292
495
772
4098
1237
986
1278
1240
1150
1896
1271
361
1509
394
7735
1188
4447
1161
1103
1113
1129
1109
1140
1134
894
1207
848
793
1041
882
1164
1010
977
1088
1075
864
780
759
1224
1041
999
1169
1029
1075
1104
896
1187
1161
830
1190
1118
856
1132
1235
1104
1238
1131
1189
1226
1037
1175
1017
1060
1209
1090
1101
1101
993
1134
960
994
1109
1079
1194
1149
1143
1172
1007
853
806
853
740
841
1031
865
815
769
1443
672
659
657
720
749
752
696
694
714
743
770
3652
663
674
792
1060
1023
869
765
742
1199
1064
1045
1168
959
1010
1147
1130
1188
826
1221
1117
1084
1208
971
1155
1095
1060
1242
1046
1202
1136
1062
1215
1057
1235
876
1264
1211
980
1213
1136
1139
1205
1052
1200
1170
1152
1217
1185
1187
1216
1235
1234
1232
1224
1158
1201
1129
1159
1200
1152
1186
1175
1162
1228
1104
1141
1167
1082
1143
1126
1023
1074
1096
979
1119
1114
1072
1075
1092
949
951
874
1048
983
1000
1049
969
981
1012
984
895
978
1053
915
993
1086
1011
1016
1111
1002
1143
1112
1128
1110
1050
1042
1099
923
1064
1064
863
1056
955
1146
1105
959
1128
1114
1063
1063
968
918
2733
737
728
1083
1070
1031
863
1102
1095
870
1164
1038
891
1202
1153
1108
1165
1123
1102
1148
1042
952
826
968
939
761
708
761
1190
1132
1110
1150
1127
1021
1178
1049
1202
1209
1103
1226
1154
1154
1202
1074
1053
1225
1126
995
1215
1079
1096
1137
892
1043
1229
1019
1208
1144
1062
1103
912
1169
1132
879
1145
954
939
1141
966
986
1125
838
1021
1188
929
991
1126
881
1085
1044
840
1127
1029
879
1120
1015
914
1131
1026
1033
1106
961
933
1053
967
979
1054
896
990
1115
926
940
1020
915
1112
1101
1082
1159
1069
1111
1102
1126
1142
1036
1139
1142
1132
1159
943
901
770
770
1195
868
939
1104
866
963
1027
843
735
725
1164
830
1106
1186
1035
1114
1146
1063
1009
896
1059
1086
905
1120
1155
1045
1158
1136
1111
1155
1017
1152
1063
1042
1062
841
1061
921
831
1143
954
905
843
882
1081
971
1173
1109
1105
1135
972
1087
1130
926
1149
1113
928
1168
1008
1149
1039
1080
1177
988
1148
1120
1002
1121
1116
917
1015
1058
914
1011
1046
900
901
958
791
786
1092
916
986
999
899
1047
1030
959
1034
1073
1001
1072
990
906
1009
1142
876
1051
1125
993
1105
1116
924
989
1015
1007
1049
986
994
1094
1029
985
1087
1021
1088
1048
901
994
1042
901
1076
1095
903
960
1048
864
797
834
768
1145
945
1043
1066
899
1030
1070
891
1103
1112
956
1176
1123
1138
1175
1098
1066
1081
1037
929
991
868
860
882
823
788
1070
954
893
922
892
794
925
904
750
803
767
771
895
986
956
828
786
700
666
658
695
995
893
849
784
742
697
681
660
657
630
624
609
622
672
690
691
686
675
661
653
622
613
616
639
627
612
616
645
669
691
644
636
621
615
619
669
692
688
675
666
652
631
631
621
614
646
694
699
669
641
631
639
654
637
653
731
784
773
683
675
754
749
783
809
878
806
723
702
1075
991
793
776
1163
1097
971
1050
1099
851
792
845
765
774
778
784
874
844
738
693
714
823
776
705
702
735
845
824
788
763
730
327
385
656
648
631
724
781
687
690
809
770
766
729
689
656
670
734
759
715
685
721
697
755
813
914
777
715
710
700
712
796
867
812
762
694
669
666
731
785
752
722
710
714
712
671
667
740
724
670
674
771
1071
752
830
1153
1141
1018
1099
1082
976
1099
1155
1067
1049
1010
873
984
937
914
1109
793
715
754
1131
998
950
912
891
920
885
881
774
729
1124
1100
879
961
1224
1127
1226
1013
1235
1206
1122
1253
1065
1154
1113
1043
1281
1094
1244
1036
1144
864
1335
1125
1220
1012
1223
1163
1065
1231
990
1233
1220
1199
1186
855
1248
1180
1214
1217
1144
1159
1223
1166
1180
1238
1228
1213
1154
1197
1204
1132
1207
1089
1133
1230
986
1204
1100
961
1190
1084
1077
1030
861
1109
994
934
1106
1058
973
1188
1075
1075
1143
933
1036
1124
911
1108
1125
871
1158
1163
894
1198
1137
925
1158
1122
1095
1181
937
1117
1179
967
1106
1107
924
1057
1096
877
1095
914
1012
1127
924
988
1110
954
988
1061
954
832
1138
1061
951
1123
1157
861
866
1192
1116
926
1147
1163
973
1103
1106
986
1098
1083
946
1063
1091
1011
961
1082
1093
900
1103
1100
877
972
1104
1031
1003
1104
1042
1037
1156
1028
981
1076
1021
961
967
1031
942
1088
959
989
1040
938
993
1095
942
1002
1025
919
987
1045
864
952
880
831
809
728
1110
827
755
836
961
842
1115
796
684
688
806
934
896
906
931
799
765
739
711
666
639
658
937
832
839
782
724
694
667
640
656
812
696
685
700
701
675
670
649
637
623
636
677
696
686
681
640
630
628
630
643
630
619
635
660
630
624
620
642
671
685
650
637
636
636
639
642
646
649
631
618
621
651
673
659
646
651
671
686
655
633
627
641
669
681
661
652
632
623
641
646
642
694
723
706
593
795
655
696
684
681
796
918
890
762
693
678
730
698
734
914
867
895
815
697
667
645
653
676
836
896
850
716
686
695
789
948
982
955
794
719
720
1134
1097
1097
1157
1173
1104
965
1078
866
1297
1274
1229
1234
1188
1236
1057
1229
1111
915
1253
1094
1203
1193
1031
1215
1140
1208
1172
1171
1201
1199
1211
1147
1204
1190
1267
1214
1159
1049
864
1268
1086
1303
1153
1214
1188
1092
1228
836
1233
1104
1075
1190
822
1174
1109
804
1229
1103
1137
1218
937
1178
982
1152
1029
1093
1159
989
1207
1065
1104
1164
899
1166
1091
927
1146
939
1113
1108
882
1163
1111
1157
1136
997
1104
1184
1089
1081
1051
988
1065
922
1092
1173
1090
1141
1142
1111
1119
1152
923
945
878
1256
1027
1038
1141
911
981
1123
938
1027
1043
802
750
1075
966
776
728
995
890
936
814
800
936
908
835
778
754
739
747
727
696
663
679
668
660
644
647
688
1078
1083
1134
1068
976
1078
1136
939
1029
1110
1096
1075
1123
1056
1026
1087
799
712
1087
960
761
815
1038
866
876
1041
859
820
1045
825
891
1073
886
1013
1053
994
1164
978
1017
1104
966
966
1068
942
926
1106
1008
1032
1173
984
1113
1188
1001
1200
1187
968
1217
1190
1038
1205
1126
1143
1203
909
1188
1143
987
1173
1089
1097
1169
1101
1140
1216
1100
1168
1136
1175
1188
1166
1200
1179
1185
1197
1149
1193
973
779
1210
1241
821
1214
1187
896
770
1254
1120
1136
1207
983
1012
1181
987
922
794
1211
1094
854
1061
1096
854
986
873
745
1190
1021
798
1019
1119
970
892
1107
1073
1040
1113
954
896
1131
1083
986
1168
1086
1018
1115
1111
962
1110
1139
1017
1075
1111
1075
1021
1095
1105
1022
1126
1123
994
1089
1165
1043
1077
1137
1070
1119
1183
1028
1192
1157
917
1168
1188
949
1194
1180
992
1143
1111
896
1101
1205
866
1077
1153
865
815
1118
970
954
1071
966
900
1109
1070
951
1041
1049
977
1052
1100
1019
1050
1100
993
1052
1109
1033
936
1088
1104
990
1042
1161
1048
1131
1127
963
1061
1115
1024
1100
1106
943
1081
1158
1018
1092
1094
986
1146
1098
909
942
1066
904
866
994
1124
1109
1065
1045
809
759
1182
1023
1093
1149
1038
967
1147
1141
1058
1150
1172
1139
1137
1054
1118
1136
1127
1046
1099
1024
984
1136
962
1063
1098
901
1060
985
776
1113
1117
864
1082
1078
889
1074
1079
968
1062
1036
867
1017
1121
1004
1042
1100
937
1026
1093
940
1052
1162
1044
1097
1128
1022
997
1146
1095
856
1084
1116
921
1094
1109
931
1038
1132
979
912
1103
1089
937
1049
1094
923
1000
1043
826
1049
1033
870
852
1004
995
879
938
980
876
904
1015
898
791
920
956
727
994
1033
882
875
981
970
891
966
1004
936
1056
991
887
928
988
891
989
1026
1046
1092
1109
1066
1182
1119
1098
1186
1159
1050
1146
1106
1094
1125
1057
1068
1082
951
1074
1115
836
1064
1075
914
1026
1083
1090
1128
975
1119
1078
917
1143
943
1002
1122
1006
893
1050
1056
805
1018
1081
941
926
1061
1008
989
1105
1041
961
1104
1114
979
1119
1016
838
726
1097
808
911
1154
804
736
828
1073
1047
932
753
689
732
898
826
777
744
713
699
677
646
636
644
652
744
753
714
692
677
681
664
671
646
657
649
644
698
1048
1013
905
990
1068
966
822
1093
1054
919
1018
1039
874
811
1113
983
848
1040
1046
900
979
1104
932
1137
1112
1021
1139
1021
894
1165
1020
1024
1130
978
1001
1179
1084
1106
1205
1072
1158
823
722
1228
886
1173
1201
928
1145
1075
808
1151
1104
1046
1222
1071
1099
1231
1035
1185
1155
1037
1206
1132
1165
1227
1098
1166
1218
1103
1124
1125
1064
1145
1037
1103
1147
999
1123
1009
1087
1069
893
955
976
768
688
711
1115
918
909
851
824
799
834
804
712
673
661
979
950
726
717
858
722
702
757
861
864
797
715
710
865
910
780
707
729
802
1132
797
762
1033
930
810
748
749
690
683
714
747
721
668
656
665
735
706
703
742
729
695
656
644
662
676
650
663
707
707
682
682
711
706
717
700
692
644
640
645
796
888
932
919
922
843
959
1027
1003
993
1021
1075
1108
790
689
718
1230
1186
1210
1179
1158
1193
1139
843
804
1189
1229
1205
1148
1187
1149
1069
1145
1153
1001
1136
1106
1090
1228
1089
1173
1151
1143
1195
1100
1190
1095
1143
1181
1131
1220
1102
1156
1179
1045
1174
1021
1088
1056
868
968
999
841
1024
1116
814
1145
1189
826
731
759
1175
1105
1047
1001
971
940
807
769
1176
957
1130
1210
958
762
1192
932
900
1147
859
770
1140
1074
925
1043
1057
935
1014
1024
895
848
1129
1080
919
1113
1071
908
1130
1104
887
1146
1149
1023
1162
1116
936
1179
1014
1044
1183
1078
1154
1108
967
1025
925
875
804
941
1137
859
1108
1147
956
1087
1094
909
1146
1104
985
1156
1068
913
1028
1061
867
1087
1080
895
988
1100
983
950
1075
943
756
756
1275
1193
1206
1160
872
983
1009
758
680
743
1128
860
737
728
736
756
915
838
902
789
768
749
718
705
692
696
651
628
626
651
684
686
675
635
624
631
649
684
676
639
631
661
753
798
807
759
735
676
653
656
699
784
791
792
786
689
670
652
695
699
765
847
856
799
746
710
694
697
719
690
661
715
983
974
902
811
1075
1069
929
876
935
774
1147
1109
934
1123
1095
921
1156
1143
1016
1172
1020
834
1226
794
718
757
1231
1127
1168
1235
1137
1158
1206
1135
1205
1190
1019
1192
1116
981
1223
1077
1093
1229
1063
1122
1021
1020
1119
796
778
1161
1159
939
765
806
1269
1230
1165
893
1035
1110
998
1006
1042
1047
1010
908
981
1067
1006
943
1109
1097
977
974
1086
1068
946
907
810
932
1112
994
801
816
1162
1007
831
729
1173
1071
893
898
923
979
791
1138
1079
1021
1154
1069
912
1092
1072
962
1070
1079
950
1008
987
899
941
1035
984
995
1078
1060
1055
1134
1051
1132
1142
1045
1099
1113
938
1064
1139
1039
1129
1120
1021
1159
1188
1006
1081
916
986
1128
854
804
678
596
706
1199
1026
1015
989
934
758
719
713
708
774
792
789
823
823
786
839
806
770
836
822
711
688
743
988
840
773
774
781
740
909
928
815
727
785
1003
862
953
962
978
830
982
1012
967
922
992
1015
931
983
1008
920
901
970
976
938
1048
1001
862
963
1075
985
1021
1049
944
1021
930
754
748
740
1168
1064
977
1150
1015
1124
1168
966
1151
1204
1149
1191
1096
1173
1188
1054
1091
1148
1027
1166
1127
1137
1154
1116
1116
1157
1090
1123
1142
1108
1105
892
1181
1180
1025
1112
1172
1122
1132
1101
1054
1200
1134
1103
1205
1147
1197
1198
1102
1168
1166
1139
1180
1080
1123
1135
993
1105
792
678
977
1022
997
995
895
711
1422
761
992
998
1031
1007
975
981
940
880
963
931
861
935
976
985
993
950
934
968
942
931
953
850
906
864
863
1074
1017
896
831
970
1007
958
975
959
897
933
928
909
1045
1055
997
912
840
799
892
805
713
717
1017
815
721
809
934
820
741
1038
979
891
1003
1022
878
763
1117
1009
1131
1145
1039
1145
1164
1100
1125
1128
1114
1159
1120
1046
1112
1026
1024
1108
950
1091
1084
973
1147
1069
1134
1120
911
1080
1180
1126
1160
1097
1155
1126
1156
1170
1162
1199
1006
1184
1098
1118
1139
1042
1180
1152
1110
1164
1096
1144
1130
997
1121
1101
1078
1172
1093
1108
1120
992
1139
1102
1145
1173
997
1115
1184
1046
1114
1085
1082
1157
1080
1118
1100
1059
1150
1067
916
1104
1062
1082
1112
967
1068
1054
859
1054
1042
890
1092
1060
1045
1083
970
1114
1133
1011
1100
1034
955
1070
966
1094
1142
1137
1140
1099
1170
1134
1122
1194
1058
1119
1159
995
1137
995
855
1144
1103
1117
1154
1110
1144
1113
1169
1185
1050
1087
1101
1080
1193
1104
1067
1224
950
1150
1084
1102
1223
943
1141
1178
1090
1191
1103
1034
1013
885
776
1096
879
979
1061
984
1072
1062
941
1081
995
896
809
783
1076
1072
986
913
918
1014
1058
919
718
701
862
1131
911
1002
1110
1081
990
849
845
1092
812
1138
1169
1101
1096
1100
1125
1154
1117
1078
1071
1058
1012
1115
966
798
1102
1145
823
1130
1201
938
1111
1158
1003
1218
1079
1238
1152
1201
1230
1174
1249
1187
1246
1194
1193
1213
1172
1154
1060
1233
1059
1139
1158
987
1203
1211
1137
1151
1209
1055
1161
1197
1013
1172
1163
1171
1220
818
1187
1102
969
1163
1081
1076
1162
1076
1164
1142
987
1124
1083
981
1152
1039
932
1030
907
979
946
1031
1042
1011
985
913
887
929
1069
793
682
687
1097
1051
1068
998
1047
1165
1010
766
818
1228
1209
1147
1184
1160
1181
1105
1118
973
923
865
1020
809
805
1019
951
958
764
737
675
668
667
1166
1072
994
936
968
785
727
1131
961
941
1015
884
871
1006
958
801
765
856
850
1107
960
827
808
874
731
698
1147
1096
806
762
1163
895
1139
1140
928
1123
1075
901
1204
1069
1201
1203
1108
1231
1109
1183
1037
874
1263
1159
1213
1206
1162
1256
1201
1239
1219
1222
1246
1055
1200
1195
824
1234
1221
1154
1171
1082
1121
1160
1035
1167
1192
1075
1233
1089
1111
1180
999
1120
1100
928
1166
1195
1155
1268
1164
1257
1243
1145
1243
1146
1234
1213
1007
1183
1095
979
1178
999
1068
1152
942
1011
1130
1033
1111
995
961
1104
1002
1097
1171
1078
1094
1073
1023
1155
1083
1041
1129
963
1080
1172
1035
1114
1141
826
889
1154
986
1022
1089
1062
970
1004
893
872
1095
1043
938
822
1110
1090
1040
910
995
1056
1051
1095
947
955
1122
1090
1054
930
785
1093
1206
798
828
1217
1030
855
760
1213
1130
1045
1152
1038
1037
1089
925
1111
1170
1026
1177
1115
1125
1177
1109
1210
1160
1130
1187
1026
1185
1185
1085
1237
1190
1107
1228
1150
1097
1195
849
1196
1189
825
1210
1091
1181
1132
846
1115
1004
894
1104
1137
1010
1127
1109
959
1116
1179
966
1154
1147
986
1200
1153
1088
1166
1079
1084
1160
1106
1148
1149
1087
1175
1129
1170
1196
948
1107
1191
1023
1199
1174
1076
1145
1062
1080
1146
1041
968
980
944
914
1059
1028
1006
1076
1006
1001
1098
1048
983
1108
1124
1032
1160
1045
953
1129
1141
1061
1204
1178
1127
1171
1018
1008
1163
1113
1081
1091
854
787
827
974
951
858
741
717
873
838
1076
1132
998
1015
1096
1021
1124
926
915
1007
1176
825
718
1150
1149
917
817
1222
1211
1116
1174
1149
1037
1099
1088
1060
1095
967
1050
1107
944
1085
1176
1029
1213
1190
1143
1169
1048
1116
1136
950
1100
1214
1107
1220
1105
1184
1215
970
1177
1173
1146
1190
1066
1186
1235
1038
1173
1150
977
1172
1109
1072
1099
840
821
1190
938
1146
1187
791
987
1239
843
943
1224
1042
1088
966
1045
1174
1039
1130
1139
1048
1104
1046
858
1140
1025
1063
1133
1082
1084
1139
1058
1075
1094
1017
1107
1127
1069
1146
1118
1063
1102
1058
1056
1114
982
986
1106
1013
1062
1102
1061
1061
1080
1018
1033
1153
1082
1054
1136
1063
1097
1096
1001
1045
1037
909
1058
1107
988
1023
1071
932
1107
1050
1015
1091
982
970
1029
869
764
681
1216
1082
962
913
788
771
711
671
672
655
645
624
679
908
878
942
905
937
941
950
908
814
879
912
834
738
771
1019
863
777
823
887
814
739
724
744
765
727
757
764
732
697
712
706
669
716
861
865
777
845
974
872
824
989
975
832
781
936
875
793
876
860
750
1025
936
823
958
967
901
993
994
905
929
950
957
943
1022
967
993
1075
1001
1045
1070
1002
1091
1060
932
1028
1084
926
1121
1057
916
1070
1097
914
1136
1079
871
1015
1061
945
1063
1087
1026
1095
1059
1058
1083
1023
1045
1090
973
1013
1120
983
1092
1147
985
1103
1101
1003
1111
1093
955
1098
1099
1093
1106
1034
1081
1085
973
880
872
800
749
735
1195
1029
978
1037
963
854
1010
1017
881
979
1000
1013
1030
961
948
981
992
989
1065
1005
1034
1079
1004
1029
1047
916
1047
1095
1027
1079
1040
935
1053
1009
942
1037
928
979
1035
924
998
1017
868
890
1059
897
1028
1043
940
956
948
860
865
1009
880
921
940
854
782
793
942
869
954
856
790
859
902
826
803
773
702
666
670
767
808
744
686
671
746
773
783
704
695
706
755
868
822
727
712
715
745
783
760
744
695
829
1096
1014
998
1019
861
800
1046
797
706
747
960
898
784
1058
999
954
842
1030
1029
941
1084
1101
1016
1117
1063
990
1106
985
909
1131
1093
949
1154
1176
1150
1169
1104
1159
1112
1113
1038
1170
1067
1107
1180
1115
1144
1092
1097
1170
985
1095
1057
827
1110
1153
899
1116
1073
1058
1136
1000
1072
1114
987
1066
1080
976
1085
1110
981
1059
1087
1009
1081
1117
1050
1068
1090
1000
1053
1014
937
1042
999
987
964
878
836
1115
909
902
945
1077
1041
940
850
847
850
812
696
678
724
1001
817
782
731
679
668
646
635
630
645
640
637
714
768
938
863
882
835
917
864
780
724
691
729
713
721
1065
1031
996
779
867
1107
984
857
1029
1005
964
865
1084
1092
964
1024
820
729
1191
1115
979
983
1112
983
987
982
1077
894
1146
1104
938
1158
1028
934
1151
1060
1006
1157
1096
1062
1070
773
689
707
1085
954
952
813
938
979
850
815
772
687
631
674
1071
934
918
853
779
795
794
713
706
740
791
757
705
701
727
804
843
869
870
854
820
773
793
874
895
746
712
789
1014
1023
980
914
1017
978
766
750
1063
1036
885
742
836
1047
821
795
1025
1078
980
789
698
696
1044
1043
976
1013
969
1056
996
983
952
753
728
1099
1064
920
989
1058
1014
992
1053
1077