805
890
937
894
879
856
813
836
844
837
917
1040
1003
975
910
979
990
1007
975
934
916
983
948
939
1015
1012
938
878
1068
1098
1036
891
728
717
752
922
771
1103
1099
907
929
1023
883
776
1063
1026
1026
1115
979
872
955
1073
920
1021
1073
992
962
974
975
837
1222
1237
957
945
992
832
790
1135
1008
882
995
1014
972
799
826
917
761
819
1112
917
1162
1138
891
834
892
910
891
805
761
708
761
757
702
745
826
864
752
810
1043
960
898
828
972
1026
985
947
1043
1052
988
1055
1021
933
1002
1010
920
978
1063
1045
992
1092
1046
939
1001
1027
865
723
712
689
785
1017
813
749
889
1127
1064
872
785
1037
1001
935
998
1123
1049
927
936
981
932
758
868
1150
981
838
920
1108
1036
1046
1111
1082
1013
1110
1161
998
1015
1100
1056
985
1104
1080
906
848
1158
1081
996
1066
1104
1038
909
1006
1092
960
1015
1060
979
970
1042
1032
895
899
1063
978
977
1062
1010
857
851
1136
1020
981
1008
977
896
1026
1161
1035
1122
1120
982
1065
1173
990
828
1104
1100
991
1012
1057
938
975
1065
1097
1025
1061
1046
1052
1117
1038
992
1148
1092
1013
1045
1099
951
986
1116
1101
980
1057
1130
1044
1046
1066
1010
1125
1132
992
1015
1070
981
942
1034
1098
927
986
1060
1015
969
1014
958
944
936
913
797
1545
694
717
805
912
879
757
736
1066
1145
1067
918
955
1047
997
896
753
719
862
993
817
904
1012
920
801
870
1039
945
848
744
771
1061
982
941
1067
1092
1019
1085
1100
960
1069
1059
923
818
1073
1085
888
1090
1116
970
1142
1167
1002
1137
1149
965
1164
1081
961
858
1137
1135
956
1072
1180
1037
937
1183
1196
1021
1120
1214
1065
1104
1150
1151
919
1104
1125
1050
1179
1054
983
1213
1211
1004
961
1222
1202
1120
1173
1062
1078
1081
1023
1004
1189
1130
1065
1088
1096
957
1007
1050
982
1014
1038
1008
1030
1111
1046
961
1101
1081
946
1029
1116
1089
1035
1128
1075
1096
1143
1037
1112
1147
1039
1099
1220
1034
1064
1176
1146
1070
1017
991
1086
920
935
1036
1097
937
1044
1064
925
972
1098
988
939
1086
1031
963
1158
1179
1021
1169
1122
960
1142
1166
954
1162
1171
1017
1064
1132
1055
1106
1153
1117
1113
1063
853
734
829
1115
977
1050
882
757
919
1060
965
961
1021
986
1007
1027
944
976
1011
988
981
1040
1027
977
1046
999
981
1015
1033
1013
1062
954
961
1096
1025
1072
1053
928
852
976
1025
881
948
1002
893
977
1003
900
873
1027
1035
937
990
1014
857
735
674
787
1146
1001
1002
906
729
700
707
741
735
701
729
761
755
751
773
785
782
735
736
781
815
813
755
848
1018
794
1475
785
980
788
928
779
783
930
760
742
833
847
744
814
755
860
2036
595
3060
970
933
783
696
687
783
1060
819
1044
1069
1069
986
1139
2830
1058
1102
1108
1031
1053
1096
1040
1105
1101
976
1132
1119
870
871
1177
1174
1233
1126
1128
1144
1005
1201
1218
1202
1212
1152
813
838
1216
1209
1144
1085
1118
1199
975
1137
1158
1081
854
1134
1187
1095
2041
705
709
727
1072
1124
1051
1050
1071
1080
948
964
1104
1112
1104
1049
1077
1028
975
913
877
840
1174
1180
1100
982
1009
1073
1029
1043
1052
1057
1040
1075
1083
997
1014
1058
991
975
995
994
834
878
1134
1092
992
1091
1147
920
866
1151
1058
893
780
1102
1157
1039
1129
1163
1055
1078
1101
1061
1047
1083
1035
1000
989
1018
902
831
1021
1103
1080
1095
1015
1040
1097
1069
1135
979
869
732
710
783
1171
1112
1121
1154
1038
1036
1092
904
964
1169
1082
1041
1084
888
748
1166
1202
992
1133
1187
1021
1146
1178
1061
1159
1144
984
1129
1193
1085
1200
1210
1055
1293
1207
3458
879
1225
1224
1223
1247
1162
1248
1142
1210
1203
984
1062
1211
1133
1123
1167
972
1120
1175
1102
1069
1172
1113
1119
1144
1016
1029
1053
992
967
1162
1077
891
863
1052
841
1201
1066
1066
1188
1104
848
1052
1138
1094
1043
1128
979
901
1158
1153
990
1063
1066
1001
884
1122
1089
953
985
1063
1024
950
967
1047
1014
942
996
1010
975
971
1005
1058
1034
970
1118
1128
1072
1148
1168
1044
1167
1141
975
1177
1141
1085
1112
1044
939
858
1155
1065
1035
1192
1091
1194
1188
1102
1257
1230
1195
1231
1029
1201
1226
1089
963
1270
1255
1217
1254
1184
1135
1187
1003
891
1216
1224
1074
1218
1204
1025
1154
1199
1123
1147
1125
1136
1135
1033
1011
1159
1163
1156
1180
950
1057
1189
1087
1158
1175
1065
1127
1042
891
1157
1149
1021
1173
1158
1144
1196
1130
1094
1207
1130
1065
1221
1174
1063
1168
1138
798
783
1225
1211
1182
1099
970
1191
1188
831
743
896
1132
910
762
716
780
726
742
819
1069
946
865
1035
1064
939
959
986
974
907
1021
1072
930
1009
1071
966
1024
1104
993
1063
1131
1032
1050
1122
985
1123
1154
980
1145
1175
1070
1196
1200
1078
1158
1173
971
1116
1130
943
996
1130
1020
1133
1184
1054
1083
1100
921
1053
1164
1083
930
879
1151
1120
1171
1186
1039
1163
1207
1046
1140
1001
925
1008
967
1196
1192
1146
1161
1126
1135
1208
1208
1031
865
816
1118
1191
1063
841
1107
1145
1070
1132
1097
1022
1121
1166
1024
1102
1170
1104
1117
1020
781
699
687
710
1178
996
964
935
763
684
657
672
773
793
811
795
737
769
769
702
691
709
740
685
670
698
721
720
680
655
649
653
660
646
636
640
657
665
645
633
633
657
650
631
626
650
700
716
712
686
1313
632
618
634
775
693
689
678
664
653
661
688
711
703
655
648
643
636
637
640
644
637
634
633
621
617
623
625
634
613
608
609
629
659
656
655
654
637
615
610
605
626
656
622
623
656
670
682
704
729
748
739
713
676
651
641
665
711
768
774
707
687
745
836
3063
712
1120
1082
1027
870
724
712
961
881
1569
694
679
692
753
809
810
484
1910
768
708
708
813
740
771
828
827
806
695
688
674
745
948
934
883
848
2560
751
761
1198
1147
1197
1202
1166
1169
1206
980
823
782
1269
1217
1175
1238
1178
1219
1245
1022
1235
1197
885
1211
1154
1038
1253
1104
999
1121
1032
1185
1206
1145
1276
1240
1270
1264
1279
1288
1233
1297
1281
1306
1271
1293
1278
1206
1262
1244
1125
1220
1189
1213
1248
1181
1216
1163
1152
1216
1143
1161
1217
1069
1202
1216
861
1222
1224
1065
1153
1223
1180
1189
1123
883
1179
1182
1098
1139
1103
1009
1101
1128
1058
1133
1122
1078
1133
1169
1104
1112
1182
1076
984
1124
1127
1018
1130
1172
977
1036
1214
1104
1116
1166
963
1014
842
1042
1184
1095
1186
1141
901
1135
1162
992
1169
1214
1110
1112
1217
1146
1148
1149
1114
1146
1175
1154
1158
1137
986
1154
1207
1093
1213
1219
1057
1187
1199
925
751
1229
1131
1147
1208
1081
1178
1212
1142
1229
1230
1146
1217
1168
976
1148
1080
979
1124
1097
975
1144
1107
1090
1157
1184
1075
1121
1112
953
982
1169
876
775
1190
1171
1159
1168
1187
1132
1158
1132
1214
1212
1118
1159
1198
1192
1168
1185
1099
1115
1140
1059
1063
1148
1080
1021
1162
1117
1011
1067
1123
1094
921
993
1025
889
743
747
729
1223
1150
1078
1175
1112
977
1113
1154
1041
1107
1195
1093
1135
1136
1073
1122
1141
1100
1092
1111
851
820
1175
1076
1122
1188
1151
1107
1126
1147
1107
1095
1142
1131
861
890
1215
1116
1085
1136
1141
1159
1095
995
983
1092
1023
1123
1212
1127
1081
1030
885
1010
1035
1053
978
749
694
703
1182
1043
1152
1072
986
1179
1139
904
823
1013
1029
940
931
858
748
723
814
1109
1036
1265
1197
1066
853
728
677
1209
1290
1260
1198
1196
1167
1118
971
1053
1092
1035
957
1019
1041
1064
984
989
1049
1025
1055
1109
1028
943
1044
1163
974
1142
1205
1112
945
1202
998
1037
1104
1027
1001
806
748
931
954
1012
938
752
721
797
881
861
759
707
689
740
798
711
711
757
795
821
792
744
701
708
736
792
723
713
800
758
760
783
824
830
813
781
779
720
707
755
896
899
834
738
721
1138
1105
1077
1062
1030
1046
1086
1153
1175
1125
1035
1127
1154
1044
1064
1162
959
771
782
746
1231
1130
1016
1095
1101
964
825
1118
983
794
1121
1173
1020
1196
1093
877
1277
1238
1035
792
746
1218
1088
833
1157
1086
856
836
1201
1075
1055
1210
1188
1098
1163
1089
954
1203
1062
887
1180
1154
1088
1150
1160
1100
1189
1228
1171
1216
1216
1104
1229
1225
1207
1286
1215
1244
1277
1177
1272
1271
1249
1232
1168
1131
1217
1166
1104
1169
1127
1053
1168
1163
1049
1143
1136
1052
1100
1105
1022
993
1149
1115
1130
1167
1102
1199
1172
1172
1241
1190
1199
1207
1005
1270
1231
1117
1250
1184
1038
1233
1238
1013
1221
1174
817
822
1193
1021
1040
1108
1129
1045
1131
1098
1091
1075
1139
1087
1000
1187
1184
1030
1216
1240
1140
1175
1242
1168
1236
1202
1174
1180
1148
1106
1034
1100
1131
1048
962
832
792
852
971
1029
761
711
746
815
828
893
783
710
669
658
707
786
830
835
837
817
686
1529
678
721
751
690
774
797
748
747
728
757
1070
969
922
742
697
684
704
734
721
680
672
663
680
733
794
752
712
685
665
649
637
643
645
622
616
615
614
613
608
602
604
622
621
624
615
622
624
1253
613
600
596
598
622
653
665
659
657
651
628
622
619
633
672
675
662
636
633
649
716
717
705
669
688
1429
665
671
712
740
760
717
674
663
672
703
673
678
716
703
699
714
686
720
703
724
771
778
797
796
742
686
687
722
711
713
717
723
725
683
669
714
721
719
715
761
748
679
675
851
1151
996
973
932
1061
998
855
1122
1073
1108
1171
1180
986
1224
1157
1074
1090
1202
914
901
1032
946
778
807
1199
1129
1195
1186
1078
996
948
838
728
722
1104
1024
959
949
2603
726
729
1642
728
727
2812
722
1635
761
841
995
842
897
780
841
921
784
808
1093
901
760
767
2626
709
692
693
752
844
953
841
746
746
794
868
891
760
759
827
774
782
1000
952
2411
840
860
753
799
1125
992
906
858
734
680
683
713
1228
1136
1188
1175
1063
815
1265
1226
1206
1193
1172
1155
1120
1081
1101
1067
1145
998
1086
1185
1137
1209
1217
1128
1254
1251
1202
1220
1044
1219
1219
1146
1245
1167
1193
1278
1148
1247
1252
918
1212
1179
942
1193
1123
1146
1173
1094
1091
986
935
862
1190
1235
842
1179
1186
952
847
1108
1226
1292
1124
1251
1293
1198
1207
1197
1218
1041
910
1082
923
1213
1216
1159
1007
1195
1221
1039
974
1053
934
1154
1061
977
1025
596
2154
760
756
836
833
741
728
838
862
942
1027
908
905
828
736
705
697
730
867
1093
1005
903
739
706
730
736
692
713
793
920
771
752
786
783
1498
699
689
720
702
679
698
683
732
826
868
867
2296
694
685
752
848
724
721
1076
1005
1001
991
876
757
808
4479
857
933
1242
1209
1088
1226
1219
1153
1200
1014
1189
1108
833
740
1149
926
916
956
1036
1033
781
731
879
1042
893
1814
741
754
1172
1184
1084
1224
1250
1152
1270
1102
1095
913
1297
829
1317
919
1280
1239
1235
1036
1280
1245
1251
1251
970
1257
1275
1199
1105
1195
990
1064
1171
1132
1125
1203
1054
1219
1278
1243
1272
1234
820
1289
1264
1288
1266
1313
1271
1217
1279
1255
1215
1233
1185
992
975
1220
1034
1070
1059
901
777
1137
868
1155
1184
1054
1102
1197
1137
1116
1239
1191
1199
1290
1197
1215
1292
1198
1246
1257
1172
1250
1026
789
1202
1207
1098
1125
1187
1089
1138
1156
1113
1132
1146
1050
1101
1172
1091
1181
1212
1133
1233
1212
1145
1263
1224
1234
1290
1197
1245
1271
1080
1217
1182
1006
1228
1204
1065
892
1240
1215
1170
1213
1166
1089
1179
1184
1110
1137
1143
1085
1135
1161
1082
1093
1065
1102
1208
1140
1143
1232
1163
1172
1205
1144
1141
1234
1151
1251
1232
1091
1206
1247
1090
1180
1228
1123
1207
1203
1107
1193
1200
1106
1143
1140
1056
1215
1162
1148
1186
1090
1049
1225
1151
1129
1204
1055
1188
1236
1203
1263
1269
1147
1235
1245
928
1171
1221
918
1212
1198
1171
1204
1011
822
1212
1217
1091
1193
1181
1140
1133
1005
1013
922
771
770
1204
1144
1053
859
852
1125
1148
1078
1151
1029
830
754
1135
1125
1146
1184
1109
1162
1135
988
1126
1145
1106
1125
1099
1128
948
1055
1134
856
790
888
905
835
1213
1123
1129
1164
1008
963
1118
990
1109
1154
1045
1124
1173
1024
1176
1170
989
1141
1190
837
854
1189
1112
1113
1163
1036
1054
1113
1040
1115
1152
1104
1119
1156
1042
1104
1066
883
1012
1146
903
1184
1221
1188
1188
1239
1119
1110
1224
1149
1182
1251
1167
1229
1191
983
850
909
776
720
749
1193
1212
1087
1155
1182
1074
1087
1135
1095
1123
1127
1063
1080
1172
1193
1172
1169
1183
1189
866
789
1247
1204
1152
1217
1163
1036
1152
1129
1017
1047
950
1085
1077
855
780
1115
1050
1117
1058
846
787
1018
938
1078
1124
1088
1181
1104
1017
1088
1008
834
864
1260
1285
1235
1217
2046
708
692
726
1048
936
912
857
791
774
777
758
693
665
688
715
659
653
674
728
732
744
727
697
669
1291
623
616
653
707
657
638
643
690
730
682
658
652
679
715
697
699
688
657
647
645
657
674
679
681
656
647
648
648
651
1304
633
624
621
639
646
650
593
1369
637
633
622
622
649
686
681
1308
628
619
1918
651
658
2581
624
623
672
904
700
688
807
1112
941
784
802
840
895
772
773
738
707
747
794
798
798
813
838
796
791
776
698
685
684
763
900
868
771
797
936
1136
968
768
738
1178
1152
1132
1186
1101
1098
829
806
1203
1197
1216
1197
1170
1100
1110
1071
1095
1181
1142
1194
989
969
1248
1241
1285
1216
1268
1230
810
1300
1262
1178
1157
858
756
1018
765
1188
1126
1126
1086
1088
1098
1102
1015
818
1060
1157
1066
1115
1227
1037
1188
1259
997
1212
1233
1057
1233
1211
1194
1201
1131
1170
1234
1069
1128
1219
1131
1031
1180
1151
1032
1125
1168
968
1082
1215
1010
1103
1165
962
1183
1186
962
1212
1215
1097
1195
1194
1029
1090
1175
1151
1085
1158
1125
919
1033
1164
995
943
1125
1065
965
1079
1146
1059
991
1112
1155
979
1097
1170
1021
1101
1155
1006
1076
1164
1021
1174
1166
1048
1232
1200
918
1110
1206
983
1192
1189
1105
1214
1192
1048
1219
1197
1071
1070
1053
970
1156
1099
1024
1076
1082
934
1146
1175
1037
1011
1166
1058
1047
1137
838
731
1229
1203
1107
1223
1219
1142
1165
1180
1133
1078
1107
1027
957
1175
1138
956
1096
1101
970
1031
1185
1039
991
1124
1048
891
957
1043
952
991
1022
948
789
709
696
1145
1041
904
923
928
827
799
1114
1090
1089
1138
1046
1112
1027
881
979
1021
823
756
1108
1032
927
956
1099
972
974
1053
1025
948
983
975
832
789
918
849
798
1147
1082
833
787
1081
1006
911
1098
1065
1045
1122
1058
977
1126
1123
988
1146
1140
1011
1101
1142
824
795
1153
821
817
1034
994
971
852
805
782
741
687
683
694
690
761
765
738
690
696
716
700
690
697
651
634
650
722
757
767
769
709
667
653
665
646
636
644
703
808
816
725
709
727
736
740
733
715
721
705
684
670
647
635
648
699
720
679
659
660
647
644
636
646
663
684
682
688
658
653
665
688
678
649
637
638
656
662
665
646
637
660
678
686
651
644
670
702
733
706
706
715
676
671
698
732
732
705
674
657
641
641
672
766
927
897
854
822
787
750
704
676
674
684
699
935
900
847
797
817
800
712
689
688
749
697
684
705
781
753
733
748
765
740
726
697
664
660
696
661
663
702
762
810
813
771
742
686
671
702
769
741
728
749
805
771
2133
660
656
688
728
678
693
744
839
821
778
1487
682
697
690
672
702
813
742
717
779
818
828
739
713
757
768
753
722
682
676
715
767
790
713
684
702
720
700
698
748
830
887
809
748
695
704
754
830
850
831
833
839
810
807
838
793
698
688
719
1135
1094
1063
1082
1046
999
985
1046
1021
1007
994
990
1040
1048
997
879
881
1180
1081
914
1024
1091
1043
981
1118
1148
1075
929
998
1195
1121
1006
1174
1122
877
1230
1204
1107
1018
1198
1184
1109
1210
1167
990
1146
1139
923
1113
1107
957
1033
1107
926
975
1142
1022
1018
1125
930
886
1124
982
1121
1139
1082
1093
1136
1165
1071
1168
1180
1020
1185
1139
978
1137
1162
1003
1007
1065
938
996
1081
1019
1040
1117
1077
998
1133
1026
930
1124
1059
974
1091
1134
899
1062
1150
1008
1134
1208
1104
1151
1209
1166
855
1244
1199
1130
1090
1193
1132
1086
1154
1188
1072
1147
1153
1165
971
1013
1107
1047
1048
1086
964
1031
1096
969
1016
1083
1002
1114
1087
943
1105
1008
933
1011
1000
883
1161
1128
1033
1122
1193
1077
1063
1152
1137
1166
1133
1057
1118
1065
901
1028
1079
984
1080
1085
969
1062
1108
1014
1098
1143
1050
1065
1132
1053
1063
1141
966
1177
1132
1154
1209
1039
1143
1162
1039
1120
1100
953
1067
1039
902
949
1045
864
928
1076
978
949
1039
999
894
1011
1011
892
905
896
736
707
824
972
724
704
1054
964
832
747
858
1007
826
924
1048
804
737
771
860
1064
1067
1088
935
1082
1063
928
1041
1052
977
1037
1093
992
1015
1049
927
918
1027
915
822
1086
984
824
797
1080
1003
844
998
1064
925
886
900
863
833
1129
1038
863
1050
1061
832
752
1099
1018
894
979
800
828
1088
823
826
1100
1013
808
832
1103
927
967
1087
947
789
1113
1074
881
832
887
725
711
745
1036
963
916
893
798
740
679
688
690
694
800
891
861
773
725
734
772
787
824
818
784
745
689
668
692
783
749
695
730
792
822
838
741
736
776
800
729
721
793
720
692
693
736
825
831
790
762
685
671
663
710
767
773
741
737
715
676
663
699
1067
948
1050
1041
1047
1064
1010
886
803
1114
1050
963
715
664
679
1170
1073
1116
1093
1049
1017
1035
1003
967
902
853
893
970
988
871
848
925
1031
1003
903
970
871
918
1125
1093
999
922
941
1133
943
771
909
1117
1046
948
739
718
901
1110
1049
1051
1058
1033
1000
970
911
844
1091
1080
1095
995
1125
1125
1066
1028
1062
1009
853
820
1025
1009
839
948
1061
869
997
1099
1012
967
989
966
891
1070
1054
908
1104
1127
1021
1135
1111
935
1094
1065
964
1122
1125
1104
1094
1011
864
975
1009
843
800
1083
1020
899
886
1056
950
867
855
1057
968
844
888
1101
965
1021
1056
870
726
850
1077
846
939
1086
977
959
1035
1048
1032
952
919
965
988
991
838
749
787
883
917
752
748
903
1096
817
729
758
843
937
913
853
800
750
714
728
761
761
716
687
726
830
838
734
737
778
779
779
698
680
715
794
883
874
833
805
792
768
702
710
1134
924
818
1144
1100
1031
995
933
1010
1031
964
901
1064
1052
1016
811
723
1112
980
816
873
1140
992
988
1023
927
808
908
1133
1159
1010
973
1140
935
791
912
923
744
692
668
702
835
876
906
869
829
819
815
726
688
702
724
849
891
881
793
708
688
751
895
803
718
700
777
884
873
782
702
688
1052
886
811
1466
672
667
734
881
911
882
854
810
1575
678
680
688
1126
1122
1100
1076
1069
921
769
749
713
693
821
906
863
803
742
837
1041
1014
988
986
946
995
968
895
815
786
936
1074
1023
932
995
981
828
763
1148
996
928
1137
1127
1002
1153
1180
1096
1122
1156
1092
1164
1030
1006
1045
867
844
1119
895
842
1146
1025
1075
1113
998
1053
1012
894
1099
1126
969
1048
1066
913
969
1131
957
1034
1088
981
1064
1107
1019
1059
1152
1095
1046
1150
1166
1077
1169
1192
1136
1158
1119
1041
1063
958
785
717
1160
1171
1105
1092
1095
1085
1086
1088
1067
1051
974
993
1071
1003
982
1090
1064
1013
1094
1058
1048
1116
1063
1143
1119
967
1029
1117
1012
1082
1093
942
739
704
1118
819
746
742
765
884
791
781
761
764
818
742
761
763
752
717
698
700
704
708
711
684
681
690
706
723
706
710
711
699
672
653
658
658
694
757
803
808
837
909
843
734
753
826
762
727
727
700
696
743
815
780
718
1028
1033
1011
911
800
1031
1024
963
857
1004
990
910
987
999
999
866
748
819
1080
1028
958