1078
1055
1075
982
1058
939
1107
946
1035
1156
1049
1023
794
993
1057
1017
822
775
1081
1020
824
1049
945
1089
1010
1106
1013
1114
1108
1049
1160
890
1176
1103
1114
1023
1051
1117
1147
1095
1074
1072
878
720
723
1172
1133
1048
1094
934
973
1067
989
1084
1004
888
1161
1193
1096
1127
1060
927
1166
1117
864
871
882
1146
1098
1177
1106
1051
1119
1019
941
1101
992
984
815
1150
1038
991
1106
987
1057
1085
955
1101
1146
976
1165
1111
824
1140
1170
1097
1169
1090
1155
1199
1205
1092
1073
1167
1138
1124
924
1092
1117
894
1188
1156
1130
1142
1095
1104
1055
1090
1053
1026
1162
1126
1077
1123
1013
1103
1132
900
1135
1128
1140
1141
1117
1181
1072
1157
1137
950
1145
1126
1123
1081
1104
1130
1135
1157
1106
1151
1069
1101
1168
902
1197
1172
958
1183
1166
1105
1202
1126
1189
1111
1120
1086
1183
1137
946
1200
1179
1102
1270
1154
975
783
752
1110
958
1228
1136
1012
752
686
726
1066
977
910
738
736
765
884
901
921
854
889
959
1045
1051
1043
993
896
972
1050
985
905
771
1131
1064
1044
1092
846
910
1140
940
1193
1052
1199
1163
1199
1100
882
1140
1079
1001
1043
865
989
1011
1070
1166
1139
1151
1102
1139
1150
1173
1164
1168
1192
1160
1134
1038
1077
1112
1129
1153
1099
1103
1112
1149
1146
1055
1130
1090
1059
1093
1079
1071
1038
822
1040
1130
1021
1082
1053
1108
1090
1084
1124
1075
1040
1037
1041
1147
1145
1115
1167
1091
1126
1117
1103
1160
1108
1120
1091
1023
1108
1061
1034
986
1077
1078
1003
1051
974
991
1128
1019
1075
1038
851
1071
1110
1090
1110
1056
1176
1118
1109
1104
1127
1152
1053
1167
1083
1089
1092
947
947
787
1075
938
959
956
827
956
1017
842
1021
1057
898
1109
1045
1109
1099
1114
1124
1028
1113
1057
1033
1066
856
1105
1030
1053
1111
1015
1099
986
1155
1155
1076
1088
1031
1096
1046
1071
1057
1063
1144
1105
1153
1115
1101
963
805
1152
1030
1154
1065
1110
1087
1094
1114
1033
1078
1061
1058
1092
1061
1069
1029
1108
1079
1073
1043
1098
1041
1030
1035
973
1028
1037
1111
964
1001
1076
973
1094
1001
987
959
1161
1111
1034
978
1002
979
1054
994
1078
902
948
827
1003
904
897
824
688
661
660
670
657
642
632
1828
584
574
586
578
584
604
600
584
578
575
579
1174
571
575
571
581
687
705
683
987
848
768
1024
756
1062
966
1001
851
904
1033
979
1134
970
1144
1026
1158
1084
1108
1003
939
1212
1051
1203
1132
1200
1226
1221
1154
1182
1148
1189
894
1240
856
1286
1214
1243
1205
1221
834
1267
1177
1229
1161
1123
1217
1130
1250
1188
1215
1193
1183
1214
1206
1113
1232
1185
1212
1256
1239
1200
1196
1181
1142
1187
1161
1210
1149
1180
1175
1113
1184
1111
1163
1149
1139
1171
1101
1147
1148
1176
1112
1157
1168
1066
1191
1115
1189
1097
1092
1075
1146
1153
963
1187
1056
1149
1008
1127
1122
1199
1146
1170
1135
973
1008
868
1189
1111
1098
1165
1089
1137
856
801
1187
1123
1164
1185
1201
1193
1106
1143
1119
1152
1059
1107
1128
1119
913
1128
851
1219
1181
1011
1145
1102
980
1143
1102
1139
1135
1005
1138
1158
995
956
1054
871
1008
1066
881
944
1115
916
895
1113
836
731
1118
1069
809
681
676
698
971
914
847
824
771
705
690
649
643
638
655
702
712
680
648
645
753
1063
973
828
1132
1141
1017
1146
1094
1064
1160
1056
1169
1117
1107
1204
974
1196
1060
1218
1140
1144
1116
1169
1208
1103
1113
1207
1077
954
1236
1078
1199
1246
1214
1199
1188
1223
1172
1219
1212
1186
1203
1104
1234
1189
1201
1173
1103
1152
1025
1030
1177
1021
1193
1156
1180
1195
1056
1211
1139
1162
1106
1126
1219
964
949
1288
1214
1242
1235
1243
1222
1157
1212
1185
1206
1197
1063
1145
1072
1170
1154
885
1127
1108
884
1035
1160
919
1118
1153
1050
1150
1151
821
1112
1179
1077
1125
1140
1046
1167
1159
1088
1188
1140
1080
1130
1121
1188
1127
1046
1103
1033
1077
1053
898
981
1088
902
841
1101
945
1058
1112
1030
1085
1126
1013
1104
1024
846
1187
1084
1044
1120
922
1005
1167
1016
1066
1094
855
717
761
933
1088
1033
882
949
937
881
753
719
955
786
760
924
906
847
1057
822
744
758
833
690
680
721
823
797
784
727
705
655
640
654
686
717
727
694
650
618
616
645
773
852
765
833
958
1019
1063
963
1049
882
737
701
1197
1136
1128
1165
1042
1165
1139
814
1215
1208
1083
1269
1146
1225
1190
1240
1249
1075
1264
1225
1264
1129
1222
1286
1211
1281
1224
1266
1228
1254
1263
1169
1232
1259
1231
1253
1237
1246
1219
1244
1229
1242
1223
1236
1206
1216
1235
1228
1258
1139
1227
1241
1196
1246
1191
1237
1253
1206
1258
1192
1199
1201
1054
1217
1177
1194
1229
1106
1178
1129
1118
1161
1057
1141
1137
986
1094
1124
1088
1139
1046
1163
1180
1072
1195
921
1075
1240
1163
1206
1054
803
1122
854
1133
1188
1010
1175
1180
1115
1216
1171
1184
1200
1063
1201
1188
1118
1150
1041
1149
1133
938
1184
1110
1078
1212
1041
1110
1130
976
1020
1190
866
1169
1160
996
1145
1141
1089
1189
1164
1127
1182
1088
1023
1144
1047
1037
1149
1093
1133
1136
1013
1109
1196
1081
1005
1082
1054
1066
1128
1013
982
948
813
1058
999
1090
1136
1010
1049
1099
931
1096
1136
976
1174
1145
1010
1184
1103
1013
1193
1076
1113
1144
989
1093
1197
1028
1148
1107
824
906
1188
890
1189
1143
1114
1161
1039
1107
1143
1076
1130
1090
1119
1168
1031
1095
1168
1065
1165
1138
1164
1172
1144
1142
1184
1113
1105
1169
1061
1136
1133
1036
1178
1054
1163
1150
1100
1162
1105
1154
1153
1020
1182
1167
1148
1205
1154
1177
1196
1101
1149
1068
1002
1155
1066
1168
1132
1072
1172
1105
1124
1042
1113
1177
1066
1189
1182
1211
1207
1079
1149
1137
925
1198
1184
1156
1189
1048
1082
1156
1065
1142
1124
992
1129
1074
1084
1185
1074
1158
1155
955
1141
1141
1091
1141
1053
996
1131
976
1142
1119
1046
1176
1146
1176
1177
1008
1083
1130
1008
1009
1130
957
1122
1020
930
1124
1103
979
1106
1122
1059
1126
1141
1031
1103
1080
949
1144
1058
1108
1105
912
1084
1128
940
1139
1125
913
1184
1146
1152
1171
926
949
825
861
1211
1066
1200
1130
1070
1109
962
1150
1082
975
1080
751
665
1171
1163
1060
1004
781
784
1005
974
938
900
902
913
895
885
783
746
750
778
864
1019
998
939
894
962
850
896
887
811
813
838
853
862
1000
912
721
712
782
727
1059
796
831
780
892
1048
1068
996
1036
1033
1095
1087
1129
1089
1111
1105
928
798
828
1169
1071
1013
1128
995
1117
1076
1098
1022
1164
1080
1017
994
801
687
722
1182
866
1196
1029
1124
990
1162
1166
1109
1231
1188
1049
1189
1143
1232
882
1260
1187
1214
1197
1155
1113
1205
1178
874
1217
1203
1028
1145
921
1267
1023
1263
1162
1202
1249
1256
1192
1211
1139
1294
1007
1243
1252
1140
1257
1204
1125
1179
1060
1166
1069
1175
1116
1137
1177
1196
1191
1030
1207
1139
1222
1229
1182
1214
1171
1154
1162
1111
1159
979
1082
959
866
1187
1157
932
1189
1169
907
1189
1163
781
726
1155
1074
1134
997
1122
1122
1016
1111
1156
944
1208
1211
1092
1196
1040
1150
1181
808
1125
1027
959
860
1261
1208
1174
897
1140
1140
892
800
1182
1243
1088
831
1060
1012
754
724
759
769
724
688
682
779
826
729
780
1013
982
970
840
1092
1182
1012
1194
1229
1130
1212
1125
1200
1114
1209
1243
1137
1239
1169
1211
1183
986
1233
1231
1209
1263
1252
1232
1239
1217
1199
1212
1251
1168
1189
885
1108
1240
1104
1190
1186
1117
1204
1181
1244
1255
1237
1264
1207
1253
1239
1083
1226
1169
1221
1121
1188
1247
1073
1211
1164
1197
1244
1089
1116
1230
1089
1254
1211
1178
919
1193
1198
1100
1220
1130
1239
1240
1066
1266
1223
1236
1257
1149
1227
1222
885
1222
1232
1205
1239
1198
1184
1237
1174
1204
1165
1136
1184
873
789
793
1176
991
1127
977
800
1031
1064
899
973
1084
1056
991
1139
1139
1166
1219
1155
1202
1155
985
1104
1113
1141
1167
978
1175
1194
909
1146
1115
907
1125
957
1220
1193
1068
1145
1054
1064
1169
934
1130
1197
1074
1243
1212
1242
1162
1204
1187
1230
1243
1170
1120
931
847
1162
1020
1067
1113
921
922
1166
1104
1180
1126
1171
1179
1147
1180
1038
1181
1250
1251
1199
1178
1220
1213
930
1060
1268
1035
1221
1194
1078
794
813
1043
992
810
977
1051
887
973
926
782
1040
1068
989
1101
1024
940
1070
1025
958
1027
877
706
734
824
793
1058
1021
922
983
979
780
754
741
828
1017
901
728
694
688
705
1048
986
977
909
947
979
885
811
725
666
662
711
747
759
747
673
665
739
801
827
821
774
682
646
649
1023
1172
1135
1039
1190
1136
817
759
863
1134
804
836
883
911
848
775
694
669
701
780
785
804
794
787
773
745
667
646
676
775
871
827
797
801
801
796
712
669
669
795
775
1081
1093
1052
879
759
1079
786
1213
1127
1119
1213
1120
1196
1245
948
1214
1255
1220
1238
1109
1163
977
878
1218
1072
1089
837
794
1073
772
831
1098
968
986
1110
1010
1143
1175
1162
1227
1061
1153
1140
1222
1205
867
1202
1144
1115
1158
1098
1164
1169
1067
1189
1106
966
1176
1037
1178
1169
1160
1183
1040
1172
1146
1151
1226
1167
1244
1215
1148
1266
1203
1320
1254
1199
1305
1205
1316
1241
1238
1151
1143
1164
843
760
1145
779
780
1182
1126
1189
1231
1073
1299
1248
1267
1265
1183
1289
1161
1252
1229
1248
1287
848
1282
1301
1229
1288
1279
1278
1288
1207
1245
1223
1249
1302
1238
1244
1187
1252
1226
1198
1231
1065
1212
1194
1141
1200
1029
1188
1197
1057
1239
1156
1235
1234
1107
1189
1224
1215
1148
1017
1238
1145
989
1165
1108
1206
1168
1103
1125
1161
1061
1114
1048
1052
1224
1114
1189
1135
1116
1147
1115
1211
1081
1110
1162
1133
1181
1104
1201
1158
1051
1239
1096
1044
1136
1114
1265
1206
1223
1191
1185
1143
1110
1146
1209
823
1152
1164
1009
1163
1113
1023
1163
1141
1096
1171
1121
1175
1164
1186
1227
1118
1245
1225
1229
1219
1143
1256
1194
1249
1249
1069
1225
1230
1174
1236
1124
1219
1174
1049
1213
1124
1192
1244
1128
1155
1193
1129
1197
1202
1236
1253
1181
1253
1203
1233
1294
1187
1006
1258
1042
912
1237
1188
1219
1256
1049
1219
1186
1220
1225
867
1172
1148
1099
1175
1053
1174
1148
794
1234
1261
1142
1142
894
1115
841
726
1178
1055
1115
1168
1097
1170
1181
1151
1194
1213
1254
896
777
1216
1215
1094
1229
1176
1131
1203
1109
1109
1180
1112
1145
1144
1027
1092
1107
1037
1134
1117
1075
1115
927
1144
1191
1063
1197
1094
1092
1149
1034
996
1172
1159
1214
1249
1191
1248
1137
1169
1200
996
1111
1020
1145
1197
1071
1066
1180
1024
891
942
1156
1097
817
721
1137
802
1142
1151
1046
1113
1028
1049
1113
1097
1216
1229
1147
1178
1209
1084
1175
1095
1033
1144
1099
1154
1151
1060
1141
1146
1046
1196
1199
1171
1179
1072
1113
1123
1040
1100
1146
1022
1143
1037
1131
1174
1047
1143
1144
983
1159
1101
1002
1143
1047
953
1081
970
1115
997
919
831
1091
905
713
1134
1114
928
786
934
784
769
1099
848
864
1196
1201
1039
1164
1159
1089
1154
1138
1152
1167
1091
1122
1113
1105
1078
834
1115
1167
878
872
1066
1196
958
1125
1178
1196
1175
1095
1114
1272
1043
1215
1251
1101
1253
1242
1243
1253
1107
1282
1186
1111
1278
1137
1268
1179
1146
1194
1091
1179
1201
1105
1204
1119
1167
1172
1100
1116
1094
1051
1158
1164
1135
1177
1054
926
1165
1019
1125
1127
982
1109
890
736
1146
1109
902
1111
1104
956
1055
1082
933
1019
1077
967
1104
1100
991
1119
1089
1133
1185
1084
1127
1161
1146
1121
989
1019
1180
1033
1152
1168
933
1160
1190
994
1146
1030
946
971
824
755
745
790
783
744
725
691
674
647
622
614
603
598
599
602
601
599
599
598
594
590
609
658
676
675
631
621
626
663
1105
1097
1032
1052
1099
1119
1057
1143
1144
1058
816
736
1224
1179
1268
1076
1248
1210
1198
1266
1124
1282
1136
1277
1143
1146
1078
1171
1157
938
1238
988
1170
1230
1089
1183
1170
1192
1198
989
1263
1251
1215
1271
1218
863
1236
1201
1131
1174
1135
1199
1212
1128
1200
1218
1143
1215
1214
1188
1222
1205
1181
1234
1137
1229
1181
1134
1229
1118
1141
1186
1119
1223
1170
1205
1230
1106
1271
1253
1168
1246
1182
1209
1197
1019
1156
1188
1012
1202
1154
1139
1181
1080
1003
1160
1080
1106
1245
1060
1166
1207
1044
1225
1197
1187
1196
990
1203
1207
1008
1229
1183
1215
1189
1180
1243
1140
1219
1136
1136
1208
1061
1186
1150
1081
1175
1140
1082
1127
1103
1046
1129
1033
1095
1138
1008
1024
1100
964
1125
1171
1028
1161
1119
1145
1204
1168
1171
1195
1097
1070
1026
1005
911
807
1060
945
922
889
979
952
863
754
725
740
778
719
719
1154
1179
993
1049
1167
1010
956
1238
1216
1162
1217
971
1229
1245
1122
1257
1144
1192
1256
1193
1271
1166
1244
1288
1188
1229
1209
1151
1244
1141
1170
1262
1085
1226
1200
1114
1249
1088
1232
1168
1040
1205
1137
1127
1172
1178
1145
1181
995
1190
1184
1075
1193
1156
1152
1201
1072
1092
1139
1015
1048
1114
1020
1041
1167
813
666
701
1093
1117
1013
778
718
751
792
835
825
720
700
713
771
884
943
926
952
898
968
992
963
1000
938
787
767
765
907
1084
1010
1020
990
980
974
906
1021
999
929
1053
971
1001
1094
1021
1078
962
960
984
793
866
1115
805
1083
1117
937
1113
1156
976
1151
1128
1023
1138
1104
1048
1152
1138
1109
1132
1196
1098
1225
1168
1059
1136
962
1199
1197
1103
1202
1091
1030
1234
1177
1076
949
1166
1196
883
1221
1118
872
1125
1225
1132
1162
1173
1161
1177
1203
1224
1018
1155
1020
924
1075
1020
824
1159
1089
1011
1139
1139
1146
1135
931
1217
1226
1001
1234
1178
1165
1196
1086
1177
1150
1204
1185
1143
1150
1082
1246
1051
1216
1139
1166
1013
1216
985
876
883
1223
1216
1191
1104
1157
1261
1178
757
731
1224
1087
864
1142
1070
1121
1190
1011
1166
1255
828
1243
1210
1139
1239
825
1238
1145
1068
1203
1124
977
885
1225
1068
1219
1250
931
1236
1142
972
1255
1235
1079
1189
1262
1168
1216
860
983
1251
1222
1153
1238
1239
1129
1085
970
844
1118
1173
1150
1124
1176
1163
995
1099
1192
1082
1146
1137
826
785
1199
828
1256
1102
1152
1222
933
1248
1166
1237
1269
1074
1271
1036
817
1255
1256
1142
1292
1198
1266
1101
1088
1132
1033
1215
1220
1036
1193
1169
1073
1103
1074
988
1083
1081
1004
850
1136
1091
999
913
1247
1294
1248
1195
1226
1125
1153
1181
1182
1146
1150
1169
928
739
735
1172
1194
1159
988
1104
1148
1109
1078
1052
1048
1047
810
759
757
869
1002
721
671
723
1128
1065
865
844
789
748
1240
1198
1185
1153
929
917
1182
1194
1120
1194
1187
1166
1242
1107
991
1236
1190
904
1220
1220
1167
1270
1212
1225
1242
965
1309
1209
1139
1136
1027
1110
1133
1089
1182
1184
1151
1226
1089
1163
1210
1081
1109
1034
1068
1140
1035
1005
1179
1147
1103
1109
896
748
896
1287
1249
914
1188
1214
900
1213
1243
1218
1260
1240
1252
1125
1131
1171
1187
1167
1188
1169
1022
1144
1127
1051
1028
819
713
1016
790
1055
1027
755
719
885
1010
877
719
669
702
1106
1111
1038
853
1039
1112
1092
856
1085
1113
809
858
963
760
754
1025
829
1036
1026
992
965
901
853
749
791
1049
954
782
803
895
865
817
733
678
670
1121
1063
883
886
1042
1017
1047
1160
1114
1131
1138
1132
1203
1021
1075
1058
755
645
710
1261
1179
1201
1167
1119
923
1182
1254
1310
1248
1028
1255
1251
1242
1229
1225
1240
1185
1063
1205
1208
1196
1243
1238
1243
1277
1232
821
1209
1055
895
1253
1205
1216
1225
1080
1113
1183
993
1190
1161
1177
1121
933
1176
1097
1095
1112
938
1122
1060
942
1140
1054
1079
1152
846
1127
1145
830
1241
1225
1053
1123
984
1197
1071
811
1070
1153
977
1212
1067
963
1035
781
859
1045
1071
1002
984
882
707
722
987
1030
965
964
1029
1008
1033
1075
1026
1023
975
785
810
1081
873
981
998
738
708
761
1037
856
1150
1089
1013
1021
906
946
995
887
894
940
942
851
982
1018
890
1092
1096
1002
1089
1081
1040
1115
1013
858
765
736
738
885
767
772
762
762
748
684
680
692
724
1665
736
786
804
834
828
1781
904
908
926
752
721
743
818
865
799
732
683
674
673
655
658
677
645
628
654
709
719
718
692
637
631
624
666
712
782
777
775
756
758
681
684
1043
943
801
723
754
725
1057
996
925
921
876
871
866
902
876
738
657
625
610
640
698
709
697
680
706
713
711
713
730
715
688
662
648
668
622
620
650
682
669
704
758
671
657
869
954
717
665
721
1108
1090
1069
1138
966
790
722
996
1063
992
858
811
744
674
671
1085
1110
981
981
967
1015
970
741
671
655
680
699
1072
1042
890
965
977
1007
943
878
769
782
854
866
885
723
691
888
837
1128
1135
809
761
1064
831
697
667
636
637
648
678
1151
979
766
1136
895
909
1012
917
889
872
815
690
666
786
855
779
751
691
695
726
807
740
747
767
738
713
698
690
658
647
638
679
874
855
833
871
856
751
663
645
640
628
1136
1012
755
1122
1152
1004
1229
1277
1218
1287
1223
1247
1212
1263
1286
1239
1287
1148
1250
1263
1184
1239
1148
1248
1153
964
1247
908
1230
1065
1170
1272
1070
1196
1210
1205
1249
1150
1266
1178
1175
1291
1297
1262
1225
1209
1154
1199
1098
1056
1132
1036
1176
1101
1113
1170
1054
1214
1152
1156
1271
1209
1231
1130
1019
1289
1146
1158
1152
1102
1189
1237
1174
1233
1198
1211
1215
1131
1226
1217
1201
1251
1151
1160
1157
1220
1222
1201
1121
1132
1063
1027
1132
1058
1310
1246
1282
1190
1023
1271
1109
1170
1083
1219
1216
1034
1104
1213
1158
1174
1162
1105
1261
1138
1148
1129
1074
1146
1041
1065
1124
1098
1100
1231
1168
1173
1188
1237
1290
1237
1204
1219
1288
1254
1262
1270
1161
1237
1223
1280
1275
1238
1206
1165
1248
1283
1219
1262
1231
1226
1234
1175
1167
1215
1086
1215
1115
1149
1177
997
1210
1201
1030
1227
1168
1204
1240
1181
1242
1160
1200
1235
1081
1170
1213
1125
1113
893
838
1128
1185
1144
1037
1193
1196
1141
1225
1135
1124
1181
1060
1152
1239
1146
1203
1085
1102
1162
1209
1261
1287
1151
1195
1263
1262
1250
1104
1247
1281
1156
1279
1255
1246
1272
1208
1242
1237
1226
1233
1180
1188
1225
1188
1212
1158
1188
1134
993
1164
1237
1025
1203
1238
889
1251
1256
1120
1233
1225
1282
1305
1199
1261
1207
1146
1258
1241
1211
1260
1162
1202
1240
1202
1252
1221
1173
1195
1143
1141
1193
1091
1158
1140
1096
1199
1114
1177
1125
975
1159
1147
1163
1284
1218
1202
1182
1137
1158
1108
1146
1196
1134
1217
1194
1144
1182
1166
1118
1181
1150
1151
1254
1117
1208
1151
1123
1279
1191
1237
1154
1143
1248
1094
1061
1089
977
1032
1242
1209
1195
1171
1096
1221
1207
1157
1220
1104
1225
1156
1157
1232
1122
1177
1182
1160
1225
1126
1051
1142
1007
1171
1195
991
1242
1184
1198
1241
1133
1196
1221
1091
1202
938
1102
1242
1150
1136
1213
1147
1176
1157
1079
1109
1102
1031
1169
1207
1036
1133
1134
1098
1160
1108
1099
1142
1048
1088
1116
1033
1288
1268
1130
1196
1094
1178
1206
1096
1202
1115
1105
1146
1079
1200
1214
1130
1194
1142
1188
1237
1039
1217
1138
891
1191
1142
1058
1150
1058
1096
1116
1063
1162
1194
1106
1208
1136
1123
1233
1191
1243
1261
1211
1288
1204
1210
1236
1246
1257
1219
1170
1254
1157
1136
1218
1182
1138
1161
1095
1113
1212
1174
1208
1228
1137
1225
1197
1042
1242
1232
1095
1239
1257
1090
1256
1242
1231
1263
1168
1221
1246
1090
1231
1226
1019
1162
1188
1077
1205
1257
1188
1257
1210
1164
1218
1163
1180
1275
1158
1228
1238
1080
1266
1274
1213
1249
1191
1289
1291
1155
1285
1224
1136
1236
1159
1127
1181
1090
1134
1234
1052
1212
1210
987
1088
1188
1200
1229
1267
1160
1211
1236
1067
1215
1179
1229
1252
1090
1169
1190
1041
1216
1147
1096
1118
854
1166
1185
954
1072
1100
956
1103
1074
897
1065
1104
991
1016
1014
794
728
1184
1099
1069
981
938
865
774
706
690
752
799
719
688
722
797
861
796
734
851
1071
1084
1014
1006
1012
1014
773
685
670
1149
1161
1154
1126
1180
1107
1075
1082
1053
950
1024
1131
1106
981
1034
1118
871
821
1068
1085
1158
956
1135
1195
962
1182
1205
1024
1222
1222
1198
1217
1109
1215
1194
1130
1228
1150
1220
1028
1055
1227
1054
1193
1187
869
1177
1170
969
1188
1122
1107
1191
1067
1197
878
826
1276
1277
1227
1236
1250
1214
1212
1229
1227
1253
1182
1217
1152
1090
1167
1012
1090
1215
1155
1156
1199
1129
1194
1229
1147
1238
1125
1135
1214
1118
1164
1140
1229
1254
1117
1239
1181
1192
1211
1127
1278
1243
1076
1187
1161
1136
1129
1029
1103
1147
1071
1134
1165
1089
1142
1143
1101
1126
1104
1109
1138
1072
1183
1222
1115
1232
1152
1217
1195
1173
1239
1183
1172
1172
1058
1178
1330
1264
1268
1194
1221
1220
1225
1229
1207
1117
1209
1231
1184
1229
1214
1186
1284
1229
1229
1213
998
1316
1293
1316
1352
1290
1329
1162
1341
1181
1204
1271
1104
1135
1072
994
799
700
867
929
1047
786
732
719
738
841
825
794
801
810
744
786
966
927
845
858
877
943
761
780
1070
1027
918
985
938
1024
1090
970
1091
1092
931
1159
1134
1007
1173
1143
1000
1167
1144
1136
1204
1123
1222
1218
811
1158
1229
1161
1190
1249
1085
1170
1148
1059
1181
1173
1122
1216
1176
1221
1259
1238
1273
1218
1196
1262
1186
1202
1269
1156
1231
1268
1245
1251
1169
1206
1019
955
1277
1206
1197
1235
1193
1286
1264
1299
1193
1197
1199
1110
1214
1132
1177
1202
1306
1201
1197
848
1229
1272
1219
1229
1274
1244
1260
1242
1184
1224
1158
1127
1247
1074
1212
1069
1204
1234
1018
1198
1157
1134
1218
985
1153
1209
1077
1200
970
1135
1186