749
761
718
751
770
728
663
693
699
717
709
700
723
736
734
718
743
790
806
783
747
733
722
715
681
688
680
645
655
639
625
637
653
676
702
684
700
702
687
660
652
667
676
697
682
680
662
672
658
641
644
648
643
629
635
635
619
622
621
620
628
647
641
677
659
686
671
652
656
651
646
665
671
650
668
682
675
708
706
685
659
640
636
631
660
725
749
716
738
710
722
717
693
711
707
696
730
730
729
756
753
765
784
785
804
819
796
841
921
853
817
828
804
795
815
768
771
821
790
762
786
779
750
777
790
767
804
767
784
773
752
793
863
871
856
825
822
766
767
732
744
725
739
736
754
756
730
762
778
756
792
771
734
701
673
656
657
652
721
708
726
827
896
905
886
797
789
795
769
794
840
833
831
840
845
900
919
844
861
858
830
858
847
843
881
851
813
781
744
740
737
723
744
763
759
829
858
821
815
809
738
695
697
741
764
776
810
836
848
870
853
893
894
847
858
819
780
794
816
789
825
880
907
849
863
851
800
803
788
805
837
843
846
841
813
807
807
805
825
864
867
853
851
818
820
806
750
711
715
738
746
746
799
845
804
832
830
773
775
764
784
806
789
813
828
824
849
840
835
841
869
822
816
807
795
791
780
762
738
735
717
688
704
689
726
736
718
772
807
791
775
777
766
735
739
730
738
716
740
756
757
778
792
767
770
783
790
804
819
852
849
874
794
809
826
818
804
815
816
799
831
764
761
760
768
738
760
778
753
761
752
764
730
744
769
795
806
785
786
772
747
744
750
749
745
786
787
773
806
805
788
784
767
714
711
727
757
755
780
787
772
789
786
746
746
744
717
726
732
736
729
757
778
757
777
778
758
783
774
750
772
781
766
729
722
702
666
683
715
705
681
718
725
708
712
737
713
669
679
682
758
774
754
776
823
784
825
862
809
832
854
849
884
885
858
858
833
789
805
832
845
911
939
871
896
844
804
808
784
771
813
881
860
869
881
804
806
763
752
755
737
787
827
769
760
729
720
782
749
770
765
744
763
782
802
793
809
827
809
811
826
828
795
831
865
871
899
895
818
830
819
808
838
860
850
828
828
823
785
805
793
778
783
774
753
783
780
750
742
736
742
727
755
751
729
737
756
758
735
768
793
815
785
805
835
821
859
869
794
798
755
787
810
754
756
776
761
814
844
794
803
829
779
796
794
766
792
793
774
777
769
757
746
767
791
730
781
814
810
810
816
795
807
827
809
789
759
729
678
689
707
696
735
749
763
738
796
822
785
836
870
839
815
836
819
774
795
810
781
804
820
790
747
716
760
792
824
793
752
758
775
778
786
795
849
829
853
878
894
931
815
843
843
815
803
804
787
793
775
761
754
729
680
652
641
666
772
883
930
895
831
825
851
837
795
771
754
730
717
666
666
643
692
729
806
827
771
762
764
758
747
776
786
802
822
821
839
831
827
813
835
817
850
837
813
791
776
816
811
800
785
797
794
750
743
746
757
776
734
707
736
794
830
854
848
807
780
766
765
772
778
766
775
779
774
757
774
780
759
747
757
817
822
830
854
816
823
817
820
863
883
821
784
762
766
775
809
773
801
827
817
836
831
832
845
801
783
800
836
867
844
819
824
824
852
868
843
838
851
849
797
767
771
771
795
772
818
783
768
764
727
725
729
768
786
778
744
735
719
714
679
687
716
704
728
752
771
744
770
771
771
765
771
730
748
774
896
833
880
851
870
855
846
865
870
819
785
782
813
810
816
832
854
854
875
922
915
853
774
708
736
748
779
833
878
869
868
864
873
872
865
855
864
861
853
842
835
819
810
817
837
842
791
768
750
754
777
825
825
796
784
783
815
836
834
853
855
813
801
791
803
824
812
817
796
823
835
859
855
833
823
799
777
746
734
742
754
773
787
789
779
771
759
734
740
753
765
765
786
812
854
820
826
827
789
777
748
761
751
735
761
777
761
779
804
815
796
815
801
771
759
743
756
743
782
807
822
805
815
799
749
732
714
688
660
649
649
646
640
696
757
754
778
808
809
771
777
771
745
755
780
802
807
846
863
804
824
831
793
758
747
767
784
791
808
815
803
835
862
832
816
830
835
812
845
855
893
896
854
870
843
807
759
771
808
842
835
867
897
912
879
885
866
834
813
824
844
833
801
819
866
890
842
802
779
777
771
784
813
826
815
829
840
810
792
792
790
769
786
801
802
786
789
798
765
757
762
788
786
774
776
775
742
749
750
762
749
756
764
755
741
757
782
799
801
805
817
784
754
762
763
769
754
761
787
771
753
765
775
798
799
765
773
766
747
763
762
773
753
760
758
746
715
701
761
786
737
747
749
755
771
826
856
870
904
942
879
890
866
820
813
750
760
781
849
837
838
928
884
800
729
692
693
680
718
725
754
763
740
756
776
803
864
902
899
961
930
906
879
890
883
860
892
888
863
896
907
828
818
816
754
780
872
889
859
894
816
803
750
759
776
799
861
862
831
818
809
752
778
818
840
856
862
883
860
889
869
800
809
838
862
852
842
834
821
840
870
883
896
908
884
890
884
854
817
813
784
746
742
724
716
684
665
705
757
763
823
849
818
793
790
767
759
798
814
801
842
869
830
934
956
955
992
930
932
889
900
903
869
906
894
830
797
818
868
851
856
896
833
863
865
810
772
704
729
754
872
892
883
867
799
803
789
794
816
792
822
844
859
845
879
852
816
835
850
848
910
925
880
858
803
760
762
774
787
768
775
804
808
791
799
796
789
804
779
762
800
806
785
781
812
815
786
792
789
793
766
764
772
759
727
703
707
745
776
743
743
750
757
745
724
726
717
696
703
762
787
781
757
780
819
843
828
799
806
813
809
806
840
872
819
852
860
809
835
823
808
798
811
813
786
824
835
835
836
860
855
806
826
836
786
798
807
797
827
830
843
832
862
855
827
839
841
819
866
890
853
890
870
815
823
824
795
813
855
843
875
878
845
887
892
863
881
859
874
905
865
899
896
853
896
875
813
822
841
821
812
835
828
828
850
852
820
853
843
784
815
824
777
776
748
721
703
771
820
791
833
840
812
820
822
775
755
767
771
806
779
796
861
930
911
931
938
899
874
891
915
950
956
933
992
973
959
956
911
874
865
832
803
836
921
975
944
898
896
908
901
921
925
902
930
941
921
934
897
903
921
938
859
874
895
871
856
867
844
791
789
792
792
795
831
855
825
843
843
801
798
784
772
755
776
825
835
830
790
772
770
823
784
744
763
752
716
720
703
677
665
678
694
688
659
660
716
748
723
727
738
748
720
751
767
760
772
843
879
831
881
877
867
902
866
874
907
879
886
904
833
865
824
862
923
869
915
896
871
895
873
810
799
808
795
856
879
822
852
868
830
850
846
827
886
864
847
829
816
785
786
762
717
724
736
764
856
829
779
816
803
795
773
735
739
740
756
741
727
729
731
739
790
820
813
867
919
897
899
886
841
860
832
825
877
872
899
950
956
997
1001
900
933
932
875
894
851
790
811
813
758
794
752
711
711
678
694
707
733
717
766
768
753
769
797
781
785
820
785
732
717
687
694
725
933
986
910
903
854
862
820
847
809
762
727
701
708
735
729
741
724
744
827
773
827
848
813
819
821
812
740
684
652
669
730
850
900
908
919
894
842
844
850
808
776
774
784
798
770
755
753
809
820
842
808
753
746
734
729
729
735
716
736
765
805
798
794
800
795
784
812
812
836
810
849
848
842
786
800
809
758
769
781
795
805
851
853
799
813
811
765
784
780
776
773
817
839
799
815
829
799
781
771
768
762
797
848
846
907
898
862
846
813
775
781
719
696
674
672
656
670
659
960
928
913
934
923
921
934
895
889
878
895
895
871
822
800
797
884
853
973
941
964
896
909
854
840
871
884
782
772
760
771
800
774
820
813
803
830
832
801
803
784
758
729
753
774
790
867
908
960
877
882
847
804
791
790
749
812
811
860
896
830
836
853
871
810
787
798
823
793
846
897
848
816
790
849
817
775
721
692
688
705
725
706
735
744
754
728
726
728
709
728
747
745
736
728
784
871
892
822
769
777
824
795
772
745
778
836
839
844
874
843
820
841
858
836
877
873
815
805
806
725
684
661
646
695
837
858
879
871
834
875
859
834
813
803
848
892
871
864
925
922
903
934
964
931
907
902
923
880
900
835
757
747
760
744
721
710
746
752
781
805
810
783
813
817
826
810
854
882
849
917
939
935
943
947
818
759
713
687
704
697
774
843
959
896
930
859
782
762
727
686
667
680
743
794
787
775
729
769
791
769
810
819
748
746
724
701
674
699
731
778
776
830
855
834
865
864
827
841
822
767
760
781
841
858
891
908
878
855
892
907
869
848
848
817
878
782
767
729
727
704
859
738
734
696
675
672
682
692
683
672
673
677
651
659
677
695
665
710
723
691
671
704
740
754
774
738
721
696
677
664
652
658
669
676
679
693
727
715
729
708
724
761
780
758
741
724
709
701
713
720
739
733
708
781
730
770
826
847
829
803
768
755
735
742
716
737
835
863
816
854
889
864
859
830
843
789
723
748
830
882
811
824
912
850
862
874
872
850
803
771
795
870
835
779
750
763
832
814
835
778
752
766
777
778
738
700
674
702
801
849
891
863
878
877
892
919
932
958
959
927
892
866
886
901
899
889
855
885
870
891
909
876
841
864
874
846
854
876
869
897
810
778
753
751
736
747
749
746
780
798
775
788
831
829
843
831
812
774
763
736
705
750
870
927
924
893
799
777
766
767
749
763
761
733
798
782
793
804
802
776
783
790
826
842
860
847
866
851
856
783
779
832
854
939
930
874
834
809
800
801
773
810
795
764
738
745
752
751
785
793
810
794
794
795
793
794
773
774
776
764
785
792
842
814
765
777
842
837
828
808
799
736
701
701
749
832
922
828
877
938
939
891
889
875
818
802
764
764
773
872
903
857
936
932
893
877
854
855
851
848
884
877
899
944
915
905
907
894
825
822
831
815
768
759
758
764
764
789
797
782
758
742
729
718
705
704
711
740
787
868
873
925
917
944
929
900
871
848
800
803
840
848
900
909
871
879
837
785
755
722
744
895
875
894
922
885
801
773
756
755
727
738
769
843
859
816
780
824
811
841
854
860
813
816
797
799
767
779
796
882
857
893
985
919
894
904
921
896
872
901
924
910
909
947
801
753
726
783
838
842
826
779
759
763
775
793
782
773
817
807
840
837
826
856
829
792
767
817
972
918
939
952
919
929
897
894
866
838
816
840
818
850
861
834
783
834
861
821
910
982
884
921
889
829
851
868
846
848
940
962
920
955
908
834
850
878
875
829
873
870
813
880
858
780
755
753
764
786
835
884
864
916
919
863
903
824
786
801
782
729
673
663
705
776
729
820
875
815
810
838
805
792
807
818
801
779
738
731
793
771
769
796
799
759
793
758
722
704
703
729
755
712
752
814
797
873
817
817
863
814
796
879
822
775
780
790
763
779
815
815
860
896
779
800
771
708
676
657
643
634
636
665
729
693
667
705
722
701
660
669
706
740
750
765
765
763
742
732
740
722
742
852
878
867
801
834
896
855
887
964
1006
955
899
861
841
755
777
1098
996
977
917
860
905
904
882
913
928
874
890
924
905
789
822
772
845
822
774
827
973
954
925
834
875
910
945
954
887
912
967
923
1007
1025
973
1060
999
1020
971
886
866
879
878
880
876
885
890
983
1068
1052
1048
1072
998
1060
1061
1065
1071
1104
1059
1104
1081
1027
1039
1020
1062
1006
1030
1042
1060
1033
1025
1015
1004
933
951
975
1004
990
984
948
931
986
993
977
918
879
845
813
808
904
984
994
941
896
943
962
910
968
978
972
936
987
975
878
920
935
875
872
918
915
853
868
847
840
807
784
755
693
670
681
689
760
766
795
807
820
811
821
827
825
831
841
819
762
733
738
788
875
939
934
914
896
878
879
897
862
800
809
871
967
994
960
925
954
942
859
852
867
865
896
904
841
809
796
810
813
813
839
849
858
809
819
816
826
830
849
853
877
862
852
860
863
844
828
853
877
845
883
846
793
773
740
715
695
708
735
709
753
790
815
826
825
834
795
785
772
799
860
907
937
888
900
914
888
881
899
909
898
894
866
865
806
776
737
762
840
872
815
746
728
699
675
652
659
702
730
741
729
749
771
814
790
762
729
733
758
796
804
758
727
681
677
696
812
905
902
900
885
851
824
778
772
732
699
668
712
777
881
837
827
825
849
810
813
838
859
806
840
858
890
907
847
765
753
754
771
797
788
771
793
822
853
802
814
810
791
762
772
771
783
772
797
757
774
874
874
817
840
862
834
867
882
875
814
834
870
825
879
912
921
905
926
909
845
803
836
770
822
901
1020
924
898
884
829
781
782
765
814
871
869
850
815
804
763
738
759
820
857
890
992
1038
979
1007
965
959
902
893
868
920
900
818
786
765
845
899
840
868
873
885
830
840
939
868
924
947
928
935
951
883
801
730
701
726
799
841
907
876
846
780
760
740
716
738
777
850
825
808
781
796
804
820
807
771
757
762
795
806
807
787
774
784
762
769
791
799
809
771
711
696
682
662
688
828
856
850
854
855
828
790
747
737
734
755
802
784
786
781
744
732
715
750
749
747
799
849
874
843
857
863
867
873
913
957
925
877
901
910
860
883
916
888
934
940
867
873
893
868
889
871
820
829
867
838
833
864
878
896
934
857
866
881
841
847
866
855
862
860
843
883
920
893
891
870
823
800
814
809
798
840
848
879
892
819
787
740
721
744
729
780
792
751
749
713
675
681
665
645
663
716
703
763
787
761
759
744
749
753
782
780
756
782
761
726
713
686
652
674
715
782
785
851
860
838
840
768
712
719
716
796
795
772
802
798
774
787
790
805
805
884
904
856
864
867
854
825
845
856
846
847
845
783
785
828
877
832
812
812
800
764
791
797
784
753
803
865
877
838
858
849
786
798
793
773
815
819
796
774
775
786
772
787
753
738
765
818
831
771
794
804
807
791
835
836
854
884
869
793
805
808
841
870
961
926
866
800
817
850
850
870
826
812
818
846
803
806
834
845
784
824
903
857
765
696
697
683
716
737
776
813
816
765
771
762
754
747
744
752
769
795
819
816
833
865
811
820
808
895
885
835
839
802
760
715
778
824
875
796
806
813
851
819
857
893
872
781
770
759
766
749
732
714
755
794
779
738
687
706
729
742
736
726
741
735
729
749
774
759
773
799
824
773
789
789
799
778
754
777
818
845
801
851
841
794
755
719
687
733
807
807
922
862
807
833
862
906
883
919
906
855
900
783
792
805
799
881
910
874
891
877
838
789
742
699
726
785
788
887
894
848
871
843
809
820
817
789
813
844
810
867
839
810
838
859
847
921
898
875
890
889
901
883
859
907
892
945
961
899
911
870
878
856
784
809
825
807
904
917
840
863
870
808
832
833
815
896
878
867
910
862
816
822
764
724
702
793
870
855
896
940
886
895
869
822
865
884
830
878
882
854
940
964
908
949
927
828
808
783
750
788
846
848
884
913
879
926
991
919
875
904
809
762
765
767
814
873
911
922
865
832
818
803
807
776
781
778
747
771
765
764
807
840
889
896
857
850
832
827
814
805
783
736
701
661
719
788
848
816
869
869
790
795
768
735
765
813
794
836
878
840
857
877
830
863
844
769
763
731
705
771
760
808
854
813
816
786
755
701
651
626
645
656
682
681
688
692
694
741
761
781
771
741
732
697
669
645
624
614
657
741
803
820
832
880
944
944
941
847
862
845
783
799
874
853
810
819
833
771
759
742
738
702
669
669
678
665
691
735
803
785
813
828
828
807
756
715
739
796
857
846
826
768
754
755
779
835
760
809
829
862
852
870
857
856
836
800
772
748
770
800
806
821
851
885
843
878
855
812
830
803
780
793
796
821
776
805
807
757
785
776
745
760
752
735
731
737
746
739
772
790
746
768
776
745
756
771
740
727
695
667
648
679
720
828
769
795
820
832
821
843
803
811
766
779
758
737
730
736
717
702
686
687
694
703
704
731
778
801
782
1503
790
811
787
799
781
755
744
757
772
752
802
878
943
883
837
830
812
788
762
739
728
728
723
713
723
717
693
731
699
756
815
808
737
700
681
656
675
754
773
844
838
913
946
911
901
858
844
885
903
976
984
955
891
836
795
848
925
906
873
894
888
893
824
854
865
848
892
910
883
914
940
935
920
896
877
847
824
863
882
918
961
954
911
913
896
854
848
868
878
860
902
930
871
924
927
885
888
887
876
870
912
890
818
780
730
688
668
701
792
826
810
861
867
796
791
775
757
749
750
767
744
782
794
862
874
951
909
908
907
879
830
871
891
923
887
930
921
859
817
808
757
771
808
930
855
896
872
818
836
823
805
799
803
817
776
793
812
777
814
830
855
813
813
854
828
831
844
835
844
835
810
814
814
779
821
836
846
860
880
854
885
885
807
816
836
813
871
900
838
856
830
833
833
896
926
873
963
944
863
887
887
821
818
823
818
814
883
907
860
873
861
825
831
823
771
743
711
688
667
710
714
743
771
780
754
763
771
746
764
754
720
739
759
728
725
772
1116
969
1006
981
943
966
977
936
958
967
949
922
960
947
897
966
956
903
932
878
862
795
759
728
854
922
875
925
916
837
869
828
817
846
823
848
874
836
850
863
848
870
908
861
883
884
851
859
896
856
895
937
915
972
963
936
939
941
943
988
941
950
938
925
942
924
938
951
907
945
942
895
929
925
875
904
871
808
807
802
813
893
825
816
847
807
810
820
788
777
778
772
738
771
778
751
787
813
810
849
894
881
880
862
843
873
873
885
895
833
855
869
822
876
851
824
861
840
780
797
759
712
675
666
659
718
738
718
702
725
711
674
675
667
674
655
670
671
682
675
726
772
742
754
886
921
867
848
858
824
786
814
774
766
734
770
781
747
769
756
787
850
842
878
854
844
854
811
765
755
752
732
750
780
811
783
768
742
757
766
747
741
753
733
709
725
738
731
730
717
698
696
708
724
742
775
801
772
763
747
727
740
771
776
886
865
877
895
831
844
818
744
711
674
676
746
752
835
841
815
886
890
901
892
822
855
857
817
855
867
848
875
881
893
897
894
927
921
879
868
837
856
907
877
862
829
802
797
793
771
847
872
807
854
840
780
814
818
791
787
801
774
755
776
784
773
859
867
825
852
846
854
883
881
863
869
841
842
852
780
753
766
814
783
867
896
831
853
866
854
899
898
861
852
854
849
867
894
822
841
827
778
813
813
782
784
752
732
762
737
789
819
808
777
753
687
649
663
638
628
690
753
736
720
699
701
669
641
627
625
615
606
601
602
640
665
689
725
755
771
774
774
780
784
817
829
859
907
942
950
922
892
893
882
824
862
845
848
873
878
875
876
817
801
799
808
796
834
921
931
885
841
779
738
730
743
755
827
866
842
815
755
709
724
783
770
773
785
766
737
744
750
737
775
812
835
850
851
813
846
827
790
820
820
793
801
842
854
836
896
849
818
799
754
777
797
803
791
807
798
756
786
801
751
771
754
716
675
701
722
740
760
793
799
763
779
751
717
720
734
787
791
772
763
727
716
691
673
656
653
651
637
646
711
768
788
809
769
734
708
707
750
790
827
762
789
782
859
923
850
882
859
817
844
870
804
825
850
846
803
758
785
835
791
828
847
834
849
876
878
911
826
813
803
805
865
922
883
800
717
686
692
774
813
913
912
873
864
840
802
773
724
721
733
785
767
755
727
688
683
674
702
751
786
775
784
778
749
753
743
741
767
785
783
808
819
814
771
765
776
813
902
895
878
881
874
848
849
837
845
864
858
880
888
886
886
908
855
856
815
748
750
771
842
824
867
853
777
767
767
748
741
759
790
798
849
874
860
857
831
800
807
793
779
798
815
802
798
771
747
769
779
769
817
808
743
737
694
690
726
696
740
750
712
727
741
743
719
739
761
726
746
764
774
792
798
770
751
748
753
742
772
796
792
826
839
781
755
715
768
789
857
857
870
854
851
803
770
782
813
784
837
879
817
834
839
820
800
811
823
817
835
828
840
843
831
819
841
846
813
823
764
744
755
772
760
798
812
765
781
784
768
795
809
797
799
812
817
759
757
763
753
782
824
818
865
854
819
812
789
749
771
798
785
765
802
817
778
790
763
725
730
734
720
757
747
729
758
786
771
830
791
735
721
682
657
673
940
918
868
929
913
877
854
804
781
788
773
786
817
799
842
875
848
888
860
802
786
734
688
759
851
824
905
962
955
970
892
782
766
744
758
854
855
927
955
964
952
897
855
786
776
805
828
837
805
845
908
907
922
814
815
862
929
930
924
882
844
797
801
817
843
775
813
854
837
813
765
723
731
721
709
779
846
892
872
926
855
839
890
913
926
992
991
964
957
923
909
933
981
933
971
970
917
843
823
840
821
782
754
798
849
867
873
857
848
848
840
815
879
914
941
893
930
943
926
938
857
840
843
923
957
960
891
878
869
842
816
840
853
820
848
886
872
794
764
734
759
751
757
787
754
804
825
837
770
783
789
785
784
817
852
840
854
902
882
850
883
880
866
904
918
826
881
915
908
875
887
879
825
835
837
757
776
765
733
710
720
805
847
825
820
831
816
803
824
841
807
818
843
834
888
922
840
869
902
856
885
909
848
873
882
831
830
819
792
846
861
809
825
840
793
801
823
760
751
736
713
726
768
737
770
802
760
769
769
764
772
805
817
803
831
811
771
796
816
785
781
803
820
783
820
823
775
794
783
747
760
772
757
758
787
805
785
798
815
772
764
740
720
729
768
794
809
863
860
813
839
827
768
803
788
740
710
729
784
830
833
844
822
813
762
715
679
702
750
820
862
891
847
810
815
803
773
733
729
733
725
769
787
794
803
837
843
867
847
853
832
750
712
684
666
650
659
702
702
675
685
699
672
1328
646
630
639
628
634
626
640
654
626
620
626
638
646
645
637
629
626
643
708
724
756
778
765
765
749
823
796
773
784
795
815
822
810
766
754
745
775
822
826
804
801
771
753
804
878
889
867
841
812
775
744
729
782
788
794
766
749
736
702
662
663
650
638
639
685
691
670
665
692
713
709
697
677
661
658
684
701
715
704
756
720
784
813
787
757
786
864
811
816
807
795
804
750
753
782
822
828
841
830
846
847
821
804
824
875
817
772
756
766
738
757
813
857
861
851
795
792
785
776
805
776
793
777
813
811
816
744
758
775
781
801
838
832
841
846
753
768
775
732
695
686