645
624
612
598
606
633
672
646
683
663
642
646
652
660
651
684
752
777
736
718
706
686
663
674
688
665
669
692
724
693
703
714
693
700
683
660
653
655
663
649
664
706
727
679
697
680
662
687
698
696
662
687
721
692
671
663
651
632
612
623
639
646
637
634
638
649
628
643
650
658
645
655
658
645
653
656
654
644
654
668
662
666
680
676
646
641
619
605
607
619
658
668
681
674
653
668
659
638
639
635
622
624
624
626
622
634
629
626
611
618
637
643
623
616
607
597
596
585
591
604
629
629
623
634
663
666
668
699
736
693
714
722
697
674
672
685
675
680
679
686
652
656
646
654
654
677
716
696
697
693
682
666
667
671
646
637
637
658
668
705
712
682
682
666
640
657
669
671
677
690
694
674
683
679
661
659
655
658
646
657
672
688
661
670
666
654
659
663
662
651
650
635
623
622
616
612
612
639
665
649
660
682
654
686
689
662
678
687
661
669
665
653
677
696
707
718
730
700
690
674
647
658
655
663
688
748
727
745
759
718
712
696
684
689
695
687
710
713
710
705
726
742
706
716
707
682
689
665
650
689
693
683
722
743
705
697
656
643
624
629
650
699
658
704
703
654
655
642
643
640
647
686
752
723
772
818
805
759
766
774
767
720
748
768
787
765
770
776
733
712
706
690
665
701
728
757
736
771
760
721
722
708
666
659
658
668
653
688
715
727
725
755
729
694
698
678
663
662
679
655
663
657
635
624
665
728
688
700
697
710
665
675
670
646
655
657
670
659
674
688
670
688
693
652
658
630
633
662
706
678
722
716
700
708
694
649
657
688
722
699
725
740
756
751
746
726
702
689
678
644
654
652
639
679
760
769
721
742
687
656
642
612
588
579
581
588
586
584
588
582
591
605
600
606
618
645
642
641
645
622
618
634
641
653
662
657
667
660
652
664
669
646
652
650
666
653
681
709
690
729
730
689
698
699
684
695
696
687
705
711
685
659
656
654
642
615
622
649
702
658
712
722
712
707
710
698
672
682
673
645
670
693
682
715
719
716
709
695
664
671
644
630
632
638
628
677
719
692
666
649
652
646
631
652
671
686
681
729
741
696
715
715
680
678
655
624
629
639
689
715
708
687
711
730
705
740
748
697
717
712
681
681
645
624
619
609
615
624
645
704
743
759
763
708
684
685
674
663
669
681
720
683
705
674
653
680
658
657
688
699
685
720
692
667
641
637
613
599
600
600
602
647
785
740
794
765
737
716
688
690
689
685
687
686
671
651
644
644
649
632
651
645
666
705
721
713
690
688
668
678
680
673
659
639
643
655
665
708
683
635
609
591
597
605
657
639
628
693
703
700
681
654
654
643
652
663
648
669
704
704
726
714
695
685
669
633
634
622
649
659
728
748
712
778
732
696
694
714
685
661
674
660
656
639
628
640
606
599
588
585
590
628
628
649
633
631
650
650
659
660
645
639
627
624
618
657
681
679
702
701
724
716
695
678
657
654
640
658
680
694
702
735
733
720
699
676
664
637
640
641
686
696
712
709
693
686
646
605
584
567
562
561
593
784
775
795
822
877
861
768
685
656
666
668
671
635
618
611
605
628
676
692
687
676
634
632
624
612
634
644
685
695
653
638
624
612
608
630
681
677
676
663
650
614
605
592
583
574
567
563
603
659
664
659
655
657
656
633
649
658
666
660
691
656
647
601
592
576
564
554
551
544
544
541
540
545
549
551
556
577
590
584
595
592
592
594
604
608
631
645
644
624
610
602
593
580
590
581
585
579
569
580
617
627
714
715
719
704
673
662
649
625
614
613
618
629
704
704
764
746
694
671
645
604
598
593
639
688
686
679
688
667
633
622
619
655
660
660
651
642
631
621
608
616
624
629
617
595
579
572
563
552
546
549
555
609
653
710
709
712
723
701
666
629
627
612
616
643
625
599
572
549
533
541
560
608
656
651
629
620
607
631
633
663
623
601
587
571
562
552
557
559
572
619
673
646
628
637
676
703
704
697
694
683
655
614
608
580
583
603
630
644
658
673
651
640
627
638
636
618
612
608
608
608
620
603
615
641
698
707
705
685
660
634
617
616
616
614
656
681
695
855
855
823
743
733
733
728
705
698
703
710
755
809
813
794
775
764
755
728
721
703
661
641
617
604
587
587
577
587
590
604
668
690
724
698
677
676
648
633
615
607
617
642
680
687
722
705
722
721
708
663
657
634
635
653
695
686
684
703
724
752
733
704
686
670
649
657
634
632
637
623
634
693
750
797
767
739
710
682
663
649
660
659
648
678
682
726
738
681
643
597
595
579
574
593
629
709
731
756
721
734
720
695
685
662
626
618
618
624
639
646
703
753
716
768
739
733
730
707
728
711
692
674
634
627
614
608
624
744
743
765
761
697
692
665
653
657
637
634
668
644
650
648
650
636
617
613
603
599
590
610
617
627
697
691
689
667
663
627
630
632
650
646
659
633
614
629
643
650
652
656
662
664
643
663
618
611
607
608
612
610
615
607
619
604
597
591
583
575
581
589
617
644
612
626
638
677
647
650
615
602
585
570
559
560
569
618
685
692
687
681
654
631
627
638
632
630
615
619
632
679
693
691
684
634
639
619
646
692
761
764
751
767
738
782
764
739
736
735
739
750
754
746
746
737
717
716
689
675
653
619
605
583
578
579
625
694
731
771
738
729
729
725
677
681
673
668
651
656
672
683
667
702
693
696
709
690
700
685
652
631
617
603
603
645
633
738
714
790
767
766
718
706
686
685
693
701
698
708
726
730
702
702
688
677
674
683
688
688
701
710
720
728
738
725
719
700
688
684
669
653
646
677
739
780
755
715
709
682
671
661
660
642
662
687
710
728
684
672
639
616
614
618
620
649
645
654
659
683
684
688
686
691
672
675
679
665
692
704
726
734
731
744
720
710
688
675
646
636
633
650
663
640
662
697
709
691
689
683
673
649
629
598
1784
730
704
688
666
647
614
598
581
577
585
620
649
661
653
646
647
644
648
648
646
634
637
639
671
699
710
715
695
688
681
646
648
646
670
638
659
664
690
663
683
674
659
652
650
646
636
643
658
659
669
667
667
659
661
670
650
658
659
648
642
640
643
674
730
700
717
726
695
683
679
650
662
643
631
614
633
677
719
698
664
658
622
604
601
594
599
599
618
612
677
739
762
814
796
732
761
731
744
731
742
752
722
723
653
621
617
620
626
668
726
705
718
733
710
757
743
699
702
680
661
665
654
630
642
660
681
691
675
646
674
677
644
651
654
635
637
633
614
616
619
621
606
610
605
592
581
574
586
622
615
632
653
661
632
647
626
622
659
733
721
694
648
639
631
625
639
704
739
734
765
780
756
735
698
670
663
667
651
649
671
657
713
695
684
704
703
677
681
667
639
633
625
619
642
642
623
635
627
624
633
665
665
646
653
647
624
621
627
629
611
618
627
634
642
685
691
647
674
678
656
677
681
657
675
681
697
655
665
650
630
641
646
660
663
628
634
635
648
690
690
648
665
676
676
643
652
650
633
646
651
630
647
680
703
661
684
690
656
674
670
650
655
679
652
657
664
675
644
665
670
653
654
670
688
712
721
692
694
673
636
642
646
630
614
625
622
625
642
688
664
694
687
683
638
633
622
619
608
636
687
719
720
769
776
735
739
709
709
708
682
672
651
632
637
656
678
692
722
721
722
740
733
701
717
702
664
638
627
610
608
640
676
699
665
665
650
619
627
633
658
673
728
747
754
722
717
708
688
716
713
700
698
691
691
669
684
694
694
677
695
715
691
701
706
709
700
714
713
682
687
678
666
672
686
691
680
703
702
683
700
703
675
696
687
667
672
679
689
674
681
689
688
694
711
718
703
710
705
674
654
619
598
583
596
617
687
712
727
693
688
699
660
641
644
614
604
608
621
638
633
662
721
699
727
729
726
701
705
698
694
660
676
668
646
646
663
763
677
714
735
691
681
647
608
598
587
589
577
587
596
604
605
626
645
621
629
641
675
662
705
691
665
652
653
626
630
625
609
621
639
632
640
653
654
664
645
634
643
620
621
619
610
607
610
611
604
620
640
626
646
670
715
673
646
644
626
622
626
637
621
621
620
613
622
700
674
707
699
663
689
683
635
643
642
646
640
685
721
716
751
729
729
727
689
691
674
660
636
653
672
650
687
691
681
696
695
686
646
614
604
603
613
597
638
675
714
725
743
737
723
722
690
659
646
639
624
641
679
754
702
729
734
713
716
698
678
664
661
662
637
667
659
644
672
679
662
672
667
628
645
629
618
649
701
696
674
677
649
619
618
599
582
572
586
620
626
649
684
657
647
646
619
606
609
624
612
639
660
670
685
684
654
662
656
621
633
616
609
629
639
621
623
612
600
604
604
611
598
603
603
588
600
604
611
597
605
615
602
605
614
609
597
616
613
592
601
593
578
574
578
580
571
575
576
573
585
594
599
597
603
598
595
603
598
620
613
600
604
607
593
597
601
593
604
599
594
577
1109
580
623
633
634
647
609
600
589
575
560
557
572
616
678
635
669
684
685
692
641
637
629
619
632
634
630
649
648
636
661
670
636
678
660
660
684
690
663
667
649
627
638
649
641
646
650
659
629
649
652
621
631
630
618
639
652
629
600
595
590
606
613
607
633
658
635
632
617
608
627
646
642
669
697
693
724
703
685
689
696
666
657
653
641
647
650
713
676
711
727
696
704
687
699
708
686
694
685
658
656
652
645
685
667
659
654
668
676
715
739
721
681
671
624
620
605
605
590
593
654
736
710
733
731
691
682
678
639
633
644
631
674
707
700
739
721
681
676
668
626
640
638
641
650
666
653
649
650
653
633
647
649
622
641
645
632
657
667
642
659
657
634
642
635
613
629
646
640
681
715
680
688
695
668
665
647
622
632
636
637
665
685
663
675
664
639
644
636
620
618
599
588
573
570
571
600
646
663
663
645
633
602
594
595
607
630
649
682
684
680
639
658
688
679
720
714
682
685
686
661
666
653
670
675
667
663
641
626
602
601
608
646
718
688
703
698
680
683
685
675
687
706
707
730
740
707
705
687
675
668
663
677
667
626
622
609
616
615
647
676
656
692
704
660
678
669
639
646
640
648
658
699
703
693
718
720
702
714
707
680
690
684
656
653
653
655
644
700
739
721
739
756
704
716
679
714
699
685
699
719
694
727
732
718
713
713
676
685
692
676
688
662
622
658
747
756
725
736
705
660
651
648
632
689
713
672
696
721
735
730
688
700
692
706
705
690
665
644
634
642
671
724
745
740
733
715
659
651
622
648
695
693
784
727
777
778
712
716
706
672
682
687
655
686
693
693
729
741
705
734
739
700
706
719
695
711
712
674
646
638
621
672
762
747
698
698
683
659
666
650
613
627
606
611
688
686
712
729
718
716
712
703
694
722
710
764
813
809
805
800
761
770
766
726
745
771
748
799
809
770
818
833
783
789
807
782
832
804
768
780
800
775
813
813
788
796
779
730
730
738
728
783
800
757
780
780
733
737
698
698
708
691
711
730
683
681
685
657
667
666
663
657
649
633
660
703
683
734
715
664
686
675
651
645
675
722
704
754
760
744
708
721
706
675
711
713
712
709
753
764
732
740
735
693
696
688
639
653
663
688
724
742
690
702
719
705
689
674
653
656
652
654
622
628
639
661
784
756
786
780
738
716
673
642
639
640
636
646
661
691
671
711
695
684
672
680
689
693
733
745
739
764
764
694
675
642
623
621
643
629
644
628
612
618
620
639
659
673
665
648
662
685
693
697
707
719
696
731
720
701
704
696
686
673
671
677
659
688
728
708
676
707
714
691
703
711
720
688
693
695
663
676
678
653
658
668
698
672
738
729
709
714
713
689
641
621
601
589
604
617
633
701
713
690
705
710
651
628
612
623
663
728
742
736
691
684
681
670
676
702
721
733
734
726
714
686
643
656
707
844
849
763
757
764
724
718
711
715
715
778
801
791
785
723
696
708
682
651
693
664
701
709
692
706
705
666
653
666
646
656
688
744
716
761
775
758
709
644
625
630
661
754
791
780
735
738
724
700
690
679
672
643
645
633
642
659
646
701
731
722
764
771
743
726
708
706
688
693
694
683
677
673
677
666
705
730
734
761
733
691
669
647
637
640
711
732
756
783
767
717
703
678
642
656
653
626
646
667
653
692
720
680
674
661
630
628
624
613
619
640
658
647
674
680
665
677
661
651
628
614
600
592
596
604
630
666
661
682
705
686
659
664
660
628
635
638
624
654
695
703
748
742
713
724
699
660
659
672
654
644
639
618
611
610
614
604
615
621
647
633
651
669
652
667
672
652
655
656
635
639
631
637
643
663
675
652
670
662
640
638
638
655
641
655
678
663
667
648
619
609
594
582
592
631
621
659
686
665
688
681
672
661
692
690
651
672
667
654
661
671
696
656
645
647
651
637
629
640
636
618
604
590
585
1188
615
639
636
613
615
632
624
615
596
593
590
597
618
629
627
641
653
676
689
730
728
688
696
702
671
685
691
687
723
755
729
759
725
690
684
681
657
674
683
689
688
706
719
688
706
712
686
697
688
669
670
676
685
674
690
702
698
727
729
689
695
686
653
648
638
656
647
699
746
721
745
754
709
705
694
661
654
658
646
652
631
616
599
621
670
669
681
703
656
661
654
635
633
645
640
629
663
697
671
717
735
720
706
705
664
627
611
2422
624
615
603
584
572
563
562
592
618
680
754
790
852
818
756
735
706
668
674
671
684
677
711
708
716
713
705
686
683
648
632
618
642
666
727
697
713
686
665
663
651
634
645
626
637
669
668
708
704
688
673
684
683
650
678
663
676
646
637
623
609
600
617
625
698
712
693
722
771
731
727
688
643
635
630
631
668
722
782
764
837
814
761
764
739
703
719
715
690
695
703
688
658
669
658
670
657
692
716
719
740
744
741
702
696
681
673
640
673
708
689
693
725
719
692
703
694
673
657
685
705
697
695
707
710
687
716
704
672
646
657
649
629
669
654
634
641
681
716
722
682
689
680
663
662
663
681
659
691
712
744
729
749
758
714
707
688
662
651
661
696
673
710
718
705
710
713
709
681
664
669
664
653
701
746
708
729
734
728
700
711
696
668
673
663
645
660
692
729
711
755
754
721
735
717
692
697
694
688
670
680
700
675
696
708
716
692
736
775
771
773
788
740
740
735
706
716
716
718
708
735
761
734
749
745
712
717
726
699
713
711
708
684
692
691
709
687
734
729
725
708
706
691
677
674
654
626
642
678
684
724
738
756
778
784
771
717
725
719
692
714
717
715
728
742
748
757
763
734
702
709
704
703
740
743
711
702
701
711
697
721
729
720
717
734
731
699
698
692
653
653
649
642
637
640
619
630
680
679
719
743
700
708
694
665
647
650
655
645
701
737
748
729
765
775
723
707
685
649
688
718
703
764
808
801
849
801
729
710
701
712
706
731
776
742
797
829
780
779
787
748
755
747
723
729
728
713
765
766
724
780
788
744
750
749
738
735
765
740
725
742
748
725
720
726
735
710
725
730
724
702
727
722
684
688
681
685
662
700
765
775
706
717
701
678
661
682
700
683
708
737
694
678
691
710
657
644
651
654
645
643
646
639
621
625
636
662
666
663
661
655
638
649
665
675
682
721
751
693
698
719
702
671
719
752
740
720
716
699
682
678
760
768
814
745
721
686
646
634
626
625
621
628
650
662
642
654
652
639
653
654
640
625
629
642
634
640
646
665
655
672
681
667
667
666
656
652
674
666
638
621
604
604
597
606
604
608
642
707
661
712
704
660
653
648
631
611
620
643
693
727
759
758
745
771
790
737
728
712
699
723
748
713
739
735
711
740
750
716
730
725
682
642
1223
617
712
758
828
745
692
672
672
628
627
625
632
653
646
692
710
732
723
742
737
725
683
683
660
648
636
650
687
719
722
754
764
740
738
725
689
689
674
657
664
688
678
666
703
730
665
681
668
641
632
631
638
632
672
697
668
694
688
660
646
661
657
642
646
656
665
659
767
756
732
778
787
731
732
709
672
669
646
620
621
638
684
695
734
781
753
786
779
720
718
699
657
649
649
666
645
640
628
642
721
698
735
728
693
701
700
650
646
640
635
622
667
714
714
760
766
734
753
745
705
705
692
650
655
655
661
675
751
749
723
765
783
728
730
711
671
666
655
645
712
716
713
731
745
734
734
733
689
697
688
646
652
672
646
658
686
683
651
668
668
646
665
670
661
685
702
688
685
688
657
659
664
657
641
659
692
662
679
669
641
618
644
700
660
694
688
675
647
665
653
630
643
656
647
669
699
730
686
714
708
652
661
646
624
625
640
659
650
681
698
667
681
696
701
697
685
678
660
661
660
657
643
654
665
658
644
662
672
654
679
684
667
674
680
667
649
673
694
700
743
745
738
747
738
697
686
647
614
619
607
600
667
692
814
846
778
791
774
726
713
694
675
650
683
741
772
813
813
746
707
677
662
643
756
798
792
863
841
823
820
786
714
704
672
627
649
667
682
759
775
745
709
654
634
632
629
641
651
630
610
599
588
577
575
580
580
575
570
572
588
639
661
762
825
840
893
884
812
788
727
673
672
717
736
749
803
792
741
750
759
722
754
742
712
704
695
687
682
683
686
666
704
729
700
691
691
673
690
699
677
677
695
674
636
629
616
643
686
696
657
664
735
670
688
696
699
695
699
682
640
643
645
699
711
729
735
698
720
742
741
793
807
773
741
709
672
667
670
694
659
714
734
774
839
807
745
747
730
690
692
680
640
645
665
680
675
736
744
736
761
751
711
703
683
666
645
667
684
735
733
745
730
687
654
626
604
585
578
587
657
762
757
805
759
756
726
690
670
661
637
635
640
646
633
665
673
689
697
707
698
670
676
681
651
663
676
674
647
660
687
679
688
718
696
673
689
680
658
673
684
663
672
666
643
624
617
640
686
690
660
654
637
613
619
632
635
661
692
636
631
614
610
615
636
632
613
607
603
610
614
615
606
603
597
603
589
593
630
690
720
717
711
684
663
658
618
1864
672
684
664
623
613
615
630
678
690
691
686
676
659
650
630
614
609
625
653
709
693
699
691
655
642
646
646
633
632
657
690
703
688
674
667
657
622
619
621
619
640
716
766
740
722
693
675
636
624
620
638
658
640
652
682
711
707
679
654
654
668
685
683
666
658
649
640
634
654
685
648
671
742
775
741
709
683
654
642
631
634
633
623
603
1271
733
732
648
654
651
659
671
677
655
649
644
643
654
682
696
652
673
697
693
678
691
705
687
672
668
677
673
623
625
623
695
757
718
730
733
739
728
701
688
671
654
651
649
648
639
657
712
731
726
707
683
646
648
651
634
645
691
775
758
738
715
652
626
611
599
602
614
598
615
658
712
750
707
673
655
652
656
673
656
673
712
764
703
710
725
719
697
662
643
637
672
714
742
730
740
684
686
715
750
752
740
727
703
685
663
656
665
682
687
716
746
777
716
688
588
678
621
623
642
647
638
627
622
643
648
667
693
659
698
713
710
747
755
776
739
754
754
741
729
751
736
769
795
786
760
749
712
696
671
708
734
818
799
837
827
773
764
755
739
726
730
717
735
743
774
864
854
829
809
782
762
744
712
729
745
768
776
807
804
759
770
761
731
729
720
731
726
732
751
759
713
706
722
750
764
762
741
716
694
683
671
662
680
699
718
722
727
704
653
667
703
759
722
746
745
733
703
699
699
668
662
650
663
697
716
756
788
820
844
781
743
716
690
684
685
666
646
662
712
672
689
664
709
750
760
748
751
722
704
667
640
651
653
693
727
719
722
699
727
736
727
753
776
777
784
768
749
740
750
767
772
792
792
793
807
780
767
717
720
729
770
800
805
799
763
740
737
744
763
729
762
775
786
755
761
754
723
731
723
691
687
650
683
743
756
740
747
735
716
705
712
727
723
752
761
753
760
757
727
727
732
738
717
735
722
708
684
716
744
809
803
833
850
810
780
741
705
715
699
687
780
827
896
859
857
811
757
737
712
681
710
690
678
692
688
684
666
680
734
751
685
704
688
656
650
644
655
647
683
736
772
758
759
725
677
668
651
656
775
806
794
858
834
812
800
736
722
697
696
663
694
717
720
662
651
746
774
754
755
733
688
704
705
688
728
734
724
698
666
611
593
575
568
567
591
623
603
601
584
616
636
663
679
657
640
628
639
619
646
672
682
661
626
617
607
611
608
598
603
624
664
663
642
615
636
661
646
651
643
623
632
616
607
620
602
608
617
688
772
751
716
729
705
679
635
631
621
651
691
705
692
697
685
683
666
669
655
642
626
607
612
636
638
625
627
620
620
674
724
728
704
735
751
719
742
737
697
704
703
671
699
678
634
616
601
578
587
598
652
649
679
659
663
646
632
618
627
645
656
663
663
653
643
629
616
606
606
604
597
595
592
629
763
805
794
758
786
746
725
727
701
706
709
713
710
722
747
690
686
669
630
623
666
749
693
752
760
700
709
682
633
661
677
687
736
776
794
780
770
741
714
710
714
678
619
610
609
614
609
640
768
753
714
669
654
647
620
616
620
646
716
760
746
738
720
667
666
663
690
674
720
770
784
759
769
748
713
719
708
686
694
695
698
676
681
657
638
656
673
686
667
690
689
673
702
725
720
708
691
651
680
661
637
632
630
641
632
614
650
693
760
763
713
739
729
705
685
622
603
583
1224
753
712
689
651
615
620
607
626
651
686
667
679
675
625
612
605
592
576
571
577
563
562
567
603
696
680
687
661
634
640
634
631
636
645
663
706
690
732
687
645
635
641
664
682
679
697
669
659
663
660
709
695
750
718
695
667
698
677
664
686
688
659
678
655
640
628
608
615
633
607
619
632
683
650
715
699
689
695
698
693
667
675
671
668
691
710
727
681
708
703
717
710
686
688
689
681
692
686
696
675
694
685
661
666
650
630
619
602
611
631
618
649
637
628
617
611
621
640
620
654
688
706
703
676
642
654
654
656
681
679
660
640
623
647
648
624
632
624
618
607
633
642
687
704
665
631
635
604
607
605
604
630
640
621
630
639
622
600
621
647
665
655
665
640
635
638
646
642
638
604
597
607
646
652
738
706
701
708
683
680
677
652
674
676
648
655
647
665
646
671
674
657
677
677
660
684
688
653
646
655
683
680
704
711
703
654
646
627
616
614
617
625
633
637
626
611
598
617
673
689
693
670
694
704
715
723
729
711
690
642
639
631
655
696
736
716
726
695
683
665
641
623
611
614
639
706
729
704
710
717
708
668
645
654
656
682
691
648
655
688
696
713
696
664
647
644
654
670
676
701
719
738
718
702
684
669
659
649
642
624
626
629
660
650
640
748
789
750
758
740
711
726
740
730
706
732
771
820
812
808
779
736
690
689
676
697
732
793
765
763
734
716
733
741
713
700
691
677
664
666
665
660
726
765
761
750
705
681
703
722
718
739
745
750
744
722
717
707
695
696
703
704
680
677
659
660
674
727
735
713
695
671
663
650
653
676
725
727
742
724
686
710
784
767
748
724
718
694
687
664
696
762
765
745
759
799
777
769
735
707
671
658
649
646
650
662
636
642
636
757
821
784
712
692
688
697
711
677
732
757
791
789
818
827
774
793
786
745
773
786
792
761
777
771
761
715
693
732
779
797
751
774
747
737
686
657
673
752
784
811
818
776
734
704
670
667
673
681
700
790
828
804
772
707
674
663
682
723
759
758
751
738
705
684
672
653
663
696
729
729
688
687
705
726
719
666
674
662
646
647
712
761
739
739
708
686
694
708
701
688
680
699
706
722
704
687
669
700
748
786
778
753
729
704
664
650
670
728
761
753
739
719
717
755
762
720
728
715
719
712
714
702
716
702
691
720
718
716
703
684
673
701
705
715
706
679
691
700
658
689
736
785
790
776
736
661
640
625
622
641
776
754
818
819
738
758
767
738
760
736
691
704
704
742
740
802
821
801
804
804
761
765
739
699
737
760
782
813
829
782
776
746
685
703
694
726
683
681
764
774
718
705
687
663
703
721
734
688
720
711
741
752
756
759
748
737
733
677
722
709
680
736
735
745
746
706
645
636
626
643
664
695
722
712
706
695
702
686
684
710
679
687
722
777
769
734
696
728
686
722
808
808
750
757
722
731
681
665
671
799
788
779
782
775
763
770
772
758
775
770
722
768
786
776
811
813
762
776
762
773
747
731
739
721
675
633
612
640
713
820
794
772
729
733
722
689
728
755
771
769
785
769
745
762
791
772
808
818
775
778
769
729
747
751
706
675
646
638
665
665
695
725
667
680
681
646
661
668
689
681
712
709
681
696
688
650
666
675
685
704
756
697
719
674
653
632
626
639
641
667
685
665
703
710
688
724
771
726
745
720
680
713
714
689
753
726
738
724
690
708
674
701
704
719
709
762
777
737
734
714
688
716
730
738
781
791
759
805
715
676
645
638
649
639
665
682
672
684
701
666
680
709
713
711
724
659
655
628
611
632
660
717
745
758
745
742
729
705
702
717
686
739
740
723
798
786
740
745
753
722
737
728
746
768
733
725
713
667
691
703
699
772
774
796
831
770
787
751
749
728
737
703
687
752
766
771
785
749
780
788
734
753
750
748
774
753
773
756
719
688
644
620
666
766
744
810
827
758
766
735
705
719
740
720
798
841
798
838
819
757
748
722
693
723
733
761
782
768
801
806
759
778
761
740
759
741
743
744
727
728
738
734
723
751
753
748
775
760
742
738
721
671
695
714
711
771
755
740
727
693
706
727
725
726
786
792
827
801
746
752
753
720
709
685
647
688
695
791
787
846
854
811
805
748
701
666
671
673
716
718
668
671
659
640
646
653
643
688
725
699
703
712
684
681
708
711
686
703
664
639
627
658
644
682
694
711
703
681
664
653
639
631
636
692
830
788
740
688
679
653
689
787
731
817
802
743
772
763
723
746
740
702
736
747
733
770
785
742
760
754
718
739
748
729
782
802
763
767
774
736
771
781
735
772
775
751
790
771
725
743
736
705
743
757
769
736
755
771
733
745
729
692
699
688
665
666
669
756
860
801
813
821
770
724
675
640
627
645
668
762
841
833
783
726
679
666
681
700
731
707
740
762
742
758
744
711
698
672
657
652
716
778
808
789
826
832
813
809
780
729
730
729
711
672
653
757
747
742
758
780
728
732
733
704
725
741
730
723
754
770
740
732
721
681
684
684
683
668
698
715
690
716
664
649
658
680
732
713
780
771
723
729
719
691
730
736
712
736
727
699
709
707
713
723
784
828
794
810
805
761
771
777
759
800
836
785
810
811
771
785
760
729
751
762
720
740
707
669
679
796
750
703
700
688
644
651
659
687
706
778
801
763
772
752
710
709
709
698
735
762
761
761
789
792
751
753
736
696
713
710
715
722
768
813
773
781
785
747
722
733
748
730
755
744
726
733
691
704
669
646
649
694
652
636
633
612
617
613
614
610
606
611
621
604
606
616
642
689
686
689
655
642
635
631
621
628
643
635
662
694
684
688
694
670
654
647
640
628
621
621
629
638
635
645
646
634
659
669
680
652
657
653
660
663
676
676
664
703
705
666
675
672
660
644
678
691
669
668
642
624
626
661
637
663
684
659
645
649
651
671
650
670
690
712
682
722
706
662
666
665
671
647
667
704
736
685
729
743
739
670
658
638
640
664
639
625
627
639
621
606
610
637
655
634
616
629
637
669
696
645
672
683
721
713
710
716
711
734
711
694
674
692
699
749
784
759
752
741
730
736
670
663
665
685
693
710
699
709
718
726
691
705
700
688
658
655
659
644
645
668
719
743
747
708
724
720
697
689
670
666
644
663
683
748
710
744
737
678
668
660
655
638
642
652
676
646
646
673
667
640
646
670
663
640
634
632
635
618
619
655
685
667
721
693
659
665
658
650
633
640
652
665
659
660
669
660
646
641
623
605
597
608
606
632
664
701
664
704
706
680
661
664
653
646
653
688
690
687
726
756
732
695
702
690
654
646
646
631
612
617
608
593
584
577
635
2732
839
2854
2688
359
457
2035