644
623
622
611
592
598
582
571
571
575
575
589
613
617
624
656
659
625
635
629
602
606
593
573
576
592
593
596
615
659
715
667
679
666
641
624
625
628
606
604
623
644
619
637
634
625
616
626
642
658
635
643
641
623
613
624
633
613
615
618
628
607
622
623
605
607
622
646
645
617
616
603
585
573
569
575
589
613
641
650
663
665
651
648
631
613
631
645
628
625
641
661
683
663
675
660
629
624
619
617
623
646
666
677
706
707
672
686
665
639
651
641
639
659
679
676
701
659
623
603
599
606
612
606
642
696
691
696
691
649
652
644
650
642
652
675
676
686
688
669
661
672
669
681
703
703
707
712
684
678
680
677
675
699
731
700
699
676
651
645
659
694
696
724
718
675
666
646
649
611
609
598
599
639
648
629
651
664
638
640
636
634
601
606
606
621
636
729
787
740
710
693
704
674
673
634
612
625
633
626
621
616
604
594
599
590
593
604
607
606
620
634
618
624
637
627
612
627
633
639
636
656
671
653
660
679
715
668
669
677
663
650
661
679
661
677
682
680
657
666
669
650
666
685
707
684
688
686
677
653
676
691
669
669
673
674
657
680
691
683
667
679
680
660
653
674
705
684
693
680
679
653
668
670
666
661
700
706
687
668
673
671
653
652
656
653
635
636
619
613
633
623
616
621
650
650
637
620
609
604
577
595
629
791
731
772
765
771
733
695
648
633
607
584
591
598
611
612
640
645
639
626
635
626
631
646
661
672
701
700
648
646
631
606
608
610
615
619
667
688
788
794
749
724
684
650
628
617
615
613
608
635
779
850
814
777
752
708
689
686
684
672
698
729
768
737
747
730
699
690
692
679
659
671
695
718
732
726
716
695
707
693
662
677
671
667
644
629
612
617
668
681
699
731
700
699
717
698
682
677
683
661
684
708
684
717
729
717
689
691
689
657
659
680
698
692
716
744
703
722
712
675
650
643
623
609
617
614
621
683
767
733
736
720
692
672
661
655
650
672
686
696
714
726
711
720
734
690
708
693
664
667
665
645
676
707
726
699
705
690
652
648
650
632
628
627
639
636
658
702
773
748
771
761
700
662
662
660
657
633
642
643
663
663
700
689
729
738
676
683
644
626
609
609
629
671
722
693
721
701
692
701
671
696
689
686
728
765
785
727
719
687
673
679
677
692
675
722
755
766
768
774
735
694
680
666
633
644
658
671
729
731
761
786
744
725
703
663
647
637
627
608
586
606
686
834
740
759
733
669
667
656
645
652
659
641
665
692
695
687
683
684
666
666
652
625
626
621
625
598
627
693
727
904
849
812
813
802
781
777
731
659
668
674
709
688
715
716
709
708
706
691
666
667
672
674
680
660
640
656
649
659
673
677
667
675
693
675
678
684
665
637
639
640
670
779
803
694
664
645
646
671
723
691
662
627
631
642
672
736
742
687
654
615
604
600
607
612
649
707
778
757
790
760
726
734
728
724
721
728
700
688
653
661
658
688
699
662
645
637
674
737
776
760
764
769
710
681
647
648
655
665
680
724
791
861
777
787
760
727
681
652
626
617
631
667
701
685
761
732
710
691
646
1244
593
585
585
599
647
806
796
830
823
801
749
733
711
718
674
686
691
662
665
647
630
672
754
729
731
738
734
698
698
687
681
684
716
730
756
797
801
777
757
715
680
643
648
663
739
711
778
775
754
763
752
701
707
682
664
672
672
667
660
685
659
635
649
666
682
693
683
661
658
650
626
637
647
683
696
779
803
730
739
726
684
689
681
686
671
686
711
691
708
732
714
731
722
696
688
670
675
662
663
657
624
612
605
634
659
687
724
726
684
693
693
668
682
717
722
683
719
741
722
741
737
699
686
682
664
653
680
693
694
736
740
692
694
683
659
662
671
667
660
665
664
651
678
688
659
624
604
597
630
673
760
770
766
719
701
681
668
667
670
686
704
714
742
734
717
721
713
653
650
630
611
596
620
664
669
646
700
705
742
731
674
678
672
651
651
673
750
775
782
805
792
755
738
714
667
667
659
673
669
718
743
729
722
708
701
699
688
660
668
687
684
731
754
724
733
722
681
678
686
688
666
692
725
695
703
711
680
666
686
663
641
633
636
650
658
672
720
724
688
702
691
654
643
629
622
609
627
657
651
660
633
651
700
680
709
732
686
683
688
667
649
658
666
652
675
699
692
687
708
706
669
672
658
651
626
640
640
637
659
658
641
676
718
748
716
658
629
618
611
594
604
620
662
776
825
787
819
776
758
736
713
683
694
686
666
681
674
656
663
687
687
684
693
678
651
655
649
633
649
667
654
658
679
652
640
621
609
610
612
630
652
635
640
642
625
644
660
644
661
678
646
654
651
636
640
662
685
703
718
714
666
655
645
628
642
649
647
677
690
681
686
699
692
653
638
617
609
619
606
629
651
670
651
690
709
687
709
688
646
646
642
635
660
705
741
698
730
717
679
678
669
641
651
661
658
706
752
735
766
755
705
712
693
656
659
694
673
673
708
732
702
753
738
693
685
665
634
623
625
636
633
639
659
664
644
655
654
654
639
659
684
673
661
671
681
664
665
672
668
656
674
690
694
672
688
688
674
685
687
674
685
700
695
664
677
661
662
642
651
676
671
688
699
681
682
670
650
656
649
624
625
619
617
604
613
628
646
627
638
649
657
649
666
665
654
651
673
688
659
698
697
698
677
702
723
691
696
697
692
670
708
728
707
723
735
739
685
722
729
684
678
665
638
647
654
692
702
788
791
721
702
670
643
623
644
669
690
717
750
719
707
693
646
613
609
619
665
669
762
761
708
701
717
703
700
717
707
666
688
677
662
652
678
714
675
700
714
701
672
688
724
732
699
706
690
657
656
657
657
652
688
715
740
748
753
723
680
680
686
677
695
723
728
697
709
719
695
711
687
657
648
655
669
646
667
702
684
670
676
679
653
665
682
692
669
731
770
756
717
718
706
673
669
642
624
633
652
677
725
778
725
744
735
687
677
671
676
643
655
685
761
740
823
810
736
737
729
704
674
683
710
698
676
676
716
726
678
660
658
655
690
696
684
691
679
664
631
621
627
660
779
794
886
882
812
811
809
779
771
738
695
720
729
729
731
754
787
749
765
762
750
733
738
752
716
717
720
749
727
734
749
723
741
746
725
724
741
748
729
754
754
747
711
719
704
660
649
630
629
689
711
822
836
782
807
792
734
732
723
705
665
624
618
655
903
864
893
819
836
810
773
730
745
752
757
704
709
710
702
721
741
774
748
747
771
798
747
720
694
648
650
668
718
721
772
780
743
770
756
706
723
698
665
675
680
660
675
694
688
691
699
673
680
694
674
684
686
664
668
658
643
635
625
612
604
590
580
583
589
611
647
676
651
673
658
628
635
650
616
600
599
614
640
666
632
668
661
643
640
646
625
637
657
656
675
706
709
691
711
705
676
680
675
644
658
657
653
652
666
679
659
692
689
659
652
624
615
610
622
602
596
595
597
606
635
652
634
653
644
619
617
618
615
613
628
648
634
675
704
725
702
710
707
667
679
672
646
666
688
674
693
704
689
712
731
690
688
667
640
645
667
696
675
705
698
689
689
695
676
696
694
654
625
609
631
662
661
669
683
682
694
732
736
696
714
692
651
657
666
659
655
679
678
673
717
737
698
709
696
655
633
628
631
628
651
725
738
710
773
800
727
730
701
674
680
671
644
671
701
698
727
716
675
648
628
620
651
648
626
627
635
645
641
668
709
743
693
727
706
680
684
709
707
685
703
723
693
711
707
693
711
742
717
681
633
1207
658
824
804
808
769
722
721
699
667
646
643
651
673
708
771
832
798
841
810
773
731
707
702
680
683
692
716
698
701
705
707
658
647
622
627
665
648
677
670
654
661
686
709
687
716
714
675
675
688
727
708
736
782
785
728
736
723
698
674
687
715
751
735
785
815
767
769
759
742
705
709
721
736
725
750
756
734
754
770
745
710
717
719
675
670
688
707
687
712
741
724
707
723
748
688
687
670
658
663
695
659
654
644
677
722
741
703
671
651
634
619
612
619
635
614
621
629
639
629
649
658
653
668
747
687
699
723
754
706
699
709
739
694
712
729
734
708
733
752
728
721
724
691
644
634
641
651
706
761
744
759
757
738
690
679
671
667
662
691
744
726
741
767
765
729
760
746
722
710
704
689
676
723
802
787
805
817
808
781
793
785
765
740
713
718
687
706
741
767
757
771
772
764
726
739
721
680
676
640
631
665
652
700
771
760
722
711
690
655
669
663
652
692
749
734
735
745
748
718
709
695
645
661
677
688
647
686
714
705
762
716
677
641
641
627
649
688
694
670
713
716
681
693
721
711
701
729
741
702
707
698
723
686
739
761
741
740
724
718
677
694
686
667
644
623
654
773
689
705
755
791
736
726
704
674
641
646
668
716
820
839
816
802
803
803
802
794
786
761
763
721
682
694
718
721
707
730
749
738
769
791
763
782
799
771
744
710
684
640
645
658
703
748
733
678
655
720
786
768
771
772
731
729
712
728
716
678
682
684
695
682
710
737
720
809
766
724
735
738
731
690
712
732
723
727
757
799
726
732
734
698
685
712
741
725
753
772
728
744
738
708
682
687
703
701
753
777
750
733
757
733
712
719
731
706
687
688
675
639
628
677
730
742
708
724
727
685
656
658
662
644
644
680
732
720
703
738
740
659
656
635
623
613
604
634
629
675
723
744
681
701
688
666
657
670
684
655
676
701
694
682
692
682
654
666
663
637
632
642
642
627
632
649
661
660
688
707
673
625
1796
709
735
700
716
685
656
638
610
604
594
581
584
630
706
671
704
708
702
692
695
688
656
668
638
649
665
725
731
680
646
615
604
595
620
646
645
654
669
678
685
680
659
636
625
621
605
599
591
588
589
590
582
589
617
647
664
636
625
639
625
615
594
589
591
595
634
657
661
696
700
692
672
646
624
609
596
585
579
590
656
715
746
753
729
656
652
686
702
714
726
709
705
704
688
679
665
622
613
613
653
713
751
760
743
716
651
635
634
661
690
717
720
705
695
680
655
627
625
649
698
761
697
719
707
701
699
675
667
641
626
677
743
738
725
706
691
671
665
641
630
629
684
714
726
721
681
639
628
630
684
700
705
770
752
764
747
739
684
696
700
673
702
711
771
749
701
726
722
715
703
740
741
690
732
733
692
745
711
704
712
671
693
672
659
656
689
714
693
717
717
720
682
677
690
710
691
678
706
701
691
659
672
672
659
683
673
688
666
689
716
729
703
676
661
631
611
610
631
681
707
754
741
682
685
715
744
728
693
688
639
642
686
723
694
731
711
681
690
656
698
727
739
748
716
667
678
706
724
751
764
716
751
697
672
706
746
683
683
673
682
765
731
700
754
723
792
873
815
783
824
778
772
781
791
771
792
803
786
820
828
824
809
816
786
777
771
733
747
765
816
821
792
810
805
786
798
791
801
778
796
811
815
807
807
810
773
785
781
724
720
763
792
803
786
751
678
670
663
666
717
806
828
772
787
778
726
710
702
765
749
780
773
776
722
772
796
736
730
714
673
672
770
763
688
698
732
794
710
713
703
679
703
752
797
793
787
818
811
768
772
773
817
869
834
865
815
826
789
779
755
712
764
775
776
815
803
766
803
791
755
794
789
758
782
764
756
705
728
751
721
803
803
769
818
830
782
796
770
702
688
666
663
705
721
738
764
800
746
728
666
667
710
701
782
791
739
767
762
720
738
735
698
745
775
831
802
831
815
750
756
749
718
736
748
764
747
737
684
646
629
643
670
680
658
633
652
670
715
729
703
680
681
672
656
670
672
692
697
687
707
741
767
736
722
748
765
791
823
795
744
737
737
725
729
730
737
789
757
689
668
723
776
737
737
753
709
718
733
733
758
888
885
771
797
810
777
772
748
771
780
771
804
819
801
777
765
757
733
783
781
804
782
790
766
714
656
635
661
737
773
730
780
802
768
729
738
722
675
686
708
785
761
802
817
785
767
773
801
783
820
833
788
822
825
802
790
792
759
802
811
815
835
831
798
811
820
807
785
804
791
791
719
661
673
694
824
806
726
814
830
764
767
799
769
727
669
632
614
668
885
899
892
841
759
690
680
671
647
666
676
696
676
696
705
687
713
774
827
838
813
819
820
810
782
782
753
738
757
743
798
801
733
784
820
842
821
792
717
671
643
654
811
907
900
876
861
842
787
826
820
775
801
786
748
830
853
815
790
804
815
819
820
794
795
792
787
790
805
820
810
819
818
799
807
805
800
806
815
799
803
801
783
796
795
760
744
688
642
641
699
939
787
878
845
801
791
797
803
773
796
796
762
761
822
802
788
819
816
784
808
807
784
786
796
803
777
806
803
786
806
782
731
660
657
688
666
725
826
757
777
783
728
760
799
759
855
879
857
790
818
783
815
823
796
802
825
818
799
826
836
812
831
836
819
832
837
828
805
817
811
783
792
795
772
813
813
817
795
764
744
722
665
643
649
647
665
682
698
665
674
690
693
693
734
745
708
739
795
746
730
769
791
740
764
755
762
767
797
794
820
842
801
740
740
739
711
764
774
772
791
751
782
791
733
762
780
751
741
691
687
711
729
801
842
755
773
750
751
784
799
768
808
809
777
786
799
744
761
746
748
736
851
871
826
856
831
808
827
813
808
805
775
794
786
713
736
716
706
654
646
714
806
812
826
831
770
744
766
755
756
801
769
726
732
750
683
754
801
770
810
818
725
670
650
641
666
655
661
741
876
828
818
809
784
720
706
754
805
828
766
712
667
664
703
684
717
839
828
744
753
741
722
717
728
735
750
762
737
758
730
764
776
780
778
701
657
653
678
712
702
776
855
811
825
796
746
699
695
705
745
719
771
759
725
735
745
772
785
758
759
743
688
704
728
729
778
778
788
792
809
778
781
782
749
747
719
727
748
681
701
724
837
836
810
821
817
752
742
727
718
739
763
726
766
818
830
849
832
772
777
738
753
701
705
726
763
767
781
763
703
661
653
676
648
643
647
673
719
659
719
744
693
713
689
675
693
724
684
684
698
709
686
729
779
840
769
748
735
722
682
702
694
680
702
740
804
810
801
814
792
760
720
724
718
742
721
765
812
837
802
825
785
732
686
650
626
636
723
775
735
693
664
635
667
849
850
894
868
841
791
783
774
740
760
735
690
734
761
773
808
889
906
871
788
778
759
773
729
729
751
788
846
847
854
811
818
784
744
744
673
716
759
798
819
822
741
723
669
653
692
702
780
779
726
752
736
697
701
756
725
847
844
814
801
733
722
718
695
727
772
732
703
799
839
788
783
781
732
750
721
698
734
762
782
824
818
760
750
771
799
748
812
791
784
799
756
719
720
709
737
714
744
737
734
741
712
652
647
636
645
675
731
756
752
747
729
720
752
715
677
687
718
777
860
799
802
801
810
761
708
684
696
778
805
825
874
818
801
808
786
768
759
757
726
764
750
688
674
674
722
782
792
776
792
764
770
807
719
666
674
802
881
889
854
878
848
823
743
735
729
711
777
813
782
847
866
830
778
766
756
709
719
676
639
649
707
841
765
786
811
775
767
739
763
803
770
840
839
797
835
799
723
664
668
694
715
676
693
760
846
744
793
786
740
756
740
724
688
707
712
717
709
743
763
724
761
747
764
753
768
724
744
763
729
677
667
693
757
800
725
770
766
792
742
764
761
745
734
741
754
747
776
792
749
783
776
730
760
733
719
720
691
712
766
793
791
802
812
792
749
737
698
686
698
691
666
678
729
797
735
756
771
742
757
758
771
743
780
747
749
748
786
781
825
796
715
690
733
686
723
728
787
746
763
779
761
754
770
772
740
771
791
758
772
768
738
750
758
745
742
742
758
752
787
778
746
751
727
723
717
653
632
665
706
806
775
871
791
782
783
745
728
731
730
699
734
741
746
702
726
703
653
644
623
629
660
692
660
636
646
647
636
633
642
650
641
633
630
664
757
791
783
723
717
702
684
691
738
768
792
767
807
817
756
772
771
771
748
786
791
746
797
797
722
674
650
691
758
768
689
744
743
737
766
771
778
739
761
780
766
742
739
742
726
788
824
825
804
825
806
754
778
786
747
763
767
753
756
782
778
710
661
705
761
738
677
684
686
726
731
813
836
828
831
856
780
771
767
745
724
760
794
790
840
829
783
813
735
775
806
778
798
802
781
795
792
750
787
785
765
798
797
798
832
822
786
802
799
758
785
810
769
828
828
781
798
771
736
749
763
689
690
671
647
647
632
785
753
685
675
682
722
748
711
704
699
695
671
712
721
769
795
817
784
832
846
819
809
784
757
783
808
762
818
811
772
797
779
741
765
757
746
788
820
805
776
791
807
761
783
781
742
751
724
693
667
690
778
749
792
814
772
809
795
711
736
730
728
729
814
834
783
800
797
755
769
770
734
753
750
728
747
744
688
665
646
678
692
700
774
805
730
767
748
682
675
679
698
716
769
841
850
809
861
850
801
804
802
774
800
800
777
820
833
780
844
847
785
766
690
660
663
766
737
823
920
919
854
880
823
772
755
762
742
780
779
720
667
650
686
879
883
888
806
772
761
752
750
706
736
748
778
750
796
804
755
795
793
773
735
743
730
717
759
811
843
794
818
812
796
781
803
815
788
838
819
802
745
764
741
697
653
635
687
752
750
724
740
748
743
680
703
723
761
724
748
742
721
676
694
703
763
750
814
825
825
838
802
757
743
715
704
743
781
929
938
895
831
824
810
750
803
838
808
820
813
807
815
808
808
763
743
742
729
767
771
733
727
720
685
651
660
657
684
731
677
706
675
661
661
637
653
670
665
645
632
621
612
651
770
719
772
778
717
715
716
683
710
747
774
743
802
814
762
781
778
736
771
789
758
790
805
743
770
757
725
768
816
836
820
848
836
774
776
768
739
772
790
768
787
780
750
746
757
781
759
815
821
764
757
742
718
738
754
754
779
799
767
726
687
647
631
639
631
666
697
662
688
721
768
711
722
725
681
687
702
720
698
738
787
743
775
789
774
753
771
769
732
760
765
729
749
758
729
758
764
733
750
729
686
720
741
717
803
775
800
786
731
732
739
699
753
738
682
651
649
685
650
684
697
716
683
715
683
662
687
688
659
649
653
675
688
659
668
665
675
650
678
715
688
723
718
682
682
694
751
736
776
792
760
764
769
737
775
785
752
776
796
767
782
783
727
750
767
724
756
781
753
751
775
746
734
759
748
738
771
770
727
744
738
720
737
748
745
751
791
805
744
752
745
723
778
769
750
817
817
789
830
831
792
787
737
733
742
769
725
749
763
707
675
645
646
697
658
692
697
686
679
738
789
724
739
736
696
699
705
708
676
695
709
694
701
753
771
739
791
792
763
793
807
759
759
771
748
782
806
790
758
794
804
762
810
814
736
756
714
664
641
622
649
671
708
668
726
759
677
665
647
633
616
614
632
633
615
633
653
698
656
699
740
751
729
771
793
789
761
771
786
759
771
757
724
750
763
732
787
804
819
809
837
792
758
745
758
762
858
876
829
783
801
785
755
778
788
764
807
805
738
754
764
715
745
749
730
756
775
753
728
711
665
637
621
660
748
748
772
810
758
769
757
729
703
732
728
700
775
769
745
769
759
718
656
634
634
652
763
829
832
795
758
721
685
659
649
645
649
654
673
700
724
723
734
672
653
685
707
706
729
763
716
715
695
685
683
728
759
714
757
778
795
768
770
762
736
747
735
703
702
713
734
733
769
797
764
781
784
746
746
732
712
704
720
727
742
764
766
736
740
759
713
727
724
702
722
729
737
710
748
760
710
698
717
736
706
735
749
742
749
755
743
699
691
679
650
684
702
732
724
787
786
747
766
736
688
695
715
734
775
799
814
781
794
786
737
738
738
696
736
738
721
794
776
729
708
669
640
626
609
623
641
701
676
728
774
784
715
714
695
658
635
597
601
610
630
616
688
817
785
736
747
736
720
672
672
669
674
683
759
792
825
760
767
744
702
681
678
696
683
728
708
659
637
634
654
714
688
703
713
722
688
722
746
727
749
763
720
712
697
639
640
643
685
679
793
807
775
797
759
714
707
683
664
677
709
723
740
764
758
724
671
644
640
640
656
669
677
668
715
730
713
735
743
743
697
710
718
700
720
755
748
747
754
734
720
728
736
705
737
751
722
712
682
648
642
622
643
736
666
721
738
704
708
728
672
661
660
675
671
734
782
759
782
810
775
769
766
749
705
729
741
723
744
742
711
688
688
688
688
737
758
712
726
675
644
642
679
721
715
766
774
718
745
756
727
740
753
739
777
809
800
788
796
775
740
746
766
726
734
723
712
749
756
687
678
648
637
657
631
637
641
655
629
640
648
655
634
642
650
658
646
664
681
671
709
764
756
701
663
669
640
644
666
738
724
697
728
746
731
729
730
717
685
731
754
723
776
828
783
804
803
754
759
763
727
744
772
766
727
790
835
793
813
806
766
764
772
756
786
783
731
754
761
718
726
736
700
725
741
715
736
744
715
686
649
631
635
617
641
681
734
713
786
801
775
790
765
722
705
726
717
720
760
796
746
780
770
720
739
755
733
674
674
657
632
649
678
688
756
754
678
664
641
658
726
801
746
694
688
693
689
660
647
640
658
791
833
816
762
723
662
647
640
681
695
794
891
893
891
887
808
775
763
711
686
661
641
702
791
767
753
787
777
731
733
703
663
680
728
759
732
785
813
761
802
787
721
737
755
749
787
813
796
791
816
790
760
766
714
700
702
727
727
792
833
776
814
807
763
768
769
727
753
758
740
748
758
770
741
791
799
760
790
801
758
742
714
664
636
625
653
729
753
868
863
798
830
798
745
757
752
713
760
746
723
779
814
793
852
851
794
812
823
758
774
759
722
750
790
766
806
750
755
765
728
745
759
722
771
781
764
800
799
777
760
754
748
719
751
759
739
792
785
763
813
802
753
774
760
696
654
651
650
687
772
782
739
783
808
747
754
748
724
741
765
754
788
789
756
751
745
703
704
721
745
719
753
760
717
752
753
699
703
708
688
717
740
708
670
657
637
665
661
675
744
771
711
738
732
682
696
697
698
704
741
762
749
769
761
693
651
632
666
746
758
786
752
735
729
709
696
648
662
651
671
700
689
726
744
731
732
736
734
690
707
721
716
737
752
751
713
709
708
681
726
747
719
726
728
745
687
702
705
692
679
710
726
701
747
746
675
678
673
655
693
749
770
802
837
785
738
673
651
644
631
654
688
687
693
729
722
683
699
709
691
716
759
762
724
753
766
715
719
708
708
680
725
732
700
724
698
693
652
656
640
619
612
596
592
608
613
662
699
692
728
741
706
711
728
699
679
720
699
730
744
704
760
792
772
728
729
706
659
689
668
749
744
723
737
741
700
711
722
699
685
712
696
653
660
664
659
640
648
659
685
655
669
680
650
662
660
642
643
662
667
644
629
648
672
650
632
615
612
625
608
620
648
700
693
650
643
611
605
598
616
637
642
725
692
731
741
711
724
715
693
724
733
716
776
823
775
816
783
782
809
822
798
814
820
765
778
727
683
676
636
650
632
639
731
747
712
681
669
655
648
628
633
655
691
693
767
784
737
761
760
716
729
734
718
736
699
747
755
737
749
772
763
724
730
752
752
790
775
706
671
680
693
730
738
699
676
649
644
667
659
677
739
776
723
778
779
757
679
689
692
708
703
808
797
731
754
763
777
727
753
758
744
750
748
725
739
750
779
747
756
762
757
790
771
773
695
688
711
714
688
722
717
724
697
710
694
658
690
730
669
652
686
673
708
755
824
715
727
729
741
708
729
694
661
680
717
782
757
805
793
738
732
725
708
705
711
698
668
651
646
634
727
823
705
708
728
717
680
682
687
697
682
728
724
726
694
762
743
749
735
748
725
676
678
654
642
624
646
657
731
862
823
777
804
762
715
688
695
674
656
678