779
778
754
680
687
651
624
581
612
631
744
758
759
718
717
678
690
667
648
661
645
623
647
668
736
766
823
850
850
795
730
700
702
697
687
653
643
631
615
604
609
661
733
800
843
759
782
760
683
710
693
686
658
708
756
729
773
781
729
755
731
661
678
654
639
626
654
706
799
767
790
779
747
727
715
707
664
709
681
666
680
688
715
686
747
750
739
732
716
707
661
676
656
671
640
675
684
704
747
739
727
695
681
658
636
631
622
618
618
624
622
610
617
628
626
647
670
669
672
695
691
655
658
650
632
630
642
653
624
635
637
627
625
635
688
756
728
683
681
666
656
636
629
621
620
612
632
668
723
684
697
700
714
688
702
692
694
674
674
670
660
670
681
663
688
706
712
701
700
686
662
673
705
713
729
751
744
727
722
715
698
696
689
676
696
701
675
730
769
737
745
737
689
696
679
652
682
711
735
731
771
731
705
688
673
657
700
733
730
726
729
722
699
704
693
664
686
707
704
746
759
758
737
749
735
705
708
701
694
727
730
736
720
726
728
712
719
725
701
712
714
719
722
764
764
735
734
752
749
720
734
729
706
715
723
714
684
692
694
669
696
721
712
735
758
720
722
715
710
692
695
688
655
674
678
669
672
694
738
777
796
799
770
745
745
733
716
716
710
707
716
723
728
708
709
697
682
669
655
628
635
647
660
726
703
715
715
680
668
652
657
628
642
657
682
744
738
688
696
736
717
692
695
678
656
679
700
673
706
713
677
705
689
676
731
737
728
766
785
782
741
716
707
692
667
664
684
681
680
713
747
750
740
734
714
667
661
643
628
635
641
621
714
809
819
799
778
727
723
697
688
682
684
654
673
692
675
694
721
744
722
741
743
715
726
727
706
722
728
730
721
734
754
715
738
745
734
732
727
723
715
718
686
656
676
696
688
751
770
792
776
767
751
715
730
752
743
714
719
725
710
742
784
763
777
769
733
744
747
726
698
676
678
684
722
735
765
793
793
746
760
743
712
730
731
727
726
730
742
726
743
750
729
725
727
724
711
724
732
729
715
705
665
672
681
705
677
685
685
676
728
764
791
734
729
669
685
688
662
696
741
737
804
800
748
735
717
679
681
692
705
712
756
792
777
784
780
733
732
724
698
699
700
679
700
688
663
684
693
685
688
700
693
680
699
709
687
720
734
735
709
727
742
735
708
660
664
664
691
705
761
793
768
798
775
748
725
723
713
692
712
724
728
747
757
737
721
723
718
684
672
658
633
629
610
603
651
699
670
706
710
669
682
688
675
662
695
747
753
821
852
814
817
789
754
793
775
751
767
802
765
767
773
739
745
750
747
731
734
724
708
718
724
727
750
770
755
766
750
733
692
684
688
706
702
773
822
775
810
796
747
757
758
741
757
768
792
826
812
773
748
771
790
774
781
769
737
735
734
735
714
706
718
735
771
823
812
809
801
759
739
743
745
751
752
776
763
764
788
772
753
765
760
750
765
777
746
734
757
770
771
740
748
723
730
733
729
706
712
722
730
759
752
747
749
743
711
695
714
732
744
756
756
779
766
772
723
732
733
741
746
744
742
745
752
734
739
734
746
729
731
722
731
754
744
732
723
704
682
691
712
752
751
782
812
765
773
777
767
741
764
778
747
739
745
740
708
701
714
737
733
778
826
812
787
798
762
690
669
663
655
677
720
696
664
651
651
667
649
671
679
688
681
679
687
662
682
684
694
682
719
708
690
685
697
692
692
689
698
708
677
694
692
698
689
712
718
700
716
727
729
707
724
728
720
731
733
733
696
710
708
706
684
731
737
731
746
750
731
723
724
727
699
709
704
662
657
658
683
699
671
688
688
692
676
673
666
655
664
683
706
688
727
730
723
700
707
698
682
694
697
678
708
711
724
703
732
722
702
723
719
678
688
687
695
688
670
682
711
752
779
720
712
693
678
663
658
662
660
670
685
723
751
780
834
865
826
831
809
762
739
729
731
746
732
770
775
792
771
774
783
743
768
767
743
752
756
755
757
756
749
747
764
778
754
777
775
736
736
731
740
706
724
748
760
768
787
780
750
771
780
782
757
759
748
744
742
759
787
754
787
785
754
770
766
744
756
749
722
744
755
735
774
779
754
783
786
773
759
769
768
748
759
784
754
785
795
778
803
786
783
787
764
766
783
773
808
853
879
884
908
870
815
804
778
755
752
738
696
724
740
755
836
883
846
798
813
811
782
786
784
750
703
694
695
723
728
787
834
804
858
857
816
825
797
779
781
765
769
763
762
762
786
782
774
801
794
769
778
771
747
757
748
717
730
751
752
788
774
771
789
807
743
762
765
767
779
802
775
750
769
768
729
770
799
787
814
785
775
707
706
710
710
705
739
751
711
730
711
713
675
681
667
659
634
649
704
789
754
809
806
804
791
806
800
742
759
756
748
754
766
805
767
796
784
757
764
761
734
754
759
746
796
793
789
778
769
759
735
754
765
733
772
787
762
775
782
752
737
735
734
704
724
737
739
744
759
757
739
754
757
722
745
741
717
734
755
768
769
752
785
785
735
741
749
726
739
761
763
752
771
784
767
774
780
762
750
756
764
736
745
778
797
771
792
804
756
705
663
662
663
701
733
774
774
775
767
741
733
721
705
708
720
723
736
737
758
756
738
702
688
688
689
667
696
672
707
683
743
771
788
770
763
752
716
717
702
700
675
704
724
712
761
769
741
760
741
708
720
722
711
715
742
746
736
764
783
739
750
738
710
717
714
726
729
766
769
732
749
759
728
737
735
725
707
723
733
711
750
754
738
725
697
715
707
674
679
696
731
740
781
785
737
722
704
705
712
707
684
647
656
650
666
712
779
878
882
910
875
823
816
771
755
749
741
760
777
783
765
797
798
775
787
775
754
762
764
737
753
768
734
758
744
724
723
736
768
744
786
807
804
786
774
761
749
752
754
722
740
752
726
738
687
669
647
648
657
672
692
713
675
674
676
688
681
656
651
654
674
725
717
714
721
722
704
725
732
729
711
713
680
662
661
675
745
766
847
844
833
803
780
765
744
718
689
675
664
650
671
668
660
680
664
656
692
695
729
730
733
755
762
763
726
729
735
709
735
758
776
717
725
734
746
720
757
774
744
754
751
749
723
728
726
725
750
786
802
779
788
780
746
753
746
717
748
757
733
757
762
771
773
813
822
779
771
755
707
700
687
691
733
793
797
771
750
746
712
668
674
689
731
735
720
749
784
790
760
771
780
773
797
837
862
845
802
817
822
817
788
808
823
808
841
860
818
810
808
786
771
797
815
791
809
824
809
746
762
762
754
761
801
796
772
806
818
763
778
761
734
738
732
736
702
728
739
721
721
748
749
727
746
756
751
752
760
757
726
729
731
716
732
747
753
741
765
761
732
736
729
693
700
706
721
751
787
794
761
779
760
722
725
726
697
723
727
729
746
779
805
766
774
779
742
757
758
744
741
759
761
749
777
786
739
688
1354
713
716
755
771
724
711
695
684
674
671
642
651
681
729
762
770
754
757
768
757
715
701
700
723
728
734
712
693
688
688
690
669
682
668
667
648
740
848
829
820
791
785
762
745
729
724
693
696
680
674
688
690
703
749
782
849
856
842
837
789
788
751
690
688
681
677
725
699
712
746
812
882
855
766
769
761
736
731
722
769
774
808
748
772
760
757
736
727
723
720
728
730
734
737
735
728
740
788
788
787
777
736
677
668
654
663
669
703
772
801
828
898
862
826
782
756
720
709
684
711
729
747
715
731
723
721
723
756
736
753
755
758
761
744
745
742
717
739
743
719
698
740
702
741
771
797
792
777
780
770
747
774
800
829
843
869
867
820
853
836
805
801
790
735
743
749
797
866
828
813
810
795
758
776
775
729
739
745
736
749
767
771
773
759
781
794
760
786
816
754
757
732
737
761
748
762
793
811
800
784
759
734
707
678
653
660
761
1141
972
983
973
784
963
944
913
912
873
856
777
774
749
787
785
755
752
742
712
695
704
684
727
760
797
724
735
739
744
714
680
672
649
634
655
708
684
672
708
804
877
772
822
822
812
746
751
749
747
715
751
775
791
824
851
832
765
1425
768
808
818
795
771
757
722
676
663
624
628
725
843
937
930
926
872
822
795
783
745
744
735
742
745
749
745
762
792
749
775
786
773
771
769
737
736
724
722
718
719
728
765
781
798
778
770
771
753
750
751
745
697
694
676
665
654
646
647
646
655
676
702
735
729
725
720
764
787
765
745
723
709
700
702
713
740
768
805
796
847
827
824
755
741
705
704
716
730
751
760
747
732
722
730
723
715
711
708
694
682
657
670
692
711
712
727
729
759
761
714
741
754
857
891
891
866
829
745
726
699
670
658
697
718
723
753
764
779
773
788
774
760
729
722
710
712
680
719
745
842
795
794
821
816
809
764
754
745
728
736
745
740
756
763
726
748
748
756
739
767
771
761
756
745
728
714
693
691
718
759
791
792
750
757
800
877
782
813
800
751
739
729
747
771
783
808
827
838
799
776
746
706
708
724
749
790
755
723
751
814
830
760
768
756
729
730
720
696
706
713
737
724
709
676
680
710
747
796
785
784
740
735
739
733
729
722
731
738
742
740
726
744
808
788
733
725
715
749
775
781
771
776
755
716
706
683
665
698
950
1018
909
905
826
862
857
783
802
808
827
826
809
742
753
770
793
825
784
764
777
826
825
859
888
880
829
850
845
836
809
769
754
732
734
773
821
812
805
787
757
748
737
725
719
711
702
690
692
685
691
674
677
657
688
710
742
735
744
732
738
712
687
683
715
777
810
808
778
760
728
680
703
761
837
921
930
809
804
818
813
800
769
796
801
800
756
771
771
772
775
799
797
820
790
823
740
726
667
651
641
656
783
752
772
798
861
849
856
817
783
764
719
715
740
742
794
794
797
786
746
738
735
768
817
841
810
836
833
794
771
733
700
685
665
672
657
675
688
707
725
691
734
789
767
793
749
736
752
735
730
717
717
705
717
726
756
759
758
761
761
768
779
766
793
853
848
831
805
767
757
759
750
729
715
716
736
732
725
697
705
709
707
774
801
797
797
793
771
780
756
778
794
845
836
845
786
729
717
696
686
684
687
684
663
671
666
709
695
687
680
667
659
649
659
668
687
702
717
734
712
729
749
741
731
689
684
652
640
638
669
729
719
801
806
787
784
784
732
742
783
778
780
766
766
710
730
738
806
809
757
792
796
847
883
862
865
832
801
772
800
803
775
787
833
825
811
791
772
762
749
761
745
752
830
915
852
867
828
764
738
713
726
705
754
790
814
847
859
863
833
808
788
804
753
778
737
749
729
796
825
826
808
794
771
751
727
703
724
762
820
862
827
796
751
763
766
796
770
819
797
820
828
801
807
821
847
825
853
776
739
692
672
658
689
800
847
884
868
876
834
865
849
822
735
743
726
687
668
668
658
632
624
617
615
632
677
737
749
785
784
797
754
706
714
731
705
668
659
669
701
758
785
787
768
794
787
760
742
718
712
703
678
727
700
722
680
672
655
656
647
656
665
675
674
664
668
644
639
669
843
843
892
845
804
778
743
730
711
706
685
694
677
661
665
684
744
749
751
740
735
725
714
688
667
666
664
701
699
741
696
702
753
771
769
760
785
796
794
779
778
741
789
854
949
948
901
864
771
733
697
669
645
640
637
703
820
762
907
936
862
901
870
810
783
789
771
753
749
734
718
663
706
677
650
645
693
779
798
811
745
700
727
724
738
720
724
714
720
717
691
726
710
776
749
757
791
760
763
755
717
667
648
644
679
679
661
687
743
772
727
742
774
776
786
763
751
714
681
699
692
749
739
793
859
880
837
813
777
800
779
751
753
763
803
768
801
798
720
718
681
667
701
770
828
849
834
813
747
751
781
740
709
733
720
729
727
716
734
743
757
774
797
765
780
776
755
786
799
881
869
854
851
785
787
776
729
674
649
644
639
623
629
604
611
644
829
807
846
839
859
776
782
738
757
747
754
714
729
731
718
739
724
722
701
692
679
643
635
628
631
640
721
796
874
857
898
883
791
729
702
664
660
668
725
752
771
781
745
774
783
751
780
768
767
740
736
753
748
710
695
657
682
675
715
766
818
804
857
821
778
733
688
674
658
653
703
765
896
862
896
898
811
830
790
764
740
711
722
688
711
677
704
695
684
734
788
845
831
798
798
742
785
747
829
859
863
845
771
532
829
693
665
638
638
636
644
732
697
729
713
693
755
790
802
787
796
751
726
711
706
686
695
673
695
736
787
830
790
819
765
799
778
730
729
696
686
728
741
765
765
783
732
756
741
727
764
799
790
824
823
818
779
758
745
724
684
687
691
717
705
710
720
681
718
711
720
736
714
744
736
707
675
699
700
721
720
735
719
715
701
776
792
794
775
792
788
760
777
759
775
785
803
823
815
815
808
763
772
778
787
772
827
854
825
814
785
811
805
826
768
795
802
846
802
831
844
833
798
774
776
768
773
806
809
780
793
772
762
756
755
771
767
785
742
754
744
751
793
736
759
752
761
769
774
773
759
760
759
746
710
668
701
720
775
801
803
793
773
765
748
744
749
738
741
762
780
802
804
804
801
784
757
744
739
707
698
669
649
640
620
614
608
617
636
633
650
632
645
685
797
797
829
759
735
756
748
773
783
788
768
782
776
776
766
762
766
777
784
810
813
745
776
734
729
728
754
771
846
905
862
871
838
780
782
771
733
762
762
734
730
693
733
795
806
797
758
753
727
758
763
782
794
794
799
790
776
719
716
701
718
776
845
839
820
810
798
763
770
772
765
729
678
652
656
647
665
677
661
729
741
752
737
747
737
742
747
700
729
738
747
733
707
680
704
813
883
915
900
888
841
815
749
757
739
760
787
814
830
813
760
772
759
771
744
771
770
756
767
745
732
718
670
671
668
694
708
772
726
773
768
762
707
735
719
688
686
690
691
653
674
669
663
655
664
673
670
695
736
761
771
753
723
707
728
739
735
717
687
693
694
713
713
689
672
738
783
754
752
771
753
729
740
741
766
759
770
789
798
796
796
795
780
744
779
833
820
859
843
804
783
755
730
747
755
793
819
844
849
821
810
765
743
715
688
671
700
763
707
699
716
715
670
673
674
666
675
679
653
637
659
706
702
712
738
754
741
750
722
740
737
746
720
724
677
664
661
655
657
658
673
674
651
676
703
671
664
671
664
650
660
688
697
673
692
718
688
737
763
749
766
718
724
692
685
663
690
700
690
760
787
764
799
778
762
767
742
718
729
694
654
644
687
747
772
808
846
809
803
810
796
776
799
826
761
722
713
697
699
671
706
668
970
854
810
847
794
735
711
681
655
700
721
756
852
774
752
845
754
772
756
692
687
728
756
693
709
720
731
701
725
691
694
670
691
718
728
690
688
674
642
646
638
632
621
634
644
681
702
737
763
728
739
751
791
808
773
781
764
745
739
771
772
740
760
769
767
761
790
760
724
768
744
747
734
732
742
711
728
736
724
679
688
660
646
671
693
723
754
791
753
778
769
742
739
727
689
716
717
692
741
743
729
771
779
768
734
674
668
643
671
731
684
713
722
693
730
760
783
823
799
746
782
804
744
775
780
746
743
752
712
708
753
806
796
830
813
842
863
813
833
845
775
801
765
754
781
811
788
853
877
817
828
793
784
760
742
740
746
742
696
659
641
656
696
737
755
758
739
704
673
688
698
681
678
680
683
712
726
700
736
715
722
715
723
716
792
756
725
731
743
731
785
832
837
816
818
802
800
798
783
761
777
781
804
795
772
744
705
710
737
745
750
771
750
706
668
651
685
643
673
693
685
650
651
649
635
646
686
745
713
752
720
708
682
654
619
611
608
628
624
656
673
687
669
685
667
633
672
686
711
669
660
640
619
609
598
602
604
629
643
647
655
659
666
653
676
680
700
700
718
713
651
623
606
593
577
567
1129
567
586
607
594
595
614
659
661
667
648
679
726
714
703
688
673
649
647
654
657
688
737
776
734
724
688
665
687
665
671
712
720
710
698
688
662
668
659
714
710
801
813
791
742
720
745
739
717
708
673
663
691
754
768
766
764
737
721
703
1317
706
738
743
776
754
714
726
733
768
782
751
748
726
712
704
696
718
721
696
733
755
743
724
716
690
680
663
687
717
702
701
1615
837
810
724
730
705
734
767
809
796
802
800
801
784
767
735
733
737
742
729
718
706
680
648
637
669
668
649
649
683
662
675
691
647
669
674
694
681
728
774
844
860
890
851
881
872
795
808
779
791
818
865
851
849
796
808
813
803
762
777
802
771
789
796
809
814
783
807
801
844
856
809
795
800
810
820
833
778
740
733
745
769
800
787
791
799
805
752
781
765
758
768
789
819
792
813
785
780
777
765
755
754
719
740
702
727
712
671
655
641
631
626
629
626
625
623
632
665
696
688
670
644
636
631
638
662
677
714
740
761
800
834
870
884
871
869
862
787
800
790
748
757
746
741
758
822
855
854
830
830
823
822
792
803
761
808
845
847
826
831
785
781
761
716
751
753
787
792
812
813
736
770
767
772
744
753
749
733
750
742
750
738
768
754
758
761
724
747
743
722
757
765
732
750
759
769
766
692
664
640
625
634
691
734
804
809
778
801
776
725
679
689
660
708
760
792
769
802
815
791
791
788
760
760
757
755
707
676
647
653
649
656
683
642
646
736
724
712
746
747
736
771
716
736
691
672
677
706
710
715
755
761
761
780
748
764
771
766
782
797
772
779
767
700
664
669
688
805
825
786
737
744
735
684
724
716
727
726
742
753
767
749
767
757
747
773
810
765
773
752
762
701
671
675
705
734
824
822
792
813
805
774
752
703
703
683
659
634
675
719
743
764
795
780
756
761
751
733
770
734
704
680
725
754
704
717
690
682
729
657
678
689
716
649
646
641
646
616
602
606
650
657
677
664
641
639
2430
594
589
585
582
586
594
620
646
672
686
754
838
886
864
849
781
738
682
1908
702
802
779
774
763
749
732
731
734
734
718
730
809
817
797
746
743
757
737
735
738
765
762
737
714
686
676
674
730
810
828
808
793
765
701
707
725
797
830
845
838
792
743
724
743
782
718
1557
850
851
829
793
759
738
729
712
719
715
727
771
796
759
758
784
785
774
754
738
722
707
688
714
817
776
723
787
785
761
736
714
652
674
702
782
794
737
708
1517
823
852
847
828
796
766
742
700
682
694
813
873
835
796
800
756
697
668
652
641
659
710
676
771
799
824
800
816
762
806
791
811
787
793
799
816
806
762
740
784
786
816
843
787
820
824
807
850
882
874
849
851
823
850
870
846
876
883
913
889
873
881
854
771
722
735
773
829
853
771
799
781
767
752
689
697
679
686
691
661
664
646
645
634
653
680
706
751
825
840
780
740
711
735
720
728
723
728
734
708
681
677
728
750
754
780
803
834
864
850
806
813
797
817
835
807
821
840
811
842
823
796
819
767
783
784
790
760
772
774
749
767
761
795
835
832
831
809
801
782
768
768
786
789
793
799
760
760
717
735
745
758
780
754
782
805
824
838
821
804
786
781
775
769
771
783
838
774
785
741
771
748
815
829
849
803
760
771
769
788
753
731
771
785
818
826
809
785
773
754
770
791
815
857
853
847
837
817
800
778
772
774
799
808
730
745
732
753
749
770
770
724
738
720
729
734
759
757
799
816
824
838
826
828
831
800
768
767
730
739
744
706
756
784
828
816
786
743
728
731
754
743
733
729
755
707
686
682
701
737
708
742
768
770
789
778
766
719
725
678
699
691
682
642
710
767
822
823
745
760
735
719
707
717
722
732
753
764
782
761
780
783
770
734
734
741
763
771
779
782
800
812
804
775
700
690
678
661
718
661
709
696
686
664
686
668
694
660
666
655
641
637
638
677
763
814
812
771
773
747
711
656
688
739
765
783
808
816
813
804
786
783
812
813
819
835
847
839
832
813
784
785
798
771
796
754
794
819
746
768
770
747
771
799
780
839
830
807
810
787
763
771
776
773
839
854
846
844
858
847
837
830
810
802
830
829
825
857
834
807
812
785
765
782
773
784
808
806
766
797
775
746
754
742
724
757
759
732
769
771
767
792
790
802
811
782
790
794
758
779
793
766
789
796
781
832
806
810
816
805
807
805
789
839
818
803
809
771
774
791
768
804
774
774
776
783
821
849
801
831
811
800
807
768
701
702
675
652
680
744
759
763
783
777
779
758
723
746
776
791
818
829
812
846
857
799
813
796
779
777
750
760
798
839
863
899
796
808
793
765
747
743
717
731
745
794
844
879
924
829
793
761
756
754
746
779
758
790
804
806
851
866
817
788
706
708
646
642
627
629
642
711
705
714
691
754
754
776
735
677
667
634
615
610
621
651
647
655
669
694
711
671
654
632
633
651
686
673
705
698
661
695
746
788
801
793
769
767
757
762
733
728
726
742
762
776
783
771
771
779
786
808
806
822
824
814
786
776
786
780
771
740
722
750
757
694
686
683
700
713
757
773
777
793
799
791
792
792
747
750
749
762
821
876
830
825
756
711
680
659
659
749
1012
993
974
990
941
906
854
752
732
686
660
658
781
837
913
889
864
841
813
797
793
783
724
744
740
770
774
796
788
803
783
742
732
735
707
748
787
813
840
775
758
708
657
647
626
604
598
591
587
597
649
754
705
672
656
663
649
700
766
792
765
797
766
774
756
718
693
669
698
720
692
719
735
667
667
657
660
650
646
653
684
700
698
742
760
751
728
742
707
732
704
689
714
725
739
759
738
757
758
766
769
783
781
768
771
758
764
761
772
771
756
742
743
719
678
663
638
625
719
705
733
680
691
638
639
648
674
700
731
710
766
731
716
733
730
752
774
763
756
746
731
770
762
819
821
804
789
737
767
718
681
718
700
740
725
731
709
731
707
689
687
688
713
718
722
716
697
694
689
671
662
656
712
775
745
755
753
746
725
714
703
702
704
694
715
728
747
707
686
662
646
647
638
668
658
716
698
681
754
757
775
777
791
775
770
760
786
796
817
820
824
903
907
884
794
795
771
729
735
748
820
868
868
877
816
831
837
834
854
824
863
855
892
844
797
845
861
889
856
850
838
775
790
794
774
775
722
710
673
652
633
631
633
699
671
750
778
737
766
736
760
742
787
782
787
799
812
788
815
817
803
782
771
781
753
789
800
839
874
812
787
752
761
785
805
850
828
750
732
690
689
719
753
795
829
816
796
797
762
772
789
795
789
794
791
787
747
719
673
718
725
759
797
821
818
809
743
725
729
734
745
745
715
700
680
681
687
718
690
701
661
656
652
658
656
746
784
830
852
815
789
713
686
689
707
736
732
772
771
775
788
758
771
758
724
711
736
727
772
785
768
715
740
718
670
660
671
687
701
689
694
679
688
656
679
666
658
650
685
675
671
682
707
756
741
792
754
782
750
758
756
765
772
747
765
757
723
706
667
679
704
736
750
780
786
802
749
728
686
700
705
713
780
856
829
927
884
925
871
795
794
783
736
771
744
729
687
702
675
683
729
734
683
712
724
731
735
739
725
697
656
678
651
687
698
743
797
816
838
799
736
743
756
770
766
784
726
754
754
697
718
730
748
743
736
750
697
732
703
721
732
761
749
743
748
752
781
769
739
732
768
763
789
752
730
730
751
739
762
766
773
772
769
744
732
731
721
696
688
715
717
710
701
706
709
679
699
713
689
676
731
746
771
728
719
707
690
680
685
702
711
731
746
771
780
759
795
791
754
731
726
684
692
705
713
754
720
757
793
857
840
805
736
752
735
724
698
692
687
684
662
637
668
709
749
794
836
795
782
714
725
704
720
735
741
769
819
816
751
766
771
789
784
796
788
795
767
765
768
767
703
692
693
677
661
659
624
651
686
731
755
783
770
768
721
715
722
722
744
770
781
790
744
740
762
797
866
861
827
777
745
746
747
755
779
805
800
784
731
726
733
742
758
774
804
768
737
719
730
730
717
730
714
696
703
721
734
742
755
760
763
746
705
687
684
701
674
656
696
709
674
674
664
657
646
646
635
625
624
638
683
697
702
745
860
902
894
881
855
752
761
752
776
802
771
761
774
836
856
846
817
823
830
799
773
745
736
779
819
849
856
845
832
776
751
722
738
745
770
781
810
855
797
776
760
763
786
792
794
792
759
770
782
773
755
756
735
723
733
747
794
812
764
763
735
709
664
670
653
641
637
635
650
693
698
733
740
737
734
733
730
743
704
736
758
798
807
801
745
746
729
751
802
836
861
766
782
791
826
829
799
789
768
762
754
722
726
731
791
836
869
871
791
788
788
804
772
717
713
724
757
767
734
766
760
767
755
751
742
722
701
698
714
716
753
782
819
818
806
791