572
581
570
576
574
563
558
541
563
567
574
561
580
595
581
572
584
604
597
572
552
561
567
594
619
616
589
609
615
639
646
603
623
626
632
633
668
691
666
641
654
669
674
667
676
699
653
681
684
691
667
736
757
721
667
681
677
663
634
659
666
679
662
721
699
675
688
713
729
672
703
696
692
665
680
663
646
612
614
641
705
710
714
760
719
659
687
668
669
636
658
695
782
754
796
797
764
685
686
660
649
633
632
638
630
616
611
603
593
600
610
653
705
819
840
850
773
806
792
762
713
706
676
650
669
669
715
702
798
701
758
709
698
681
713
736
724
679
688
686
689
666
659
661
652
718
714
722
758
749
737
705
729
698
688
654
671
677
688
671
678
678
660
687
677
686
654
668
641
625
607
582
586
594
648
729
690
708
714
722
689
664
683
685
688
666
695
709
693
667
678
678
681
676
677
674
641
657
673
726
780
781
770
743
674
678
666
662
648
694
734
744
717
738
759
734
723
723
721
692
660
636
639
654
656
653
651
661
658
642
636
641
633
623
621
621
622
623
620
616
605
621
619
612
617
613
609
603
604
611
622
613
606
608
612
604
605
614
627
623
613
614
620
635
640
647
660
673
646
662
668
663
636
644
636
639
651
671
676
658
674
679
677
664
677
678
670
639
644
643
656
645
660
648
646
623
625
613
608
609
609
617
636
667
653
657
689
727
679
692
716
684
717
737
769
776
795
758
757
755
734
701
710
710
686
708
704
670
660
677
726
713
720
726
684
685
686
687
698
694
709
697
717
710
686
694
710
709
676
660
649
641
635
653
646
664
705
745
680
679
673
690
685
733
748
739
758
737
734
751
737
703
699
686
688
674
713
730
690
695
687
655
664
664
650
659
677
673
650
665
687
665
665
680
706
681
702
723
736
674
659
645
628
614
593
617
628
676
690
695
687
646
642
619
599
588
578
563
560
558
574
618
612
709
768
790
764
798
771
739
716
671
660
654
653
639
636
652
709
750
708
734
710
696
666
657
657
642
649
646
652
678
728
717
669
660
659
670
675
656
636
609
604
601
611
628
635
628
641
638
642
657
672
703
692
677
636
640
653
670
693
695
694
706
727
715
710
726
707
707
701
695
656
645
637
631
618
626
664
714
714
720
693
714
701
720
718
700
674
654
648
653
658
651
655
658
661
671
716
676
671
668
671
657
647
666
690
688
666
690
696
709
669
684
692
705
722
699
706
709
656
674
675
722
730
725
749
757
683
693
666
680
677
678
716
753
740
745
724
729
704
707
714
699
715
709
705
688
725
738
720
734
737
724
702
684
672
667
689
712
719
752
728
714
710
705
675
642
644
638
648
619
621
621
623
619
630
612
607
607
625
671
680
706
688
667
645
656
720
755
728
718
690
693
678
646
651
655
684
660
733
760
809
768
789
765
737
729
726
694
710
720
722
756
779
743
751
707
668
651
641
670
630
636
613
633
767
724
717
748
751
726
691
695
654
628
629
631
663
698
692
680
662
661
652
653
656
662
668
666
673
651
644
655
735
769
766
760
740
713
675
646
646
650
666
680
676
651
672
711
759
749
731
709
696
724
746
762
758
735
734
747
766
816
833
813
799
794
770
743
755
717
729
729
766
744
705
710
739
745
722
679
655
646
692
736
758
754
739
723
687
669
669
688
703
717
716
683
685
686
703
696
713
726
779
790
788
750
701
702
682
646
661
646
653
690
795
813
778
805
755
739
715
690
699
689
671
699
692
679
692
692
662
691
690
671
670
656
634
638
653
658
637
665
664
651
693
686
666
682
688
653
684
688
661
692
667
679
696
709
681
665
671
673
672
659
647
640
628
625
624
624
635
648
651
676
700
739
718
692
702
705
710
666
660
663
665
648
650
711
736
702
737
730
716
687
690
701
711
748
788
755
718
725
763
718
755
773
788
740
771
777
770
763
763
782
777
783
788
769
752
783
784
771
763
778
776
737
753
749
727
680
721
725
785
775
788
753
771
771
758
753
721
748
744
727
743
747
748
763
776
712
742
738
752
722
749
744
723
739
743
737
765
775
732
736
736
738
704
714
717
670
678
653
631
636
668
658
701
676
687
659
642
624
621
629
623
626
650
649
628
629
639
646
614
624
632
653
627
634
620
636
640
664
663
642
655
651
645
639
638
622
612
592
592
592
597
581
589
607
647
719
655
688
688
681
658
674
658
648
649
644
632
625
646
643
632
673
708
729
723
708
646
621
606
597
588
589
587
593
596
592
597
594
586
583
582
582
584
577
589
601
611
595
590
578
580
648
679
670
712
769
759
741
700
649
655
655
660
670
688
692
686
725
726
699
689
682
668
683
669
665
683
688
677
694
679
648
638
638
627
604
592
588
600
618
629
696
717
744
759
758
717
718
710
671
675
662
649
672
686
684
713
726
736
718
720
700
687
704
689
658
672
657
672
690
715
721
766
750
714
712
698
677
666
623
607
591
601
665
694
766
742
754
723
728
700
645
638
614
595
593
595
594
597
586
587
587
576
567
568
584
583
618
657
626
687
668
643
659
623
610
601
586
593
611
636
612
627
648
680
662
674
673
653
679
702
697
725
731
717
727
724
692
698
685
663
663
656
685
641
654
659
646
666
666
671
671
661
657
643
640
636
646
658
675
636
666
665
677
702
714
698
718
726
713
698
700
692
662
658
653
644
650
672
681
670
718
723
690
707
720
724
700
672
623
621
610
595
607
625
638
682
678
659
687
678
646
655
651
642
635
635
646
617
635
647
657
651
675
679
639
657
651
645
632
648
666
621
632
621
611
618
635
649
639
663
652
642
657
634
605
609
604
590
593
603
607
598
598
593
586
597
609
608
627
628
625
646
642
657
650
641
667
646
618
614
598
581
579
576
582
598
607
600
610
610
594
600
602
601
599
617
614
601
596
599
591
588
588
583
574
576
570
566
573
578
575
572
582
574
571
575
586
600
594
598
595
585
582
584
575
565
563
559
586
608
623
640
627
599
593
604
611
611
608
606
596
592
582
575
566
563
564
570
609
624
655
616
633
664
667
647
618
607
592
593
610
690
763
795
796
771
713
705
716
686
689
644
1269
670
740
738
754
735
719
659
665
678
699
716
649
671
688
730
745
755
754
764
738
688
652
649
635
643
631
1297
716
728
723
676
661
656
677
676
715
719
692
651
690
714
681
707
733
727
748
766
760
756
703
709
683
708
729
785
786
786
775
801
769
694
730
682
750
790
744
825
810
753
783
800
797
788
764
751
761
765
762
766
715
724
669
671
691
711
756
774
831
783
790
764
772
796
790
785
789
784
802
762
784
753
757
740
688
1273
651
724
721
735
738
725
702
681
653
646
647
660
688
723
737
760
751
744
733
734
736
708
709
695
704
701
707
717
724
733
723
719
714
699
685
698
688
692
706
691
701
689
637
642
625
621
604
609
617
613
626
668
710
709
695
682
642
648
642
645
648
681
704
722
727
743
737
704
705
697
701
684
693
691
713
705
719
733
691
716
706
684
686
664
630
617
605
597
605
686
658
693
697
695
687
683
664
630
639
638
658
655
740
766
790
771
778
754
709
720
733
728
715
711
729
722
711
721
738
733
711
708
698
668
690
681
679
666
682
715
714
730
719
663
658
650
665
651
673
680
666
694
686
672
649
643
599
594
585
579
582
571
557
558
554
569
587
610
594
668
678
663
631
644
637
637
604
600
595
604
627
650
637
634
673
713
724
716
704
703
698
669
675
687
686
724
738
768
739
731
688
660
1819
606
626
634
635
619
611
594
575
564
554
548
555
572
637
676
705
802
771
832
833
802
811
819
786
802
811
743
788
737
766
744
723
664
682
700
730
699
661
676
684
692
637
637
631
627
602
607
604
602
606
610
612
609
602
588
597
622
619
685
700
729
712
712
693
695
695
702
681
697
703
670
709
688
693
718
712
707
668
679
676
674
669
658
656
627
638
647
651
629
650
630
606
591
574
572
567
574
577
607
654
676
685
642
650
634
604
604
598
601
602
607
605
595
591
581
573
574
579
592
631
658
715
715
703
719
700
668
681
666
680
684
678
669
655
644
622
614
640
662
693
703
700
703
699
710
689
690
618
617
586
578
565
556
562
570
588
612
625
648
718
692
743
733
686
684
675
660
683
674
698
663
634
645
649
679
653
648
630
619
610
603
629
624
606
590
583
584
590
620
635
645
640
655
652
703
676
684
676
674
643
673
658
688
670
683
693
689
716
729
738
729
726
704
712
699
682
689
706
682
655
655
649
690
716
722
712
663
659
634
608
592
587
593
631
653
679
662
663
722
748
740
691
697
647
677
671
639
645
627
606
620
679
701
712
726
691
702
630
651
644
624
646
642
663
637
620
662
906
797
713
753
736
728
700
688
679
685
667
656
679
671
687
673
681
688
698
674
676
643
618
604
595
587
601
638
688
654
704
784
818
813
783
794
758
740
729
697
646
654
643
641
645
655
629
619
630
630
650
650
644
646
643
652
631
609
619
634
670
612
1232
635
646
649
633
631
614
607
600
620
689
708
708
713
695
650
644
678
682
758
744
788
762
759
738
722
697
703
718
692
729
719
720
718
739
722
725
713
716
721
725
708
710
707
709
702
696
688
646
641
646
669
694
655
691
697
650
640
677
708
688
710
667
698
653
665
666
683
657
669
649
655
671
667
706
741
763
738
730
712
688
680
688
742
774
814
845
853
807
757
777
750
742
731
697
667
686
684
715
742
745
774
763
748
719
696
733
709
747
762
778
798
791
810
788
765
746
735
710
729
736
740
736
735
755
769
777
766
747
716
716
660
629
613
594
582
582
597
629
642
672
692
692
689
692
681
642
630
626
631
680
729
789
830
833
770
782
756
688
700
741
725
712
731
743
753
753
751
736
704
717
716
741
757
768
763
729
707
701
669
638
619
625
652
696
728
698
707
695
686
658
629
615
599
587
587
594
637
814
790
843
825
813
746
729
670
680
685
681
709
718
743
726
724
698
655
671
675
670
670
675
661
677
767
805
809
766
786
782
766
767
746
731
729
728
728
735
748
755
756
754
750
743
726
687
676
652
642
624
645
646
700
704
725
722
736
738
721
690
707
713
739
742
754
779
734
689
693
673
675
688
733
747
802
764
764
757
753
736
718
689
671
670
659
710
742
812
830
849
821
759
740
721
717
724
723
703
696
714
715
725
742
732
694
698
690
690
678
692
709
694
653
660
639
656
646
649
641
622
636
685
693
701
686
712
726
708
689
690
686
708
733
767
767
780
743
748
741
741
722
729
756
771
744
743
748
747
749
756
748
752
758
721
729
730
726
673
646
1834
757
851
886
839
784
738
730
714
704
692
703
701
689
673
664
679
704
726
736
769
749
750
715
729
760
736
743
728
685
701
706
726
759
769
772
774
761
741
742
719
676
659
657
668
648
700
707
755
801
742
768
768
764
757
739
726
687
688
700
704
741
726
711
735
708
676
649
646
651
653
659
656
643
687
742
740
695
688
653
677
669
682
703
737
756
733
736
719
706
683
646
648
654
651
640
666
700
701
692
701
692
664
621
604
590
586
580
612
675
670
753
792
816
840
893
832
795
796
746
730
717
723
729
718
684
704
689
685
658
636
627
644
668
677
666
692
646
691
652
644
679
687
735
771
783
773
773
759
737
716
676
684
700
762
765
782
781
768
729
735
719
766
774
776
794
786
774
748
730
695
709
704
716
740
739
713
710
721
735
745
733
713
701
679
697
706
688
701
704
726
716
721
688
694
710
694
751
768
767
778
785
793
794
783
756
753
731
708
728
729
734
725
716
684
651
690
732
745
721
734
749
729
745
749
710
729
675
668
674
746
753
733
781
774
759
744
739
730
713
721
722
721
709
708
695
691
729
775
799
790
771
747
695
707
716
701
759
806
814
785
806
805
778
769
742
745
764
724
737
660
644
646
647
750
766
805
774
775
786
762
735
738
725
718
721
705
740
779
792
785
743
748
734
737
743
730
736
710
689
676
667
668
659
684
660
663
651
647
663
667
718
698
740
738
725
726
721
691
665
674
669
659
664
673
699
704
696
699
688
672
676
677
671
651
632
641
701
725
805
819
813
762
764
745
748
742
741
741
737
722
678
665
663
681
690
711
722
735
748
728
716
703
681
657
627
618
605
605
655
723
709
784
810
769
797
780
733
747
711
704
703
690
708
695
704
689
688
684
657
674
687
669
654
694
729
708
663
643
649
676
674
674
673
698
675
700
693
679
692
659
644
640
643
658
686
727
756
782
766
792
784
776
766
726
747
740
727
744
755
735
763
766
786
778
815
788
777
781
779
726
720
701
665
704
676
707
671
664
659
633
647
710
669
685
671
673
671
683
696
695
699
694
687
705
711
720
719
736
737
711
703
698
713
735
769
752
781
780
794
799
804
789
775
776
807
811
805
810
836
779
795
770
806
788
835
802
774
799
801
779
786
811
801
772
780
747
671
669
661
728
804
840
781
813
748
736
744
743
726
744
768
760
738
732
732
735
759
785
771
740
750
760
733
740
761
738
759
774
741
756
769
731
764
775
745
760
771
719
736
760
773
730
748
755
730
752
768
743
743
719
732
679
704
673
760
826
829
856
812
800
781
758
720
686
699
706
714
745
747
725
769
753
694
727
742
764
735
754
734
716
672
690
695
686
687
712
694
664
717
815
815
763
767
747
722
706
723
739
739
720
754
729
729
743
770
769
751
737
721
704
662
687
704
716
808
851
826
778
735
683
654
645
641
651
656
703
791
755
750
765
754
727
720
716
705
676
700
715
745
741
774
776
769
744
743
749
745
769
770
759
773
771
745
750
772
754
775
791
807
779
778
731
752
749
734
729
743
775
750
805
824
819
729
709
674
664
691
734
740
770
752
762
764
764
719
682
646
651
674
727
726
703
719
695
680
687
690
709
716
720
712
686
690
671
654
637
652
748
762
779
866
818
785
802
788
753
793
804
814
788
751
757
762
781
762
739
735
707
688
672
649
688
802
824
917
869
911
877
837
825
790
806
799
758
773
770
745
778
783
790
777
764
733
744
742
737
766
767
781
745
769
762
739
738
745
740
751
750
769
759
770
753
727
730
732
714
744
728
682
726
719
761
798
797
772
801
773
735
767
743
755
785
765
801
791
763
788
789
775
813
830
801
823
806
786
783
793
790
802
820
838
779
789
755
729
734
752
760
810
851
800
813
792
739
668
664
684
771
792
816
784
804
785
718
711
731
741
763
735
744
735
735
740
728
750
756
756
796
818
784
765
767
756
725
734
735
764
753
769
748
737
729
725
713
726
721
701
712
724
740
721
738
750
745
720
748
731
716
730
738
708
715
707
691
665
659
750
758
784
753
749
701
702
683
671
646
650
649
714
827
769
764
764
794
748
740
715
671
671
671
678
663
697
694
674
642
672
692
700
688
702
689
696
674
687
687
702
688
705
716
725
736
731
725
710
711
699
646
656
643
622
606
621
672
633
630
661
697
706
678
654
643
628
608
609
620
635
626
612
629
650
634
723
753
803
777
748
715
673
629
654
700
722
745
723
745
743
731
697
690
683
655
669
669
683
661
711
691
683
639
621
604
622
646
690
695
699
663
668
643
661
645
639
613
617
604
589
590
600
591
611
618
643
649
632
645
655
664
682
657
688
682
688
697
659
685
675
688
695
647
661
671
659
661
688
698
683
661
664
668
657
629
631
638
656
653
664
691
697
699
688
686
681
649
629
615
601
626
700
694
688
675
646
657
656
670
633
652
670
715
672
720
706
726
696
687
687
700
687
659
682
672
660
692
702
728
738
729
717
701
720
689
701
707
702
687
706
724
711
728
718
714
740
738
706
703
704
688
717
711
681
672
689
704
690
715
709
674
670
658
631
614
628
659
684
649
670
683
673
652
687
701
700
654
708
706
715
687
704
704
708
693
696
704
695
703
688
672
691
699
702
699
688
692
658
635
610
617
641
696
713
735
751
742
712
723
714
687
654
662
680
715
739
731
729
719
699
718
714
711
729
725
740
721
743
729
702
700
697
698
667
719
713
732
715
755
748
723
720
730
731
707
749
753
735
690
717
704
665
676
646
619
631
702
718
714
739
744
697
728
704
700
660
688
698
663
717
733
728
697
705
704
659
707
681
706
716
720
684
718
669
687
682
663
658
659
648
632
646
645
646
640
682
695
676
700
734
752
751
709
668
676
644
619
600
599
608
616
633
627
622
632
655
706
662
694
714
693
643
635
624
611
600
589
595
615
606
640
704
750
681
720
732
719
702
678
679
682
706
660
721
721
738
718
736
715
711
680
716
723
723
682
684
705
777
764
746
781
792
778
755
761
747
723
732
744
718
740
740
739
708
724
704
663
683
681
676
702
729
731
666
692
704
717
677
692
694
665
667
694
655
641
610
614
652
721
689
742
710
678
632
604
604
602
616
598
604
627
646
657
674
640
677
696
694
680
659
666
672
672
670
661
705
708
688
678
656
645
628
651
715
692
694
653
677
666
679
687
678
710
757
813
832
754
787
771
761
735
720
712
685
698
712
719
729
719
730
701
649
625
643
668
704
699
666
706
707
703
654
699
712
732
765
770
787
788
763
764
757
740
697
642
638
633
634
649
713
720
691
718
707
697
661
674
669
676
644
681
686
703
712
704
740
729
738
756
756
723
723
716
716
708
679
707
720
718
720
746
741
742
774
743
714
722
730
719
704
719
713
724
709
719
727
725
679
678
654
643
622
635
674
679
668
699
747
751
722
719
711
681
640
654
683
769
755
792
776
771
757
733
746
716
670
658
662
670
692
695
651
624
603
605
610
640
653
647
648
617
625
624
635
640
632
674
688
716
711
713
707
702
692
679
720
731
715
670
672
651
682
726
715
699
692
672
668
697
700
709
689
643
652
667
686
692
651
689
658
642
637
625
609
611
617
635
629
669
742
696
682
671
670
669
668
666
666
661
656
646
638
628
637
629
637
653
695
658
711
761
746
752
764
771
738
724
715
694
683
682
718
764
803
797
766
751
720
673
630
605
590
578
579
635
862
803
849
807
787
764
699
678
685
642
642
644
660
663
673
659
622
638
646
668
648
640
652
698
704
703
706
694
692
689
687
688
685
677
694
697
668
654
635
647
680
736
732
686
676
652
642
633
654
692
685
678
707
718
744
787
812
872
895
899
856
818
766
729
714
721
719
723
779
844
792
791
778
789
831
820
787
741
723
737
797
832
767
764
772
793
812
811
773
781
790
801
767
771
758
765
777
817
886
841
839
837
838
839
812
813
807
820
822
817
775
764
777
754
738
719
721
741
759
732
773
781
776
726
738
730
745
734
785
830
814
819
797
780
766
766
785
772
773
735
771
765
711
704
691
696
733
740
748
747
744
726
715
681
696
700
710
728
729
754
783
795
788
800
784
774
772
762
728
734
739
741
746
750
776
800
842
832
789
789
778
774
763
769
754
761
771
762
747
767
760
732
750
781
795
793
783
776
749
759
770
752
739
738
725
713
742
772
802
756
769
752
715
696
671
652
710
763
771
724
762
789
782
765
766
771
786
768
787
796
744
789
805
801
772
798
793
775
769
770
741
760
765
776
772
808
814
766
783
787
765
760
769
757
743
771
792
765
803
802
776
777
753
721
705
695
666
711
730
721
796
839
793
758
737
687
661
642
622
631
743
855
814
860
896
878
874
873
829
783
750
729
744
751
745
768
775
755
771
793
833
805
807
793
798
747
749
683
710
679
660
723
735
735
758
773
742
748
763
736
723
719
731
722
734
745
717
758
781
751
786
795
807
833
823
797
810
791
764
763
765
739
756
749
768
806
850
868
834
850
833
798
781
752
711
715
748
706
732
764
780
777
818
829
782
794
767
743
675
661
648
688
829
912
853
938
873
916
890
851
853
801
793
784
754
753
759
709
753
709
696
780
800
774
802
797
761
764
757
731
741
772
767
791
792
818
847
814
818
748
757
740
689
685
654
648
649
716
726
719
717
719
742
729
731
756
730
747
747
760
759
774
775
801
795
786
801
798
795
813
785
779
745
760
774
790
785
802
808
761
766
767
753
755
757
754
751
771
777
733
753
767
764
768
775
786
774
805
773
746
753
761
729
773
786
818
850
828
796
817
790
751
753
757
746
827
840
811
836
791
815
852
813
819
803
756
768
766
728
751
764
751
767
733
767
730
732
707
672
683
676
731
756
751
737
753
731
725
726
729
719
746
755
750
783
781
752
786
793
769
787
791
758
769
788
771
813
814
769
798
797
768
784
769
737
757
744
733
769
788
747
783
785
779
792
766
793
782
741
775
779
773
809
800
779
821
806
777
786
765
754
768
781
758
784
790
750
755
736
730
736
718
756
756
732
761
789
784
816
831
801
768
771
736
729
715
704
729
789
794
813
848
811
793
735
719
700
765
793
800
868
860
831
841
763
727
677
669
652
650
741
857
825
894
877
878
799
788
758
741
737
727
728
760
770
774
807
798
757
757
749
723
751
749
731
768
769
752
787
765
737
717
706
701
726
746
728
773
737
734
716
713
719
697
701
693
684
670
673
652
639
642
626
649
771
842
812
853
845
836
818
769
785
760
756
714
687
715
776
820
792
819
806
803
813
805
833
830
823
854
849
823
810
791
773
764
771
762
775
828
861
849
836
836
783
762
722
743
723
721
743
733
710
727
708
720
751
757
713
711
748
745
760
790
795
764
772
761
757
737
746
745
729
767
777
760
808
813
803
821
807
766
796
783
789
809
800
833
845
822
762
777
777
739
764
757
755
775
774
824
827
831
799
803
742
768
759
738
760
757
736
756
748
749
741
730
726
723
713
699
696
701
707
708
716
710
697
684
719
752
749
768
770
753
756
746
737
692
658
653
686
751
838
861
840
819
760
750
751
750
724
742
770
797
810
816
821
798
792
780
754
758
772
766
788
796
820
824
839
795
783
736
743
749
768
767
788
770
760
768
771
753
746
751
744
750
764
776
756
790
793
771
784
783
753
758
758
731
761
780
806
816
847
850
800
793
793
773
797
794
773
782
802
751
741
714
722
707
700
695
673
690
696
692
732
731
737
772
755
726
734
740
726
715
731
746
772
776
767
761
743
729
754
741
752
732
753
750
752
771
763
771
813
803
817
764
722
715
706
712
716
728
731
721
726
737
726
702
701
729
732
737
742
735
723
716
703
698
688
693
699
713
815
820
807
786
875
883
851
838
792
806
821
821
804
785
812
836
791
827
846
835
815
840
790
827
859
877
850
877
809
816
805
803
767
806
793
811
833
866
863
852
859
869
822
826
810
771
786
806
794
841
831
784
808
807
768
777
771
778
822
871
853
827
768
742
772
783
813
797
789
793
776
765
787
772
835
858
836
892
825
796
776
752
766
799
801
777
786
765
720
728
729
741
781
796
811
815
810
821
827
803
837
853
792
798
768
750
756
764
754
775
767
734
736
739
731
748
735
719
684
659
697
744
741
760
721
751
756
730
735
728
716
743
739
742
758
745
745
736
710
720
724
736
742
722
732
738
739
751
751
752
743
727
735
728
713
740
729
733
752
717
745
736
729
743
729
753
762
737
762
779
737
739
704
673
650
654
654
717
728
724
769
767
735
763
750
720
738
733
719
770
774
816
796
782
778
769
794
759
723
707
705
775
752
732
718
677
677
653
639
673
677
702
727
725
709
729
704
716
739
733
741
726
718
718
736
727
747
762
750
781
782
755
777
767
749
766
769
752
762
775
771
735
714
686
694
659
665
658
656
642
671
688
651
678
685
691
661
686
689
706
691
690
646
646
636
625
628
640
665
666
678
663
664
660
662
666
666
667
667
652
692
683
814
908
913
897
865
865
862
850
842
819
808
825
814
824
771
817
831
827
787
760
760
757
755
772
806
843
841
817
760
788
791
797
816
771
780
801
806
756
698
702
665
688
831
844
873
772
784
787
788
778
744
739
755
787
813
795
795
813
818
809
817
771
755
768
786
773
751
779
795
784
775
771
752
716
717
721
743
720
736
787
861
801
751
707
685
683
718
707
653
675
693
701
671
706
722
742
742
719
729
730
694
722
740
760
823
781
729
721
736
749
697
672
685
711
694
715
725
762
740
742
747
810
870
867
838
762
762
750
741
754
707
765
740
761
767
713
739
722
721
721
697
746
752
782
789
771
770
738
696
655
657
674
710
741
776
757
771
779
799
785
778
718
709
716
762
769
779
766
785
783
804
807
777
712
716
696
704
716
702
736
780
787
783
750
756
746
747
713
676
643
645
645
688
703
712
719
733
734
733
745
776
886
885
851
827
760
745
748
745
743
770
772
737
764
765
771
800
778
802
818
805
799
818
811
741
735
727
729
742
784
825
741
745
737
773
766
724
689
685
691
655
663
670
711
756
774
790
772
764
807
824
826
818
757
760
763
774
787
808
805
792
777
747
765
765
758
763
764
773
744
683
658
661
691
743
766
807
760
732
724
722
720
729
678
678
710
783
830
840
834
823
783
745
693
711
722
751
779
819
827
827
751
749
740
749
767
741
717
681
692
704
654
684
694
755
779
857
851
745
766
752
769
786
801
741
752
737
739
704
719
734
806
774
767
772
779
731
736
743
770
791
769
710
698
680
681
683
697
701
714
719
773
783
789
783
766
773
761
758
733
743
765
773
804
746
777
770
796
795
803
757
772
742
700
690
708
698
682
718
767
822
802
757
779
786
774
748
766
744
718
724
734
756
732
755
777
775
765
767
750
746
699
713
716
736
755
736
755
739
711
687
661
642
557
481
833
385
1103
724
324
9893