693
712
714
711
722
732
713
713
715
706
686
711
723
700
731
721
685
694
715
685
699
696
661
676
688
657
652
637
649
657
660
675
661
659
682
711
672
699
735
740
724
753
761
716
739
741
687
698
713
678
701
723
697
707
720
709
692
703
695
649
666
665
667
723
738
720
756
754
717
718
726
679
691
687
669
695
723
698
718
769
713
680
684
704
732
712
696
701
706
686
705
735
775
743
763
767
706
722
732
732
728
753
761
745
704
712
701
701
707
723
731
697
734
766
758
753
748
729
695
702
713
697
720
717
689
690
706
692
663
661
691
702
685
688
688
670
673
680
679
672
721
748
744
747
775
730
710
686
668
671
681
689
667
686
707
686
714
729
702
663
663
705
719
696
718
711
689
697
733
717
719
742
728
711
749
738
701
735
736
729
760
769
730
717
733
731
684
697
699
691
715
750
748
714
735
742
710
730
744
712
709
711
694
694
729
748
713
743
739
705
730
726
702
715
689
695
694
703
691
705
699
651
663
678
676
663
653
667
659
687
710
676
694
716
722
726
692
669
652
646
656
645
670
692
670
672
684
681
675
697
686
671
655
641
626
640
709
898
817
856
814
714
700
685
704
703
670
664
684
667
692
734
765
745
761
755
719
746
744
713
732
733
718
738
723
766
775
737
765
746
728
756
757
743
738
708
745
740
717
722
697
681
691
686
661
663
658
658
672
638
655
660
654
680
693
671
708
699
658
657
646
646
638
651
647
634
646
661
657
671
707
741
709
711
684
678
668
648
660
648
644
644
653
647
651
664
663
650
649
649
651
639
646
646
675
657
639
632
615
618
637
658
724
699
734
804
768
787
725
728
706
722
716
734
739
728
739
758
734
748
744
786
784
749
754
719
744
757
736
790
810
797
729
723
732
724
769
790
772
773
752
772
779
757
718
712
674
708
720
705
732
735
707
745
752
744
760
755
715
699
687
671
677
694
731
731
763
714
693
696
713
675
684
695
713
686
705
703
672
690
694
674
709
723
695
703
708
682
694
702
691
718
741
717
730
724
675
690
662
676
705
718
774
802
762
783
730
753
747
680
696
683
692
708
707
726
724
732
703
688
687
679
692
682
669
673
667
648
684
686
739
717
740
734
752
739
740
695
692
682
647
660
643
652
764
792
752
811
797
766
707
670
673
623
638
635
646
626
645
631
689
695
685
644
633
645
649
646
651
636
659
681
668
747
775
742
767
711
698
734
802
706
724
678
672
681
726
766
723
744
768
713
746
680
673
672
657
654
656
644
635
638
663
688
678
708
721
690
751
820
764
813
794
764
776
728
731
747
704
705
720
701
835
795
758
791
761
787
741
715
747
735
703
697
713
755
725
788
777
716
729
736
685
712
726
701
715
690
660
671
662
640
649
649
663
699
701
657
664
671
643
654
686
664
672
688
694
682
699
728
693
720
746
696
699
666
646
650
645
677
728
732
728
798
813
743
778
803
704
706
707
712
770
883
811
862
835
784
815
784
733
762
712
702
714
786
748
808
816
759
798
792
752
790
835
762
764
764
722
768
785
777
776
801
780
796
787
754
766
766
716
732
734
699
728
748
714
761
763
720
753
747
709
730
728
698
728
732
702
736
736
694
684
660
653
648
668
702
732
725
777
789
738
751
745
694
729
749
716
729
761
717
747
765
731
745
761
707
722
717
670
708
734
716
753
787
748
788
774
723
738
735
707
746
780
730
745
751
734
724
769
758
729
781
829
758
796
803
742
763
736
705
729
780
730
762
813
765
758
767
727
732
697
672
651
693
791
815
797
813
808
742
727
717
681
698
701
688
793
807
737
789
773
728
786
764
730
748
730
713
752
781
780
815
795
777
805
776
752
753
720
749
751
724
740
774
773
749
789
774
741
761
763
728
788
810
746
777
792
721
725
718
688
710
756
753
713
729
693
664
678
759
761
723
762
769
711
726
718
676
699
730
723
754
793
746
757
766
714
706
729
699
728
813
817
778
783
750
699
695
693
695
725
692
693
695
672
668
678
708
730
727
716
654
653
655
663
663
670
683
670
668
663
640
646
645
677
719
717
709
694
685
672
664
643
641
666
670
716
749
687
708
695
707
700
677
674
704
676
699
672
656
653
628
619
636
661
745
846
779
831
804
823
812
749
790
765
792
777
771
743
763
761
807
736
756
750
736
772
736
733
736
731
745
781
764
807
795
747
717
713
771
765
739
771
736
728
732
699
714
732
733
733
792
804
764
795
785
748
797
813
825
873
829
773
778
772
739
776
791
769
797
753
744
730
702
731
787
835
792
810
772
757
740
713
768
765
706
648
672
697
895
849
794
814
799
722
723
710
710
677
714
729
750
731
783
772
753
771
724
739
718
691
702
718
711
701
710
682
652
658
735
693
721
741
758
721
738
739
708
725
742
727
713
703
659
633
619
612
623
688
746
824
797
815
731
712
699
699
720
734
759
748
776
819
786
798
766
734
739
740
731
738
706
766
735
697
706
661
671
672
754
773
776
787
747
782
791
728
739
723
684
695
706
723
766
785
763
759
775
785
761
773
778
739
765
769
743
741
712
743
761
720
753
746
719
717
681
667
650
635
665
668
706
692
705
677
691
676
685
692
678
638
624
623
610
617
647
640
669
649
686
667
690
688
699
700
682
677
653
654
640
628
636
652
658
719
873
819
867
838
828
771
746
758
775
759
781
816
787
801
796
762
776
786
754
770
783
719
722
707
692
711
743
715
783
824
787
772
755
804
787
716
743
699
699
666
666
649
686
723
709
740
732
703
713
691
729
750
722
749
759
720
720
739
736
741
712
688
689
666
704
759
847
905
870
879
807
813
769
790
741
793
803
765
814
819
771
773
792
814
815
846
821
799
801
803
757
766
771
725
771
738
740
760
730
782
772
771
829
798
768
782
759
750
743
738
716
746
716
704
728
727
709
720
701
707
743
772
751
699
672
680
687
707
698
731
694
672
662
662
676
682
740
742
744
736
719
700
707
696
692
670
656
701
693
782
755
764
790
736
732
731
704
711
700
697
752
763
732
793
813
792
840
826
792
809
799
777
780
762
741
757
755
842
848
771
803
796
731
763
774
744
789
766
721
722
672
651
652
656
742
741
709
713
689
663
701
695
657
674
691
679
702
746
769
739
799
797
763
765
740
701
744
800
758
796
810
790
832
828
782
784
763
759
774
787
762
806
733
766
761
744
821
864
832
856
839
777
767
739
753
790
756
724
761
752
729
810
809
752
813
769
703
742
731
740
797
790
759
836
810
789
811
752
772
790
741
755
765
741
788
819
780
844
835
771
820
832
772
784
780
743
790
829
769
774
746
728
709
676
689
691
732
822
796
806
844
813
757
766
781
729
763
765
715
729
712
688
720
722
690
710
730
694
680
697
659
660
668
679
676
714
714
736
821
864
791
839
842
796
799
811
782
739
764
781
759
808
825
783
817
810
771
806
790
756
792
799
771
803
781
754
768
755
727
764
802
754
765
713
714
725
695
738
769
770
839
782
772
756
714
734
750
719
737
759
710
771
804
735
790
794
737
749
774
734
780
829
761
788
766
729
768
759
724
809
800
747
788
763
727
744
730
731
756
726
792
790
716
762
742
771
789
719
733
719
688
729
736
723
731
713
707
732
698
706
746
763
719
687
665
673
688
743
784
737
747
772
747
749
732
703
731
759
742
789
803
761
787
773
720
757
734
688
706
677
677
695
723
712
681
698
700
660
664
666
695
684
680
715
770
767
862
813
790
828
813
745
779
770
726
755
773
754
786
781
766
789
784
772
780
772
721
710
683
657
655
700
699
853
870
782
796
794
782
751
724
701
700
754
835
780
843
883
819
841
802
745
720
684
719
786
761
892
921
855
895
824
775
698
658
651
641
627
656
735
653
627
1265
725
782
774
762
732
716
660
663
662
679
691
701
688
760
800
725
758
776
831
764
809
779
777
732
772
815
825
766
795
774
740
704
703
717
751
738
798
805
716
719
726
722
714
716
720
726
729
700
725
739
752
713
719
721
727
712
712
738
739
727
730
776
739
764
748
711
730
743
723
710
733
728
692
717
666
649
641
629
657
675
755
772
713
740
737
715
747
691
646
669
708
680
733
791
813
769
825
783
741
760
754
711
730
734
711
724
754
744
760
736
694
722
732
697
705
721
716
707
720
690
675
688
694
711
784
798
755
802
774
719
737
732
662
683
662
644
637
665
671
793
856
786
818
803
736
754
754
739
826
820
782
806
762
731
737
734
697
734
795
735
825
831
739
782
756
723
765
756
711
751
762
713
757
748
726
832
804
747
801
766
717
722
720
691
718
709
690
696
658
691
746
729
757
720
728
742
757
715
759
749
688
689
692
669
676
716
752
724
817
845
763
785
771
735
681
701
677
653
618
638
717
813
732
802
808
760
801
770
717
728
717
702
680
712
771
776
823
774
690
690
676
679
677
760
805
750
723
710
666
651
662
648
669
676
677
636
652
657
652
646
677
710
736
744
807
778
693
698
700
654
693
714
789
747
805
798
762
781
819
743
763
777
723
726
745
757
701
720
704
693
657
638
683
710
704
712
744
738
714
746
784
744
714
732
750
676
708
716
720
720
792
801
736
773
730
696
746
767
773
788
799
760
699
715
741
729
791
782
719
754
738
701
700
722
732
704
765
773
707
738
727
698
672
657
618
619
657
682
666
715
832
776
742
741
713
668
677
688
676
729
742
724
697
773
832
790
753
761
723
695
715
714
712
758
777
762
788
782
712
744
745
732
700
730
756
706
764
792
746
747
750
741
691
703
727
732
702
742
748
717
721
742
725
680
720
715
697
735
725
721
710
690
662
658
679
651
709
712
711
675
673
689
717
679
644
1256
741
748
798
806
739
772
773
778
767
736
685
679
686
725
828
839
824
812
769
795
783
806
756
792
796
760
799
812
840
792
805
786
766
690
686
677
648
634
638
654
632
647
650
643
621
612
610
599
594
593
609
617
617
631
690
730
691
687
722
745
731
729
737
759
779
752
760
726
746
769
725
739
746
729
772
846
790
835
854
812
806
773
725
729
741
715
776
831
828
843
819
757
751
729
684
651
642
659
646
649
699
692
646
649
646
640
628
642
649
630
624
619
628
640
631
652
688
670
697
718
691
721
682
661
688
671
711
684
680
677
696
668
677
683
662
660
644
632
629
607
594
588
577
573
574
581
596
689
966
913
884
836
830
812
758
764
766
697
703
673
695
737
767
751
786
789
759
774
757
703
743
729
718
751
738
721
688
728
764
765
759
738
713
691
670
662
665
677
642
657
705
845
910
893
817
740
686
665
661
658
686
718
713
759
777
801
903
856
787
805
789
767
712
682
708
774
784
840
876
894
890
801
805
795
748
774
792
785
810
775
823
848
814
831
809
763
761
748
718
705
670
750
868
779
839
789
769
732
716
747
784
781
862
854
803
851
849
788
812
848
816
842
844
796
813
834
769
810
823
774
826
849
781
791
758
705
738
725
693
761
708
704
718
711
696
716
667
688
680
706
731
698
747
719
704
742
726
715
761
786
766
822
807
739
761
708
780
810
822
797
772
706
730
706
713
743
774
787
761
734
710
678
676
689
710
718
781
762
755
757
766
733
758
730
768
788
768
838
855
796
809
788
831
812
798
822
826
786
805
825
809
839
822
826
796
726
690
688
695
696
777
835
779
825
834
779
779
771
756
759
706
685
661
646
635
623
625
670
761
801
814
802
801
758
762
756
704
709
704
721
771
770
752
732
725
687
684
685
689
665
674
782
784
823
810
750
822
806
766
771
730
787
828
813
840
762
763
744
736
751
704
751
768
724
801
805
757
784
757
745
745
732
770
772
748
778
778
753
741
700
680
651
641
659
667
721
808
802
835
801
780
776
759
735
768
790
758
771
727
695
717
798
802
838
837
787
817
812
760
788
789
731
787
792
756
826
822
781
804
788
768
780
734
757
805
763
817
794
719
693
662
638
653
689
703
771
779
831
861
829
852
817
803
802
751
766
774
729
806
804
787
809
775
778
797
772
823
830
765
792
762
717
769
832
812
924
927
871
905
859
867
862
824
826
793
780
830
817
822
816
771
808
799
786
837
817
829
863
821
837
789
799
789
745
800
806
822
853
803
848
851
792
767
718
720
779
830
785
868
843
817
803
753
784
756
751
727
682
686
851
826
825
880
802
841
813
770
803
808
773
812
805
760
785
773
749
693
701
706
699
788
796
823
775
798
819
767
755
698
684
697
757
738
845
864
803
811
795
772
773
750
751
772
794
817
854
791
827
807
813
748
720
690
723
819
777
829
813
793
812
790
781
812
769
753
782
797
760
829
838
763
773
745
716
797
798
788
820
770
778
786
732
737
711
697
716
704
750
797
782
777
788
745
734
750
721
767
722
739
759
737
677
683
664
668
651
654
633
619
629
658
665
744
744
710
738
747
729
726
736
710
713
732
691
722
730
727
722
748
696
677
659
636
639
628
644
813
820
790
800
790
789
785
756
771
768
781
843
876
882
880
821
828
809
779
818
817
803
843
840
793
816
817
765
769
722
725
733
715
768
795
712
730
752
704
714
696
747
823
797
817
757
757
786
794
827
814
795
784
732
759
733
678
660
697
765
757
798
804
754
818
778
727
764
764
727
796
844
776
871
828
770
805
786
759
798
734
771
800
747
809
813
747
796
797
745
781
773
743
789
789
752
800
786
721
741
728
705
761
766
788
846
765
833
773
727
764
767
729
780
760
735
756
737
785
768
739
774
752
796
863
808
826
797
750
782
760
714
755
724
754
823
774
833
756
693
688
725
718
709
757
742
701
721
685
706
686
669
683
688
689
741
784
723
725
730
752
753
769
716
725
731
708
727
736
694
719
739
726
726
776
745
738
742
716
749
765
700
711
709
762
831
729
1359
732
749
722
716
702
729
718
682
655
642
624
630
636
630
654
661
702
746
751
801
844
810
843
772
723
729
762
754
815
863
828
895
857
845
833
776
804
773
757
775
757
777
794
752
795
785
754
758
761
720
752
757
758
778
759
770
734
761
743
694
723
681
696
699
702
780
764
714
682
667
688
663
668
664
649
659
682
687
686
697
668
667
692
728
864
843
890
904
827
827
781
803
801
778
746
771
779
799
818
804
822
814
774
783
763
766
757
700
711
725
732
742
816
713
726
689
684
695
677
699
716
705
765
798
771
809
743
756
756
699
714
715
671
687
677
662
659
641
636
653
655
652
689
677
682
714
706
677
678
682
698
767
772
690
706
703
684
713
740
734
795
823
766
789
772
734
753
737
723
752
759
720
754
723
713
723
685
720
700
771
777
729
765
767
768
797
731
761
742
719
746
730
788
767
826
848
780
731
688
718
707
754
798
749
780
754
729
699
728
696
700
700
675
679
801
694
727
729
697
768
768
720
761
764
702
729
750
751
759
765
738
752
743
715
760
779
751
767
724
718
735
705
728
764
737
754
765
734
769
753
708
683
687
688
679
719
788
729
696
702
709
682
704
721
702
683
716
775
700
688
680
656
632
648
693
768
733
808
788
768
780
757
704
721
727
707
760
828
816
821
863
849
787
799
770
764
809
828
793
825
830
789
817
824
769
806
787
755
809
826
796
837
820
769
782
818
775
806
778
729
767
779
751
816
790
795
769
767
825
801
764
709
675
691
702
713
785
783
728
747
770
720
689
696
741
710
745
700
739
723
757
776
729
767
784
731
765
774
747
822
838
812
823
801
783
811
808
799
823
790
781
763
733
743
733
732
694
718
772
727
749
751
695
676
679
700
695
742
749
701
711
729
689
717
737
747
756
751
767
712
720
749
758
797
770
822
769
796
795
757
784
744
707
694
678
733
777
745
785
774
741
694
710
721
699
738
728
713
704
705
704
682
706
713
689
666
683
708
707
771
812
753
722
740
729
688
718
745
763
702
688
661
661
712
746
768
753
733
717
680
668
671
680
723
834
814
851
900
854
880
861
795
801
806
779
789
818
813
822
813
763
764
742
758
736
722
715
738
804
788
731
689
696
715
685
729
745
691
708
736
716
719
744
730
706
764
814
763
794
803
758
781
781
730
749
763
733
771
781
753
792
755
759
725
742
738
722
758
765
775
800
751
757
757
723
729
756
723
793
804
771
813
749
720
736
753
746
778
764
758
815
826
813
794
733
747
723
719
695
680
650
650
640
630
650
680
762
769
793
801
747
760
760
769
748
732
685
697
703
686
1912
812
800
800
792
729
706
671
650
629
611
625
673
660
660
643
644
673
754
777
799
750
707
684
733
788
707
709
688
668
669
674
669
666
651
654
652
643
652
658
645
643
644
685
719
737
697
714
726
734
717
688
695
731
786
755
811
820
778
778
719
714
676
675
672
716
719
686
674
777
785
795
806
797
735
707
688
668
651
727
785
756
744
750
751
750
727
743
766
776
768
796
792
736
696
693
697
721
695
719
720
684
689
676
649
646
680
715
714
699
753
754
732
771
759
751
759
760
737
759
765
777
748
763
744
751
767
759
806
806
784
803
818
780
805
803
751
773
787
803
881
892
869
838
749
727
687
690
704
701
754
782
705
657
660
660
658
650
658
667
662
691
725
719
764
732
732
760
759
720
722
712
678
661
681
701
671
688
707
731
724
759
793
775
785
785
754
813
838
803
815
829
788
775
771
724
749
751
744
767
777
755
763
770
791
746
748
750
712
721
710
685
731
772
745
816
796
759
771
735
691
657
655
646
651
654
681
740
749
771
870
842
826
825
785
774
720
729
752
785
845
894
835
830
817
806
829
812
749
762
761
736
738
692
669
658
699
735
719
776
782
751
769
772
738
761
790
753
775
811
793
777
794
762
769
759
722
763
835
800
773
805
789
758
779
795
726
704
675
662
725
723
752
810
816
788
803
771
742
729
707
725
767
775
789
799
788
866
834
741
690
686
661
645
666
741
757
738
725
745
756
749
727
744
749
726
774
815
864
861
913
884
834
821
782
790
802
761
738
699
683
729
706
839
867
854
816
843
831
781
791
788
760
791
819
789
821
825
774
799
803
758
776
769
717
732
736
797
759
709
710
700
673
686
716
769
756
806
856
779
838
852
792
802
804
769
816
748
742
830
873
820
871
819
738
730
731
703
702
717
726
684
710
697
670
666
691
693
686
717
770
760
846
844
773
747
720
697
673
788
864
813
816
817
828
764
789
807
782
772
783
787
741
760
765
751
747
839
985
834
853
804
727
713
688
663
650
656
668
699
719
732
695
726
780
818
780
833
873
842
869
859
810
845
830
781
780
738
745
843
818
813
798
723
678
688
732
691
668
670
673
663
675
691
734
705
722
729
704
703
720
727
705
729
751
723
761
784
773
815
828
751
757
735
704
707
747
766
762
817
779
731
713
699
716
709
679
670
706
700
771
823
761
813
817
770
795
797
722
732
700
688
675
847
819
775
838
862
829
801
803
788
753
787
800
780
842
845
799
819
815
749
756
774
723
777
843
828
795
787
708
713
680
670
696
680
725
784
811
777
797
785
769
781
779
744
759
780
763
779
811
808
793
819
818
797
806
772
752
778
766
754
795
812
784
786
806
784
752
758
802
779
788
775
716
689
700
684
727
832
790
810
813
740
768
780
721
742
755
695
717
705
717
694
710
822
751
738
752
765
710
724
731
733
741
786
822
783
802
810
791
824
822
767
786
808
777
809
797
769
789
803
783
832
834
774
796
796
763
726
759
796
776
833
859
791
815
777
758
813
793
741
763
752
717
703
698
719
802
828
790
853
825
740
745
722
681
673
667
651
640
639
627
619
610
634
685
678
683
696
838
841
737
769
784
751
744
763
762
729
750
785
742
761
773
717
707
679
666
707
773
729
764
798
780
758
770
769
725
763
784
767
737
758
779
767
820
866
854
816
815
826
771
770
789
778
788
850
851
775
802
801
762
786
780
739
733
769
764
791
784
715
713
677
681
693
726
688
719
727
688
676
662
671
683
676
702
757
757
802
825
831
841
867
898
832
824
801
781
761
800
829
819
833
860
842
840
821
781
748
768
804
791
856
875
861
853
860
840
843
842
827
789
800
790
763
777
764
752
815
832
793
840
832
762
784
784
733
744
747
746
716
749
791
770
767
789
793
774
805
795
766
791
794
784
798
837
802
767
746
707
685
666
684
710
732
817
831
780
826
827
771
771
733
701
717
739
758
788
791
762
760
684
685
682
713
760
715
825
840
777
805
809
788
792
814
808
762
789
771
741
746
777
812
767
788
812
779
760
767
767
718
756
759
717
765
790
735
760
791
771
710
692
725
741
777
768
724
746
760
713
682
659
649
659
662
713
752
764
798
819
815
771
781
715
707
691
669
711
876
756
788
787
741
743
745
746
741
746
742
712
745
753
735
764
762
733
714
719
713
696
753
778
760
811
826
776
756
756
754
711
736
765
703
726
723
686
691
715
690
709
721
713
734
757
736
715
772
798
749
779
771
761
741
754
727
713
729
750
717
786
813
780
786
796
793
754
745
750
715
729
733
724
736
751
728
729
765
765
752
790
816
771
782
794
740
733
739
730
695
703
698
694
708
709
679
737
686
718
721
729
674
674
667
653
650
665
690
676
690
709
692
689
705
712
682
727
742
721
749
791
778
806
828
817
781
791
791
765
794
813
781
805
851
776
789
782
771
829
771
720
727
734
737
766
783
750
731
694
671
688
707
721
705
751
748
727
712
747
764
711
752
754
741
711
756
766
714
777
746
725
781
813
773
825
822
783
798
786
750
809
779
766
797
722
684
673
701
707
690
770
875
775
774
789
764
753
774
775
749
805
838
786
835
871
807
803
807
727
736
749
728
814
824
786
832
851
777
802
831
781
755
798
792
756
855
868
818
863
874
810
804
764
745
790
823
832
915
886
807
818
782
743
759
736
719
687
667
716
753
729
726
822
800
767
803
790
746
789
771
764
822
813
820
834
778
794
818
807
782
790
755
794
820
836
809
827
792
742
770
733
737
766
747
789
811
762
788
758
719
685
688
707
792
731
812
774
719
718
679
679
693
679
727
743
691
731
723
696
725
793
738
684
651
707
797
802
795
811
780
756
725
732
708
717
759
798
803
765
778
796
801
770
760
748
749
709
726
699
676
673
773
763
754
776
759
726
755
776
812
771
776
779
745
752
773
747
763
783
723
788
750
749
784
790
736
795
782
750
723
724
721
698
700
743
730
787
809
748
794
765
726
732
714
688
760
794
761
794
739
779
755
707
717
737
696
749
787
805
740
738
731
722
722
728
711
686
666
699
724
685
673
680
674
674
681
667
658
676
668
695
724
688
698
701
674
699
679
718
732
725
775
761
766
778
768
699
699
722
727
753
789
741
782
768
732
769
805
750
799
768
715
691
670
653
658
655
685
716
734
708
741
768
755
772
777
730
757
755
725
753
757
735
767
779
751
796
790
745
701
663
653
645
679
735
729
771
805
763
809
821
777
803
737
766
758
732
749
736
712
771
771
774
776
764
776
724
667
678
700
691
717
735
711
744
729
703
735
709
739
766
784
762
729
709
687
656
654
648
648
663
672
666
659
646
678
792
726
827
767
780
807
748
787
810
741
748
740
729
815
838
849
807
838
817
827
817
776
834
805
823
792
827
792
713
685
729
737
709
781
846
780
840
838
794
808
776
719
729
753
724
794
829
806
866
871
810
825
802
774
782
734
767
753
698
674
726
774
710
756
808
743
791
763
722
759
758
726
789
796
745
778
733
713
786
797
796
875
822
861
855
786
799
774
745
748
734
721
763
773
758
804
790
753
776
762
740
771
748
747
768
727
717
713
694
703
680
653
658
771
847
816
844
808
777
769
729
751
771
727
783
779
760
800
760
756
760
723
781
798
756
799
816
768
793
779
752
768
767
738
773
773
722
729
672
655
635
622
661
661
720
729
689
717
737
698
705
689
656
654
664
652
641
676
660
715
735
703
698
666
688
743
712
734
692
728
695
717
716
671
680
682
663
682
660
620
1823
728
687
692
683
668
645
628
613
611
629
655
702
767
808
820
803
803
773
778
761
753
717
692
700
717
700
746
791
752
709
688
738
732
701
736
755
700
716
772
843
751
769
738
725
748
738
693
701
726
754
763
765
771
722
764
795
809
752
754
796
780
778
729
720
694
685
654
700
753
766
823
823
775
756
760
737
738
733
727
736
733
730
704
713
699
667
676
687
656
679
735
769
748
816
799
737
759
744
693
721
751
760
734
787
802
774
764
776
771
738
782
778
734
711
669
646
629
616
614
625
638
644
662
687
671
641
646
651
660
658
658
680
676
669
680
747
789
772
805
782
733
750
745
739
732
749
736
692
677
660
646
686
766
715
796
764
716
728
754
740
712
751
763
716
761
797
763
768
773
765
738
743
720
679
687
697
698
734
797
736
722
725
714
685
679
655
661
697
719
725
712
694
704
689
649
646
644
645
627
666
808
731
809
838
880
798
839
839
771
809
792
747
783
804
733
759
799
848
781
800
791
751
765
756
735
703
681
689
700
730
727
743
763
795
737
693
681
671
695
713
713
682
671
692
664
672
706
743
774
741
759
781
763
783
877
835
791
791
768
744
757
743
756
729
754
753
729
767
779
768
756
792
760
710
701
673
653
656
679
671
736
818
830
836
821
774
752
725
713
693
746
792
751
879
935
863
855
838
786
774
778
755
743
780
752
729
791
779
732
792
808
786
807
779
760
766
770
768
716
752
757
720
736
778
741
776
750
688
674
696
686
656
636
641
632
620
618
628
634
619
614
618
626
620
627
629
632
620
625
331
417
607
380
5027
380
2489