750
779
771
749
794
783
754
782
781
759
787
771
723
715
681
707
685
749
816
780
711
729
754
751
707
745
799
758
780
814
803
767
820
850
795
833
806
768
780
769
766
834
795
780
784
779
753
808
807
779
800
782
745
754
749
705
744
753
778
777
813
806
760
776
782
722
754
734
718
762
738
729
742
742
820
859
861
844
814
771
689
665
732
709
783
847
824
842
824
752
761
776
715
765
772
727
772
772
765
824
799
736
761
768
726
764
751
731
770
750
730
778
785
752
767
775
722
789
817
748
799
797
734
724
670
686
733
729
790
807
765
802
817
755
795
798
768
740
750
773
739
760
758
729
783
778
776
739
771
765
766
786
778
722
735
727
700
732
741
730
708
737
760
732
769
792
756
785
790
730
745
772
746
720
761
797
734
772
769
739
783
771
758
745
760
765
734
764
758
713
735
730
715
720
758
774
726
773
767
729
750
752
723
698
708
753
712
765
786
768
793
821
790
733
758
759
713
729
704
680
706
758
758
859
795
727
741
787
768
737
757
753
707
729
778
743
767
817
767
804
821
775
815
811
783
766
790
784
751
774
780
745
783
803
781
770
777
786
755
793
807
799
771
795
791
748
786
787
763
762
763
806
771
811
803
731
729
700
671
691
754
721
743
757
744
777
817
778
766
796
816
771
819
836
802
761
775
793
756
781
801
784
786
811
798
756
777
779
740
766
768
778
755
791
795
757
779
787
779
777
836
816
754
761
750
703
746
733
714
725
692
662
686
690
688
747
775
733
741
760
735
716
730
741
703
762
854
800
853
886
849
862
858
813
840
845
813
827
845
815
793
819
809
822
824
798
834
823
799
827
822
774
803
783
752
798
829
809
866
876
839
849
853
823
840
848
829
810
842
844
819
847
850
806
823
810
764
808
816
781
843
840
812
839
828
776
808
803
768
838
860
817
839
843
797
850
857
826
842
855
812
839
835
775
810
844
801
857
935
894
849
861
845
792
773
705
691
722
727
831
886
813
854
864
793
810
799
754
760
812
833
784
817
817
753
743
699
689
757
713
695
703
731
693
728
766
770
761
816
835
772
792
818
797
764
781
802
776
806
817
817
762
759
730
702
707
715
723
705
693
674
688
718
692
721
758
754
731
766
796
775
742
798
842
804
833
880
859
798
813
809
787
866
888
820
848
832
778
796
810
795
850
882
863
842
844
795
812
819
809
829
839
803
783
810
816
807
835
847
769
784
788
774
836
876
849
860
880
846
824
841
835
794
848
850
816
809
792
766
771
786
814
779
830
783
734
717
695
717
763
769
791
781
725
741
772
800
842
917
915
835
849
857
809
827
865
850
818
906
880
816
850
869
820
848
872
849
814
834
779
766
796
801
804
854
798
766
799
800
743
767
757
734
779
775
718
739
726
712
698
671
656
639
661
705
729
789
770
802
757
710
690
684
680
652
653
655
663
643
640
624
617
611
604
591
598
600
615
617
650
680
674
675
689
685
688
725
721
678
636
615
649
740
758
732
721
717
693
662
642
625
636
684
724
690
750
751
719
733
751
769
806
803
772
749
754
754
748
721
683
688
692
681
667
665
667
654
667
663
674
709
704
703
682
722
746
710
746
740
693
686
685
666
653
661
671
718
727
671
663
657
631
617
630
665
835
776
822
849
853
862
854
771
796
814
751
816
863
786
791
796
794
846
814
788
824
793
818
828
782
817
759
706
672
707
740
733
770
814
795
751
759
752
708
731
721
735
787
791
806
849
823
809
813
834
776
791
762
748
773
766
806
750
728
809
878
839
878
894
849
883
858
825
835
805
843
864
838
868
878
816
857
848
782
769
811
789
734
798
801
823
840
799
804
816
771
835
818
770
781
804
758
851
810
767
765
710
732
765
809
851
846
794
780
764
717
755
793
831
785
826
820
830
816
762
778
795
756
791
838
826
881
849
825
870
875
836
849
845
798
817
810
762
734
707
680
724
765
764
718
777
738
796
834
791
839
819
766
832
821
800
863
834
805
839
832
797
836
832
787
842
833
798
822
823
802
834
800
789
800
763
665
707
808
797
913
881
834
883
872
828
865
856
833
844
816
826
846
825
813
843
817
804
859
847
806
846
855
825
862
863
822
839
846
797
820
812
750
723
792
818
777
855
859
793
843
847
775
812
833
782
858
879
840
855
816
835
843
794
803
845
799
792
807
821
805
838
832
773
794
773
729
763
784
740
787
712
781
756
873
871
784
777
753
722
791
800
770
835
831
787
784
794
755
719
688
664
662
771
742
750
786
774
724
741
747
702
711
737
702
756
824
771
828
807
789
795
771
732
775
747
790
826
799
853
804
771
800
799
771
797
771
758
781
723
719
763
735
732
806
796
777
742
719
699
710
758
737
785
806
758
786
797
763
777
713
677
675
780
865
816
877
906
844
848
811
767
826
856
818
859
855
833
846
836
789
813
762
726
708
701
712
703
755
719
737
872
848
778
797
783
716
735
731
698
705
727
718
688
668
713
707
725
781
735
760
800
807
791
796
784
771
705
708
740
758
783
859
889
935
936
860
849
856
827
843
842
810
834
834
795
789
826
848
776
794
722
740
734
757
807
785
758
780
763
719
754
754
722
773
778
763
822
775
753
788
764
760
718
691
664
737
830
854
845
785
754
783
814
759
842
808
836
868
826
886
870
815
773
742
689
697
731
771
837
911
758
762
880
894
862
839
819
788
756
734
679
688
769
987
871
945
882
854
885
857
854
888
854
873
874
841
870
870
828
865
869
825
872
873
827
867
855
828
854
851
822
853
796
813
833
809
823
830
822
811
833
816
823
840
811
760
716
646
641
687
976
847
832
915
903
840
882
857
826
845
711
755
651
629
647
700
715
749
819
792
793
834
768
795
758
796
838
828
830
866
854
816
842
860
818
821
816
813
865
857
836
879
889
853
891
894
844
872
863
817
839
830
789
836
845
808
851
840
853
879
864
844
867
859
808
838
831
790
846
847
807
861
804
800
755
798
784
846
803
727
729
766
744
726
776
724
779
854
838
731
736
787
710
672
673
732
1039
981
947
931
918
884
846
869
872
846
874
870
831
850
854
830
865
871
848
873
880
842
880
890
853
877
870
832
867
854
837
863
843
872
860
826
857
866
826
863
867
808
841
855
816
872
888
834
868
893
839
857
866
829
863
856
840
848
826
818
839
815
865
871
824
859
848
789
804
744
733
763
781
774
761
765
699
754
726
792
841
805
883
905
839
861
869
806
834
852
824
892
870
838
872
866
830
853
835
827
866
834
796
817
762
743
796
854
829
891
832
798
821
762
737
707
676
696
689
754
811
750
790
769
711
727
734
688
708
675
700
727
727
732
726
697
684
672
656
646
638
642
637
626
627
688
922
789
842
854
813
825
739
689
716
774
817
798
828
799
776
803
748
767
742
790
819
712
749
697
707
758
798
783
695
698
691
679
739
823
788
815
797
750
795
846
836
831
833
765
792
799
785
844
844
826
866
865
796
823
826
779
837
855
804
828
825
790
826
819
793
787
722
688
737
725
714
766
845
802
835
856
795
807
798
755
802
840
793
826
822
764
801
824
799
877
878
856
857
843
779
756
764
736
772
801
834
768
819
842
774
792
815
784
830
863
823
879
857
804
862
873
795
809
814
773
863
832
789
833
846
809
874
866
844
830
793
783
719
698
762
729
804
853
807
894
878
841
881
874
846
871
802
843
851
812
881
936
854
879
857
869
878
822
869
865
808
858
854
804
810
721
723
749
731
899
910
865
912
904
880
891
863
863
877
850
894
872
865
872
843
807
839
799
747
717
695
977
845
886
909
827
870
821
803
838
815
769
848
913
845
889
886
849
874
874
824
867
879
843
876
864
822
870
864
810
842
846
801
839
833
771
788
801
775
854
889
822
843
781
800
806
768
817
851
765
796
758
785
833
839
808
846
790
795
709
683
671
699
784
805
741
694
698
751
833
776
827
836
784
808
819
785
824
816
785
809
844
816
803
805
799
791
839
840
827
879
833
786
804
788
762
801
838
793
852
823
793
830
846
763
775
794
757
832
774
803
759
728
699
733
811
713
688
726
720
740
781
771
712
724
715
682
691
702
701
698
768
812
761
786
847
808
814
819
852
804
851
864
808
831
825
780
787
824
834
809
873
879
822
845
837
784
824
849
797
859
874
829
853
827
796
820
802
750
734
687
653
679
682
666
696
736
727
677
706
758
761
737
800
804
753
769
776
736
795
853
814
831
818
777
723
696
695
807
885
834
867
882
866
881
832
824
792
782
838
886
822
883
860
842
878
849
799
848
850
772
820
726
674
712
707
682
705
771
747
826
752
688
648
615
628
671
938
1015
947
937
922
892
830
836
833
847
805
795
769
710
743
795
844
805
879
819
862
801
816
735
771
767
778
795
738
716
684
665
668
687
700
670
683
717
716
715
669
673
635
636
658
683
661
653
654
654
667
701
701
698
664
674
655
639
646
686
771
815
842
842
820
790
708
699
713
690
676
708
801
787
790
842
868
851
836
751
760
743
771
779
796
800
797
708
685
675
719
731
739
695
693
680
708
910
831
795
795
829
790
838
862
790
820
818
822
880
914
861
858
859
813
844
868
884
821
847
910
913
853
830
786
773
780
740
744
737
796
871
813
818
847
838
849
870
853
817
813
745
752
818
876
860
892
904
860
854
873
850
898
919
911
895
854
876
883
888
857
879
880
838
865
884
845
887
875
853
879
860
823
858
865
839
871
839
828
828
804
825
769
759
818
798
830
825
774
818
815
792
850
830
872
908
885
833
852
834
802
860
876
798
736
776
785
837
874
830
879
870
837
906
911
802
754
754
795
765
826
868
839
885
867
803
820
855
790
853
872
821
879
858
834
865
826
814
837
810
789
796
820
801
798
830
848
827
790
763
813
845
870
910
866
837
786
740
734
774
837
806
835
865
807
830
810
751
710
677
671
704
820
844
867
816
855
825
790
812
802
838
828
818
777
804
842
815
875
864
862
888
845
834
831
769
813
823
802
842
807
825
827
793
770
724
701
670
716
858
804
843
831
801
821
814
783
826
805
822
746
713
739
771
728
824
839
811
793
760
703
681
674
816
784
826
832
759
774
771
732
814
811
812
858
851
843
865
857
847
859
794
829
841
819
812
731
696
671
693
901
912
847
875
880
820
844
839
815
857
896
866
910
921
853
762
722
682
657
689
1000
943
949
906
896
905
901
846
825
712
722
736
857
902
885
930
916
904
825
840
858
847
899
899
927
883
899
903
855
899
839
787
828
791
762
779
783
800
855
902
876
883
886
819
820
810
757
716
682
663
727
814
826
797
765
774
776
730
691
685
668
674
701
711
679
695
696
714
705
739
756
732
723
750
740
786
831
765
794
726
687
691
717
730
690
651
679
713
689
739
708
705
729
730
689
722
724
685
701
716
692
731
741
711
755
751
745
796
736
767
777
774
798
802
782
763
691
658
634
621
610
649
756
748
786
796
789
751
789
771
738
754
725
729
752
750
759
796
770
731
684
688
720
722
702
659
661
649
646
643
667
668
700
691
683
668
675
657
649
636
632
621
620
654
704
719
751
721
675
666
660
633
647
711
856
846
814
741
744
743
687
705
748
909
751
836
826
821
787
775
722
709
697
687
709
725
722
684
661
671
688
666
708
774
816
838
795
809
860
764
721
758
849
762
739
734
714
693
808
892
816
891
901
832
857
860
812
855
878
839
879
925
876
928
917
869
883
895
880
887
896
864
907
928
935
896
938
904
861
895
859
853
879
883
847
802
836
849
792
861
909
859
906
892
867
885
842
861
881
842
886
900
890
918
912
926
935
872
904
877
883
879
840
885
891
853
892
880
853
896
880
886
887
826
873
795
766
771
741
851
809
745
733
695
770
895
791
839
846
799
836
841
775
831
866
837
882
927
926
806
795
772
847
825
977
968
915
962
911
894
902
851
830
843
827
840
882
839
854
860
837
835
841
804
827
813
751
716
695
720
797
793
721
703
715
729
682
691
723
771
722
731
786
869
839
788
801
822
821
810
851
882
852
816
737
704
672
688
771
795
804
871
825
844
820
806
800
784
764
753
816
853
866
886
860
863
851
815
820
870
843
854
793
805
783
770
802
789
755
792
827
857
886
869
837
849
852
792
820
820
829
861
832
859
789
820
842
814
848
853
844
882
840
813
859
844
867
896
818
782
723
685
747
685
735
705
718
795
762
800
761
783
775
747
803
806
775
776
764
743
783
780
776
767
802
821
782
820
806
767
782
797
790
825
843
822
890
888
829
851
857
832
889
902
826
757
709
702
729
846
897
806
801
795
795
725
682
666
666
663
708
781
751
799
829
740
721
722
693
671
689
782
780
733
772
788
730
733
734
746
738
773
786
718
734
767
789
772
758
786
849
856
756
742
709
677
729
904
853
813
862
881
837
855
854
800
805
820
822
844
865
869
856
876
764
739
734
710
715
895
931
925
856
888
866
809
827
793
842
871
845
859
863
825
848
858
834
892
910
843
859
862
815
859
893
851
885
882
861
881
852
896
889
818
800
784
744
794
779
746
798
817
775
792
782
739
752
756
717
775
816
815
814
846
823
844
860
803
814
826
789
789
816
787
826
807
766
798
745
717
684
719
847
782
830
837
776
820
794
751
782
773
769
847
841
807
839
837
772
794
807
778
824
835
797
857
863
840
859
851
804
850
844
807
864
867
813
848
883
826
852
844
773
816
859
828
869
858
819
848
844
799
827
842
799
833
852
815
896
894
833
883
867
813
839
833
794
846
823
789
813
785
772
840
849
821
827
756
787
765
735
771
795
773
791
736
688
682
682
677
682
679
669
648
688
857
837
780
813
808
744
754
751
735
783
794
771
743
793
824
815
873
894
817
838
844
782
811
764
737
725
787
754
821
833
787
828
825
783
815
833
781
803
820
791
816
820
776
787
786
767
806
810
791
863
836
846
854
766
794
798
773
827
864
811
868
834
837
747
731
747
742
791
838
789
816
841
800
838
817
780
736
708
685
666
694
741
711
700
826
912
853
839
773
766
720
715
710
751
725
763
831
881
835
871
762
712
659
635
627
656
751
750
788
804
751
780
778
762
802
844
831
825
769
713
669
659
681
802
876
871
855
849
776
771
743
706
691
695
729
761
767
797
757
807
813
779
789
769
710
719
729
740
757
777
745
776
834
887
837
840
779
742
703
675
646
643
638
686
773
796
812
760
782
764
768
766
751
727
702
690
715
761
793
828
828
813
811
768
772
712
675
681
677
734
779
796
807
766
748
737
739
689
730
757
756
730
762
746
762
766
780
795
807
799
793
824
786
805
829
878
860
823
820
815
758
730
743
777
834
851
800
779
716
675
658
654
704
806
876
870
862
831
823
817
778
800
840
826
835
858
846
875
866
820
842
835
801
834
829
774
803
824
792
854
854
796
832
823
748
746
707
693
670
738
852
810
842
869
821
829
807
743
769
781
767
780
810
794
800
822
799
822
802
748
762
771
753
780
800
770
797
764
699
696
780
712
756
761
725
765
761
718
758
716
760
752
756
727
714
686
663
646
646
638
644
674
672
675
660
641
636
623
632
687
748
760
845
805
854
831
794
796
752
784
818
796
802
829
866
786
801
799
772
804
801
771
776
756
729
682
683
727
737
789
831
843
792
835
871
849
875
899
886
922
884
809
813
805
834
795
839
926
852
924
889
850
887
878
832
870
847
803
863
849
800
783
717
698
705
764
853
780
825
830
780
801
801
774
797
819
790
823
860
808
860
850
797
832
818
778
840
820
805
826
784
819
765
784
826
785
813
798
736
762
769
748
812
836
792
834
839
824
828
812
806
827
775
760
703
705
737
777
840
821
839
857
818
819
825
826
803
848
854
786
836
857
815
855
849
842
853
816
800
803
820
807
886
885
849
895
886
850
887
878
850
871
816
854
848
812
848
848
793
830
816
799
824
764
762
808
802
774
804
829
749
766
713
667
653
760
754
752
809
802
772
824
791
762
773
749
722
761
761
759
788
774
733
738
703
676
696
731
711
804
801
776
828
818
754
791
749
714
744
737
688
706
723
688
724
729
690
715
688
658
670
672
654
655
655
634
633
616
604
614
627
636
654
646
642
652
671
645
661
670
640
641
669
653
630
604
1175
671
742
645
666
635
655
753
733
674
681
698
657
686
687
686
662
688
704
686
702
718
720
710
743
750
719
723
726
678
684
684
660
684
701
675
698
707
677
689
657
691
697
691
743
679
640
620
603
588
594
615
649
639
660
732
729
830
848
854
795
800
742
747
722
702
695
672
638
647
688
843
796
860
797
778
751
802
793
793
848
816
810
803
765
812
856
791
784
729
762
762
749
809
852
807
813
771
700
661
636
625
694
759
771
740
783
794
770
751
753
760
745
753
748
729
718
698
673
665
658
656
678
705
731
704
663
642
654
728
779
792
752
739
692
680
672
647
670
701
706
784
710
878
851
817
718
712
726
747
709
741
729
706
784
812
781
753
754
775
749
744
705
690
661
664
677
699
734
688
704
680
638
623
643
651
704
752
754
748
794
767
729
700
676
639
629
603
604
626
632
652
632
613
609
593
605
697
720
733
738
715
679
620
601
584
574
558
565
560
580
612
626
687
767
753
786
794
790
757
709
718
682
689
729
694
771
723
721
675
683
687
668
684
682
676
629
646
717
729
863
851
875
837
826
775
805
760
785
796
789
741
710
728
770
764
860
830
811
826
826
803
779
768
686
626
1185
808
880
876
817
778
843
840
791
741
706
710
693
656
664
647
623
679
805
777
688
745
762
768
765
755
708
715
711
688
674
677
758
820
776
689
687
702
707
735
771
793
812
790
747
687
664
656
679
735
806
805
752
727
730
764
781
746
722
710
720
683
727
717
721
657
655
678
757
795
787
786
788
739
682
659
653
668
683
683
732
734
743
748
772
813
809
746
713
665
655
689
722
791
853
765
821
805
796
813
812
776
807
795
789
712
675
661
650
714
764
712
747
815
773
759
743
720
736
700
711
744
793
808
811
811
820
784
777
769
787
790
762
801
786
819
787
727
730
762
818
844
868
915
888
817
799
819
812
782
816
799
745
686
651
655
707
840
825
766
713
749
811
837
764
740
700
685
663
648
645
636
635
630
626
653
819
731
803
821
779
720
659
684
741
778
778
814
751
755
732
702
691
650
617
609
593
595
607
657
683
750
752
711
705
715
707
664
630
616
622
624
598
594
588
580
590
598
637
666
669
655
649
625
626
652
708
689
671
684
706
685
703
716
700
675
684
672
666
692
745
751
716
693
688
674
674
675
688
706
716
712
688
695
742
777
780
756
752
697
660
659
671
722
799
805
745
782
791
774
705
675
642
657
825
749
773
792
797
803
795
773
757
742
745
744
727
709
694
692
720
697
699
684
675
712
760
735
715
692
673
643
655
686
656
669
679
709
696
700
676
628
621
604
606
646
706
724
739
732
741
744
738
737
746
740
713
667
672
649
632
635
636
671
707
733
711
719
741
729
744
704
717
716
739
793
837
772
785
793
828
806
816
790
729
732
739
737
749
794
817
869
814
839
870
889
821
821
783
825
838
807
842
872
854
803
765
788
880
888
862
827
847
837
810
803
800
708
807
869
825
764
756
726
730
848
899
792
809
807
722
745
800
820
747
794
794
783
810
804
815
784
800
790
799
785
823
842
842
869
849
808
714
676
646
657
732
732
794
820
805
777
799
794
784
729
742
742
756
750
778
808
784
832
851
780
799
798
723
757
780
781
773
789
734
682
695
688
736
782
773
807
797
770
767
769
764
749
788
733
765
778
745
804
825
798
813
820
770
788
794
770
802
843
798
826
735
692
756
794
850
856
808
817
797
759
788
804
787
837
850
806
838
766
800
799
775
785
817
839
802
857
844
825
825
772
813
830
789
826
853
813
864
850
832
852
810
853
862
784
780
771
723
714
715
683
661
688
671
716
790
771
755
762
790
758
695
668
670
681
758
776
781
819
818
805
828
813
814
830
797
781
753
712
697
696
727
739
715
748
753
731
769
724
766
793
818
822
852
837
841
803
828
831
793
841
852
761
726
703
692
730
805
845
827
859
842
854
847
806
848
861
836
842
816
863
920
904
905
829
827
836
809
913
932
911
927
869
890
881
840
876
862
844
890
873
848
877
852
857
883
838
878
872
813
849
841
811
849
835
830
860
861
846
862
818
833
847
779
813
804
755
771
705
688
821
868
828
885
881
800
833
835
815
857
854
899
899
839
868
813
851
849
850
870
769
784
759
715
731
746
785
813
788
811
798
804
761
801
786
772
806
786
734
769
786
748
818
825
777
822
798
737
742
748
729
795
792
821
799
752
739
735
714
745
776
764
772
831
773
762
735
741
712
732
796
784
768
779
707
715
856
829
789
855
878
827
840
841
803
818
807
813
888
905
867
886
886
863
869
874
804
811
823
760
809
806
769
819
760
755
770
800
738
703
667
671
664
689
746
758
738
793
758
715
731
690
727
729
713
782
798
760
819
831
769
800
789
772
757
733
696
702
671
652
646
866
903
855
883
822
796
799
794
760
806
829
779
817
827
798
850
885
824
873
876
819
851
844
845
822
742
750
764
783
821
769
729
756
765
742
813
782
783
822
765
817
814
780
807
739
718
680
671
643
618
604
610
653
767
805
789
802
733
733
713
668
696
707
732
725
770
775
731
749
737
721
739
742
708
719
747
692
722
724
707
716
719
685
731
768
767
713
740
731
703
699
712
695
692
729
678
723
682
688
723
711
671
654
625
646
687
659
688
704
688
730
756
723
733
740
704
709
724
729
692
711
688
663
614
1196
676
831
843
848
808
820
827
795
799
815
792
812
807
756
778
784
764
811
810
769
786
760
773
783
795
766
783
764
694
694
708
734
714
749
750
710
717
672
667
638
636
704
747
712
671
657
681
713
703
716
717
677
688
719
773
790
813
821
822
820
795
754
757
743
710
763
770
810
875
895
837
839
825
766
781
746
750
780
779
750
801
805
763
804
813
778
776
764
696
677
648
629
655
688
720
767
754
701
697
676
656
673
725
711
793
727
692
713
702
736
758
765
706
727
700
719
697
718
732
697
726
745
764
756
744
749
707
736
744
729
730
724
700
727
736
735
716
728
727
711
729
688
657
667
678
693
690
654
655
655
666
648
673
704
693
707
741
734
690
730
734
690
722
708
690
707
731
746
771
758
734
732
702
677
691
679
691
735
780
752
776
772
751
752
727
699
664
619
642
682
787
738
759
762
709
688
677
669
653
647
646
613
612
614
623
634
642
649
638
624
622
648
649
652
664
688
711
710
696
686
666
643
630
622
624
631
623
619
616
623
669
680
749
777
723
764
792
713
731
727
700
714
742
687
673
756
833
792
826
871
798
823
818
763
780
781
756
790
799
801
808
789
785
788
755
772
779
782
747
777
808
795
796
800
789
771
802
804
785
813
829
807
828
809
798
725
677
661
679
751
728
787
834
794
804
768
780
782
752
783
789
815
809
816
802
750
767
761
761
811
808
786
821
810
771
771
758
747
779
773
732
780
772
783
791
790
854
772
755
711
698
665
656
729
726
815
796
741
761
784
755
783
799
747
786
782
768
794
798
775
794
797
768
770
773
749
789
805
759
783
784
756
825
827
771
692
675
641
621
634
686
670
753
794
749
764
750
747
716
720
722
730
721
763
783
756
796
800
769
801
828
804
819
773
773
763
723
761
808
809
797
769
756
712
685
656
635
642
651
700
834
808
770
741
702
754
766
795
816
792
815
813
770
802
788
761
759
721
755
779
758
780
795
771
797
793
770
775
771
740
745
694
667
668
745
776
729
759
756
744
763
771
791
779
840
859
810
842
856
810
832
799
816
764
748
794
838
853
834
862
850
790
772
697
662
646
626
636
764
855
866
848
833
827
807
808
841
810
764
758
713
772
808
875
848
869
861
804
810
803
770
781
781
730
702
698
862
826
888
903
846
853
848
816
822
787
821
850
833
865
850
803
729
684
680
689
766
731
816
829
803
844
828
775
792
787
841
861
797
805
738
749
771
749
806
830
794
852
814
789
799
765
709
699
685
672
702
791
792
777
806
737
708
670
670
674
723
693
686
650
654
652
650
643
640
628
623
626
623
613
606
606
604
584
587
579
567
571
580
600
592
607
617
633
673
635
641
646
610
621
634
660
673
656
680
648
644
627
644
665
645
658
689
701
675
687
690
734
704
632
641
670
708
655
673
702
744
739
727
719
665
657
650
646
699
729
740
694
659
657
665
711
788
734
723
713
736
735
706
688
706
742
752
689
680
655
634
646
692
739
681
721
768
768
770
714
714
721
697
716
729
759
778
775
814
807
802
709
688
668
662
704
757
696
676
760
742
773
742
690
680
722
687
712
684
707
729
770
818
739
778
767
749
719
728
764
737
691
673
680
665
638
662
728
718
686
691
702
668
649
658
663
684
720
729
746
705
708
708
723
730
684
688
708
747
697
655
655
645
625
676
741
792
796
746
703