602
614
633
643
621
601
604
610
648
683
668
605
636
629
649
629
646
664
688
652
671
690
698
642
666
660
655
607
648
658
695
632
692
672
664
624
658
650
651
602
608
599
592
558
551
533
549
553
592
644
637
600
618
612
608
592
604
614
611
582
591
596
617
617
648
667
678
639
660
661
659
636
639
658
686
692
649
663
653
639
613
626
619
629
623
655
665
658
645
650
647
645
630
618
624
633
642
619
651
647
649
627
638
637
615
618
616
614
596
586
598
606
617
632
664
672
670
653
662
648
636
604
614
612
619
602
619
636
652
646
646
646
650
645
638
628
615
616
633
630
613
623
625
646
629
643
645
657
632
640
640
645
624
648
655
657
626
637
638
636
619
631
623
649
665
670
661
629
612
609
600
592
590
581
591
668
750
721
686
710
692
685
646
675
687
691
688
657
682
693
703
677
682
658
656
665
674
682
680
654
625
619
614
619
617
668
720
788
740
764
737
712
676
665
656
654
661
690
716
713
715
716
708
679
669
662
664
658
650
635
644
637
629
634
646
657
626
635
639
656
633
632
631
618
612
610
597
583
581
577
584
585
610
622
649
657
683
678
675
646
632
627
612
627
674
697
698
706
707
679
661
664
651
628
635
653
643
673
684
665
635
637
634
625
608
611
613
635
641
657
661
661
641
657
653
644
628
626
619
606
617
641
662
664
686
674
648
646
646
644
635
641
637
620
619
620
619
602
596
596
595
580
564
569
579
610
615
624
640
652
623
618
607
599
585
588
595
619
635
685
727
677
691
702
689
650
645
625
604
605
604
601
616
629
626
635
633
610
599
597
593
598
582
579
579
579
580
569
573
581
591
597
601
629
662
649
689
667
625
620
613
605
612
636
662
666
649
649
633
627
623
612
609
612
620
617
632
631
629
608
611
616
641
646
682
670
685
683
700
675
672
673
662
672
674
664
657
662
672
694
703
718
727
718
693
680
673
651
636
680
706
723
716
701
669
616
610
604
628
644
648
701
707
646
644
630
630
611
610
614
619
613
609
629
646
635
663
666
649
643
634
617
596
600
610
640
640
691
710
707
688
689
688
647
656
639
637
623
634
638
638
626
647
676
704
685
688
629
614
604
598
597
633
607
605
613
621
603
602
633
617
647
677
658
636
640
646
636
610
614
608
605
593
573
593
620
724
735
764
711
729
731
715
677
670
656
646
634
658
665
667
665
688
683
641
643
631
644
637
703
724
751
724
749
727
705
708
681
643
629
626
631
628
679
705
702
736
739
687
720
692
652
668
640
621
638
634
634
665
703
674
696
695
657
640
631
640
658
631
616
629
617
647
638
658
668
669
662
653
648
643
625
618
598
604
643
695
765
797
768
787
771
742
728
714
677
682
646
638
625
649
745
781
802
803
786
746
733
705
665
635
619
608
627
644
717
733
750
734
724
695
676
630
628
623
636
610
626
619
618
689
772
798
803
782
727
722
705
695
711
690
711
738
700
718
720
724
682
690
683
688
669
684
688
694
681
700
696
672
666
664
680
721
773
778
768
776
755
737
709
684
656
643
654
702
689
686
714
748
740
725
730
738
704
709
697
666
684
683
655
677
688
700
694
720
727
705
721
693
690
685
682
658
655
650
635
642
637
632
604
613
644
675
646
664
674
670
640
651
632
610
603
607
611
620
705
804
775
827
823
770
755
725
705
667
675
661
645
658
666
649
689
700
694
670
683
690
656
677
670
674
644
662
655
647
660
671
690
634
658
658
631
639
633
646
635
670
677
659
622
635
616
607
591
598
624
646
645
674
710
691
703
698
647
658
634
607
599
582
569
560
552
540
542
571
674
658
706
723
715
713
730
713
702
705
704
701
714
716
706
734
744
713
718
729
688
678
646
631
616
650
797
817
781
798
798
741
733
718
690
683
698
715
704
683
688
691
676
694
701
670
659
653
651
618
624
626
622
601
608
613
637
615
645
654
626
642
635
621
627
621
599
593
579
573
564
571
564
584
616
654
672
707
692
684
692
688
649
624
612
597
592
574
600
618
606
587
1705
638
654
655
672
680
708
712
680
662
665
663
688
735
761
760
752
718
729
725
729
725
693
658
651
651
689
706
774
770
717
716
700
692
647
657
637
614
610
614
629
620
635
657
619
619
615
621
602
599
600
605
601
616
633
637
638
646
661
633
651
665
664
663
642
620
640
637
657
698
681
654
675
675
655
665
670
658
677
673
665
672
674
667
639
689
652
641
627
609
597
604
718
666
706
707
702
681
679
655
615
611
609
628
699
786
796
786
795
778
763
753
715
677
645
638
628
636
618
632
647
649
641
613
618
594
591
594
575
595
616
638
638
646
625
639
645
649
641
637
633
667
682
704
723
684
715
750
743
702
719
723
704
689
652
646
632
642
619
640
677
696
635
700
653
670
607
621
595
582
574
579
588
591
604
623
640
619
631
639
665
671
651
657
651
658
620
620
617
632
660
646
659
675
688
687
652
651
645
653
636
673
674
676
658
664
648
619
632
654
655
660
646
671
673
681
620
622
609
600
596
596
590
617
682
746
699
708
692
681
660
655
642
619
623
620
627
622
650
677
652
621
619
607
599
587
591
609
619
618
632
627
610
598
600
598
609
627
631
675
712
698
708
711
688
677
661
645
626
619
610
598
609
667
691
660
644
645
653
627
632
637
635
635
646
643
619
621
625
630
626
649
652
636
644
627
618
606
604
604
590
587
584
594
601
613
636
640
625
618
621
604
606
603
612
600
602
594
585
578
599
604
616
649
668
631
635
629
619
600
604
602
607
591
592
612
703
702
689
696
673
636
625
616
613
599
613
613
610
605
631
697
682
700
689
684
671
669
651
616
609
596
589
591
597
638
666
691
716
754
723
726
700
672
663
649
610
605
609
624
616
646
682
695
650
677
653
644
631
632
611
608
596
583
582
624
628
623
649
670
624
627
615
615
601
593
598
612
615
601
612
624
643
670
676
643
642
624
606
601
668
795
798
858
833
797
779
726
716
704
722
688
706
695
678
645
636
628
627
612
639
660
665
634
677
665
646
664
659
644
634
644
645
611
623
625
648
620
644
648
652
623
649
673
667
677
678
691
678
695
686
673
647
670
678
654
642
665
670
631
606
1791
692
734
776
769
754
718
692
679
660
640
637
636
625
608
622
640
729
691
729
716
694
696
695
687
671
680
676
675
658
644
628
610
601
586
590
695
729
712
724
723
717
683
678
673
652
648
662
684
682
728
776
754
790
785
733
720
726
672
664
633
631
646
718
718
782
776
729
717
697
665
624
605
604
622
604
622
644
656
624
624
616
607
592
593
602
606
605
646
671
680
662
679
641
614
596
1154
564
555
553
553
538
540
534
531
536
551
559
584
623
651
656
685
707
715
685
679
663
655
649
666
657
648
610
613
615
716
743
734
753
748
700
690
680
658
625
629
633
634
612
639
645
678
653
715
702
685
662
650
641
620
618
640
672
662
694
686
638
625
609
600
588
593
597
644
688
719
707
699
695
679
649
627
624
639
644
674
722
739
719
757
733
679
637
614
593
580
562
565
558
560
554
551
547
546
555
564
580
605
651
664
626
633
668
678
650
679
684
661
681
704
712
719
695
644
624
632
690
707
693
686
697
700
721
673
669
653
643
653
641
624
646
688
716
711
696
684
638
642
624
619
621
638
627
639
662
680
674
658
619
603
594
594
608
658
703
731
736
772
776
758
750
730
712
660
678
692
711
672
717
726
763
766
808
809
739
723
711
690
646
651
655
654
693
697
659
708
692
680
659
633
605
584
565
559
599
724
728
764
762
739
691
703
696
663
652
645
628
624
657
686
701
685
724
702
679
688
686
670
652
662
677
665
675
700
699
669
681
676
638
619
611
602
586
601
728
662
703
734
691
637
645
651
667
701
737
719
681
709
703
665
663
649
631
616
628
657
705
667
710
706
676
665
674
658
617
633
641
655
631
653
676
688
653
683
663
652
702
694
695
680
719
729
720
708
711
698
688
677
650
636
673
767
765
870
845
769
773
743
701
690
668
613
616
626
695
728
862
849
806
820
805
785
776
749
699
679
656
626
626
668
663
719
709
699
708
708
689
654
664
665
649
647
623
612
600
605
630
658
694
759
735
730
714
674
618
610
594
614
675
796
868
808
762
771
751
723
734
727
708
737
702
718
725
706
696
671
654
626
614
601
599
628
708
730
720
708
693
676
666
647
630
627
665
668
707
760
778
747
748
706
690
692
688
685
663
655
636
669
724
770
797
763
782
795
751
718
701
672
680
669
712
714
718
699
683
706
746
693
706
771
765
800
774
750
735
740
753
767
791
786
768
840
829
809
837
849
810
812
816
789
729
729
716
768
802
901
862
831
854
850
823
829
811
788
765
729
755
790
779
772
814
774
729
740
770
799
757
783
801
747
773
783
755
807
809
768
802
805
750
763
766
731
754
796
787
784
783
766
737
754
709
688
702
681
753
770
763
761
773
751
734
738
702
674
681
683
663
718
757
773
756
799
816
789
791
793
770
764
753
752
706
725
718
714
773
802
803
808
836
778
771
763
749
727
723
724
703
731
733
708
751
759
748
777
780
742
759
763
744
754
802
806
746
756
738
697
665
678
711
697
744
797
789
720
723
700
669
668
681
703
666
716
723
727
716
720
692
656
680
691
670
719
708
679
713
709
666
686
706
665
694
714
710
698
712
730
712
722
741
706
689
673
679
642
690
689
680
637
635
650
692
651
621
645
684
663
652
617
595
1718
588
658
691
722
730
734
749
766
784
836
845
788
749
703
652
653
656
741
776
803
759
731
699
712
741
764
777
775
766
751
716
704
714
699
701
707
696
689
692
714
716
749
770
752
762
734
726
726
733
707
728
741
718
749
762
726
714
706
704
697
702
702
692
703
688
669
669
643
646
616
634
653
709
682
719
729
701
708
678
629
626
605
595
593
610
593
626
677
780
781
852
821
744
732
716
708
682
689
691
693
719
737
741
715
736
739
730
720
720
707
682
703
727
739
748
772
788
729
723
709
664
628
623
622
694
800
818
785
760
750
730
708
660
625
601
604
639
692
701
669
696
729
752
748
749
747
744
724
727
742
713
755
768
750
727
737
759
730
752
761
766
726
739
738
722
697
731
765
759
796
797
736
753
771
735
753
753
758
723
740
748
755
746
788
795
750
768
768
737
757
759
748
731
753
764
737
700
708
688
690
710
688
711
708
676
665
642
638
622
602
606
636
681
693
691
698
686
667
659
662
638
661
670
688
722
767
806
765
739
705
672
650
624
623
625
639
600
599
598
610
635
665
638
614
596
1357
772
854
822
813
795
752
695
649
635
622
601
614
661
705
775
825
842
819
822
772
746
717
711
690
675
665
661
649
664
626
667
687
692
660
657
645
644
618
614
591
582
575
569
575
594
641
646
646
646
620
626
622
617
606
585
580
576
598
672
696
683
709
733
765
739
751
675
666
631
612
602
585
570
579
618
705
654
702
707
723
706
719
696
658
661
674
698
713
738
781
757
739
723
700
702
701
698
685
658
682
702
787
833
769
722
725
718
724
702
740
760
739
745
748
744
699
715
715
730
706
728
740
706
715
700
677
680
675
676
658
700
723
737
730
740
726
674
677
619
609
603
631
754
724
825
858
803
822
797
734
729
715
722
704
713
728
721
761
784
794
782
759
740
735
729
714
704
726
748
688
711
706
688
729
765
772
724
734
743
720
741
761
704
708
681
646
715
795
795
851
826
801
806
782
749
747
707
697
698
698
707
737
772
733
746
724
668
679
667
660
730
704
674
634
704
745
734
706
700
688
639
664
667
661
708
726
727
692
707
701
693
696
701
705
688
711
735
727
752
741
711
725
702
674
623
627
605
611
626
621
749
718
771
788
759
729
730
716
713
683
700
691
708
696
730
746
724
751
694
663
654
668
705
682
736
753
750
739
737
721
680
696
693
667
673
691
703
705
729
729
705
742
729
690
695
678
684
664
654
672
710
733
688
675
618
610
590
573
566
591
722
660
720
740
794
737
755
765
745
740
748
804
782
770
758
723
701
714
771
751
750
784
795
755
749
724
702
682
708
712
753
750
739
705
738
738
722
714
677
632
633
604
583
564
541
548
566
624
644
669
639
648
679
686
672
622
612
606
604
609
600
607
600
620
655
787
830
825
806
765
731
711
666
653
670
707
732
771
775
802
801
778
749
729
682
647
629
633
620
618
743
746
741
691
684
670
638
623
619
626
647
682
686
649
682
679
690
684
674
668
648
627
610
614
621
668
709
700
715
702
713
704
681
706
718
748
755
740
757
730
746
757
772
729
721
716
706
711
723
770
778
767
775
780
762
771
791
736
735
728
681
652
646
663
658
662
691
717
716
716
709
663
631
1201
590
672
671
647
677
691
706
692
729
752
743
709
705
699
700
697
732
785
796
819
804
769
758
722
719
741
706
736
732
769
773
769
771
737
748
707
720
718
759
737
743
719
693
688
703
711
673
688
668
708
709
764
776
747
678
639
625
598
592
597
620
712
776
794
771
824
779
796
733
701
704
702
722
737
784
784
711
708
645
667
635
656
695
729
738
726
707
707
691
685
678
659
653
703
762
833
843
802
730
713
760
730
725
731
757
718
727
756
757
680
654
620
616
619
620
625
689
731
752
792
768
803
788
769
799
780
721
721
746
753
720
674
642
620
615
609
1861
662
636
623
610
600
588
596
591
641
770
774
860
852
802
730
702
639
627
606
612
659
711
711
678
648
632
614
607
601
633
813
780
780
710
704
669
676
705
692
714
737
725
728
694
661
658
701
664
635
658
681
693
685
739
781
806
750
708
707
720
739
749
780
796
776
729
738
730
760
771
773
785
795
749
683
686
709
768
792
792
807
812
802
782
747
705
700
731
744
734
770
805
817
753
785
759
727
689
712
710
743
770
792
763
737
702
669
656
678
706
689
732
728
736
719
725
706
710
691
655
706
722
737
781
781
780
752
746
728
717
707
674
693
728
724
692
675
680
646
682
743
781
751
784
770
766
721
717
709
727
768
723
757
783
801
801
793
776
719
694
704
678
640
628
607
609
630
737
723
786
815
830
813
812
715
673
640
604
603
615
688
728
764
795
769
771
779
745
752
755
770
783
798
787
810
815
810
787
771
776
758
732
729
713
663
634
610
601
591
587
603
728
803
886
854
854
846
814
769
737
694
653
691
721
766
724
730
716
714
715
738
749
776
719
776
792
807
840
830
798
794
736
730
727
744
772
822
833
835
801
809
757
749
731
741
756
782
785
757
748
726
699
685
703
726
733
710
694
655
689
716
766
804
842
819
741
724
696
670
720
715
754
765
762
742
794
772
804
782
749
719
685
657
631
614
604
589
602
592
600
598
1210
619
637
617
604
600
590
587
591
659
704
756
797
792
770
721
677
657
652
710
691
645
646
624
605
618
702
748
789
827
794
789
757
759
744
704
696
662
712
745
729
744
774
757
707
726
707
728
709
672
667
639
636
631
691
709
742
742
757
765
727
706
710
711
718
724
709
682
696
663
713
696
664
705
732
758
736
728
677
689
696
703
681
689
695
713
696
713
706
741
749
745
716
707
671
640
621
611
604
604
645
638
715
703
690
844
861
803
810
765
784
726
777
807
811
835
794
834
845
801
754
735
698
653
658
746
807
790
761
688
657
637
616
626
672
705
694
756
793
810
795
786
768
722
655
649
631
688
729
770
782
757
717
674
642
618
609
623
676
643
693
688
720
725
701
736
706
734
701
721
730
708
746
740
751
764
785
794
777
750
743
707
723
719
738
761
805
775
796
771
755
738
742
758
732
706
705
710
711
692
714
698
676
683
711
728
743
747
721
746
734
694
682
650
656
700
722
793
809
815
836
811
770
766
753
729
754
739
729
781
763
804
799
784
766
713
697
689
680
688
701
772
768
854
844
784
803
792
762
761
764
775
730
698
658
630
621
605
589
588
587
579
601
612
620
712
848
799
771
810
780
753
729
731
722
708
711
708
754
713
746
715
676
681
768
748
757
695
671
644
630
624
649
750
795
721
788
784
787
792
790
771
793
735
736
755
795
826
868
864
856
848
847
780
784
770
783
766
703
659
637
628
623
905
879
854
828
816
772
767
753
764
773
788
808
818
828
797
780
729
750
763
803
819
790
803
781
766
717
742
763
837
839
869
805
843
796
807
768
793
760
802
764
802
818
839
828
798
800
760
761
744
729
721
747
750
768
702
693
647
634
638
651
635
618
621
621
627
627
633
620
616
604
596
607
658
681
672
699
672
692
666
687
676
650
692
707
726
709
689
650
641
680
730
762
797
825
806
764
705
646
1316
729
767
794
791
786
777
768
717
711
698
732
745
830
877
848
799
771
729
717
721
719
680
700
694
711
716
731
696
696
696
682
692
690
708
722
725
728
753
732
757
751
719
741
714
749
763
784
781
730
748
749
730
758
761
807
835
808
801
782
771
766
759
719
743
720
733
743
776
785
770
766
731
719
718
686
657
630
613
646
720
753
748
752
758
748
740
716
705
709
722
718
750
775
780
744
793
755
707
692
688
698
689
699
685
714
738
729
760
764
739
746
724
732
763
776
807
755
749
753
745
771
739
771
776
751
704
678
656
636
617
616
612
644
759
685
719
685
687
633
629
614
600
590
1221
668
696
735
674
649
629
621
613
617
718
760
821
853
869
794
837
777
782
773
718
725
721
746
723
709
680
653
749
703
782
823
847
857
844
780
810
807
790
803
803
842
848
863
834
813
786
787
716
693
647
622
600
591
621
714
965
926
959
876
916
816
730
677
660
633
610
604
1250
666
655
639
635
668
717
688
717
697
712
709
713
677
697
680
652
646
695
667
731
723
785
796
727
737
726
696
735
733
718
755
769
779
792
792
762
727
716
715
728
773
821
845
837
822
748
736
723
683
685
688
710
722
701
668
631
616
597
585
579
583
578
604
599
622
695
669
645
645
671
644
622
601
592
576
575
576
656
815
927
881
892
828
800
735
669
675
680
726
763
731
725
720
707
705
736
774
802
799
739
731
727
729
705
694
685
642
667
734
815
833
852
848
841
813
794
786
774
745
728
733
764
792
810
817
810
779
755
708
705
705
729
779
808
789
814
796
752
715
671
668
737
675
665
651
636
715
736
763
777
780
804
791
796
785
772
773
775
760
744
686
662
651
627
822
972
874
861
742
705
665
651
643
710
704
722
771
779
807
803
786
768
749
747
752
773
845
866
840
803
772
751
754
788
788
777
807
801
764
797
735
742
751
760
764
764
785
728
763
755
730
752
719
791
742
770
751
751
736
759
771
787
795
748
757
745
761
714
702
665
662
687
739
729
774
802
780
717
725
738
764
747
746
751
762
776
786
783
711
732
711
727
727
720
760
754
771
743
764
746
708
692
675
642
642
634
621
614
617
604
630
688
696
760
753
768
781
739
740
741
759
790
764
791
751
730
725
686
677
728
708
712
702
689
705
725
732
704
655
632
604
585
580
576
618
692
744
784
785
816
829
821
770
739
756
801
838
834
817
793
768
742
713
664
680
754
812
778
876
855
814
837
799
812
820
756
785
760
715
693
735
724
785
802
798
708
724
678
709
720
722
746
719
712
719
739
736
700
664
642
654
682
686
679
697
696
673
695
732
818
810
798
775
793
778
762
770
735
743
741
735
757
767
759
790
760
790
753
803
803
842
797
742
703
709
741
762
794
779
745
705
682
673
701
701
740
690
658
696
656
689
715
690
756
773
740
664
641
622
595
585
572
1171
679
699
708
657
687
666
652
632
628
631
648
682
717
711
729
755
733
745
756
775
746
721
744
724
665
671
685
678
707
703
698
665
638
632
623
628
643
659
671
678
700
700
763
741
773
794
782
798
778
771
729
761
843
857
892
831
770
761
740
700
689
657
661
742
784
782
769
703
730
749
784
808
782
703
677
639
616
606
598
594
1780
603
596
590
592
581
582
593
616
617
623
692
881
854
833
884
809
752
695
691
710
743
722
778
783
771
758
813
775
851
916
934
921
875
873
795
747
749
733
737
732
787
836
849
796
800
817
821
775
791
772
741
727
703
719
727
789
773
801
790
735
731
685
711
727
705
772
785
797
769
771
781
760
749
771
729
686
668
638
636
721
713
728
752
761
726
701
699
667
704
706
707
747
767
724
679
701
678
715
725
672
682
651
637
674
687
690
686
691
712
717
726
732
733
716
725
729
749
746
776
780
813
832
788
753
735
752
753
757
749
757
747
757
741
735
729
726
726
734
748
786
814
827
813
753
685
676
644
623
608
607
627
604
615
665
722
694
707
729
739
728
720
718
724
705
724
735
760
736
776
781
770
757
754
738
735
721
720
732
765
765
717
681
636
644
663
670
642
652
662
670
689
713
719
732
737
749
749
765
763
722
716
700
701
722
701
724
758
778
757
714
726
679
704
702
720
692
693
649
665
671
684
723
736
742
761
763
796
765
802
802
800
822
817
782
831
850
808
801
800
791
789
779
755
733
752
765
748
787
779
729
710
669
700
669
693
734
751
706
724
731
711
719
737
762
708
742
764
772
758
782
803
800
830
801
813
794
771
771
752
757
773
785
794
857
846
782
814
797
747
756
757
745
801
853
805
847
827
793
781
741
735
720
693
655
658
729
790
762
813
813
813
736
744
761
754
778
764
749
682
664
633
628
622
625
610
634
716
732
747
751
754
767
707
701
679
696
740
766
852
854
860
877
831
799
782
765
775
766
742
767
782
726
734
768
779
720
698
654
659
727
667
741
770
718
743
746
734
729
716
697
682
682
667
651
645
696
751
763
796
786
756
699
671
690
750
772
809
796
772
771
757
742
734
725
749
780
799
777
755
730
705
664
675
731
783
781
765
743
725
731
751
790
790
757
720
738
732
689
757
796
774
780
780
783
796
824
849
860
841
892
896
849
855
843
859
820
858
796
789
792
812
798
886
840
867
844
851
836
821
783
771
758
728
727
733
750
770
741
747
747
731
675
679
720
778
768
782
780
767
763
734
690
704
731
811
822
797
816
743
711
728
790
765
833
851
800
845
854
817
783
806
806
767
815
816
784
786
785
801
760
747
763
790
808
825
833
821
814
801
766
758
759
753
740
702
720
854
835
771
822
846
807
768
754
754
736
713
789
837
813
892
886
809
856
866
801
827
813
765
793
800
740
810
831
822
801
824
794
793
795
757
800
813
843
854
816
819
767
771
719
691
735
674
726
753
788
743
787
820
834
785
830
810
783
886
933
875
929
903
866
864
841
819
815
805
799
793
758
789
796
778
818
822
774
784
785
737
745
748
765
773
825
817
781
807
781
790
773
729
767
790
774
834
840
797
827
811
753
728
705
654
629
625
759
792
771
830
859
829
817
807
791
775
743
739
748
774
772
779
729
720
751
769
805
746
718
722
741
731
722
700
666
640
645
727
719
777
811
820
758
788
771
746
749
752
747
746
770
795
786
820
831
813
781
794
796
808
812
825
786
808
785
831
816
805
747
796
819
798
816
802
794
786
744
743
730
721
769
806
787
790
769
719
683
657
653
712
740
819
807
846
862
790
806
795
745
763
762
722
744
716
709
714
730
745
697
674
650
647
664
660
719
730
762
781
795
793
786
710
709
692
664
650
753
800
802
849
858
812
829
829
785
819
824
802
813
794
773
783
807
786
825
848
806
842
855
788
819
794
774
795
794
782
802
806
782
811
795
765
812
800
774
793
805
772
806
833
779
812
817
781
793
771
777
799
790
802
809
773
785
783
749
778
791
757
791
799
760
800
791
758
774
745
738
743
739
736
729
713
668
720
780
742
688
668
648
650
650
628
633
643
667
656
685
688
658
679
684
690
703
740
734
769
760
747
771
767
751
747
732
743
753
753
799
796
743
752
744
767
764
730
752
715
705
665
674
733
702
748
761
720
743
773
748
777
806
768
816
814
770
776
786
747
728
730
735
724
743
780
783
714
724
680
661
655
661
683
692
647
702
688
672
647
664
673
687
713
741
799
766
812
791
736
742
726
696
706
719
770
795
839
831
808
798
743
766
753
812
740
783
784
752
765
786
823
896
878
894
906
818
821
795
713
716
717
723
771
741
736
724
688
689
675
664
656
663
637
643
799
822
780
807
801
745
742
726
694
728
736
745
729
745
731
728
736
704
718
731
726
718
749
740
722
755
737
749
747
707
698
697
706
676
723
717
708
729
708
661
695
690
740
776
744
769
763
720
771
797
752
706
718
721
707
765
799
807
870
859
822
842
826
779
819
795
758
793
784
736
760
728
724
754
760
694
666
658
637
704
740
682
706
692
653
670
638
646
653
630
672
693
713
788
760
729
748
753
788
732
758
737
731
697
719
729
728
723
697
645
707
746
726
753
730
705
697
701
704
683
715
729
758
724
767
789
791
802
758
742
725
708
669
671
636
648
754
746
835
803
740
758
733
707
741
753
779
841
846
771
768
729
713
726
724
704
745
667
672
693
646
672
676
716
709
706
694
678
661
653
643
629
628
657
700
704
700
725
766
782
755
739
708
681
646
633
640
744
729
763
847
819
854
816
802
807
779
774
758
725
762
813
866
844
808
723
707
667
679
732
684
720
751
772
741
736
730
696
652
629
617
601
595
1292
690
761
798
770
813
783
824
825
788
771
695
657
666
697
772
825
831
829
825
796
791
760
720
708
675
713
722
773
740
701
716
747
767
774
755
714
682
687
717
697
682
646
630
610
606
607
661
668
713
747
743
728
711
654
654
626
620
643
640
641
609
647
634
655
643
729
825
785
850
798
848
845
766
779
748
759
784
790
834
869
885
875
814
746
743
738
721
760
745
713
762
807
793
771
751
741
736
725
688
651
649
646
658
663
652
638
630
654
705
694
653
636
337