1088
1124
1160
1133
1176
1177
1164
1155
1166
1159
1146
1174
1163
1177
1178
1163
1180
1156
1179
1160
1166
1165
1178
1175
1178
1212
1151
1184
1169
1162
1152
1137
1110
1054
729
1262
1054
1065
1070
1066
1081
1066
1021
991
953
902
870
879
905
949
1041
1110
1159
1172
1151
1163
1102
1129
1128
1127
1137
1137
1144
1120
1147
1151
1180
1133
1135
1088
1015
1029
1017
1026
1018
1042
1007
976
993
1914
2632
789
757
744
766
809
810
806
801
823
604
447
3256
917
925
887
929
960
995
1013
1000
942
942
941
961
993
1039
1049
1071
1133
1130
1150
1034
1054
1051
1064
1059
1079
1075
1074
1022
1024
1041
1044
1036
1054
1076
1124
1129
1149
1114
1115
1123
1140
1154
1153
1141
1178
1162
1146
1087
1090
1080
1082
1102
1042
1053
1031
1034
1032
1092
1103
1062
1071
1056
1059
1088
1106
1099
1149
1176
1118
1149
1146
1148
1126
1163
1162
1174
1127
1131
1146
1152
1149
1079
1045
1015
1000
991
979
975
958
990
1057
1135
1149
1149
1147
1125
1120
1117
1134
1152
1134
1131
1099
1107
1114
1063
1104
1114
1068
1019
997
982
969
982
1010
1011
1059
1056
1072
1047
1071
1064
1039
1053
1054
1054
1073
1084
1082
1069
1096
1054
1065
1054
1058
1061
1076
1078
1060
1024
1015
1007
1006
969
1027
1055
1050
1083
1053
1021
1017
958
918
856
837
843
897
1012
1074
1118
1140
1131
1086
1061
1065
1043
1072
1075
1108
1105
1079
1101
1114
1082
1114
1100
1080
1116
1074
1107
1009
1072
1104
1141
1161
1159
1106
1115
1092
1097
1106
1091
1096
1094
1054
1092
1084
1065
1034
1030
1043
1054
1077
1085
1108
1081
1098
1104
1130
1109
1081
1087
1093
1078
1070
1065
1006
997
998
963
929
954
993
1021
1074
1059
1087
1085
1101
1122
1129
1094
1124
1143
1153
1169
1170
1127
1150
1116
1136
1139
1156
1117
1144
1137
1135
1119
1180
1154
1116
1088
1081
1039
980
924
916
902
934
997
1047
1100
1104
1075
1083
990
975
962
893
856
882
897
951
991
981
1002
974
983
985
1011
1062
1076
1106
1120
1095
1131
1134
1112
1124
1103
1122
1142
1096
1034
962
984
1014
1030
1057
1023
1011
975
971
935
964
989
939
982
1021
1016
1071
1111
1105
1077
1063
1124
1095
1141
1129
1133
1146
1104
1135
1121
1154
1156
1127
1147
1098
1157
1126
1167
1163
1181
1157
1155
1118
1097
1118
1103
1149
1096
1028
1055
1090
1062
1106
1117
1103
1067
1048
1022
992
973
924
925
953
957
992
989
985
1008
1018
918
890
881
898
957
1050
965
983
935
943
949
896
907
872
883
906
958
975
1019
1047
1047
1030
1004
983
970
930
944
963
931
979
961
986
1034
992
1025
1009
1029
1048
1056
1033
1056
997
955
956
946
1014
1073
1054
1101
1074
1039
1002
1028
1023
1066
1119
1092
1126
1098
1103
1061
1063
1085
1024
1060
1086
1063
1090
1059
954
963
940
922
891
839
822
782
793
810
804
784
771
777
780
820
879
898
928
907
902
886
871
881
914
964
949
895
903
908
925
940
968
991
1009
958
964
967
1010
999
1017
1046
1069
1060
1011
981
975
1013
1022
1085
1066
1035
1028
987
959
914
899
887
903
928
970
1017
1061
1037
1051
1021
1042
1044
1028
1043
1018
977
1000
979
1010
1054
1066
973
966
995
1019
983
999
1000
990
936
888
838
817
774
777
791
813
842
868
868
828
823
825
843
852
865
880
855
855
864
939
1011
1044
1059
1030
984
937
892
892
908
919
900
895
922
934
925
937
962
974
985
983
922
919
936
943
948
949
938
920
921
938
971
944
942
962
988
1015
1020
1004
996
975
943
917
889
842
838
851
935
1013
1023
1010
955
911
933
942
992
1006
989
979
999
1006
992
997
996
998
947
945
948
1003
1086
1069
1112
1071
1071
1071
1057
1049
983
979
938
958
980
1003
958
974
995
1007
1021
1021
1021
959
981
999
1036
1052
1044
992
979
988
938
875
896
943
1044
1112
1113
1079
1062
1024
946
932
918
884
911
961
1027
1066
978
1012
1028
1046
1047
1048
1047
1034
1009
978
977
953
986
1025
1028
1049
948
963
966
976
940
913
896
905
891
856
867
886
915
905
937
945
950
946
936
900
897
929
958
989
1014
1010
939
948
955
979
1006
949
975
1009
1038
1009
1009
1015
1039
1080
1081
1085
1076
1035
1048
1033
1032
1074
1094
1044
1060
1076
1075
1075
1006
1030
1010
1023
990
995
994
1005
1011
1007
1015
996
1028
1019
1054
1067
1003
958
921
902
888
884
890
891
919
918
928
927
878
895
921
987
1034
1070
1089
1097
1084
1045
1026
1104
1104
1074
1021
1012
967
986
1005
987
1010
997
1022
1069
1066
1117
1116
1094
1093
1085
1109
1138
1190
1156
1132
1135
1120
1121
1135
1139
1135
1159
1135
1127
1155
1094
1125
1060
1087
1069
1121
1104
1121
1118
1095
1069
1056
982
971
966
926
979
979
982
969
952
960
986
990
1035
1026
1066
1049
1091
1163
1188
1163
1143
1097
1122
1085
1083
1099
1091
1071
1037
1020
1043
1090
1128
1112
1085
983
990
1010
1009
1043
1079
1150
1180
1181
1143
1130
1160
1169
1154
1140
1145
1155
1128
1165
1220
1209
1244
1194
1156
1162
1118
1118
1152
1151
1144
1175
1163
1168
1164
1126
1035
984
1004
1059
1164
1151
1114
1103
1136
1139
1124
1094
1063
1063
1094
1129
1176
1128
1110
1146
1181
1190
1157
1112
1128
1166
1181
1178
1121
1088
1089
1091
1086
1077
1098
1121
1064
1062
1044
1049
1079
1118
1081
1046
1063
1028
1013
999
983
999
978
965
962
999
1048
1078
1090
1073
1053
1049
1054
1100
1109
1120
1113
1134
1082
1079
1052
1092
1086
1063
1009
994
992
1039
1048
1057
1008
942
969
948
965
943
948
970
1021
1042
1052
1035
1058
1090
1125
1098
1110
1110
1088
1118
1149
1118
1143
1180
1139
1153
1163
1123
1073
1084
1081
1109
1167
1152
1175
1098
1108
1088
1048
1070
1015
1059
1092
1118
1167
1205
1186
1181
1177
1173
1169
1157
1134
1152
1114
1125
1124
1098
1132
1114
1146
1178
1162
1145
1165
1126
1122
1070
1044
1063
1087
1029
1035
1063
1110
1088
1063
1082
1105
1105
1095
1064
954
934
946
987
1007
944
946
965
961
966
962
944
929
931
918
919
903
898
889
852
875
942
1017
1014
986
1022
1044
1031
1039
1017
1007
981
938
910
890
862
866
874
923
1019
1027
1076
1062
1072
1024
1021
992
969
983
969
1003
985
966
951
903
884
886
916
961
953
989
959
962
924
936
958
970
1020
1067
1056
1045
1055
1050
1048
1030
1065
1071
1040
1061
1084
1111
1123
1128
1077
1086
1054
1076
1089
1110
1110
1092
1074
1087
1082
1089
1054
1080
1109
1106
1117
1097
1059
1026
1055
1092
1083
1095
1105
1086
1078
1065
1039
1011
986
936
917
914
916
917
943
939
973
962
956
977
936
959
960
951
987
1020
1041
1067
1070
1044
1036
1041
1019
986
1002
998
1021
1051
1057
1056
1058
1050
1048
1004
984
968
963
997
1025
1084
1092
1087
1070
1078
1029
1026
981
979
994
993
1051
1076
1077
1113
1082
1069
1071
1035
1049
1088
1096
1073
1104
1073
1090
1057
1072
1102
1066
1067
1074
1075
1118
1106
1132
1131
1132
1143
1100
1138
1152
1161
1122
1104
1098
1059
1081
968
989
981
967
932
945
935
940
930
940
933
927
956
998
1026
1065
1097
1124
1115
1116
1088
1082
1082
1056
1013
1025
1011
994
1015
1006
1020
1039
1035
1064
1070
1076
1084
1076
1090
1111
1090
1076
1096
1076
1092
1074
1040
1039
1000
1003
1008
994
1011
976
1011
1003
1038
1035
1035
1071
1037
1071
1041
1055
1056
1030
1057
1037
1060
1043
1083
1050
1075
1035
1066
1068
1093
1124
1119
1150
1107
1118
1083
1053
1075
1052
1098
1082
1026
1017
1033
1070
1089
1117
1128
1113
1116
1104
1077
1102
1090
1113
1112
1147
1137
1139
1124
1101
1128
1109
1138
1114
1135
1073
1081
1064
1086
1096
1134
1123
1124
1150
1134
1117
1084
1077
1081
1083
1115
1111
1133
1093
1093
1099
1088
1104
1088
1101
1065
1063
1010
1004
1016
1037
1048
1049
1062
1030
1060
1023
1029
989
1006
1001
993
941
946
943
949
988
985
982
1022
996
1026
1050
1046
1047
1038
1034
1051
1025
1054
1059
1068
1056
1064
1037
1071
1060
1066
1067
1034
1033
1007
1033
1018
1048
1033
1022
1034
1009
972
988
996
1014
968
983
919
937
920
922
896
926
958
997
1009
979
976
929
924
937
960
1014
1053
1045
1079
1065
1083
1080
1063
1096
1085
1116
1104
1107
1111
1084
1093
1093
1088
1079
1040
1038
1053
1065
1104
1096
1114
1065
1070
1034
1054
1025
1030
1028
1020
1025
938
896
923
930
994
1025
1005
1017
1022
1006
985
920
916
885
905
907
922
929
967
963
976
945
913
921
873
856
865
900
940
984
963
983
976
977
980
976
1005
971
997
983
978
960
988
992
985
987
972
955
968
959
991
1021
1038
1027
1006
1000
1018
989
1004
1036
1011
1037
1051
1024
1051
1053
1025
1038
1042
1090
1090
1084
1105
1081
1098
1092
1090
1111
1100
1088
1052
1028
975
989
989
943
920
889
877
847
860
843
846
848
865
877
907
895
917
938
940
958
949
978
957
989
983
1040
1060
1121
1100
1094
1074
1073
1055
1067
1039
1063
1082
1091
1076
1102
1060
1101
1107
1097
1133
1128
1133
1076
1083
1051
1066
1081
1053
1079
1089
1104
1119
1128
1125
1104
1119
1126
1132
1142
1136
1107
1093
1039
1046
973
1036
1005
1073
1061
1099
1104
1103
1085
1070
1059
1027
1040
1010
1039
1082
1049
1117
1101
1112
1136
1102
1125
1087
1098
1111
1104
1119
1063
1103
1075
1110
1096
1129
1066
1116
1092
1137
1066
1069
1008
1048
1012
1062
1085
1125
1159
1112
1131
1099
1114
1133
1142
1106
1127
1129
1104
1121
1083
1124
1130
1084
1131
1088
1106
1114
1027
1041
1000
1004
1017
968
945
960
985
994
977
977
931
938
932
933
935
912
940
901
897
904
906
873
859
848
823
795
766
770
774
787
819
851
854
850
851
858
844
857
865
862
885
938
950
967
993
1005
1004
1013
987
991
976
995
1016
1037
1043
1069
1068
1063
1065
1035
1027
1038
1009
1029
1030
1027
1028
998
1022
995
1021
1011
1028
1024
1046
1028
1045
983
1001
972
965
1001
1029
1084
1128
1083
1104
1022
1027
1030
1005
1039
1052
982
985
1007
983
1022
1028
1031
1051
1042
1064
1053
1057
1080
1011
1038
1021
1022
1000
986
995
980
916
935
916
860
853
835
834
844
824
824
832
823
868
882
945
1003
1025
1073
1052
1035
985
1005
1027
1036
1060
1065
1069
1104
1085
1059
991
976
968
926
938
970
1004
1024
1044
990
999
999
1009
1013
1006
999
941
954
982
969
990
1008
1003
993
987
935
931
944
956
951
926
928
958
981
1002
1039
1024
1095
1080
1093
1091
1081
1037
1037
1037
1016
1017
1010
938
965
1002
1002
1046
1046
1068
1035
955
975
946
943
899
895
925
977
998
991
979
960
938
874
858
840
860
915
959
971
935
924
909
902
916
945
1000
996
979
982
938
938
931
918
916
903
873
869
871
878
874
889
886
902
906
942
972
987
988
1004
952
956
940
946
950
956
990
1000
1021
999
989
1015
1006
992
999
994
979
959
986
978
998
981
957
914
906
868
873
865
842
876
903
908
938
937
928
949
905
905
926
959
1006
1031
1019
995
954
898
896
888
934
967
981
1060
1059
1045
1068
1008
1008
981
981
979
979
934
944
903
915
879
952
1001
1047
1059
1053
1040
989
994
942
926
909
878
889
925
931
898
847
837
825
819
795
795
802
816
865
950
984
954
905
914
871
871
887
903
891
855
833
825
827
814
813
793
795
824
864
916
991
1027
1002
983
962
934
895
881
902
887
922
938
946
970
963
946
923
873
843
842
832
874
867
905
913
937
960
918
936
931
976
979
1014
1055
1028
1043
1042
1019
1013
970
994
994
1022
987
1001
977
979
985
985
986
992
987
1012
1018
986
973
950
962
1010
977
1021
1046
1024
1033
1011
1002
969
967
962
955
938
964
939
968
999
1016
1018
987
965
957
942
911
898
900
929
955
968
959
959
985
951
967
979
956
979
963
971
956
982
960
998
1006
998
984
988
986
937
891
852
848
862
846
805
808
840
851
818
810
821
783
803
769
736
742
738
707
736
755
787
812
859
835
849
842
841
839
840
849
818
846
848
875
901
928
944
934
906
907
922
932
864
875
879
910
971
934
956
970
989
992
981
971
942
889
855
833
836
851
854
857
854
846
802
792
788
807
851
895
843
875
874
847
851
891
921
938
874
896
909
938
925
920
938
938
932
942
984
995
1021
1011
977
978
983
962
972
907
924
920
874
858
816
811
810
832
876
925
989
1021
1024
1026
1010
932
914
900
906
913
921
922
908
886
876
885
943
886
934
979
926
924
959
956
959
938
912
888
867
823
836
872
904
968
1012
1028
1029
1009
990
961
920
862
833
818
854
819
849
867
916
954
983
990
971
943
931
881
899
930
959
994
938
964
976
983
1005
1010
979
999
949
922
879
888
896
941
934
973
960
1014
1008
1042
1001
1011
970
985
938
981
962
967
972
930
969
956
967
938
950
937
944
933
930
908
935
919
927
933
936
926
910
902
906
913
958
966
1012
1034
1021
1030
1021
1015
998
1010
1021
1035
1029
1056
1036
1063
1034
1064
1062
1084
1082
1083
1058
1067
1070
1047
1085
1079
1107
1076
1082
1041
1015
997
954
959
964
961
1010
1029
1041
1036
1015
1033
999
1027
1034
1049
1052
1080
1097
1084
1063
1032
1048
1026
997
979
979
986
949
963
975
941
953
943
948
961
995
975
994
1008
972
946
933
893
877
863
853
862
869
868
869
851
865
848
854
888
906
971
1003
1025
1059
1059
1072
1055
1012
994
978
960
964
980
1004
1017
1037
1039
1013
1007
1028
1002
1019
1052
1039
1072
1065
1075
1050
1077
1068
1076
1105
1074
1091
1052
1064
1021
986
926
927
894
900
926
917
926
973
972
967
969
954
953
924
958
985
994
951
970
925
931
923
911
958
957
972
949
949
945
962
949
991
1018
992
1017
967
974
977
980
966
997
975
994
1019
1047
1056
1023
1045
1014
1041
1052
1014
1036
1063
1090
1043
1073
1035
1043
1072
1060
1075
1075
1073
1071
1041
1075
1060
1042
1054
1041
1042
1021
1029
1022
1049
1052
1029
1056
1055
1038
938
953
958
945
929
871
882
848
866
891
908
961
979
999
979
1008
987
1047
1020
1079
1031
1080
1093
1093
1026
1037
1009
982
1026
993
980
928
916
893
858
805
816
790
819
849
882
912
921
920
907
912
892
924
937
922
973
997
1021
1020
1005
1014
950
945
857
856
862
956
1111
1113
1083
1061
979
976
924
926
929
934
919
944
946
1003
1020
1053
1033
1028
1018
1007
1017
985
1019
1003
998
944
953
965
957
928
885
912
914
950
998
993
1063
1041
1057
1032
1021
1021
993
953
966
940
992
1049
1012
1057
1066
1079
1041
1041
1039
994
981
981
1020
1004
1046
1065
1088
1102
1104
1134
1108
1115
1128
1100
1136
1085
1132
1098
1108
1106
1146
1085
1103
1087
1134
1124
1128
1103
1108
1064
913
915
896
857
826
799
762
739
752
759
790
817
833
834
849
857
890
926
953
1012
1056
1084
1084
1099
1069
1063
1035
1044
1072
1083
1094
1071
1039
1004
1021
1039
1067
1047
1023
980
977
1002
987
1033
1029
1073
1010
1018
989
984
968
960
924
938
947
975
1030
1039
1073
1020
1014
1003
960
974
932
951
957
955
928
971
1003
999
1002
999
986
998
1004
1035
1038
1042
1055
1038
1063
1079
1092
1108
1109
1131
1098
1127
1107
1094
1058
1074
1100
1059
1088
1073
1075
1047
1066
1075
1034
1056
1070
1087
1071
1057
1070
1041
1040
992
992
1001
1014
1014
1014
1001
978
964
929
924
876
888
904
915
989
1033
1028
1041
1036
990
991
952
960
935
948
939
939
945
967
994
1046
1104
1096
1099
1063
1057
1021
1020
1035
1048
1038
1077
1068
1076
1096
1045
1034
992
960
947
924
857
855
810
776
801
816
852
945
1014
1003
1010
1003
1005
995
1017
1003
1023
1046
1035
1063
1041
1025
1050
1054
1057
1054
1044
1041
1031
976
1943
960
884
892
829
791
771
752
791
816
866
928
895
910
916
918
900
910
901
920
917
953
966
995
1008
1003
1002
986
949
937
938
940
885
900
910
917
925
887
900
893
913
916
918
921
912
906
920
937
948
937
954
928
946
961
939
943
945
941
933
930
932
953
930
951
918
925
919
941
960
969
957
949
911
893
853
835
842
892
922
953
938
966
985
998
991
995
1005
1024
1033
1025
1044
1043
1042
1027
1005
998
984
1009
992
998
980
985
1000
977
987
921
872
825
812
804
802
784
775
750
752
722
731
705
710
711
718
700
692
702
706
732
809
779
822
820
829
851
818
843
827
830
841
841
837
840
840
836
830
818
820
820
859
887
892
862
862
858
850
840
804
782
772
784
796
815
833
840
836
799
802
816
803
835
870
910
898
885
858
819
814
818
799
823
821
850
843
883
894
933
962
958
938
864
876
876
873
942
990
1005
1010
982
938
895
910
884
910
916
952
965
994
981
1006
988
985
942
928
958
987
1021
1058
1036
1060
1057
1023
1029
1017
1042
1026
1058
1003
1036
1044
1034
1026
972
965
982
1000
998
971
938
957
987
1056
1097
1104
1044
1016
921
932
917
937
979
999
889
894
886
900
938
958
959
972
973
960
946
937
875
877
891
920
938
893
906
953
1006
1053
1040
1002
896
872
843
828
822
835
862
924
958
962
960
947
883
883
883
893
904
926
942
954
914
917
938
948
884
894
868
882
828
863
892
932
972
990
944
966
940
928
938
898
928
933
969
965
992
994
954
959
913
930
948
912
919
939
903
944
926
963
966
981
976
947
961
936
962
957
973
960
951
919
937
935
923
936
912
896
911
889
878
854
855
825
826
825
846
858
898
901
949
920
937
930
904
912
875
896
892
927
952
975
999
981
1013
981
990
1002
968
995
970
1000
1017
992
986
935
955
966
973
994
1014
982
1002
984
1002
984
939
939
946
961
945
897
926
937
916
947
963
944
979
967
956
972
965
988
992
943
975
953
985
972
944
957
973
978
1010
1000
1042
1042
1051
1053
1016
992
992
1022
1047
1089
1064
935
934
903
903
896
885
896
896
880
846
849
816
832
856
892
913
928
925
872
869
862
870
865
874
886
861
821
808
762
752
761
802
836
859
820
826
791
749
750
744
796
866
880
879
907
927
938
916
932
928
929
950
944
983
987
1004
964
979
970
974
979
1006
992
1005
999
977
989
989
1001
1021
1050
1014
1008
1007
993
996
984
999
1041
1016
1039
1000
979
938
905
860
843
822
809
840
836
858
841
871
909
924
933
930
916
896
881
846
844
832
877
937
970
1046
1061
1054
1060
1004
982
938
937
903
891
877
883
876
896
916
936
940
973
961
976
975
977
940
953
964
966
994
991
1019
991
1014
1003
984
998
975
984
976
988
1018
998
1011
992
1019
1012
998
1010
998
1021
1006
1011
1001
979
976
934
940
937
988
1007
1044
1040
1025
1017
945
934
928
899
898
918
942
926
928
923
940
955
969
971
983
979
996
994
976
983
940
914
907
908
901
872
906
932
933
963
976
995
957
983
992
1027
1049
1058
1062
1041
1054
1034
1061
1062
1083
1087
1081
1066
1091
1067
1102
1091
1064
1061
1007
1023
1037
1063
1077
1053
989
1008
988
933
951
979
1012
938
961
992
990
1000
969
978
986
997
982
986
957
976
953
976
1006
1021
1075
1077
1102
1060
1082
1041
1041
998
1006
980
980
971
1006
1005
1022
1043
1029
1020
972
880
842
864
874
867
864
857
858
854
847
805
798
765
745
749
781
832
894
938
962
967
960
877
867
833
836
863
907
962
994
1021
979
979
976
975
977
984
988
978
966
939
936
948
972
1006
1015
981
921
922
913
936
992
1002
1007
993
975
947
919
876
863
899
982
1027
986
1004
1011
990
972
941
910
884
874
911
958
944
975
1034
1048
1056
1042
1014
982
953
934
905
898
916
955
976
885
906
920
972
1024
1025
996
973
939
915
895
866
838
835
842
888
937
956
982
979
892
862
852
874
938
1039
1059
1048
1021
995
968
944
927
880
867
891
1027
1151
1043
1037
1035
1031
1030
1021
999
979
963
940
917
879
861
856
898
983
1041
1044
1036
968
929
932
942
950
948
942
937
923
894
882
914
964
1007
1047
1054
1042
991
997
1008
1000
958
990
970
933
956
1005
1037
1038
1023
950
934
916
895
890
912
912
962
981
976
896
914
913
902
913
932
935
934
941
936
946
942
924
887
901
921
907
963
953
998
1007
942
963
942
896
850
873
894
912
906
854
834
846
841
812
826
798
781
784
786
772
777
771
784
785
822
846
877
883
878
853
830
818
813
806
798
827
858
925
972
1007
1019
988
981
979
967
918
929
926
922
956
977
966
985
1036
1035
1030
1004
883
879
824
795
755
775
791
808
816
816
812
818
813
780
782
756
766
749
716
708
708
715
781
859
872
834
820
820
790
825
858
867
851
835
824
806
794
777
764
742
713
688
692
687
703
722
741
790
832
854
829
806
788
775
788
813
852
872
881
881
899
903
893
890
889
885
891
916
921
905
398