757
763
775
773
764
760
749
743
740
723
721
733
744
725
718
723
727
705
704
712
728
729
742
770
787
781
783
788
766
754
762
765
793
792
789
778
754
735
729
735
730
733
770
764
763
769
799
812
827
785
727
693
665
670
674
688
704
724
709
726
711
712
691
699
686
678
660
697
709
743
745
728
691
681
661
660
674
701
741
737
725
738
743
748
762
762
726
714
693
705
730
753
929
923
930
880
888
867
839
828
776
758
739
766
814
855
863
866
854
857
832
781
764
766
792
831
866
880
890
896
891
924
933
896
874
827
790
764
730
729
757
793
744
739
729
731
718
710
695
688
698
710
781
831
868
892
897
872
830
788
742
747
757
823
872
892
925
923
903
895
895
874
896
887
893
891
901
895
884
880
880
871
866
845
866
878
874
911
912
940
921
925
875
870
824
806
779
817
890
904
931
935
879
880
860
839
814
770
751
735
722
751
778
872
939
955
968
960
946
905
901
878
881
892
881
930
938
986
948
970
922
916
897
871
886
880
882
870
886
878
876
827
831
827
796
789
792
799
854
854
863
871
803
796
794
799
770
738
721
725
729
729
770
762
745
729
718
704
686
690
673
682
712
791
908
937
968
987
968
952
936
900
873
803
767
752
719
751
798
856
956
973
963
901
901
887
865
822
767
747
729
736
779
823
841
813
820
839
867
878
805
787
755
735
688
679
672
674
717
825
909
919
952
906
858
842
827
821
811
812
834
846
841
830
757
745
728
717
734
770
822
850
801
786
779
743
768
799
828
851
838
851
818
766
756
733
760
766
799
826
856
860
844
859
856
827
844
862
881
871
905
914
920
927
892
914
926
911
927
933
919
949
928
947
960
922
917
868
871
849
875
857
855
839
839
822
835
891
932
915
912
892
853
817
771
783
817
834
887
923
964
977
897
893
858
816
826
784
796
787
833
887
823
794
753
736
701
706
690
692
683
677
676
683
676
696
716
720
725
727
708
717
722
743
777
776
784
754
769
730
739
763
802
836
865
900
862
852
777
766
746
741
738
716
697
691
695
721
804
912
941
936
847
771
739
738
754
782
766
769
749
772
810
851
805
793
773
771
776
771
772
759
781
827
888
900
883
863
782
757
746
733
703
706
760
851
905
891
894
882
873
846
832
797
782
779
787
790
782
806
859
874
879
853
851
813
809
846
907
937
950
932
908
879
834
804
749
777
792
893
1010
1018
1032
1011
985
915
889
839
753
719
679
682
680
687
742
874
1000
972
905
884
846
797
768
757
738
712
702
692
728
753
852
845
884
920
928
907
878
852
818
767
748
765
840
910
896
929
943
940
910
906
894
884
883
859
890
864
842
854
885
913
922
921
871
854
803
797
833
867
841
821
788
781
847
933
1001
1021
970
983
965
954
932
913
878
860
823
848
876
897
926
938
910
909
882
855
818
769
742
746
765
806
831
921
966
985
977
953
950
908
910
859
876
886
866
847
823
812
845
895
913
951
923
948
914
927
916
900
933
908
957
962
943
952
925
965
944
968
947
919
933
913
910
841
824
757
748
768
816
866
892
864
857
838
823
768
765
770
804
811
855
909
887
913
930
927
895
886
876
879
900
926
941
940
928
889
889
890
845
861
877
897
892
855
854
789
729
751
762
836
886
929
940
944
962
943
908
886
915
951
956
980
998
959
988
989
977
1007
995
964
988
1008
987
989
923
921
888
892
886
910
915
889
889
859
853
867
859
909
925
924
969
956
924
944
937
940
968
945
951
942
953
932
956
956
978
972
993
1001
1020
984
944
949
923
921
894
910
898
942
949
949
915
877
805
760
736
722
704
704
711
706
728
739
768
809
800
805
793
808
818
847
857
868
876
893
894
864
807
752
743
726
736
743
740
740
728
752
749
707
720
712
715
730
730
735
726
730
745
717
705
685
666
659
661
662
667
699
729
771
794
839
877
898
902
898
873
874
874
868
898
910
897
900
860
849
808
818
845
831
826
842
853
876
908
893
915
932
899
919
942
930
958
938
960
957
951
987
991
967
956
942
951
956
985
970
1018
1014
1020
983
999
975
1009
1007
1008
968
918
927
925
885
929
897
840
860
851
862
887
877
850
792
757
751
755
804
847
887
899
857
824
777
777
797
843
808
800
798
881
918
937
931
919
889
859
832
793
756
781
803
856
940
1022
1046
1041
1000
948
929
902
878
837
805
800
878
949
975
967
939
864
845
834
831
868
887
901
916
861
889
898
909
915
902
908
856
858
819
837
866
914
906
868
882
858
860
848
849
796
773
767
799
970
983
972
908
932
936
938
906
896
889
880
891
884
841
836
834
838
859
873
847
850
871
895
914
904
899
878
871
828
813
780
836
905
981
999
885
891
856
851
851
850
829
752
736
737
778
920
932
873
908
914
916
922
892
878
873
871
860
852
879
858
846
831
810
791
779
771
746
717
707
705
691
720
712
764
848
863
841
825
782
744
791
852
903
932
970
976
937
905
904
859
883
913
949
899
922
939
937
900
888
873
864
886
925
932
962
979
920
966
979
1000
1028
1040
973
957
962
952
937
963
944
991
961
983
981
969
1003
989
1005
938
948
888
823
729
700
682
661
647
651
675
714
765
787
864
891
893
892
889
866
892
909
899
972
955
996
983
985
997
998
977
994
981
977
974
1007
987
975
994
944
975
951
945
968
930
902
941
929
878
843
786
729
709
688
675
677
683
704
728
807
890
886
915
884
837
769
742
727
698
681
691
660
657
648
646
642
642
626
637
652
683
682
733
756
787
776
763
749
776
811
862
947
967
981
971
949
931
934
938
933
966
970
985
949
957
954
951
876
895
850
846
822
822
806
830
900
949
950
944
929
890
864
805
747
774
788
885
1025
1057
1017
1032
971
963
938
908
860
807
766
811
876
979
965
982
958
959
927
925
900
928
938
950
953
954
921
890
842
806
738
711
707
697
708
744
801
799
810
872
888
890
868
858
815
785
747
725
727
732
801
855
934
914
922
867
884
858
884
865
885
909
917
936
896
903
904
926
944
912
940
908
943
930
961
907
941
921
944
936
973
941
974
978
978
979
967
963
945
941
924
951
971
960
1000
984
992
983
987
934
975
925
940
928
924
953
975
952
912
854
817
748
712
704
679
672
661
660
660
705
900
904
906
824
815
746
730
726
729
777
861
912
858
823
785
763
767
754
788
814
830
845
818
805
810
846
901
944
971
1004
978
906
887
875
906
924
928
954
929
947
890
902
868
904
902
956
997
929
917
855
804
722
703
689
696
774
1013
1042
1100
1051
1029
988
989
993
978
976
972
946
917
978
982
1025
1004
1013
992
985
918
931
939
921
971
957
982
1007
992
1002
967
958
944
917
936
932
942
926
963
960
931
941
961
954
918
936
911
911
931
904
949
935
948
942
868
814
743
696
680
663
648
645
646
664
720
901
931
906
906
895
892
849
821
782
776
793
826
876
888
907
886
909
893
842
844
825
802
827
854
885
956
951
995
978
989
945
931
922
886
914
910
906
939
961
974
965
995
1018
976
994
972
953
959
976
974
980
952
979
979
982
1004
994
987
972
953
942
967
967
1002
1002
981
962
956
944
887
908
865
894
903
929
942
964
953
967
982
980
1012
1009
1037
1024
1075
1039
1042
960
944
894
882
883
908
987
980
1056
1015
1036
1002
994
981
970
951
918
938
934
962
1009
975
1022
993
1018
1029
976
991
980
966
1015
993
1031
1051
1018
1016
1027
1033
1022
1008
1027
1022
1025
1021
1020
1014
1020
1021
1014
969
933
916
890
918
950
977
989
984
959
955
988
934
984
975
873
881
879
927
967
986
958
928
922
919
912
930
933
942
909
842
815
749
729
731
735
726
750
750
762
812
846
874
848
844
810
800
765
729
729
729
775
897
869
913
860
844
800
762
729
743
759
778
817
829
807
813
798
784
766
705
699
687
726
778
963
973
1014
1018
971
973
943
897
900
870
832
860
862
865
871
877
861
909
907
953
922
960
940
961
933
948
936
929
940
900
920
878
900
929
904
922
922
932
933
902
907
887
904
911
927
920
930
898
901
899
887
909
940
950
956
967
923
933
907
913
916
896
937
924
945
963
948
955
965
906
893
872
896
947
975
974
997
996
979
921
928
931
931
958
991
986
988
971
997
999
1036
1000
1035
947
977
939
967
995
988
1001
1013
998
1015
910
896
882
881
892
883
847
855
860
871
923
908
936
927
919
935
935
915
927
895
905
923
890
913
883
897
895
894
862
883
896
908
914
871
885
858
894
906
895
940
946
1006
1037
987
938
925
890
850
859
848
841
885
953
1014
1032
1042
1018
994
964
980
929
948
915
866
869
874
844
882
851
897
912
874
850
814
781
727
741
733
704
713
719
753
841
895
924
901
876
838
817
822
856
857
826
823
804
854
896
874
905
880
900
937
965
983
979
960
936
917
915
871
859
882
931
1014
1001
1035
1012
971
1010
1018
1015
1038
1054
1056
1019
998
994
980
1029
1017
1051
1034
1029
1032
991
999
1022
1000
971
986
931
967
987
1015
986
1010
1031
993
1017
1003
961
973
956
969
967
983
992
978
1031
993
983
989
963
996
1023
1045
1016
965
972
979
970
946
932
889
913
921
941
1009
1006
996
1021
1006
989
980
976
932
965
972
960
906
884
830
797
751
729
748
797
854
918
935
932
887
865
856
821
820
827
829
804
839
844
875
874
858
797
792
837
925
949
974
974
960
938
922
899
910
905
968
983
1050
1037
989
987
943
888
862
884
910
939
938
986
1008
977
1011
1000
998
954
969
947
910
981
983
1082
1064
1095
1044
1043
1023
978
995
982
950
983
998
974
974
929
955
961
956
955
903
936
909
949
953
951
916
854
817
742
712
688
693
667
656
674
680
675
668
674
668
668
688
685
688
686
713
730
763
855
926
924
868
865
853
863
888
957
986
1015
1027
990
966
950
919
925
904
961
985
959
938
952
922
956
936
974
951
915
881
859
845
831
912
1083
1154
1113
1097
954
891
914
919
977
1026
1045
1036
1011
925
938
880
906
896
911
972
971
1021
997
1019
960
946
946
918
912
958
994
980
1049
1036
1022
1033
1009
969
993
975
964
997
983
1029
1031
998
1015
968
983
995
950
964
1003
988
990
1014
983
984
1004
957
992
989
967
984
979
1003
974
997
1012
1003
985
972
964
950
880
886
847
869
936
994
1028
1085
1049
1044
989
996
984
1010
1010
1025
1010
999
972
986
986
999
1001
1004
1030
1031
1052
1023
999
1005
979
1000
990
992
966
863
829
852
846
884
937
1007
997
957
927
938
936
922
930
953
996
946
956
964
978
957
949
908
876
851
862
848
890
1017
1034
967
993
958
906
826
771
784
854
869
860
921
918
908
891
866
835
804
769
750
753
785
854
887
921
916
887
837
826
795
768
764
794
874
926
934
913
906
908
924
936
938
928
918
899
897
905
946
938
927
893
919
968
961
945
946
955
945
956
943
969
988
1004
987
1002
1032
1021
1002
938
928
930
982
1060
1068
1032
972
959
972
970
944
929
916
837
812
813
866
912
921
961
966
987
975
950
905
869
812
835
887
938
960
977
965
932
891
858
860
884
906
917
921
932
903
912
945
934
994
964
979
1004
1010
1007
949
953
985
1016
1021
980
995
1010
955
926
859
900
886
985
1002
1052
999
1058
975
926
966
982
991
1022
957
1002
1045
1020
1032
1013
1025
1005
1025
984
1002
1070
1117
1124
1087
1103
1067
1068
1057
1090
1070
1108
1078
1096
1027
1027
980
999
1009
993
1010
1047
1054
1049
1062
1024
1044
1072
1075
1104
1070
1093
1069
1091
1101
1077
1081
1065
1099
1070
1033
1085
1134
1158
1114
1044
1063
964
993
996
1006
1020
982
1014
1045
1082
1115
1105
1126
1071
1099
1056
1089
1079
1061
1088
1040
1073
1049
1028
1039
1005
1037
1029
1041
1077
1082
1104
1060
1067
1020
1042
1019
1063
1035
1087
1012
1002
1010
1000
1015
1038
1073
1065
1051
1066
1053
1003
945
992
1009
1063
1110
1118
1112
1064
1063
1039
1001
1007
1034
1034
1022
1039
1031
1008
1006
983
973
983
969
981
999
1002
1029
1011
1025
990
1025
1003
1065
1033
1015
988
928
957
906
906
922
957
959
964
963
979
989
998
992
1059
1052
1071
1056
1001
990
949
990
997
1019
1024
946
964
933
942
953
967
964
967
951
935
968
964
971
958
911
883
856
858
830
763
754
781
780
795
785
785
769
778
755
757
748
756
738
751
751
750
787
771
818
809
837
860
880
907
893
854
844
803
796
775
785
777
760
783
757
768
760
772
791
809
854
845
828
815
812
795
841
880
933
931
948
918
918
933
978
935
964
939
871
872
879
869
896
862
893
896
896
906
894
847
857
880
869
864
912
954
940
939
898
896
858
807
837
873
935
945
924
975
961
987
1015
1006
1021
1056
979
1018
945
940
1055
1127
1093
1130
1083
1114
1055
1047
1038
1049
1079
1104
1135
1112
1111
1136
1067
1065
1026
1029
1073
1019
1099
1141
1099
1154
1149
1146
1125
1169
1115
1156
1164
1136
1099
1096
1099
1033
1053
1079
1058
1125
1126
1106
1128
1120
1124
1142
1146
1061
1065
1069
1044
940
906
933
979
1025
1003
1046
1022
1052
1069
1004
1044
1083
1103
1053
1011
1026
1005
1063
1081
1108
1167
1156
1143
1136
1127
1094
1055
1076
997
1021
1052
1077
1157
1118
1138
1084
1099
1049
1074
1050
1079
1044
1039
1048
1060
1031
1023
1066
1044
1070
1061
1027
994
892
905
919
911
986
1060
1052
1079
1044
983
992
966
1013
1032
1061
1115
1121
1063
1024
1024
966
1011
1023
1089
1033
1068
1060
1088
1130
1103
1160
1107
1120
1033
1018
998
990
1051
1099
1033
1089
1058
1093
1014
1066
1079
1076
1097
1015
1060
1012
1060
1104
1101
1159
1082
1111
1033
1087
1128
1110
1150
1145
1077
1111
1140
1112
1146
1111
1056
1046
1058
1091
1132
1191
1146
1153
1128
1088
1099
1091
1122
1081
1140
1154
1101
1113
1060
1099
1092
1113
1105
1104
1076
1048
1031
1009
1036
1058
1037
1056
1084
1071
1066
1106
1103
1086
1118
1121
1113
1120
1101
1148
1194
1175
1147
1181
1154
1148
1158
1138
1150
1138
1153
1127
1178
1144
1155
1109
1154
1146
1121
1131
1104
1118
1091
1130
1102
1141
1114
1137
1101
1127
1100
1104
1085
1079
1114
1072
1101
1104
1033
1067
1062
1064
1075
1080
1040
1037
1022
1010
1027
1068
1063
1080
1065
1072
1093
1086
1111
1063
1090
1126
1031
1015
1022
1027
1068
1021
1029
1034
1049
1058
1026
1049
1071
1044
1074
1027
1062
1017
1021
1030
952
969
994
1013
1040
1052
1034
1013
958
888
832
789
775
778
976
1063
1081
1142
1156
1148
1098
1116
1074
1096
1067
1127
1123
1107
1121
1119
1132
1101
1111
1066
1086
1079
1032
1038
1060
1047
1071
1059
1075
1070
1067
1063
1072
1046
1079
1112
1133
1104
1084
1055
1000
968
979
956
995
1033
1048
1061
1080
1128
1070
1098
1072
1046
1033
1036
1031
1093
1062
1107
1076
1104
1095
1090
1125
1104
1109
1088
978
1016
1010
1030
1049
1092
1080
1056
968
927
997
993
1064
1026
1051
1030
990
1001
993
1002
1022
1021
1004
1026
1012
1021
1013
991
1043
1107
1101
1075
993
1030
1011
982
1005
1030
1028
1107
1112
1161
1116
1151
1142
1170
1136
1146
1114
1138
1066
1114
1133
1139
1145
1143
1133
1120
1122
1038
1052
1108
1130
1111
1128
1093
1092
1023
1046
1069
1125
1125
1183
1137
1144
1124
1064
1092
1087
1120
1110
1098
1122
1094
1120
1061
1103
1106
1161
1131
1137
1164
1149
1172
1169
1133
1152
1146
1104
1120
1155
1150
1186
1143
1116
1087
1092
1048
1104
1117
1150
1133
1103
1045
1040
997
1042
1021
978
1009
968
992
952
996
978
1013
1002
1046
1029
1023
1003
1021
956
995
1019
981
1023
1013
1052
1069
1063
1078
1028
1049
1047
990
1011
1009
995
992
1025
998
1059
1055
1062
1061
1036
1065
1049
1044
1066
1056
1091
1079
1099
1092
1077
1076
1074
1072
1087
1066
994
1051
1087
1083
1079
956
967
973
986
994
998
1012
1001
964
965
991
1012
971
1014
1046
1080
1058
1088
1076
1079
1040
1045
1043
983
1017
1012
1013
956
974
943
897
846
816
786
807
834
906
926
991
1006
1032
1039
1028
995
944
946
950
951
926
873
863
861
834
891
957
1045
1100
1081
1020
990
990
969
958
902
880
877
895
928
953
931
852
795
783
778
785
832
856
896
863
872
871
870
856
863
856
826
835
828
856
886
914
984
969
985
992
990
972
985
974
970
959
952
962
984
964
1005
1002
1015
1041
1035
1075
1053
1050
1036
1000
1017
1022
1044
1082
1055
1092
1115
1148
1131
1043
1080
1044
1047
1097
1084
1153
1137
1186
1126
1143
1117
1145
1078
1075
1095
1060
1103
1096
1088
1125
1083
1136
1078
1107
1003
1035
1044
1026
1025
1061
1073
1080
1055
1062
1052
1031
1033
1035
1045
1039
1068
1078
1090
1068
1067
1085
1089
1053
1055
1045
985
996
934
922
952
930
981
977
991
979
969
960
938
903
920
925
944
959
959
957
976
899
930
957
982
1006
1009
980
977
1007
991
1008
990
999
1038
1023
1082
988
1033
986
1014
998
1026
1010
1020
1035
1052
964
940
963
934
971
972
996
1007
1025
1035
1060
1057
1022
1028
1035
1020
1017
1039
1047
1068
1061
1065
1045
1051
1047
1042
1048
1046
1032
1004
997
1019
1025
984
1006
978
968
921
934
938
946
943
938
934
896
889
902
945
930
971
1021
1061
1063
1042
991
1001
989
980
912
952
995
1005
1020
1023
1051
1063
1049
1034
1007
987
939
886
864
888
950
929
914
1007
983
1073
1008
1042
1054
1034
1024
949
955
972
1015
1062
1072
1073
1063
1050
1047
1090
1093
1078
1068
1038
1061
1058
1021
1053
1036
1006
1038
1065
1066
1080
1069
1096
1088
1101
1087
1062
1042
1052
1076
1081
1106
1121
1101
1003
988
978
987
996
1021
1056
1067
1099
1091
1086
1112
1096
1076
964
900
871
881
926
969
992
996
988
976
953
942
937
903
901
906
918
894
920
936
929
972
1014
1001
1071
1077
1095
1089
1066
1053
1032
1027
1017
982
976
987
1025
1049
1091
1090
1105
1113
1095
1065
1035
984
982
937
916
943
991
1013
1001
1002
990
1007
1009
986
983
1009
998
1014
1035
1035
1045
1039
1042
1060
1036
1068
1072
1081
1052
1054
1058
1059
1044
958
952
888
884
883
908
940
977
1004
1005
948
873
896
892
911
976
1003
1021
1064
1077
1073
1071
980
993
950
965
965
1026
1031
1033
991
1012
998
1019
1052
1018
1043
1018
1029
1037
995
951
996
1018
1040
1023
1053
1041
1040
1051
1022
1068
1035
1101
1116
1176
1177
1153
1095
1051
945
955
967
927
972
890
933
1006
978
1039
979
1015
1035
1028
979
979
935
911
896
848
869
845
902
912
977
1028
1020
982
997
1010
993
984
946
968
985
1012
1040
1043
1042
1086
1058
1073
1091
1108
1106
1141
1149
1187
1080
1066
995
989
992
1035
1059
1076
1073
1064
1079
1090
1111
1127
1145
1129
1143
1139
1141
1138
1149
1125
1106
1083
1105
1119
1149
1136
1127
1126
1120
1113
1119
1104
1123
1118
1122
1161
1126
1142
1144
1143
1122
1119
1128
1147
1151
1170
1148
1144
1141
1143
1124
1125
1124
1113
1135
1126
1151
1150
1204
1149
1168
1148
1143
1138
1110
1108
1103
1073
1070
1051
1092
1081
1129
1115
1120
1104
1107
1070
1055
1023
1050
1024
1067
1023
1074
1023
1049
1009
1003
999
1000
1018
1000
1051
1057
1063
1081
1053
959
896
864
790
791
782
767
773
765
747
747
732
733
731
715
721
711
723
713
710
733
753
788
763
737
737
715
718
789
845
884
926
955
962
952
940
919
910
938
973
1000
995
988
934
936
939
970
1356
661
353
4339
1855
2752
1893
2502
10506
511
432
544
534