765
767
735
743
736
764
779
814
866
899
899
890
868
839
777
747
732
742
825
920
919
881
869
831
786
766
742
727
722
730
756
785
837
893
928
907
875
864
824
849
861
857
884
894
917
910
884
890
847
816
764
706
700
762
855
918
939
902
906
889
870
856
846
854
875
871
906
929
904
900
901
907
922
936
932
890
869
818
791
718
704
676
669
659
661
664
704
746
776
777
759
743
716
712
688
677
666
334
330
662
677
670
676
677
676
679
680
693
692
687
735
746
774
774
782
761
749
762
725
701
686
664
642
628
621
625
627
627
1279
641
648
653
668
704
736
709
682
694
275
406
682
683
681
663
658
655
655
665
692
720
763
763
819
880
858
832
806
790
823
861
906
998
979
955
953
889
897
911
923
955
913
940
964
963
1010
1010
1051
1029
1003
990
952
972
1016
998
1024
1038
991
1000
971
977
902
944
942
950
941
886
865
851
864
883
879
867
840
824
784
806
842
884
938
985
985
913
900
896
855
886
908
977
966
997
1019
1012
962
908
836
788
736
770
907
979
983
910
855
834
808
816
793
795
861
981
967
970
979
999
1001
986
913
930
933
941
966
906
927
940
957
947
906
849
821
748
714
705
685
734
1001
1002
1026
1005
966
915
841
779
753
788
867
894
938
977
898
930
946
947
933
922
883
837
826
864
939
946
981
970
908
900
843
797
808
883
937
908
924
915
873
895
919
963
966
971
995
1023
1028
998
883
875
834
827
880
1012
966
953
979
953
932
935
897
905
891
902
891
840
832
816
844
896
928
933
929
913
902
884
888
896
970
1006
1020
957
980
978
970
955
943
934
899
912
934
952
963
931
873
874
808
779
761
785
819
842
915
961
979
991
978
1008
955
934
895
883
895
847
823
806
786
757
738
721
711
702
698
697
694
707
701
699
697
689
684
690
691
750
818
938
875
824
767
754
763
813
914
975
969
882
859
847
874
895
937
945
1016
1036
1025
1000
909
847
801
731
712
706
694
714
748
814
904
952
1006
1011
988
978
913
911
874
867
879
896
990
1035
1039
994
967
941
908
902
951
954
995
995
987
934
899
850
799
814
891
976
1008
1011
977
974
949
960
915
863
875
842
925
990
961
931
914
879
838
855
860
881
889
871
832
793
776
762
789
862
988
1072
1118
1070
1025
1003
978
962
932
901
854
803
754
754
847
906
845
830
866
952
952
932
873
825
796
729
701
702
705
736
790
870
950
936
898
843
783
741
693
675
668
671
682
687
719
757
828
876
880
825
818
826
847
896
932
939
923
700
1022
740
933
816
822
866
992
1060
1082
1004
949
936
948
923
879
829
775
728
694
684
694
700
748
854
911
893
840
782
738
720
708
697
725
774
775
968
1114
1070
1035
943
928
900
892
889
867
852
862
857
881
868
824
836
822
894
1033
1011
1052
1078
1017
1030
929
889
827
765
734
725
740
784
984
1078
1087
1028
1012
982
944
915
861
863
891
952
1026
977
1019
1017
992
995
1014
1019
1052
1057
1042
1008
960
959
938
994
1028
1107
1093
1094
1001
943
979
990
985
954
957
977
955
936
958
972
947
988
1001
970
1031
1072
1047
1070
1119
1109
1095
1052
1053
1022
994
976
918
919
948
964
1019
1018
919
876
910
943
1010
924
970
949
956
961
937
880
875
848
813
773
775
848
882
919
975
960
912
840
829
784
789
804
770
779
777
744
725
730
718
720
744
741
753
771
750
743
726
747
826
867
879
856
817
780
751
723
719
710
752
825
884
963
1027
980
968
948
953
927
840
843
800
903
958
901
934
952
953
947
880
843
818
824
822
800
835
925
1021
1063
1036
1003
903
890
847
837
800
797
785
764
745
736
755
834
962
896
878
852
808
777
743
716
797
885
928
922
896
857
824
785
756
767
800
780
764
767
757
755
751
783
813
783
803
791
839
894
879
885
877
901
932
956
963
891
880
843
857
882
905
913
916
910
881
870
854
896
944
968
935
841
855
844
875
922
938
890
861
837
840
869
907
939
938
933
905
851
861
875
944
983
943
980
919
953
960
955
939
904
864
851
858
830
870
913
901
907
919
904
906
923
959
967
952
942
921
936
978
1019
993
1019
993
901
891
903
960
1015
977
1009
1003
956
968
943
967
1032
1122
1115
1046
1036
928
881
840
850
853
860
862
859
824
857
906
972
967
1014
1026
1011
967
998
985
1006
1033
953
1002
1012
984
1000
971
995
925
969
944
952
988
1009
1035
943
958
938
928
889
841
782
758
767
794
841
859
932
964
958
949
924
883
937
936
1009
1045
1004
995
1036
1041
992
944
975
992
1022
1050
1030
995
1056
1090
1022
1034
1002
1008
1010
1011
963
1010
1021
1006
1063
1053
1041
1030
1009
1025
1011
1047
1059
1015
978
960
939
948
991
1007
1026
1069
1034
1060
1055
1016
1028
1010
1041
979
994
1016
973
1018
970
999
1008
955
1009
1021
991
1001
965
917
958
997
1014
1018
918
934
929
938
936
897
907
892
910
953
987
1031
1048
1031
1034
1046
1048
1013
1046
1032
1073
1044
1069
1110
1081
1100
1064
1098
1091
1088
1039
1058
1041
1008
1044
1014
1044
1058
1014
1052
1059
1061
1065
1019
1062
1058
1014
988
936
856
862
859
943
1005
1041
1038
1063
1039
1053
1040
1096
1077
1139
1115
1096
1076
1081
1060
1070
1012
1051
1041
1075
1105
1111
1039
1053
1010
1043
1019
1044
1059
1006
1047
1065
1031
1070
1076
1089
1068
1064
1075
1052
1078
1058
1063
1035
1040
1064
1078
1021
943
973
985
966
927
937
929
944
946
943
976
971
1011
956
963
993
993
929
950
963
977
1004
992
977
925
906
915
935
963
1009
1035
1023
1055
1033
1026
1018
1011
993
963
954
966
968
913
897
905
915
917
951
951
995
1024
973
952
986
994
971
961
912
887
913
912
879
927
962
999
1023
1028
1013
995
991
997
990
920
899
894
878
891
884
871
839
758
751
448
301
850
990
905
845
852
835
793
790
827
935
982
999
935
914
924
902
891
949
1018
1005
1047
1023
1045
1064
1066
1063
1033
1008
991
986
991
1022
1017
982
961
1012
1051
1088
1101
1081
1061
964
979
996
984
1027
1071
1074
1070
964
993
995
1022
1039
1003
1022
938
965
963
1010
1052
1060
1060
1046
963
1005
1027
954
998
1068
1012
1080
989
997
1030
1018
1042
1030
1104
1066
1032
1063
1120
1152
1103
1065
1097
1109
1110
1094
1044
1003
1053
1110
1119
1027
1063
1096
1100
996
1034
1004
1036
1061
1047
1102
1090
1103
1135
1122
1137
1161
1144
1087
1042
980
968
985
1068
1059
1120
1096
1116
1137
1127
1123
1076
1087
1048
1083
1063
1102
1139
1169
1165
1135
1154
1146
1124
1124
1132
1146
1175
1187
1173
1158
1146
1162
1120
1136
1124
1102
1127
1137
1121
1166
1160
1150
1128
1151
1116
1144
1123
1142
1100
1109
1115
1110
1049
1066
1070
1064
1049
987
948
925
922
936
1006
997
1090
1127
1122
1127
1147
1087
1132
1075
1107
1093
1115
1132
1103
1022
1041
1006
1063
1113
1034
1081
1081
1061
1096
1039
1018
1060
1049
1052
1126
1125
1109
1113
1129
1146
1020
1051
1081
1088
1033
1056
1093
1072
1144
1140
1164
1155
1178
1165
1170
1140
1055
1051
1081
1044
1065
1075
1073
1112
1061
1093
1129
1085
1106
1153
1131
1096
1123
1116
1127
1172
1135
1144
1149
1093
1113
1076
1105
1154
1111
1140
1092
1021
1088
1123
1095
1109
1054
1099
1111
1132
1129
1147
1136
1140
1132
1149
1143
1151
1192
1144
1175
1117
1140
1152
1128
1180
1153
1166
1175
1161
1121
974
961
1009
1087
1107
1059
1068
1088
1056
1094
1112
1123
1151
1143
1160
1144
1080
991
1001
1045
1058
1069
1085
1029
1059
1065
1020
1060
1062
1022
1054
1056
1028
1001
1046
1061
1018
1060
1037
1019
1042
1034
978
1010
1020
987
1023
1070
1065
1049
1067
1031
1025
1061
1033
1076
1074
1072
1094
1074
1106
1098
1053
1074
1106
1107
1056
1061
1111
1148
1118
1158
1180
1158
1176
1137
1174
1146
1134
1138
1052
1079
1042
1076
1077
1146
1131
1145
1159
1130
1111
1110
1141
1186
1143
1136
1164
1133
1161
1198
1198
1174
1173
1133
1161
1113
1110
1055
989
1013
1046
1099
1124
1009
1022
1017
926
919
913
916
888
924
939
962
1021
1019
1049
1034
1021
1069
1047
1062
1096
1054
1092
1073
1098
1056
1104
1083
1061
1094
1073
1116
1100
1115
1103
1125
1152
1111
1147
1121
1116
1140
1134
1141
1068
1120
1111
1100
1126
1081
1121
1094
1121
1093
1145
1103
1140
1113
1106
1057
1082
1077
1079
1051
1058
1020
1060
1037
1058
1040
1058
1008
1052
1031
1020
1042
1084
1044
904
926
946
977
926
840
832
820
870
945
985
987
939
913
902
891
855
855
854
854
814
835
826
794
782
775
814
886
836
849
861
871
858
847
854
887
930
929
942
960
972
979
977
933
896
892
946
1021
1066
1064
1051
993
918
826
779
789
933
1251
1206
1151
1103
988
977
972
987
973
938
945
1017
1075
1095
1096
1090
950
983
1013
1053
1112
1113
1105
1034
1028
1051
993
1021
1065
1085
1114
1080
985
979
894
907
950
1045
1106
1129
1037
1067
1056
1040
1032
988
1023
1042
1092
1076
1046
1089
1120
1137
1127
1055
910
927
971
1090
959
967
991
1009
1011
994
893
854
839
851
865
889
903
919
928
911
894
938
1026
1098
1120
1020
997
1002
1034
1065
987
1007
1045
1084
1118
1149
1114
1087
1004
1009
942
979
941
973
1069
1135
1024
1052
1066
1047
1028
905
916
936
1021
1116
1172
1158
1089
1114
1087
1051
1034
1062
1100
1128
1128
1096
1035
1068
1077
1096
1042
1053
953
957
929
996
1060
1114
1141
1139
1121
1101
1030
1026
1034
1069
1080
1069
1119
1153
1124
1062
1104
1141
1172
1140
1107
1040
1055
1060
1041
999
962
987
1015
1016
934
937
924
908
912
867
869
884
905
911
868
830
871
936
1066
1069
1110
1072
1065
1047
1046
998
1041
1031
1070
1108
1117
1111
1066
1079
1027
1049
1037
1041
1059
1062
1055
1095
1084
1135
1122
944
951
946
936
930
864
886
877
938
993
924
986
1001
983
970
951
963
962
986
1029
1031
1121
1125
1187
1146
1183
1114
1133
1151
1142
1196
1148
1205
1167
1122
1172
1135
1140
1109
1121
1158
1119
1163
1196
1109
1170
1185
1146
1167
1055
999
1044
1067
1026
1079
1096
1105
1146
1108
1143
1140
1167
1135
1155
1157
1182
1188
1166
1178
1152
1160
1109
1134
1117
1108
1131
1013
1025
986
988
983
1047
1067
1051
1069
1027
1060
1046
1059
1106
1121
1157
1135
1134
1077
1110
1081
1151
1156
1147
1145
1115
1126
1084
1105
1093
1107
1096
1092
1104
1078
1078
1129
1128
1071
1097
1135
1116
1129
1163
1169
1152
1161
1191
1189
1249
1261
1228
1214
1222
1174
1198
1191
1239
1204
1235
1191
1174
1158
1145
1162
1188
1191
1163
1194
1154
1173
1119
1108
1104
1161
1110
1151
1147
1129
1173
1133
1153
1125
1123
1119
1133
1103
1120
1081
1106
1103
1097
1140
1125
1146
1154
1139
1102
1125
1131
1122
1108
1138
1138
1145
1169
1158
1201
1172
1203
1165
1148
1132
1162
1114
1152
1140
1198
1206
1123
1134
1115
1102
1131
1094
1062
1092
1104
1055
1092
1017
1036
1089
1108
1096
1066
1076
1044
1053
1074
1047
1088
1140
1126
1163
1165
1157
1147
1165
1123
1160
1167
1151
1164
1140
1184
1140
1145
1161
1115
1122
1102
1141
1132
1072
1079
1045
974
947
1006
936
972
996
1003
1003
1007
1005
930
863
876
941
1004
1075
1104
1110
1124
1064
1069
1029
1056
1033
1024
1075
1069
1100
1113
1128
1099
1113
1101
1132
1105
1145
1099
1125
1082
1105
1084
1091
1100
1088
1124
1127
1132
1090
1104
1057
1091
1058
1092
1050
1083
1064
1085
1060
1097
1103
1108
1094
1057
1090
1070
1046
1063
1093
1080
1114
1063
1076
1023
1017
1020
987
1026
1062
1056
1081
1103
1062
1066
1048
1013
1021
1020
1050
1097
1082
1113
1055
1108
1109
1113
1146
1104
1155
1128
1130
1124
1101
1096
1048
1097
1085
1127
1086
1116
1117
1095
1107
1038
1056
1007
1048
1059
1069
1094
1072
1106
1095
1089
1049
1029
1028
1032
1071
1035
1014
1014
980
1015
982
983
1002
955
954
904
903
887
854
886
865
862
893
914
894
934
969
965
990
945
975
1024
1023
991
1027
1046
1049
1044
1083
1047
1073
1042
1084
1057
1059
1080
1082
1037
1063
1038
1052
1021
1062
1019
1033
1014
965
976
930
969
973
982
1001
1034
998
1000
957
972
957
987
997
956
989
995
973
1016
1048
1031
1046
1038
1021
1033
1004
962
925
942
950
1003
1030
1036
1052
1047
1050
1062
1063
1053
1052
1051
1058
1036
987
996
983
972
990
1009
1000
993
968
953
1004
1034
1018
1002
1008
986
1007
1016
1032
1053
1066
949
963
1016
1059
1017
1066
1082
1023
1061
1015
1051
1063
1052
1060
1036
953
944
942
920
946
977
1007
1035
1093
1080
1116
1090
1121
1108
1114
1127
1105
1120
1113
1128
1084
1130
1108
1160
1118
1137
1099
1129
1083
1127
1101
1111
1072
1111
1111
1063
1001
996
1004
1063
1030
1080
1071
1121
1095
1141
1121
1151
1141
1161
1123
1125
1106
1095
1101
1070
1101
1101
1110
1106
1102
1056
1071
1061
1058
1067
1018
1040
1077
1056
1116
1108
1135
1101
1128
1112
1140
1127
1162
1130
1157
1101
1097
1059
1065
1099
1048
1067
1092
1108
1129
1088
1109
1133
1140
1144
1102
1115
1086
1143
1137
1134
1101
1104
1135
997
1025
974
968
951
887
863
797
800
787
787
855
945
1000
1091
1118
1145
1158
1142
1139
1095
1049
1023
1056
1091
1128
1141
1157
1140
1154
1137
1104
1072
1104
1125
1153
1149
1144
1148
1150
1162
1118
1160
1107
1095
1111
1099
1088
1076
1057
1093
1110
1092
1071
999
1010
1005
976
973
1000
1032
1092
1133
1116
1103
1099
1088
1102
1120
1156
1139
1155
1157
1151
1189
1166
1166
1106
1115
1088
1045
1023
1010
1069
1060
1086
1133
1142
1106
1103
1046
1065
1051
995
1045
1065
1123
1130
1140
1148
1108
1065
985
955
971
1048
1104
1103
1069
1111
1129
1064
1006
945
890
846
819
823
854
934
981
1010
1035
999
978
957
946
961
938
929
976
1002
972
950
976
1022
1032
986
937
932
965
1046
1094
1124
1133
1152
1124
1137
1112
1050
988
934
904
874
912
1015
1019
948
962
990
988
923
897
905
917
887
849
843
890
982
986
982
1006
1021
1027
1059
1083
1093
1108
1123
1135
1145
1111
1082
1137
1101
1135
1001
938
1026
1145
1122
1185
1195
1164
1125
1081
1043
979
967
975
994
1007
1002
1007
1037
985
985
987
949
982
975
1002
1017
996
1035
1036
1046
1073
1044
1046
1013
1045
1036
1061
1079
1049
1063
1062
1042
1031
1036
1063
1056
1050
1091
1100
1107
1123
1065
1052
977
992
1016
1047
1066
1010
994
932
915
923
918
951
955
999
1036
1012
1045
1030
1070
1083
1071
1097
1077
1053
1021
1035
1075
1099
1105
1097
1083
1056
990
1011
1030
1075
1021
1063
1100
1127
1135
1123
1027
1012
950
959
935
882
894
927
1041
1115
1089
1096
1021
1017
1033
976
994
938
978
957
1005
967
1015
1039
1012
1057
997
976
970
926
839
798
790
785
801
826
825
824
800
776
746
723
707
688
703
705
808
964
990
983
943
920
963
989
1019
1034
1002
970
941
919
905
896
874
872
867
942
975
858
879
870
925
982
1002
1008
953
921
941
954
957
1043
1014
1093
1138
1156
1127
1101
1073
1057
990
971
1008
1062
1023
953
968
979
1017
1052
998
1035
1057
1077
1079
1072
1048
1032
935
934
900
853
809
836
843
936
958
930
959
988
1004
988
937
888
873
824
837
863
938
1030
1009
987
994
986
969
969
905
857
843
825
859
906
998
1021
1032
981
972
966
989
1040
1076
1057
1090
1088
1070
1051
946
956
984
1046
1150
1164
1180
1141
983
1004
1001
1012
945
991
1021
1021
1030
1036
1043
1072
1081
1069
1034
1060
1026
1064
1107
1132
1147
1058
1069
1064
1063
1068
1071
998
1050
1094
1096
1083
1004
1039
959
998
1076
1146
1174
1166
1132
1017
965
944
951
996
1043
1063
1073
956
975
977
986
967
978
938
973
990
1005
1029
967
978
1009
1052
1082
1102
1033
1055
1076
1089
1095
1075
1053
1034
1013
950
862
843
901
1064
1002
1037
1051
1048
1034
997
948
865
842
809
766
747
760
748
752
795
817
830
775
768
727
711
695
706
693
729
751
844
948
993
1011
940
978
947
982
987
1063
1111
1144
1131
1110
1027
1050
1040
1033
1095
1128
1070
1120
1146
1138
1114
1115
1053
1060
1092
1137
1147
1069
1108
1102
1007
942
936
973
1053
1085
1113
1110
1116
1091
1074
1026
1061
1021
1104
1178
1172
1174
1142
1106
1061
964
984
939
953
1042
1107
1156
1051
1096
1114
1106
1034
1069
1024
1080
1162
1169
1170
1221
1198
1035
1033
1035
1015
1022
979
975
972
967
941
904
882
885
926
962
957
984
995
951
892
920
994
1020
1105
1118
1126
1112
1109
1130
1169
1154
1121
1143
1152
1162
1154
1160
1167
1186
1211
1199
1176
1165
1159
1178
1166
1181
1154
1081
1129
1162
1154
1139
1136
1137
1124
1119
1132
1197
1206
1206
1199
1202
1199
1187
1177
1180
1226
1234
1232
1249
1219
1204
1171
1164
1188
1187
1200
1196
1196
1211
1181
1135
1026
986
980
1016
1063
1092
1103
1143
1113
1115
1089
1136
1140
1134
1165
1203
1188
1201
1185
1177
1169
1157
1146
1169
1144
1191
1159
1191
1161
1182
1134
1153
1174
1129
1151
1154
1184
1143
1148
1150
1174
1199
1199
1220
1194
1185
1186
1210
1171
1163
1139
1145
1138
1159
1146
1164
1162
1162
1146
1124
1126
1147
1128
1142
1117
1132
1151
1143
1126
1145
1116
1046
989
945
962
1002
1081
1105
1098
1119
1095
1121
1080
1118
1185
1216
1190
1209
1157
1189
1186
1219
1194
1215
1190
1171
1189
1187
1185
1155
1114
1018
914
962
996
1068
1037
1056
1012
996
1007
973
976
984
1013
1011
1050
1092
1098
1088
1119
1120
1117
1125
1104
1136
1185
1179
1184
1170
1155
1163
1157
1162
1207
1171
1222
1235
1211
1200
1190
1175
1164
1175
1174
1175
1137
1133
1118
1149
1125
1118
1115
1123
1066
1040
1075
1071
1048
1025
1037
1066
1069
1059
1089
1126
1144
1158
1135
1160
1034
1068
1093
1115
1107
1060
1056
1076
1029
1088
1159
1172
1153
1101
1019
1024
1026
1016
1021
1052
1020
1065
1090
1093
1025
1055
1078
1048
1097
1146
1139
1126
1082
971
1013
1036
1063
1048
1051
1087
1063
1027
1065
1103
1108
1106
1137
1115
1100
1114
1126
1133
1113
1148
1129
1174
1161
1152
1080
1117
1089
1083
1104
1074
1136
1180
1162
1143
1154
1125
1151
1160
1137
1148
1110
1109
1140
1160
1155
1181
1165
1196
1155
1209
1227
1221
1258
1203
1223
1214
1204
1146
1187
1214
1136
1164
1150
1122
1075
1034
1040
1058
1078
1054
1086
1102
1116
1139
1175
1170
1145
1111
1080
1097
1070
1062
1078
1056
1118
1089
1121
1108
1130
1135
1125
1090
1027
1016
1008
1020
1033
1056
1073
1062
1085
1090
1006
989
994
994
992
1014
1006
1002
1021
1006
1061
1064
1049
1077
1063
1082
1113
1141
1122
1141
1106
1110
1070
1109
1121
1168
1153
1158
1112
1128
1101
1100
1148
1143
1138
1132
1141
1124
1128
1144
1125
1118
1095
1106
1105
1134
1118
1061
1053
1036
1045
1085
1129
1169
1098
1118
1113
1099
1044
1027
1014
1011
1027
1083
1140
1163
1155
1146
1132
1105
1098
1134
1131
1145
1099
1097
1093
1073
1019
1004
943
954
977
1017
995
1044
1057
1088
1097
1114
1115
1116
1122
1128
1191
1104
1146
1141
1104
1085
1043
1007
959
904
866
874
885
842
912
1013
957
1024
1074
973
1020
1051
975
1025
1068
1109
1141
1148
1135
1037
1090
1101
1145
1146
1089
1011
1044
1070
1055
1097
1110
1069
1104
1092
1092
1129
1109
1144
1129
1212
1214
1218
1177
1149
1145
1147
1183
1176
1227
1191
1242
1161
1174
1142
1137
1113
1092
1148
1179
1154
1169
1144
1149
1180
1171
1202
1166
1211
1180
1195
1180
1205
1182
1182
1205
1126
1165
1125
1191
1198
1166
1153
1137
1117
1123
1121
1134
1141
1128
1146
1145
1163
1146
1159
1173
1137
1145
1105
1120
1153
1110
1134
1157
1139
1164
1159
1189
1159
1164
1198
1170
1207
1215
1218
1235
1242
1206
1143
1126
1146
1143
1205
1235
1245
1146
1155
1149
1171
1118
1009
1045
1118
1099
1152
1104
1101
1125
1135
1146
1144
1130
1115
1022
1063
1096
1112
1111
1114
1074
1039
1056
1099
1126
1130
1026
1046
1048
1025
1021
941
956
992
1071
1150
1187
1091
1119
1132
1133
1117
1062
1063
1095
1178
1216
1133
1192
1208
1161
1135
1030
973
1020
1105
1150
1106
1126
1130
1093
976
982
1005
1044
1037
999
958
961
943
919
931
925
956
1027
1120
1159
1172
1123
1109
1090
1095
1063
1063
1055
1070
1071
1083
1105
1116
1108
1168
1223
1190
1248
1146
1127
1139
1146
1114
1141
1149
1180
1198
1166
1176
1172
1117
1164
1176
1122
1114
976
933
862
826
1004
1116
1125
1086
1106
1035
971
1037
1050
1057
1128
1132
1104
1164
1161
1206
1195
1147
1131
1119
1121
1113
1079
1067
1041
1055
1027
1056
1046
1072
1085
1058
1079
1049
1068
1047
1016
1028
957
924
938
973
998
1051
1062
1060
1087
1068
1130
1127
1159
1130
1136
1148
1104
1105
1078
1106
1094
1118
1088
1121
1105
1153
1131
1120
1172
1230
1277
1275
1238
1225
1188
1170
1163
1164
1150
1140
1134
1125
1085
1117
1105
1043
1051
1068
1068
1086
1071
1018
1002
946
872
817
767
729
745
792
839
810
783
812
824
818
819
835
831
817
799
785
750
733
729
769
933
977
1026
1037
1002
999
640
426
3921
1063