879
846
852
816
824
810
796
792
785
834
863
898
908
861
866
824
814
789
795
772
794
766
835
878
812
750
774
806
791
845
829
828
864
831
843
835
873
909
979
976
971
959
933
932
915
901
888
898
903
846
872
837
849
861
847
893
913
929
1897
902
939
910
942
949
995
997
973
954
952
906
906
906
891
946
974
1042
1042
1067
1036
1015
1005
978
999
1039
1046
1052
1074
1048
1076
1006
1011
979
979
996
979
1018
1017
1046
1031
1058
999
999
917
935
972
992
960
959
994
974
976
983
1002
1003
979
990
989
948
930
895
910
864
880
854
895
904
930
957
948
915
911
549
392
834
844
774
740
757
779
827
813
732
728
726
737
806
1036
995
1063
1063
1059
1039
1055
1009
1048
1027
1078
1063
1084
1003
950
966
960
1002
1022
1042
1042
999
1027
1001
1030
1006
1031
1023
1065
1085
1099
1083
1098
1095
1071
1069
1067
1084
1054
1111
1095
1103
1058
1075
1069
1032
1047
1023
1009
1006
1022
1065
1024
1078
1029
1036
1016
1004
995
962
903
909
892
935
949
988
973
985
995
979
968
949
269
670
931
924
896
868
845
820
793
778
787
740
757
776
793
867
929
955
998
1002
1020
1030
1034
998
984
1016
1012
1075
1054
1054
1041
1020
988
997
941
990
1001
955
958
889
884
891
895
871
877
842
838
860
838
794
835
859
844
871
943
995
1027
1065
1040
1030
1053
1020
1058
1080
1040
1039
1013
993
982
935
909
890
878
825
808
771
771
771
917
960
963
973
963
910
920
934
972
975
1013
1032
1050
1063
1049
1035
952
934
919
926
961
1021
1040
990
987
972
1005
1052
1042
1038
1051
1025
1020
1040
1023
1045
1017
1023
1054
1032
1026
936
917
905
864
869
875
890
964
975
1012
1023
955
963
947
959
928
975
974
985
964
976
966
952
947
945
906
909
885
868
920
942
951
965
943
969
976
973
981
978
1010
1017
1015
1021
1026
1054
1027
1063
1042
1050
1020
1029
1024
1008
1032
1024
1011
950
951
917
921
942
953
965
950
980
986
976
982
940
954
924
914
931
947
925
956
1003
1038
1066
1035
1026
1039
1037
1027
997
996
972
1001
979
1010
1042
1038
1051
1076
1058
1047
1006
988
909
932
924
895
936
910
956
933
952
925
940
928
951
954
945
926
942
908
940
975
970
1013
1030
966
972
992
971
979
960
973
991
979
1016
1011
973
988
992
988
1024
1036
1039
1067
1030
1060
1053
1037
1051
1030
1021
1042
998
1034
1074
1033
1043
1068
1020
1038
1043
1042
1044
1004
974
1007
955
996
979
1032
1007
1019
979
1017
1038
1036
1011
1058
1044
1111
1085
1101
1070
1105
1084
1105
1106
1079
1107
1084
1067
1022
1003
976
932
949
990
1049
1076
1075
1080
1070
1005
1020
1020
1030
1076
1050
1096
1120
1120
1065
1068
1047
1021
980
951
967
852
789
774
776
825
886
844
848
878
907
919
936
930
920
898
873
798
804
855
1043
1079
1070
1094
1024
1056
1017
1004
1026
1070
999
1041
1100
1143
1127
1148
1121
1100
1033
950
932
986
984
986
1063
1044
1046
1057
1026
1065
1024
1039
1021
1056
1042
1066
1015
1038
1035
1042
1014
1031
1046
1078
1056
1032
992
979
984
929
972
1004
998
1042
970
1005
994
1057
1080
1133
1113
1146
1114
1119
1108
1092
1077
1098
1059
1078
1089
1064
1091
1021
1027
1013
1074
1096
1072
1072
1044
1058
1017
1023
1027
1009
1065
1062
1127
1150
1087
1098
1064
1047
1026
1022
1007
1035
985
1038
1024
1026
1051
1017
1065
1055
1070
1029
1063
992
968
927
933
937
937
1000
943
1009
1008
999
1022
1001
1022
1042
1045
1018
1061
1042
1064
1054
1075
1100
1109
1048
1039
1049
1033
1063
1078
1062
1074
1026
1055
1028
1059
1034
1022
1015
934
872
909
964
972
974
1012
940
934
887
851
816
775
742
720
710
709
715
744
764
778
778
771
780
815
814
824
879
896
896
867
880
861
857
837
813
788
801
844
897
906
891
883
875
863
863
840
813
819
818
842
858
907
922
919
907
884
863
855
856
850
863
885
910
910
930
941
939
891
853
783
728
722
713
737
772
776
794
832
865
926
942
964
963
946
942
959
958
947
951
901
881
901
943
888
862
863
871
870
856
908
923
939
969
956
978
966
986
960
1010
1053
1078
1032
1010
1004
1042
1120
1165
1165
1119
1083
994
992
964
993
966
1010
1007
1036
989
991
995
968
1003
975
958
1000
958
960
979
974
1006
962
961
954
987
1003
1059
1126
1096
1111
1072
1102
1099
1146
1144
1138
1135
1116
1138
1076
1109
1014
1023
1015
1039
1037
1079
1078
1086
1104
1101
1073
1125
1130
1145
1209
1176
1138
1133
1116
1170
1158
1166
1178
1170
1169
1144
1155
1107
1114
1089
1152
1146
1167
1174
1147
1151
1129
1125
1107
1109
1091
1144
1137
1118
1151
1129
1150
1143
1086
1135
1130
1152
1115
1105
1080
1097
1102
1136
1072
1075
1069
1129
1178
1125
1142
1149
1120
1127
1112
1145
1130
1078
1054
966
898
954
1014
1027
1048
1071
1091
1070
1016
1059
1016
1078
1028
1010
1051
1107
1113
1100
1032
1045
1031
1053
1055
1053
1096
1130
1108
1129
1094
1119
1103
1109
1118
1139
1129
1104
1101
1103
1104
1086
1107
1122
1096
1082
1084
1107
1099
1124
1117
1147
1154
1113
1140
1106
1061
1071
1084
1117
1082
1099
1103
1106
1001
1031
1063
1036
1092
1095
1150
1183
1201
1178
1107
1140
1130
1098
973
984
1075
1193
1102
1146
1130
1151
1104
1082
1075
1079
1079
1110
1110
1089
1159
1110
1120
1108
1103
1095
1143
1130
1154
1157
1093
1080
1096
1114
1038
1029
1066
1080
1141
1155
1136
1180
1151
1186
1163
1153
1158
1172
1135
1156
1122
1105
1146
1141
1155
1167
1142
1159
1117
1106
1097
1095
1104
1052
1097
1098
1117
1110
1108
1075
1088
1054
1072
1036
1046
1033
1062
1081
1072
1086
1066
1053
1082
1063
1108
1071
1098
1050
1111
1110
1167
1146
1140
1104
1129
1103
1121
1056
1093
1080
1068
1130
1060
1104
1069
1046
960
1016
1033
1044
1048
1098
1086
1096
1122
1110
1092
1046
1079
1040
1085
1074
1026
964
965
959
920
941
958
1038
1059
1069
1044
1055
1061
1104
1131
1080
1122
1164
1143
1182
1148
1140
1132
1115
1097
1102
1075
1119
1089
1119
1119
1059
1074
1085
1101
1136
1104
1060
1032
1009
1024
1002
1024
1018
1027
1063
1062
1003
999
1008
1023
973
1018
1054
1097
1106
1121
1060
1079
1044
1098
1137
1148
1129
1043
1092
1070
1047
1072
1097
1064
1045
998
903
913
847
778
753
731
708
705
688
673
663
648
641
636
634
624
624
617
609
631
682
772
868
934
957
975
949
938
922
908
874
838
823
797
764
740
726
740
799
882
936
932
884
857
803
764
735
744
778
819
956
946
923
924
962
910
933
928
910
862
852
872
923
926
953
936
985
998
1047
1054
1096
1137
1111
1119
1146
1146
1141
1150
1144
1125
1107
1135
1125
1104
1149
1153
1159
1169
1156
1190
1167
1104
1140
1064
1178
1093
1173
1202
1175
1138
1158
1126
1130
1124
1152
1181
1185
1201
1179
1138
1150
1106
1145
1115
1113
1102
1137
1099
1117
1094
1090
1063
1098
1136
1105
1146
1102
1095
1060
1080
1070
1110
1096
1099
1142
1095
1056
1075
1034
1041
1021
1034
1109
1128
1129
1070
1108
1040
1047
1077
1055
1101
1102
1090
1102
1051
1047
964
991
944
909
910
931
966
987
1000
998
968
964
975
986
969
973
925
945
942
949
995
1072
1086
1069
1075
1060
1062
1045
953
945
913
862
829
778
781
890
1114
1173
1190
1162
1125
1078
1052
960
957
974
1035
1104
1094
1126
1134
1153
1129
1080
1095
1094
1062
1075
1073
1068
1049
1039
1059
1052
1086
1114
1106
1077
1032
1001
1017
1045
1028
1092
1129
1097
1143
1131
1135
1080
1091
1066
1051
1039
1046
1065
1067
1089
1036
1100
1074
1025
973
976
979
967
965
930
972
949
996
972
1003
953
992
987
1004
1051
1036
1038
1049
1008
1031
1008
1042
1013
1052
1032
1062
1041
1020
1025
1040
1022
1004
987
1047
1037
1064
1066
980
1010
1002
945
979
960
930
971
985
1025
990
991
998
937
924
847
816
831
871
941
979
1013
1013
1005
969
936
876
883
880
886
930
969
1000
1006
1003
970
976
987
989
1003
1014
1047
1029
1043
995
976
972
948
1000
999
1046
1059
1096
1065
1044
1052
1030
999
993
952
874
840
767
734
730
705
704
693
690
723
778
808
854
847
795
751
730
709
712
728
783
837
816
771
717
726
706
726
804
886
936
916
871
830
762
728
747
767
833
859
792
814
793
836
858
905
940
964
917
938
971
988
981
936
840
837
764
769
754
843
996
961
959
992
963
973
976
992
990
988
983
984
1003
1021
1014
1021
1051
1039
1069
1070
1109
1075
959
935
874
832
771
764
740
733
705
715
696
701
713
727
775
912
965
999
1014
938
942
938
940
964
909
961
1009
1046
1007
1009
997
983
969
927
911
924
954
910
973
989
1028
1059
990
982
881
876
825
853
875
976
991
1032
1023
1018
962
894
849
798
750
731
729
703
723
697
696
714
736
757
794
904
904
856
835
803
808
789
812
794
777
743
753
767
810
883
931
999
979
949
893
850
816
824
853
1037
1058
1117
1089
1082
1070
1062
1078
1042
1092
1070
1133
1130
1028
1051
1034
1016
988
908
854
832
763
782
886
957
936
883
917
917
1030
1041
1088
1077
1025
993
918
908
880
866
841
906
955
980
1077
1032
1083
1036
943
881
855
787
766
783
936
1129
1121
1152
1109
1059
1009
1016
1034
986
919
865
823
759
754
785
896
1074
1118
1028
957
894
859
807
814
865
944
987
1093
1017
1000
922
921
870
816
759
759
795
840
932
974
892
947
960
950
938
955
964
967
1020
1010
932
893
834
759
721
696
701
688
723
763
838
935
1009
1042
1015
984
957
926
900
845
853
862
916
916
968
978
955
974
974
979
879
870
827
843
901
950
973
878
908
927
939
942
948
934
942
936
969
1006
961
1005
950
905
869
828
797
780
778
831
866
977
1016
1059
1061
1032
1035
1008
1018
1074
1048
1096
1043
1062
1044
1030
1008
1004
1000
995
1067
1069
1097
1080
1082
1041
1066
1038
1080
1069
1118
1116
1127
1131
1102
1136
1063
1109
1078
1133
1168
1168
1177
1137
1113
1140
1142
1075
1128
1144
1119
1040
1036
980
1013
1044
1022
1085
1048
1098
1108
1114
1070
1053
1066
1084
1050
984
915
893
891
936
987
1005
936
946
948
923
891
888
827
762
732
741
719
758
924
1005
914
971
1005
1021
1023
935
954
975
1023
1045
1061
1057
964
981
986
979
980
981
984
894
928
950
992
1033
988
1024
1020
998
996
991
925
965
935
935
960
949
938
994
1014
927
914
913
927
942
976
1000
1008
962
948
945
970
997
1021
986
1014
1013
1008
1014
1018
1014
945
972
998
1023
1031
1029
1010
1003
915
950
986
1000
916
972
1027
1077
1085
1069
1040
1030
1013
1014
970
871
879
906
1006
1071
1089
1066
1043
959
981
973
985
989
999
942
963
996
1016
939
965
993
1035
1022
1020
948
946
902
901
943
923
970
1019
976
1051
1056
1061
1010
1012
1011
1006
1001
1032
989
1027
1034
1031
978
974
941
938
935
892
923
955
967
971
989
948
980
999
1027
1045
951
974
981
966
900
947
986
1041
1062
1061
1047
1013
943
922
943
1019
1091
940
1030
1040
923
926
944
973
964
913
931
957
980
982
976
1009
1033
1058
1049
971
1007
1016
1014
1019
1045
1045
997
1037
1062
1075
1029
1053
1049
985
972
984
982
975
970
973
1021
1063
1115
1145
1128
1032
1058
1030
947
908
997
1061
1165
1184
1160
1119
1132
1102
1097
1111
1131
1147
1120
1136
1145
1130
1115
1176
1169
1168
1205
1161
1195
1136
1154
1103
1115
1083
1123
1109
1152
1118
1132
1104
1125
1107
1127
1132
1168
1170
1149
1192
1169
1123
1140
1116
1157
1180
1147
1164
1126
1104
1097
1109
1095
1118
1099
1110
1124
1128
1089
1061
1002
1012
962
954
1004
1031
1067
1114
1130
1096
1113
1079
1122
1144
1107
1085
1037
1021
1011
1016
1033
1039
1078
1051
1091
1080
1112
1095
1114
1073
1077
1053
1088
1084
1072
1063
1069
1092
1066
1063
1090
1077
1078
1087
1079
1058
1097
1075
1137
1114
1145
1086
1104
1089
1140
1123
1186
1147
1161
1175
1094
1139
1136
1149
1182
1155
1157
1124
1105
1023
976
926
897
861
960
1038
1175
1175
1180
1175
1160
1141
1080
993
945
949
991
979
1038
1044
1070
982
991
941
919
875
829
795
814
801
826
877
925
953
997
1024
979
1028
996
1016
995
977
961
951
1004
1012
1013
1060
1031
1069
1037
1063
1068
1049
1104
1080
1129
1082
1123
1094
1121
1118
1124
1122
1147
1134
1158
1153
1140
1105
1102
1138
1114
1144
1103
1056
1084
1024
1081
1081
1091
1093
1137
1155
1099
1135
1065
1065
1056
1020
1106
1086
1095
1098
1099
1095
1060
1036
1058
1018
1067
1045
1072
1073
1116
1070
1099
1062
1072
1026
1065
1084
1112
1112
1085
1105
1064
1119
1141
1139
1125
1148
1114
1146
1100
1147
1149
1126
1126
1150
1146
1163
1162
1174
1120
1105
1139
1096
1139
1115
1144
1138
1122
1177
1204
1197
1194
1140
1173
1168
1167
1204
1151
1178
1144
1131
1194
1153
1194
1173
1188
1153
1137
1117
1133
1111
1138
1186
1112
1157
1130
1166
1142
1156
1107
1159
1138
1162
1189
1149
1144
1142
1119
1165
1142
1143
1170
1125
1156
1131
1136
1149
1134
1167
1160
1202
1217
1159
1190
1208
1146
1155
1138
1103
1123
1167
1170
1133
1164
1154
1123
1129
1145
1157
1147
1144
1127
1050
1013
978
966
1004
992
1035
1041
1072
1059
1019
1001
922
896
848
779
813
825
895
944
932
856
869
850
925
962
1023
1021
1000
1025
956
956
974
944
979
938
942
932
927
924
961
946
985
1002
1021
1036
1020
1046
1021
1079
1110
1110
1104
1127
1134
1092
1042
1051
1016
1082
1078
1118
1155
1171
1149
1118
1058
1077
1084
1066
1097
1126
1132
1133
1133
1091
1015
1021
1006
967
1002
1043
1047
1064
1049
1043
1062
1077
1081
1036
1046
1065
1060
1037
996
998
1010
1005
979
1016
999
1022
1029
1031
1038
1068
1019
1057
1048
1088
1131
1114
1172
1148
1159
1132
1135
1093
1132
1090
1098
1066
1077
1093
1115
1116
1108
1083
1075
1091
1103
1104
1100
1130
1116
1108
1122
1063
1085
1044
1026
1080
1057
1025
1025
1027
995
1088
1101
1095
1121
1094
1086
1037
1038
1061
1054
1090
1119
1124
1166
1146
1147
1151
1126
1113
1112
1133
1171
1152
1164
1158
1156
1132
1162
1115
1177
1156
1187
1130
1167
1171
1186
1143
1150
1121
1156
1119
1165
1118
1175
1200
1153
1173
1128
1168
1159
1220
1166
1193
1195
1158
1156
1093
1134
1065
1107
1149
1147
1174
1193
1193
1161
1196
1219
1232
1205
1235
1182
1197
1160
1145
1129
1096
1094
1094
974
911
918
988
1126
1137
1198
1188
1136
1094
1024
954
894
802
761
756
769
832
952
1048
1068
1104
1153
1197
1178
1196
1146
1094
1051
1071
1087
1130
1149
1208
1225
1206
1195
1119
1127
1089
1143
1146
1185
1125
1146
1107
1114
1033
1108
1130
1110
1104
1025
1030
1020
1005
999
995
972
902
891
863
878
927
951
1012
1039
1113
1134
1101
1130
1099
1080
1022
1062
1092
1102
1106
1126
1122
1125
1105
1076
1075
1070
1059
1043
1100
1064
1040
1067
1079
1040
1082
1042
1009
914
930
914
885
932
951
1003
1092
1090
1106
1074
988
919
886
850
905
933
945
981
978
1021
1003
1046
1088
1063
1124
1146
1191
1136
1149
1129
1120
1111
1133
1115
1126
1112
1156
1138
1146
1144
1161
1153
1046
1049
1020
986
926
963
954
1012
1006
1066
1056
1104
1108
1070
1065
1055
1071
1063
1051
1074
1075
1065
1094
1091
1133
1160
1156
1167
1129
1145
1111
1163
1164
1130
1199
1194
1190
1160
1130
1125
1110
1153
1169
1164
1168
1137
1071
1027
1022
986
1031
1027
1079
1088
1107
1099
1078
1040
1003
995
985
998
1011
983
1046
996
1030
1004
1042
1020
1027
995
1036
1025
1038
1035
1079
1039
1066
1018
964
971
995
1008
1018
1013
1014
979
973
945
954
947
969
994
1027
1054
1032
1025
1023
989
899
886
863
899
968
970
1047
1056
968
961
895
871
902
946
962
948
984
975
973
943
886
856
884
942
982
994
1038
1051
1093
1080
1103
1060
1057
998
1021
998
1015
993
1054
1042
1099
1145
1127
1144
1146
1091
1126
1098
1135
1104
1124
1101
1052
1045
1001
979
1009
1044
1069
1087
1112
1095
1115
1104
1074
1082
1024
1055
1026
1014
1043
1073
1093
1153
1110
1142
1147
1115
1105
1120
1137
1190
1188
1207
1146
1186
1139
1106
1013
1044
1098
1144
1132
1162
1122
1114
1096
1035
1042
1013
1057
1057
1094
1136
1098
1116
1127
1118
1104
1093
1101
1085
1080
1132
1159
1151
1188
1160
1179
1159
1196
1173
1161
1139
1012
922
916
911
983
1040
1094
1100
1041
1053
1020
926
918
901
871
854
841
813
794
806
823
894
971
1093
1079
1113
1103
1040
1056
974
969
937
956
975
972
922
922
892
907
891
945
945
988
961
966
956
966
1010
1072
1055
1097
1121
1080
1130
1133
1119
1131
1090
1123
1094
1118
1120
1082
1003
1043
1016
1093
1130
1091
1148
1098
1078
1027
1007
1019
1016
1095
1155
1059
1071
1073
1073
1046
1051
1058
1029
1035
1018
1076
1050
1090
1072
1100
1076
1049
1063
1066
1058
1063
1091
1107
1113
1167
1137
1141
1144
1132
1156
1094
1105
1095
1085
1118
1104
1136
1125
1062
1058
1057
1054
1032
1076
1098
1048
945
919
917
901
872
823
775
748
719
697
680
676
646
653
702
851
939
1008
1020
985
891
874
793
783
841
1037
1015
1062
1078
966
975
953
954
927
863
775
754
734
760
873
940
975
950
886
887
848
862
868
861
923
970
948
980
915
962
1027
937
1010
1041
1046
988
1028
1039
973
993
1011
1027
1044
1059
1045
1038
1075
1088
1032
1042
1010
1001
1033
1044
1068
1046
1069
1090
1063
1071
1112
1102
1124
1074
1113
1083
993
961
971
1024
1055
1031
1051
1020
1048
1019
1021
1047
1068
1083
1100
1110
1076
1083
1013
1056
1052
1087
1096
1138
1107
1128
1099
1125
1101
1079
1079
1094
1086
1103
1101
1061
1112
1090
1061
1098
1069
1111
1081
1123
1115
1090
1059
990
938
901
851
863
939
1137
1260
1195
1164
1085
1059
1060
1042
1065
1042
1074
1056
1106
1077
1104
1056
1078
1018
1031
945
987
960
947
904
903
938
974
1012
1026
969
965
979
977
981
950
965
978
951
1031
1014
1024
1064
1071
1065
1012
965
967
995
1024
1030
1030
1054
1021
985
978
961
923
920
920
977
1053
1086
1046
962
924
845
819
846
903
940
973
948
988
936
891
925
960
1011
1071
1048
998
953
963
959
1000
1045
1003
1044
1056
1052
1045
977
993
991
1069
1048
1033
1060
1046
1065
1068
1075
1086
1079
1070
986
969
970
992
961
879
839
814
839
921
1035
1092
1129
1098
1057
1028
913
858
864
849
829
843
875
885
910
884
861
828
775
765
753
744
737
716
707
692
685
678
689
678
681
715
813
828
885
880
894
877
832
796
786
795
778
773
774
765
785
799
840
830
843
825
860
832
859