942
993
1008
987
971
894
831
792
778
814
910
944
952
899
892
823
807
768
754
778
812
831
875
886
863
832
768
745
749
770
850
884
928
943
928
876
879
880
894
923
907
902
912
932
952
926
922
914
887
896
929
902
939
983
1021
1020
1021
968
966
959
956
945
967
961
990
1007
1025
1002
1004
1011
995
978
996
1002
980
995
1006
984
963
968
999
1020
1027
997
1004
976
989
945
614
366
984
991
957
955
938
925
861
847
796
792
764
752
776
824
924
952
984
1009
1006
1009
1006
1031
993
1030
1003
1029
1018
1059
1061
1073
1071
1022
1051
1012
1040
1028
1008
1006
972
997
1009
1031
1041
1039
1067
1031
1057
1051
1044
1037
1034
1008
987
940
866
883
849
898
920
921
907
940
919
943
940
944
933
939
967
1017
1014
972
965
958
968
971
997
947
972
987
955
985
986
995
997
985
956
990
954
905
917
910
953
984
977
937
881
840
816
819
836
839
884
943
986
1003
963
985
954
987
995
984
1024
1039
996
1003
1009
1040
1008
1043
1023
1052
1059
1067
1085
1078
1073
1020
999
990
968
997
1018
1016
1041
1052
1060
1031
1031
1039
1026
1083
1096
1117
1120
1097
1096
1069
1091
1062
1092
1074
1096
1083
1100
1069
1012
1013
1021
945
932
919
937
937
950
950
874
832
812
847
929
940
921
862
783
770
766
843
924
950
900
926
917
922
938
884
894
912
950
971
983
964
869
860
838
843
898
949
988
997
975
967
908
872
880
904
961
1015
1002
952
967
977
974
973
973
930
937
962
992
998
962
956
956
988
982
940
962
951
915
909
855
802
775
780
803
855
890
916
877
840
800
758
729
733
743
796
878
907
956
999
996
964
937
896
824
766
740
726
719
743
802
877
950
964
882
844
821
819
828
847
823
841
900
977
997
938
926
938
970
948
977
1004
1013
989
1007
1050
1054
1039
1023
980
1820
838
771
772
733
776
1025
1025
1029
1039
1035
1036
1031
1001
905
903
868
867
856
947
1006
981
963
981
1016
1028
1081
1067
1059
1081
1031
1069
1034
1010
1024
995
1008
1006
995
991
1020
984
1037
1063
1104
1076
1014
924
920
898
950
935
951
1011
1085
1067
1021
1034
991
1014
990
1043
1034
1101
1054
1096
1085
1084
1062
1099
1136
1106
1137
1109
1128
1098
1102
1107
1062
978
991
1004
1017
1037
1029
1022
1042
1024
1026
1073
1068
1107
1122
1095
1106
1097
1105
1136
1119
1137
1140
1147
1148
1126
1104
1063
1055
1001
1063
1057
1104
1117
1106
1092
1064
1080
1053
1072
1021
1041
1020
1063
1067
1098
1093
1067
1093
1084
1054
1066
1076
1097
1100
1098
1039
1044
1030
1033
1017
1022
963
974
980
1005
999
1003
1027
1011
1032
1061
1046
1050
1063
1065
1051
1057
1063
1036
1027
1044
1060
1063
1063
1065
1055
1053
1049
1013
1049
1094
1083
1091
1092
1088
1088
1062
1040
980
1022
1072
1100
1147
1117
1104
1079
1063
1021
1039
1034
1080
1090
1094
1121
1109
1122
1092
1129
1125
1104
1107
1125
1107
1138
1067
1057
1007
1076
1078
1144
1112
1130
1103
1084
1045
1044
1060
1066
1111
1092
1094
1081
1069
1057
1031
1068
1011
975
923
917
964
1003
1025
1072
1068
1058
1041
1033
1031
1060
1100
1095
1088
1086
1091
1114
1120
1112
1131
1061
1070
1068
1111
1129
1072
1115
1093
1158
1100
1128
1123
1116
1106
1142
1137
1112
1092
1142
1122
1111
1114
1105
1109
1133
1121
1129
1145
1120
1088
1077
1070
1085
1094
1089
1012
1015
1022
1018
1061
1078
1080
1102
1112
1112
1115
1134
1125
1157
1159
1156
1145
1130
1126
1117
1119
1021
1044
1042
1062
1125
1135
1109
1138
1118
1120
1138
1111
1137
1136
1186
1158
1143
1158
1141
1104
1156
1170
1178
1157
1160
1104
1135
1146
1138
1084
1106
1144
1164
1116
1044
990
951
962
988
1044
1083
1121
1125
1109
1027
1027
1012
1071
1155
1168
1047
1075
1044
1009
997
990
949
980
992
1009
1021
979
1017
1010
1041
1063
1063
1102
1074
1104
1051
1057
1009
1007
1030
1023
1056
1093
1100
1110
1084
1082
1039
1038
1011
955
903
924
968
1003
1067
1012
1049
981
1026
1033
1080
1109
1114
1125
1150
1154
1088
1063
1063
1060
1061
1042
1060
1063
1028
1034
1074
1008
1043
1069
1068
1102
1118
1056
1059
1066
1081
1089
1093
1079
1070
990
1021
1064
1084
1119
1084
1118
1117
1131
1132
1058
1073
1105
1148
1058
1096
1140
1156
1146
1096
1093
1087
1109
1119
1120
1159
1226
1282
1229
1167
1119
1090
1005
1002
1067
1097
1139
1131
1105
1079
1114
1091
1145
1186
1187
1162
1059
1034
1060
1047
1082
1127
1150
1162
1154
1115
1144
1168
1144
1142
1117
1165
1148
1213
1166
1169
1163
1124
1139
1146
1139
1149
1144
1132
1198
1194
1163
1183
1169
1155
1133
1119
1069
1051
1063
1099
1133
1107
1065
1081
1086
1090
1095
1070
1087
1088
1122
1145
1167
1200
1168
1150
1142
1088
1112
1102
1097
1114
1135
1106
1127
1128
1134
1153
1153
1146
1188
1153
1121
1136
1084
1111
1140
1151
1169
1160
1138
1160
1123
1104
1147
1151
1163
1160
1159
1168
1188
1201
1194
1187
1040
1075
1121
1154
1129
1091
1106
1152
1162
1107
1064
1122
1120
1174
1187
1233
1206
1199
1188
1118
1136
1084
1119
1118
1154
1150
1190
1193
1167
1078
1100
1098
1128
1093
1109
1124
1159
1116
1144
1130
1130
1121
1158
1137
1163
1177
1172
1121
1130
1083
1112
1077
1089
1133
1099
1173
1133
1152
1083
1120
1109
1087
1143
1139
1098
1104
976
1030
1027
1069
1094
1126
1121
1098
1126
1091
1127
1126
1114
1127
1151
1183
1210
1221
1232
1183
1170
1088
1034
1037
996
974
902
896
893
934
1014
1049
1066
1038
1004
1034
1066
1092
1070
1104
1069
1090
1132
1132
1104
1141
1157
1151
1119
1090
1029
1021
1047
999
1093
1201
1213
1145
1068
1077
1085
1071
1060
1082
1112
1148
1072
1143
1125
1137
1165
1164
1153
1136
1095
1091
1041
1073
1099
1068
1144
1203
1082
1151
1160
1029
1063
1101
1072
1132
1166
1187
1146
1080
1008
989
998
1063
1106
1174
1123
1129
1104
1091
1071
1024
1063
1051
1040
1014
1032
1067
1097
1092
1144
1148
1061
1042
977
1017
1072
1095
1101
1131
1180
1190
1201
1225
1224
1238
1253
1174
1202
1231
1244
1224
1165
1147
1146
1059
1132
1209
1247
1229
1184
1094
1083
1058
1091
1187
1188
1281
1251
1184
1168
1126
1000
1021
1068
1022
1096
1191
1214
1179
1135
1083
1088
1077
1062
1162
1276
1260
1214
1163
1101
1012
935
947
1094
1241
1266
1246
1179
1146
1136
1167
1134
1218
1215
1232
1219
1238
1190
1161
1164
1152
1212
1258
1297
1253
1216
1224
1148
1187
1142
1145
1147
1203
1213
1165
1127
1058
1109
1072
1118
1090
980
938
1041
1128
1134
1149
1147
1178
1130
1150
1143
1074
1038
1085
1108
1108
1160
1131
1134
1156
1137
1132
1139
1108
1146
1132
1127
1099
1119
1106
1148
1132
1121
1101
1076
1046
1036
1057
958
946
977
1055
1072
1094
1053
964
917
862
814
798
851
918
913
920
935
893
833
804
778
758
763
819
868
916
955
946
914
896
871
841
828
852
854
864
873
967
1053
1069
1066
1043
1031
1013
956
942
948
999
1069
1069
965
972
924
935
947
1020
1076
1132
1048
1082
1113
1135
1088
1134
1153
1143
1052
1073
1098
1102
1036
996
1050
978
1011
1068
1093
1110
1104
1036
1053
1083
1114
1027
1069
1110
1142
1142
1118
1104
1055
963
1001
1047
1092
1014
941
944
1065
1148
1112
1049
1088
1116
1141
1149
1146
1114
1092
1082
1072
1041
1073
1105
1057
1085
1042
1026
1063
1115
1162
1198
1185
1128
1094
1082
1089
1152
1204
1183
1146
1113
966
963
971
1027
1095
1049
1073
1109
1126
1129
1097
1035
1055
1021
1081
1175
1138
1180
1179
1095
1079
1104
1143
1180
1119
1124
1105
1136
1169
1092
1101
1081
1102
1145
1176
1051
1047
1079
1119
1168
1179
1136
1084
1095
1045
1092
1133
1116
1127
1140
1121
1035
1042
1047
1068
1108
1095
1006
1059
1112
1146
1153
1068
1072
1055
1049
1050
983
1011
1048
1036
976
987
992
1020
1061
1017
1035
1094
1149
1145
1205
1076
1069
1087
1052
1095
1126
1191
1194
1105
1128
1131
1099
1157
1131
1147
1112
1145
1157
1229
1151
1143
1136
1166
1098
1108
1117
1143
1128
1113
1033
979
1035
1101
1139
1146
1137
1088
992
970
879
864
831
858
915
923
989
1003
988
919
899
877
860
833
818
835
834
904
939
1019
1091
1022
1090
1085
1056
1053
1066
1054
1064
1023
1012
1031
1046
1047
1054
984
1023
1036
1007
1069
1130
1109
1109
1104
1070
1063
1095
1127
1122
1060
964
1002
944
981
1036
1097
1068
1061
1009
927
958
966
1006
991
1058
1067
1099
1104
1105
1063
1070
1020
982
973
946
995
1038
1081
1022
1092
1080
1097
1093
1075
1072
1045
1026
923
896
915
948
919
957
1005
1015
1027
1073
1071
1086
1084
1015
1007
1028
1060
1063
1057
1080
1097
1118
1107
1145
1087
1050
1044
990
1018
980
961
958
1035
1087
1177
1050
975
945
903
865
830
821
839
829
855
949
1021
1097
1110
1108
1066
1055
1063
1048
1016
963
948
957
988
959
973
917
881
863
849
822
841
822
857
901
930
954
944
960
1009
1052
1087
1068
983
993
1037
1025
1067
1103
1121
1127
1117
1106
1094
1080
1090
1079
971
979
953
934
898
898
859
819
827
823
873
1035
1029
1141
1072
1063
1032
960
921
912
895
978
918
909
896
954
1007
1006
916
932
886
857
838
864
847
898
950
1027
1088
1010
1051
1031
1025
1038
1093
1160
1168
1187
1203
1178
1162
1184
1148
1167
1175
1156
1184
1175
1233
1180
1235
1201
1246
1205
1109
1113
1126
1168
1191
1160
1159
1171
1214
1171
1203
1162
1157
1129
1149
1174
1189
1179
1163
1182
1131
1164
1188
1166
1189
1140
1117
1055
1063
1102
1096
1084
1025
955
992
978
961
1008
1076
1120
1190
1196
1190
1143
1137
1110
1056
1086
1124
1115
1095
1174
1133
1117
1135
1079
1079
1065
987
926
893
885
923
963
989
1008
977
1007
1023
955
985
1019
1008
1050
1033
983
1027
1077
1025
1063
972
924
922
871
882
896
929
953
943
1015
1094
1132
1133
1113
1010
1033
974
1000
1017
1019
944
969
976
978
1023
1028
1068
1057
1076
1048
1071
1049
1046
986
961
940
909
914
896
947
1028
1064
1112
1135
1157
1062
981
987
978
1050
1109
1099
1086
1110
1130
1097
1123
1071
1139
1188
1190
1210
1145
1063
1014
920
896
851
807
797
854
1014
994
1054
1089
1118
1093
1131
1092
1003
940
878
857
828
800
812
800
790
788
802
817
849
823
816
849
908
969
1002
909
956
973
960
934
975
982
960
983
972
961
994
984
1005
1061
1070
1026
997
920
927
886
854
855
891
944
937
1015
1057
1004
943
956
1028
1058
1099
1188
1183
1074
1094
1032
1032
971
910
896
867
850
838
805
847
918
980
1023
1095
1062
1108
1060
996
1042
1053
1132
1176
1141
1128
1024
1035
1065
1025
983
959
979
973
1017
976
902
914
924
980
1041
1091
1030
1017
1017
976
954
932
918
918
923
891
885
887
879
877
909
887
888
928
996
1003
996
958
872
850
860
818
818
842
880
907
945
972
980
911
924
904
953
951
1025
1071
1072
1137
1104
1149
1050
1047
1028
976
945
1040
1093
1083
1062
1146
1103
1046
1110
1157
1119
1132
1100
1112
1137
1021
1090
1209
1223
1133
1129
1071
1050
957
968
974
987
971
1017
1037
1072
1044
1018
948
955
915
898
896
926
1042
1036
1006
1015
1097
1150
1150
1149
1131
1150
1090
1028
1027
1082
1064
1037
1092
1102
1034
1010
946
955
926
959
974
993
990
945
979
1039
1105
1087
1121
1144
1178
1208
1173
1088
1123
1057
1072
1124
1238
1281
1261
1180
1171
1173
1171
1215
1271
1156
991
1045
1106
1158
1127
1075
1064
1063
1037
1060
1063
1046
997
948
933
954
1021
1177
1339
1318
1263
1187
1154
1103
1127
1154
1123
1063
975
977
958
915
998
1107
1200
1099
1038
1095
1055
1041
1005
1016
1006
979
971
939
967
1018
1093
1154
1139
1120
1108
1032
1053
1059
1132
1005
994
1066
1042
1050
1037
1021
1038
1052
1099
1117
1078
1145
1179
1133
1175
1130
1157
1143
1188
1164
1158
1196
1247
1204
1233
1241
1143
1163
1165
1120
1083
1096
1080
1080
1109
1221
1188
1181
1113
1089
1098
979
1036
1042
1085
1124
1054
1070
1033
1033
1031
972
935
968
923
902
926
966
1040
1080
1115
1118
1066
1096
1032
998
1020
1089
1050
1095
1122
1153
1094
1092
1156
1126
1165
1201
1132
1176
1144
1164
1205
1181
1135
1140
1093
1129
1104
1081
1146
1161
1122
1054
1017
943
924
873
876
859
979
919
988
1050
1139
1198
1092
1061
1075
1044
1010
926
959
1021
1111
1092
1106
1083
957
918
973
947
977
991
1028
1051
1042
1063
1087
1081
1086
1009
938
896
874
884
916
1099
1208
1066
1063
1021
962
955
896
857
831
853
815
895
949
934
1001
990
975
939
949
925
906
896
920
974
1109
1151
1196
1154
1155
1088
1091
1099
1145
1160
1053
1115
1059
1035
1032
1012
924
973
1011
1227
1361
1186
1161
1036
971
930
924
949
992
1026
1041
1036
1010
959
956
945
945
950
1043
1264
1294
1199
1139
1150
1057
1030
1000
996
978
1075
1176
1245
1288
1261
1161
1162
1106
1114
1160
1193
1116
1193
1065
1108
999
982
1005
1009
1030
1089
1176
1192
1171
1051
1108
1097
1117
1178
1145
1192
1191
1182
1112
1110
1091
1117
1144
1068
1118
1168
1185
1168
1097
1137
1055
1137
1162
1199
1166
1081
974
1022
1075
1168
1238
1249
1248
1215
1160
1080
1145
1030
1014
1131
1273
1264
1201
1216
1198
1179
1142
1076
1108
1216
1201
1098
1092
1091
1119
1102
1141
1161
1157
1164
1179
1182
1189
1128
1173
1176
1074
1139
1144
1102
967
1048
1160
1240
1184
1121
1153
1139
1153
1119
1168
1165
1204
1188
1169
1169
1088
1085
1080
1049
1158
1142
1061
1107
1137
1086
1139
1158
1188
1127
1147
1118
1139
1069
1160
1225
1206
1144
1052
1081
1117
1119
1124
1143
1169
1191
1120
1156
1063
1136
1180
1165
1143
1099
1090
1059
1095
1098
1047
1034
1052
1069
1049
1131
1155
1122
1120
1168
1147
1157
1141
1178
1142
1162
1122
1152
1126
1194
1183
1185
1181
1139
1004
1025
1049
1027
1043
1063
585
746
736
1044
1045
1051
1063
1080
1062
1071
1040
1056
1106
1154
1172
1123
1178
1175
1201
1239
1224
1093
1144
1192
1229
1224
1195
1201
1131
1036
958
972
963
993
1041
1065
1071
1062
1035
993
1014
1054
1069
1188
1202
1232
1158
1134
1047
1015
1014
987
965
977
1012
1007
1066
1069
1115
1069
1122
1133
1145
1177
1176
1130
1135
1116
1166
1211
1181
1191
1137
1019
1071
1153
1125
1135
1122
1162
1161
1134
1076
1009
997
986
974
1000
1100
1117
1065
1004
1016
986
1028
1063
1146
1076
1078
1149
1170
1107
1163
1217
1105
1169
1243
1244
1257
1219
1116
1129
1089
1062
976
1016
1064
1121
1155
1119
1192
1160
1157
1211
1261
1273
1230
1186
1173
1061
1147
1211
1219
1104
1103
1115
1118
1112
1106
1083
994
1037
1107
1294
1282
1262
1196
1078
1106
1125
1059
989
1039
1101
1124
1124
1080
1028
1007
982
900
870
853
857
971
1144
1197
1214
1233
1197
1146
1117
1092
975
936
983
1137
1273
1224
1190
1146
1163
1159
1108
1177
1223
1218
1181
1047
1104
1178
1231
1097
1162
1262
1282
1250
1176
1143
1157
1177
1176
1129
1193
1226
1200
1100
1159
1183
1034
991
1086
1183
1153
1130
1188
1148
1179
1152
1166
1224
1075
1127
1171
1159
1145
1111
1081
1006
1040
1001
941
1034
1093
1137
1134
1187
1119
1089
1071
1185
1229
1213
1282
1246
1276
1249
1266
1226
1212
1184
1250
1218
1271
1243
1261
1221
1274
1214
1256
1167
1198
1150
1041
1008
1095
1146
1170
1176
1187
1226
1229
1206
1210
1254
1230
1255
1243
1259
1195
1248
1238
1266
1316
1296
1301
1309
1250
1281
1261
1295
1299
1200
1129
1104
1113
1163
1168
1227
1214
1191
1135
1180
1218
1161
1186
1196
1182
1181
1159
1130
1064
1089
1178
1111
1230
1278
1260
1181
1153
1202
1169
1231
1077
1128
1117
1230
1216
1260
1251
1235
1276
1223
1261
1260
1269
1340
1322
1336
1295
1342
1248
1184
1198
1187
1320
1289
1259
1247
1301
1266
1255
1176
1177
1252
1305
1256
1265
1252
1264
1235
1156
1191
1215
1188
1187
1184
1270
1335
1342
1263
1197
1090
1172
1278
1287
1257
1189
1206
1158
1183
1170
1174
1170
1233
1237
1221
1196
1188
1211
1212
1188
1115
1175
1226
1126
1131
1125
1163
1138
1104
1149
1174
1196
1214
1219
1198
1011
1050
1088
1216
1251
1156
1029
1112
1069
1127
1141
1157
1170
1141
1188
1234
1261
1278
1263
1267
1281
1242
1269
1230
1248
1263
1292
1327
1297
1285
1205
1182
1188
1223
1236
1236
1215
1240
1209
1237
1223
1204
1170
1153
1173
1213
1182
1190
1122
1113
1063
1132
1105
1148
1106
1146
1134
1149
1194
1213
1194
1257
1188
1137
1199
1226
1218
1253
1221
1258
1210
1159
1167
1209
1211
1238
1282
1202
1194
1202
1179
1179
1073
1088
1134
1122
1254
1279
1200
1226
1175
1126
1115
1082
1115
1073
1119
1110
1148
1151
1109
1127
1097
1118
1079
1089
1055
1092
1097
1158
1172
1176
1187
1203
1192
1045
1072
1116
1139
1133
1099
1079
1075
1052
940
949
958
1054
1048
1138
1159
1019
1048
1052
1145
1120
1186
1155
1199
1174
1204
1229
1237
1249
1220
1191
1155
1161
1254
1148
1180
1219
1254
1249
1254
1230
1218
1257
1246
1196
1282
1298
1294
1223
1301
1233
1269
1253
1356
1348
1322
1326
1312
1345
1350
1355
1361
1368
1374
1369
1373
1352
1335
1403
1439
1433
1389
1329
1193
1223
1146
1136
1178
1113
1192
1140
1145
996
994
1052
1114
1110
1199
1185
1199
1142
1190
1126
1172
1131
1170
1114
1140
1147
1216
1261
1240
1242
1172
1181
1109
1147
1169
1216
1182
1207
1203
1252
1236
1196
1245
1193
1204
1058
997
1020
1037
1073
1080
1069
1048
1025
996
987
913
918
949
1016
975
995
1070
1122
1004
1037
1061
1096
1018
1067
1142
1234
1209
1224
1191
1150
1090
1099
1145
1145
1122
1131
1167
1224
1238
1228
1207
1191
1127
1185
1147
1208
1279
1285
1255
1312
1272
1285
1260
1233
1265
1270
1297
1333
1290
1290
1317
1285
1157
1191
1234
1239
1272
1220
1103
1121
1112
1203
1254
1264
1171
1192
1231
1243
1259
1250
1228
1188
1196
1279
1284
1217
1289
1317
1277
1129
1163
1201
1215
1153
1176
1162
1123
1149
1083
1105
1119
1132
1229
1242
1243
1233
1205
1181
1135
1170
1203
1269
1290
1226
1188
1195
1202
1137
1026
981
979
994
955
966
1018
1042
1029
1044
984
1023
1066
1120
1165
1184
1180
1134
1100
1150
1163
1114
1156
1115
1123
1229
1213
1164
1196
1149
1193
1139
1123
1067
1086
1000
935
971
968
1033
1092
1114
1125
1130
1122
1124
1130
1111
1106
1028
1105
1141
1157
1147
1155
1162
1101
976
942
954
969
971
965
1038
1046
1085
1090
1115
1161
1100
1122
1093
1139
1131
1156
1134
1191
1157
1033
1089
1052
1116
1111
1042
1094
1070
1062
981
968
912
896
905
982
1063
1167
1152
1166
1180
1103
1033
996
1014
1012
1080
1149
1015
1063
1071
1104
1122
1101
1107
1103
1099
1099
1011
1046
1070
1105
1133
1024
982
950
971
984
1026
1067
1132
1127
1138
1136
1122
1043
1034
1048
1146
1183
1237
1051
1159
1200
1193
1207
1172
1111
1130
1138
1158
1185
1087
1051
1090
1146
1178
1122
1009
999
955
917
898
920
920
893
907
933
950
921
957
997
1050
1045
1078
1138
1069
1094
1142
1144
1205
1217
1183
1180
1211
1230
1242
1200
1141
1014
1028
1045
1076
1085
1071
1150
1077
1083
1003
1015
1019
1038
1040
1043
1084
1098
1022
1034
1036
971
982
936
907
921
951
1012
1021
1103
1092
1135
1112
1141
1104
1089
946
917
874
845
911
1125
1125
1135
1082
1097
1034
981
960
1087
1188
1100
1088
1123
1094
1071
1025
985
996
1032
1027
1043
1011
1003
1008
1005
977
930
925
992
1035
1080
1083
1009
1027
1007
997
1030
989
1025
1091
1093
1082
1042
1013
981
961
889
895
857
830
803
794
813
865
896
915
916
906
912
913
943
899
908
863
847
788
766
755
613
595
896
905
266
4686
903
1118
2137
1293
629
4094