705
727
723
718
702
690
677
667
664
653
656
658
676
698
701
727
714
728
715
715
723
705
718
710
704
689
695
695
686
691
676
694
723
729
735
762
770
754
748
736
740
734
732
708
707
683
684
679
683
711
750
774
796
799
792
771
771
762
753
738
712
700
688
677
685
682
686
682
699
701
694
1426
719
751
777
777
780
1505
705
697
673
669
669
679
688
748
766
850
856
893
884
860
870
813
818
800
812
825
825
833
808
807
778
777
776
758
747
748
723
713
699
695
730
738
753
774
817
842
845
821
823
787
795
810
832
846
829
813
793
752
759
736
738
752
744
779
806
775
783
788
800
796
759
776
786
815
820
820
810
808
784
802
805
830
808
294
477
750
712
684
679
671
690
697
762
855
920
906
915
886
880
876
894
903
934
950
910
897
893
866
858
842
864
890
904
917
909
858
799
779
722
678
689
683
774
955
989
938
861
811
807
788
796
823
854
867
859
872
879
886
910
948
963
969
894
896
904
926
963
964
998
1009
979
909
826
781
768
775
849
945
889
930
948
964
943
918
890
831
826
785
763
783
857
938
964
973
981
981
948
957
928
919
906
868
893
924
936
911
929
928
900
896
899
898
870
882
879
887
888
887
895
916
934
876
915
904
858
815
785
766
758
764
753
758
768
793
830
858
874
836
838
851
857
870
872
852
814
809
802
808
810
815
820
820
824
809
768
776
786
825
857
851
868
851
840
852
829
837
854
851
857
871
855
860
888
875
869
872
876
875
878
873
860
854
844
842
861
854
824
818
859
854
912
940
965
962
954
935
845
857
834
816
902
966
1050
1089
1067
1058
1019
955
961
908
854
875
906
920
928
934
891
897
887
886
895
886
907
876
868
851
867
867
875
896
931
925
911
903
888
881
888
884
897
905
914
914
915
909
908
918
896
863
885
881
890
922
946
938
924
896
876
878
892
920
961
973
988
994
970
969
971
967
957
951
956
952
945
948
935
935
930
932
904
907
929
940
950
954
909
892
883
885
876
904
925
924
898
856
889
894
918
944
912
886
850
835
848
846
869
866
891
877
891
893
922
939
922
925
928
914
885
894
891
887
896
905
927
926
927
906
910
918
925
947
949
957
949
958
941
943
936
939
941
944
949
943
947
974
982
959
952
957
963
965
940
944
957
959
968
988
951
975
987
983
982
975
967
967
959
972
972
976
971
970
945
931
921
932
947
948
947
959
959
950
923
899
904
899
869
884
887
858
851
835
793
792
759
771
761
779
753
758
776
800
854
893
895
908
930
931
933
914
896
885
879
864
834
768
765
782
848
862
822
819
811
821
832
825
852
889
917
942
962
937
905
890
851
877
896
926
960
971
984
967
946
945
951
960
967
948
980
992
992
1013
1006
1004
981
971
986
980
969
967
976
978
978
964
947
948
953
946
943
932
917
901
894
886
866
863
866
878
934
989
1038
1049
1059
1051
1023
998
999
994
1006
1013
1033
1037
1024
1008
1021
1017
1002
1001
967
951
958
945
947
995
1021
1036
1010
1000
982
980
932
950
955
963
976
981
983
987
983
989
971
991
980
951
974
967
1000
970
979
950
967
980
962
988
987
975
944
958
982
991
977
973
990
984
971
903
923
906
931
903
919
901
915
935
933
894
901
925
987
948
987
1006
961
966
879
887
879
865
838
815
799
796
828
867
879
851
823
815
796
803
820
824
814
807
776
754
729
736
742
781
801
813
783
760
713
719
716
737
846
932
1001
995
994
932
875
820
764
726
699
692
716
780
895
967
987
1020
982
968
962
967
953
973
944
951
941
925
946
962
1013
1006
1036
1022
1009
1002
975
921
854
814
767
759
744
800
794
835
825
878
853
898
907
865
865
868
869
869
869
863
825
825
808
789
821
833
839
821
819
808
813
883
918
958
929
923
893
879
879
887
855
860
862
856
908
903
935
932
942
931
954
977
985
1007
999
1032
1021
1012
985
990
981
985
1002
1023
972
982
978
978
964
949
956
967
994
979
983
977
953
974
949
994
1024
1045
1021
989
974
934
955
937
987
985
1054
1062
1018
1008
975
980
979
958
985
982
1016
1003
1020
986
1005
983
971
987
956
924
964
980
992
999
974
975
951
951
959
969
953
975
963
914
924
915
929
958
969
962
882
906
899
914
941
957
932
965
976
891
820
826
832
851
890
909
901
890
859
832
819
808
793
820
842
869
917
934
966
990
985
987
999
1007
994
982
966
929
926
923
927
941
908
851
879
900
957
911
893
852
827
850
871
882
906
922
944
936
881
884
893
925
963
983
988
976
953
915
853
840
842
884
917
938
915
944
955
976
984
968
939
916
886
915
907
944
949
896
893
906
905
857
785
780
742
748
768
794
815
834
833
826
815
807
775
740
747
770
884
971
977
951
894
886
881
889
894
886
869
820
784
768
767
756
781
848
905
960
945
965
963
947
927
874
856
837
854
901
904
888
906
936
974
973
974
878
890
886
841
873
902
958
978
980
973
916
911
901
895
872
869
899
926
951
918
882
923
950
985
1022
1006
971
962
948
941
885
885
864
896
961
978
997
961
891
900
901
928
960
973
976
963
949
930
903
831
830
823
896
1000
929
989
1018
1028
1051
1018
996
967
934
854
847
814
819
861
920
950
967
935
866
874
886
936
1012
1044
1048
1029
988
908
891
896
858
893
942
977
1015
1016
977
974
956
941
933
904
917
938
958
933
906
908
931
949
963
942
890
910
907
946
879
893
930
950
975
918
927
911
905
908
915
918
875
890
904
884
911
928
961
984
984
943
958
948
917
888
884
865
833
833
847
885
984
1036
1024
1008
971
921
898
876
838
825
792
780
763
817
851
864
946
978
987
970
939
902
855
846
826
781
784
786
904
977
926
964
963
953
949
937
921
906
885
866
845
809
814
841
870
900
888
884
865
851
838
786
764
746
747
782
837
862
903
877
916
952
963
958
917
916
889
861
861
855
864
884
885
882
883
856
814
792
824
827
908
943
1037
1040
1028
1020
998
979
967
930
910
915
930
942
978
968
950
919
916
891
919
927
933
919
910
916
910
883
900
905
883
873
862
849
870
886
935
942
955
949
953
963
976
920
942
926
946
963
978
961
944
916
850
843
811
813
806
816
827
874
885
871
880
834
821
827
817
824
807
830
843
855
900
899
912
944
911
885
856
850
857
867
865
890
863
857
849
838
814
818
818
841
812
836
840
834
854
878
894
892
874
867
867
864
859
851
831
849
874
906
936
954
979
945
973
964
927
941
928
938
925
913
877
882
878
854
897
888
923
950
929
946
939
940
954
957
957
967
969
1012
1009
1023
1021
976
991
928
929
938
955
948
976
970
904
916
886
862
874
881
885
883
875
881
884
848
840
837
840
848
830
827
847
883
912
909
924
917
909
937
983
1033
1103
1131
1092
1105
1094
1072
1065
1005
1024
1012
1026
1065
1074
1121
1134
1125
1110
1088
1055
984
921
889
885
846
891
961
973
1024
979
988
990
971
934
903
912
885
926
952
956
987
953
918
931
903
900
880
826
810
819
821
854
895
921
979
965
981
982
978
1000
964
974
981
981
1031
1042
1043
1021
1028
989
1003
989
1013
1036
1026
1029
1014
1010
971
999
972
1000
1024
1041
1057
990
1004
1008
1027
1023
1057
1068
1068
1082
1029
1038
975
984
948
903
855
897
951
992
1016
1042
1039
998
1017
1010
1029
1010
1053
1123
1150
1102
1121
1102
1041
1043
1042
1037
1014
1038
1067
1077
1047
1082
1063
1039
1029
991
1000
985
1018
1029
1000
1033
1030
1011
982
960
984
989
1022
1015
1052
996
1008
986
960
978
975
988
1014
1013
1047
1036
1007
1007
1020
995
1031
1052
1018
1044
1069
1081
1137
1091
1111
1110
1074
1086
1079
1069
1088
1074
1090
1073
1065
1084
1103
1103
1093
1093
1032
1009
998
1009
1037
1043
1038
1060
1069
1068
1014
1007
979
921
888
908
929
895
906
901
896
895
890
900
904
880
866
860
874
879
908
936
915
955
965
930
930
921
953
927
973
965
972
954
997
973
999
991
996
956
967
920
947
935
973
938
983
988
991
1002
995
1027
1015
1023
1012
975
984
973
973
956
920
925
899
934
934
914
946
918
958
949
988
991
1040
1024
1033
1021
1007
971
981
969
958
943
921
959
942
943
909
938
924
963
961
990
982
993
996
987
972
989
961
998
979
996
996
966
997
971
1013
964
971
979
968
983
995
991
1006
1014
986
1002
988
1005
961
994
992
1024
1020
1044
1040
1076
1066
1057
1064
1042
1031
1043
1056
1066
1035
1049
1023
1019
1021
1047
1046
1093
1064
1080
1068
1061
1026
1025
1026
1014
1036
1027
1059
1054
1015
1050
1038
1040
1037
1044
1046
1024
1032
970
1004
990
981
955
944
945
942
940
923
909
902
903
896
900
911
900
917
935
925
927
924
935
949
939
951
947
939
963
991
1003
994
990
991
983
996
1002
995
983
970
971
967
979
993
981
1019
1006
1019
1007
1011
1028
1031
983
965
963
1000
1034
1053
1071
1040
1047
1036
1019
1018
987
999
1002
1008
1011
1021
1010
1022
1008
1013
995
971
938
876
824
814
792
792
847
896
911
911
910
910
892
868
854
844
865
907
896
924
936
938
907
865
838
848
862
884
907
913
945
979
972
998
1027
1021
1024
997
1027
1026
1080
1072
1042
1053
1025
1012
963
959
940
952
938
950
950
952
993
1019
1033
1049
1010
1028
1010
1029
1002
1024
1032
1052
1077
1070
1076
1045
1044
1027
1041
1064
1046
1048
1055
1033
1055
1048
1052
1037
1063
1037
1061
1072
1070
1028
1038
997
1005
1021
1047
1042
1009
986
976
965
951
914
942
977
1050
1003
1040
1060
1055
1025
1024
1006
977
981
998
985
1002
1012
998
1020
1038
1052
1025
1026
1011
999
1011
1012
1009
994
949
960
961
929
919
913
877
858
865
851
866
883
889
889
917
945
955
992
1019
1024
1044
996
1018
1026
1050
1056
1056
1067
1029
1052
1030
1045
1015
1028
992
993
979
963
917
916
898
930
915
941
936
963
968
936
934
918
887
865
841
808
830
873
971
1038
1060
1033
1040
998
997
973
969
950
956
971
969
1001
1006
1019
1009
1027
1037
1033
1050
1054
1059
1077
1059
1072
1072
1077
1066
1059
1041
1033
990
983
933
946
959
961
1005
981
994
955
961
960
979
982
1005
1031
1004
1002
973
946
952
928
950
959
938
930
899
890
854
833
844
845
861
847
837
844
863
890
880
885
875
885
880
861
839
828
822
819
812
793
769
756
765
780
802
821
839
854
870
872
897
938
952
981
971
989
944
960
929
944
959
966
991
1023
1034
999
991
960
979
977
981
979
956
974
951
939
880
843
828
798
805
802
805
870
917
956
1006
1005
1018
1033
1033
1033
1034
1025
988
1009
987
1006
1001
1046
1008
1014
968
978
955
979
964
979
1006
1008
1012
1024
1039
1025
1022
1019
973
1003
1054
1037
1053
1011
1021
1003
986
961
927
927
921
946
945
965
999
1007
972
966
945
918
880
848
817
822
850
905
941
973
972
972
966
923
921
882
894
912
938
938
926
945
948
968
933
961
954
979
986
985
993
993
1014
993
990
976
966
984
971
958
898
897
870
884
871
826
839
836
811
822
814
791
765
771
777
789
845
872
906
916
926
946
935
925
944
947
954
979
1009
992
1016
979
980
975
982
989
965
988
976
971
985
940
953
970
1017
991
993
987
992
1009
974
984
977
1005
1010
1022
1035
1051
1030
982
990
998
971
965
1000
987
993
986
965
964
972
966
956
945
959
964
964
918
935
939
901
896
918
958
1008
1046
1060
1083
1058
1048
1020
998
1016
986
995
997
1005
973
953
929
904
901
899
916
942
946
972
984
955
956
961
948
977
973
959
979
985
977
984
959
986
986
967
984
965
989
993
1006
1000
961
954
972
967
951
978
997
993
1009
976
972
948
908
900
886
919
925
977
1007
1008
1019
1012
1020
993
967
952
945
953
948
928
934
938
924
955
952
938
929
928
911
905
907
894
860
843
851
874
882
892
910
903
922
945
981
1020
1018
1018
1015
1023
1002
1038
1038
1058
1046
1041
1020
1012
1010
989
1003
1022
1007
1045
1059
1059
1056
1037
1022
1020
1000
1012
1000
997
1026
1014
1029
1033
992
1015
1015
974
989
986
960
979
967
927
946
971
933
952
961
970
979
944
951
920
868
846
837
857
930
983
1021
985
976
967
968
955
956
942
952
942
974
1005
996
1021
1001
1005
972
979
960
989
973
1011
971
983
945
951
964
947
974
1001
1018
1033
1011
1007
1008
975
985
994
1018
1028
1003
1003
961
944
932
905
931
946
938
966
961
960
931
865
881
859
845
863
852
846
856
844
870
883
901
924
933
951
974
967
969
929
928
922
946
953
971
975
973
911
917
918
876
892
888
882
903
876
905
898
908
930
906
925
928
911
932
925
914
933
916
913
927
929
958
975
977
1010
983
984
966
921
935
938
931
953
957
962
950
951
933
943
916
930
917
923
910
911
920
919
924
932
902
926
914
919
922
922
941
948
991
967
979
947
941
938
929
935
936
933
964
971
952
962
919
913
898
898
902
901
926
928
949
936
940
927
938
924
928
912
875
892
899
874
900
901
900
923
896
912
917
914
917
911
908
901
922
948
963
984
964
979
946
925
910
888
896
894
916
900
888
902
928
957
979
970
989
953
958
943
950
944
902
865
863
893
918
918
854
854
828
804
775
775
792
843
926
949
963
953
899
839
832
813
788
752
756
791
858
932
951
938
919
875
846
826
861
938
908
834
860
858
916
943
969
966
906
917
905
877
861
858
867
871
882
907
924
914
908
930
955
965
947
892
883
891
908
907
910
880
898
917
930
927
938
946
949
914
864
837
827
839
828
807
785
776
801
795
826
845
861
881
876
836
831
816
805
763
761
749
712
754
775
854
923
929
937
933
914
891
883
889
901
902
866
871
894
929
902
927
946
963
969
949
931
919
881
841
797
776
781
878
995
1016
1030
993
919
927
928
936
937
922
873
858
848
842
839
836
814
835
888
953
972
971
925
922
909
888
891
928
976
998
983
993
988
967
923
913
910
908
911
898
855
844
867
916
1014
931
946
934
899
850
811
768
725
702
674
665
667
677
730
818
884
922
900
904
852
863
834
805
820
887
941
968
958
913
881
870
889
906
935
900
857
896
926
967
990
968
972
973
948
943
933
944
937
945
897
921
948
994
1023
1006
1012
992
981
973
956
909
925
940
973
995
1015
919
885
902
909
934
924
927
948
980
950
900
896
859
872
908
928
930
957
995
963
964
918
904
903
912
912
911
896
872
851
834
817
851
938
992
953
972
992
999
944
932
922
894
879
867
862
861
846
861
919
980
1005
1008
995
936
926
907
905
907
907
856
845
844
872
915
949
942
927
914
863
846
828
843
866
902
834
870
853
834
811
822
825
839
811
824
837
860
879
881
875
824
841
838
878
938
978
933
958
970
972
976
913
938
954
1001
1007
982
985
1001
994
960
919
881
859
938
1003
1021
998
1015
981
977
958
893
895
888
886
891
890
891
904
879
892
927
951
977
946
947
936
880
854
859
823
805
819
842
913
999
1017
996
897
918
912
901
899
906
864
897
910
919
890
908
907
927
919
939
940
956
940
963
989
941
968
978
981
969
952
907
915
931
946
916
958
977
1005
1029
1028
963
979
986
980
989
983
955
971
987
1032
1053
1014
963
969
993
1021
1058
1052
1070
1071
1015
1024
985
927
940
972
1059
977
1017
1054
1063
1005
938
888
889
881
905
933
873
907
922
931
959
933
935
931
934
913
910
919
946
910
904
887
904
954
975
990
923
938
936
967
988
975
987
995
991
979
912
916
912
929
942
942
957
938
922
866
887
879
936
1022
1030
963
996
995
974
955
932
876
878
850
859
913
892
927
892
946
978
1005
976
967
946
922
885
868
870
898
937
969
942
952
972
972
968
962
896
875
883
926
1029
1005
942
965
989
1002
991
976
947
924
884
825
796
763
736
723
746
795
861
894
896
860
867
857
835
788
820
844
933
970
931
938
976
1005
1030
1016
997
953
959
930
965
978
948
975
978
942
965
984
996
929
934
937
903
922
936
944
943
931
911
898
854
867
887
935
991
1012
1003
969
980
932
916
914
935
939
916
932
929
903
872
873
894
936
953
962
944
903
877
873
905
938
994
976
989
995
985
967
900
900
906
961
1026
1051
1047
1028
962
968
965
946
961
985
999
979
987
999
1000
980
994
983
934
892
910
935
973
980
1020
1021
1016
975
930
920
922
923
925
921
902
855
842
840
858
857
873
909
940
937
957
968
971
969
952
909
892
909
960
965
1048
1079
1067
1036
1014
972
959
936
890
896
919
944
959
983
931
948
943
943
938
928
900
910
915
918
913
878
851
851
871
892
925
944
903
921
947
975
953
936
944
945
947
938
923
912
865
826
800
811
847
924
1028
1069
1059
1057
984
981
969
970
961
943
904
903
924
959
984
951
985
1000
1013
980
1011
1011
1012
987
960
979
1004
1027
1037
1024
1021
954
879
867
858
910
1002
1021
1033
1024
996
905
926
928
937
942
925
931
927
922
924
910
908
870
874
905
949
974
994
1013
922
934
952
1003
1020
1031
1042
1068
1071
1009
1013
1012
1006
991
950
950
908
925
929
939
942
917
941
966
991
996
942
913
886
888
883
927
949
979
964
957
959
941
861
862
841
852
880
928
950
951
938
886
870
851
847
832
821
813
818
832
844
826
818
849
899
946
963
966
946
925
896
890
895
919
929
979
1016
1012
986
944
910
906
876
920
935
919
946
906
857
830
809
755
733
721
754
751
782
767
762
740
704
711
699
673
686
702
731
761
849
853
889
883
922
905
938
890
898
873
854
871
843
863
851
896
873
894
866
844
819
798
810
812
855
896
913
936
924
941
900
905
886
890
892
881
914
913
917
922
914
914
922
916
896
896
891
893
910
931
944
948
947
937
899
925
893
915
895
922
941
942
917
879
887
877
867
879
896
932
902
942
912
897
918
876
890
880
898
955
992
1011
1015
991
976
959
936
916
896
873
887
888
920
946
984
995
979
898
874
883
899
926
990
991
994
1021
1019
981
993
962
970
978
948
963
927
946
935
938
949
954
963
956
931
894
827
828
791
774
792
800
860
911
941
973
960
970
943
948
945
954
969
942
916
895
902
898
914
936
970
954
895
889
867
854
849
820
825
823
807
813
815
821
822
869
882
898
941
961
966
950
957
936
939
928
915
911
894
888
896
911
939
950
950
917
914
893
910
861
873
876
898
920
910
858
875
866
881
911
940
915
903
899
886
874
854
860
810
821
831
893
962
999
978
966
968
962
954
928
950
906
892
846
829
841
843
923
983
1088
1080
1084
1002
998
947
686
1183
959
1006
1034
1072
1039
1047
1023
996
936
937
928
934
939
924
884
882
878
864
920
902
996
1029
1053
1046
993
974
957
941
940
924
937
962
960
951
949
955
952
944
910
905
910
950
966
945
905
902
879
833
814
842
884
896
966
973
989
982
997
979
978
957
974
978
1001
968
1012
1008
1011
980
972
950
976
949
961
974
960
959
915
947
962
990
973
976
971
956
904
896
861
871
864
944
956
1014
990
1037
1003
1021
990
1016
1009
975
1000
989
977
958
944
935
895
931
912
909
919
914
945
955
1009
1004
1035
994
1010
1007
1002
983
992
992
973
990
993
956
985
963
1000
957
982
971
983
992
991
971
932
935
931
933
937
904
916
909
895
857
842
807
781
784
846
924
948
959
930
915
909
919
917
932
849
856
846
854
845
889
951
1004
1005
998
908
929
924
924
926
924
879
896
903
916
913
911
869
892
866
903
940
963
1021
1006
1045
1027
1023
997
914
898
911
933
882
877
881
841
883
909
952
970
920
869
897
901
856
825
855
857
899
931
931
916
894
850
795
785
783
819
869
877
910
915
926
912
911
895
879
867
862
878
831
885
899
927
922
920
929
926
889
905
888
845
844
826
805
823
810
776
807
763
801
802
798
797
782
763
735
738
709
713
702
678
681
657
662
655
648
668
690
737
750
780
823
836
825
797
784
744
705
693
684
692
699
727
756
788
785
818
870
845
846
925
325
334
612
5389
348
1661
3072
5737