677
653
646
663
665
685
698
680
657
660
692
685
688
713
713
742
741
731
739
725
729
747
743
760
756
758
743
738
749
737
743
771
762
763
735
730
690
645
647
651
688
732
762
754
787
787
818
816
825
822
786
807
842
822
875
885
894
917
866
909
895
900
906
887
919
916
896
913
896
868
906
904
935
939
929
938
932
925
861
837
874
911
887
901
852
813
832
838
826
854
882
878
879
901
902
873
890
878
831
776
773
800
814
773
734
725
741
724
749
793
829
854
872
854
878
900
889
855
866
863
867
888
870
838
843
840
796
810
843
857
854
865
845
828
853
862
839
848
851
843
859
837
831
835
819
818
838
819
809
808
807
798
819
841
824
818
815
815
801
815
818
808
819
816
787
812
826
823
820
834
856
840
847
858
889
901
893
906
915
906
905
904
888
854
832
806
787
772
802
802
795
812
788
784
801
783
787
792
788
789
802
796
827
850
851
828
847
844
813
817
813
790
811
831
820
791
750
723
690
674
671
697
745
763
769
772
769
784
771
775
780
776
747
768
738
734
719
720
816
832
870
867
882
832
817
816
807
758
770
774
765
825
788
804
775
772
817
765
742
730
762
783
813
832
807
785
812
822
843
854
884
903
914
880
869
861
867
896
872
883
886
853
857
887
862
855
865
856
863
870
852
827
835
846
840
844
871
875
842
849
856
866
862
855
842
824
794
789
813
825
812
784
760
753
744
764
766
750
737
720
724
728
733
733
719
716
698
688
674
648
638
629
638
685
734
768
773
737
724
741
751
757
773
751
735
703
687
696
725
728
769
799
857
901
945
932
945
941
892
887
858
838
794
781
810
791
822
835
824
825
857
872
827
850
857
829
861
871
838
842
828
803
814
810
761
770
791
827
835
808
817
831
820
818
825
828
813
832
859
851
875
851
798
805
846
845
873
900
912
885
895
901
877
901
904
889
917
926
883
879
890
858
881
878
847
860
854
843
855
809
781
796
828
844
811
810
800
785
751
760
764
788
801
828
853
865
849
836
855
833
798
780
763
747
729
739
755
762
763
796
829
805
764
763
787
817
841
847
843
841
817
784
787
804
807
800
823
850
800
809
812
839
850
799
796
818
842
831
828
833
835
815
838
841
854
850
876
887
859
852
850
830
798
813
836
815
786
814
843
846
822
807
802
811
807
786
799
796
787
763
794
821
811
803
818
820
784
790
788
749
739
719
703
738
798
787
792
810
794
750
729
703
720
744
776
800
807
781
799
816
826
814
778
772
773
764
748
720
735
731
743
739
747
770
795
781
776
774
764
719
717
708
699
713
734
761
774
812
841
861
859
845
816
797
788
751
727
720
712
716
753
790
797
802
808
782
764
755
760
729
715
722
713
694
676
681
664
678
704
729
717
730
723
708
687
687
682
662
668
666
681
670
688
718
738
712
729
739
752
715
705
697
695
680
683
687
703
713
712
725
745
753
726
715
713
723
737
747
750
729
711
717
720
719
691
689
700
708
703
715
725
718
696
693
703
697
693
694
680
692
719
724
701
710
699
702
675
685
708
727
714
727
748
771
744
759
760
763
729
745
770
805
789
805
839
850
823
816
828
824
809
806
817
830
820
819
831
848
834
838
854
867
838
836
842
822
776
791
795
790
768
771
777
761
769
771
771
731
739
750
751
732
710
700
686
697
710
727
761
767
744
745
761
775
791
788
783
769
753
730
723
717
734
732
745
771
775
769
776
769
770
786
780
736
748
756
749
734
760
772
796
794
800
795
765
748
735
742
745
769
813
836
812
836
831
790
783
764
722
726
729
720
728
739
745
800
872
924
903
925
906
850
795
763
722
732
800
792
815
832
822
807
788
761
793
820
818
819
828
834
839
846
827
801
808
817
827
819
799
807
813
793
761
750
762
753
737
749
765
743
726
743
753
741
722
708
710
726
720
717
735
754
748
734
737
740
735
720
722
710
701
684
687
687
688
680
671
659
691
710
691
689
709
715
708
726
729
727
717
692
677
676
665
680
708
736
733
763
809
825
780
774
786
809
777
789
804
799
764
761
774
778
748
719
688
675
724
766
806
822
814
790
810
809
824
831
821
815
804
802
790
775
772
771
781
757
751
724
714
710
704
707
713
711
690
667
654
646
649
646
645
655
671
698
722
711
717
702
688
680
659
647
626
608
593
599
616
632
635
648
645
632
611
611
624
627
602
603
601
608
609
615
615
605
610
620
637
651
674
647
651
642
659
679
703
737
762
735
721
700
683
682
671
655
672
702
719
697
711
719
756
785
760
750
736
721
714
679
687
681
694
717
722
734
750
753
762
756
751
746
717
703
683
683
693
700
691
698
702
714
734
726
722
708
699
701
712
720
731
717
709
700
705
710
708
659
674
686
707
740
760
760
739
718
699
659
649
645
649
663
686
694
697
681
685
694
710
729
757
758
742
702
672
663
661
645
622
604
607
627
664
693
705
724
728
723
703
695
698
701
710
713
727
695
683
675
695
720
739
755
759
732
715
718
732
703
730
751
750
767
787
795
797
805
769
734
733
729
744
757
752
741
703
731
742
764
796
795
763
754
752
755
759
756
745
724
718
678
697
691
732
775
816
833
835
843
827
795
765
721
687
681
702
738
742
774
792
766
779
793
772
753
749
734
707
688
682
677
675
705
738
767
788
818
812
815
811
754
711
687
685
711
747
771
781
768
776
830
857
890
891
863
824
791
789
744
708
699
718
752
789
837
881
918
914
901
903
890
866
840
843
802
789
859
882
832
852
885
864
854
871
881
852
859
860
859
847
879
920
896
875
879
871
827
860
879
871
885
931
940
899
894
895
896
881
843
862
874
867
878
909
944
918
912
919
903
844
796
770
802
815
815
791
814
849
872
854
853
853
843
792
766
785
835
880
900
854
847
859
862
854
803
797
775
744
737
782
824
815
818
838
860
838
841
851
841
819
821
833
784
786
824
849
867
863
826
825
842
842
835
813
823
831
849
855
839
836
849
869
856
847
853
873
849
821
830
829
825
819
851
870
847
839
827
806
770
793
808
830
813
810
794
727
711
732
750
784
820
816
810
822
833
831
808
778
777
797
807
786
796
812
819
812
813
812
776
729
701
689
692
700
717
710
696
710
735
765
762
783
807
784
790
789
770
756
755
759
751
727
743
753
758
740
758
764
763
762
774
783
765
761
775
788
775
775
786
780
754
731
769
792
795
770
753
763
767
758
770
776
755
726
707
719
738
763
738
711
725
744
774
806
827
831
821
831
827
824
820
793
826
850
875
892
887
880
874
868
828
837
829
795
777
773
783
791
832
880
885
850
848
852
833
793
792
796
805
798
801
819
797
812
829
846
815
845
866
846
867
899
851
855
860
842
826
843
856
855
855
875
876
849
844
851
849
809
839
860
848
874
882
844
816
802
786
764
732
762
800
842
842
875
910
915
899
916
924
906
904
914
891
846
879
918
913
873
905
941
883
870
880
837
762
729
789
851
927
928
893
913
884
859
817
820
782
798
789
771
777
752
792
786
766
814
739
724
724
724
741
766
779
791
781
765
774
782
771
780
800
809
812
843
850
863
870
837
829
857
891
838
818
806
797
785
739
739
734
718
701
754
787
832
880
874
882
888
857
840
830
808
780
780
785
782
777
783
801
793
812
828
793
815
808
783
816
823
816
845
860
843
852
867
795
754
779
807
850
842
874
894
860
864
864
850
857
838
854
884
902
860
883
891
848
879
912
926
919
949
950
928
904
925
928
929
898
891
902
875
872
833
813
823
854
905
890
905
905
901
891
857
834
816
827
837
830
830
786
812
831
836
797
837
870
826
775
744
771
782
766
753
731
718
705
672
669
657
662
708
734
748
749
764
754
774
779
786
729
709
694
693
688
688
681
676
679
690
722
741
766
780
715
734
739
725
703
675
668
632
635
634
644
666
683
682
655
681
687
707
723
731
691
735
740
753
761
766
749
755
743
735
722
742
756
756
704
707
711
698
711
684
672
715
777
789
811
827
793
820
811
754
718
691
697
724
720
749
837
874
857
895
909
903
865
879
889
867
869
881
862
835
871
912
935
916
907
915
917
899
904
900
873
869
813
830
884
898
844
864
869
823
781
810
848
886
870
869
838
791
749
756
773
824
870
886
895
893
866
833
781
789
776
815
874
799
882
917
887
898
827
861
823
769
748
736
725
667
681
669
701
711
736
743
721
715
727
719
726
725
729
718
705
688
698
733
783
828
836
799
836
844
801
800
863
882
896
883
858
874
879
866
876
877
824
850
878
880
863
842
844
868
868
907
901
874
858
871
881
878
913
914
866
886
895
865
807
780
772
762
823
860
823
851
880
906
870
851
812
840
873
890
872
810
865
913
926
920
878
843
816
816
779
779
820
873
888
850
878
854
864
881
892
857
891
890
896
855
864
871
864
840
777
803
786
769
766
817
821
781
762
764
793
813
851
856
854
841
839
799
769
740
759
753
695
707
714
704
745
804
870
920
939
954
943
912
836
826
823
817
770
824
844
889
906
857
914
954
948
898
815
829
815
813
771
729
712
745
789
839
867
867
857
796
761
739
767
762
784
848
892
897
852
852
862
856
821
747
780
798
813
835
832
835
844
842
780
763
770
755
694
713
692
704
746
737
805
879
939
957
964
915
853
860
826
758
765
780
783
837
855
895
905
874
823
825
806
829
845
852
810
788
824
824
797
832
826
805
806
850
860
853
821
812
799
763
753
784
816
841
799
793
793
810
818
836
836
802
852
850
796
831
855
850
785
799
816
797
827
796
758
745
761
759
749
771
790
809
821
816
860
883
847
854
854
832
824
816
783
809
834
828
785
793
757
708
703
702
729
729
715
709
693
670
656
635
637
641
651
647
655
709
736
754
783
799
796
793
784
758
757
758
748
771
791
830
860
835
774
757
731
730
740
711
720
739
764
777
750
725
745
726
725
772
774
732
733
737
743
725
744
766
785
791
821
856
861
827
850
859
843
802
840
851
824
802
825
855
812
779
803
823
840
768
788
797
813
778
787
814
833
806
747
729
710
721
724
689
702
711
742
771
736
773
802
841
848
833
843
836
816
782
782
791
778
767
769
732
739
724
707
742
790
780
839
860
871
843
860
864
844
841
788
819
825
851
818
853
891
924
904
861
878
863
839
792
798
791
786
746
784
791
806
771
760
745
771
752
715
728
729
732
735
715
734
751
769
755
768
795
814
810
774
791
788
803
766
794
810
772
752
768
801
821
804
775
803
805
800
771
779
786
803
811
784
819
825
834
786
820
791
752
775
777
785
803
777
766
797
756
734
758
730
724
738
709
702