729
738
749
708
729
692
713
713
708
699
689
673
667
656
666
668
664
669
660
664
666
646
673
684
700
688
695
704
703
707
716
730
726
717
714
712
713
697
702
704
692
698
693
700
695
694
683
673
667
658
655
652
653
660
670
674
669
673
684
670
666
642
655
655
674
708
692
731
740
730
747
759
728
739
724
698
711
715
704
718
728
726
726
733
732
719
726
717
692
685
677
678
676
685
688
670
685
677
665
665
667
659
655
649
650
659
672
680
666
677
680
697
688
706
708
706
711
719
705
692
679
662
654
654
663
684
681
690
694
705
688
688
681
661
662
666
651
663
671
669
675
667
674
692
680
686
690
674
670
674
679
669
673
685
686
690
692
701
689
682
679
665
647
637
632
627
636
641
631
631
633
633
629
1236
614
623
620
634
641
646
646
641
647
655
655
669
684
676
677
681
678
658
668
682
683
1386
694
659
667
672
714
726
777
812
808
823
785
786
829
830
764
821
833
760
801
783
735
761
753
709
728
725
714
702
691
689
693
698
692
701
706
701
694
681
677
669
669
679
712
729
697
722
757
738
732
765
766
753
763
752
735
743
748
719
747
746
742
728
720
720
708
706
713
712
693
713
737
735
767
780
782
764
791
794
760
792
811
809
779
797
806
770
801
811
781
803
796
768
771
756
722
697
704
718
700
765
766
791
809
787
769
774
787
771
781
787
771
743
727
713
744
771
796
802
810
794
808
818
817
786
794
791
786
781
759
767
775
792
787
762
769
768
760
731
744
746
745
753
782
791
774
790
780
767
754
730
742
747
753
714
728
720
710
729
756
731
756
758
751
752
766
782
771
786
792
807
777
796
798
783
761
779
786
755
776
785
798
762
747
712
729
730
728
713
714
725
712
719
727
712
700
710
725
728
736
776
795
817
770
783
790
806
807
773
789
784
779
745
764
762
760
726
742
756
752
734
745
754
750
740
754
765
768
761
797
801
784
769
769
771
748
731
713
694
681
662
669
689
690
698
690
693
750
787
827
854
839
819
789
734
742
739
758
784
800
774
818
838
840
834
776
791
776
759
729
743
723
689
719
741
770
726
770
771
727
748
733
703
696
672
670
644
651
638
629
635
633
628
619
615
602
603
594
590
603
614
636
660
682
688
655
680
700
683
689
704
711
704
714
711
685
696
709
692
684
686
693
676
695
710
712
696
707
723
737
729
748
756
729
755
760
751
729
730
730
704
714
720
714
745
767
745
774
781
761
745
740
707
718
721
700
719
731
746
722
735
744
716
715
725
727
708
732
744
746
727
731
721
707
714
722
717
714
730
736
723
705
715
714
698
710
711
687
706
706
682
690
690
680
687
687
679
670
683
709
716
697
706
707
699
701
706
696
686
688
688
665
676
681
701
689
703
711
714
692
699
703
693
689
695
716
698
708
713
692
693
691
685
678
683
687
669
685
668
682
681
658
670
670
661
663
652
637
633
629
624
624
636
638
635
641
646
630
631
623
625
632
628
633
626
618
611
605
593
584
579
579
582
588
591
589
590
586
580
579
577
582
591
601
609
619
618
604
606
605
606
610
613
618
616
608
614
618
622
629
639
641
641
633
627
628
632
631
624
620
608
607
602
598
604
607
607
605
606
616
631
621
644
661
685
690
712
756
729
762
780
737
733
737
716
707
721
764
743
737
712
682
685
688
680
666
660
650
668
686
703
711
712
705
697
688
653
648
668
677
691
702
716
690
714
729
744
748
747
730
717
672
676
691
739
749
815
853
824
872
842
858
867
814
832
825
769
792
810
809
851
887
893
878
839
885
898
859
854
881
884
815
853
865
846
846
826
853
838
850
864
849
802
836
841
791
834
851
821
815
837
826
771
821
854
813
827
831
838
804
826
805
796
766
768
757
755
753
784
790
746
794
810
785
736
737
759
737
720
723
740
740
736
729
711
732
744
757
717
733
738
729
745
756
773
749
767
764
732
753
766
719
710
698
683
679
699
698
694
715
725
698
676
662
658
677
701
731
744
751
749
712
728
733
740
746
742
708
738
747
752
753
751
764
770
754
734
744
756
745
739
749
751
710
706
723
756
782
762
771
789
819
822
769
795
813
816
777
798
810
812
767
776
777
763
723
746
754
771
742
773
790
791
758
789
802
797
745
763
755
721
747
758
720
756
768
755
733
745
755
747
738
747
745
729
709
712
712
700
704
727
743
727
735
733
708
716
717
716
703
718
727
738
712
728
721
702
688
710
693
674
675
682
662
676
693
737
760
730
755
770
777
751
761
761
717
728
727
725
707
699
684
671
658
668
681
662
670
673
659
677
694
679
693
704
714
698
690
700
713
722
703
668
672
673
677
655
660
646
641
637
658
658
655
662
673
680
666
667
678
685
679
668
669
680
671
674
683
684
674
686
689
685
674
677
686
690
656
662
676
664
665
673
688
685
685
699
673
686
681
673
659
663
657
652
651
656
665
671
659
661
668
671
664
688
706
707
697
715
713
721
706
695
706
719
725
704
720
727
697
687
680
696
729
765
771
776
740
743
741
729
712
711
734
753
761
734
725
699
682
670
665
684
694
714
712
691
696
707
702
686
680
688
698
700
705
731
750
771
742
760
756
754
719
724
738
731
708
715
726
736
712
731
742
731
714
731
749
772
757
733
761
764
758
735
744
759
776
744
755
749
749
718
728
734
738
716
734
742
753
726
735
739
738
723
714
737
742
736
721
729
735
723
755
767
770
740
749
746
707
687
707
701
687
685
707
726
741
742
714
725
729
755
738
762
790
787
783
754
776
765
768
767
788
804
793
764
782
786
796
751
771
780
793
769
778
793
812
781
764
775
766
733
704
708
713
710
710
740
762
749
738
751
745
710
710
716
728
710
708
720
707
691
688
711
719
710
706
720
720
707
715
730
729
702
716
715
733
707
727
737
740
714
698
696
694
691
693
663
672
674
664
645
642
635
632
656
685
706
712
710
691
689
699
721
729
728
737
720
687
678
672
661
644
648
662
668
682
672
663
679
704
721
705
717
729
732
697
710
717
714
692
701
712
698
659
672
673
659
680
698
708
683
693
691
682
653
650
639
625
617
616
621
623
610
609
613
613
609
610
616
614
611
601
605
612
617
615
611
600
597
586
581
571
570
572
572
571
566
567
566
565
570
571
563
558
550
545
539
534
534
529
524
521
516
519
514
521
522
521
525
531
536
539
545
555
575
577
591
608
632
621
637
648
643
634
644
654
637
638
632
616
598
594
597
608
614
619
618
614
614
606
596
578
573
569
573
584
594
608
604
616
611
614
622
625
629
617
594
598
609
608
614
636
640
646
670
675
649
664
683
669
683
695
681
681
688
667
661
672
655
675
693
681
703
711
699
707
680
673
646
650
643
642
658
688
707
701
732
744
720
729
727
671
673
661
656
652
662
671
671
646
658
669
652
668
676
650
654
662
657
650
654
650
652
668
672
666
649
625
606
601
622
646
667
695
720
749
786
793
810
773
715
688
681
672
691
694
727
753
710
722
728
708
724
712
706
713
708
691
686
688
684
660
674
656
641
626
646
688
717
768
773
799
771
784
771
784
763
747
750
765
790
778
755
777
791
760
778
783
791
764
772
740
737
756
779
755
790
814
814
806
787
781
746
762
766
780
822
806
773
729
705
729
750
795
795
835
841
816
796
802
802
760
789
806
783
824
831
785
795
794
776
794
807
797
782
792
771
750
782
809
802
830
848
806
790
798
785
776
793
753
728
718
719
723
721
726
717
702
693
675
665
667
662
639
639
642
663
680
696
674
646
627
621
616
636
643
662
675
662
683
678
703
739
768
790
802
763
723
717
716
693
723
754
742
784
802
771
797
800
764
762
760
721
742
761
741
732
749
745
735
743
758
744
755
771
764
767
728
738
723
698
696
688
682
654
658
679
698
699
722
700
707
716
718
699
698
690
659
661
649
661
693
695
709
741
764
734
747
730
701
716
728
734
735
772
766
787
812
774
742
760
751
754
748
727
735
747
735
738
755
767
745
742
758
764
733
770
771
732
716
730
744
766
754
769
772
731
765
762
764
723
722
737
768
788
769
774
732
716
736
761
730
761
790
777
749
761
744
791
815
753
729
722
757
790
811
828
808
774
809
824
822
781
801
764
754
777
791
792
782
795
789
758
728
702
715
732
730
762
774
765
785
783
763
779
774
778
787
759
779
783
773
819
782
742
715
687
716
707
739
764
772
759
775
771
721
739
744
754
721
758
761
753
742
739
727
699
667
647
629
634
651
659
709
709
726
725
775
756
732
796
813
811
810
799
784
723
711
709
717
713
727
735
710
742
722
745
776
765
784
790
776
732
725
701
687
696
711
710
733
751
734
738
705
665
646
630
626
619
606
600
595
592
594
604
630
679
709
770
807
799
801
810
812
764
778
734
753
729
698
664
639
635
627
625
658
696
747
797
789
814
829
797
789
748
744
714
707
701
708
711
711
707
703
695
681
674
667
650
650
662
677
698
737
733
748
760
779
773
733
719
697
712
710
734
749
770
765
743
765
727
749
730
686
676
669
718
781
827
838
854
818
797
790
781
792
800
829
807
797
771
765
775
759
744
725
708
703
681
668
664
656
646
638
625
616
602
600
604
619
616
625
629
637
649
663
662
658
647
647
643
624
622
637
663
706
693
706
706
682
688
690
675
671
665
651
656
664
675
684
673
673
688
688
684
693
689
697
724
717
708
729
738
722
723
728
724
713
735
719
753
761
801
798
734
700
672
689
683
719
723
742
772
793
776
797
728
691
660
638
612
619
634
646
663
708
728
778
797
800
828
827
810
815
788
758
730
753
765
747
762
750
724
734
746
733
764
764
730
749
745
721
734
739
720
732
730
735
704
721
732
720
734
752
735
702
708
719
702
710
692
670
648
683
722
755
732
787
807
819
769
788
770
737
730
769
786
763
794
797
783
723
747
749
729
734
756
776
762
773
808
817
826
772
793
782
774
769
765
789
781
754
725
754
735
711
695
683
681
683
683
668
673
685
694
698
700
697
688
682
652
643
641
638
631
616
602
592
580
600
599
633
668
721
729
771
811
794
825
838
787
799
811
813
771
780
764
737
760
761
756
740
765
767
764
813
818
780
783
737
726
715
720
721
728
699
656
652
656
683
686
718
781
778
807
816
773
792
789
753
770
773
749
753
769
771
728
717
698
682
709
740
751
773
758
714
688
678
694
712
747
739
706
748
777
782
767
801
764
771
786
792
745
715
731
772
809
816
833
830
786
825
846
813
842
853
812
797
773
757
718
717
720
729
749
761
764
765
729
730
729
733
752
749
742
730
732
744
723
718
712
712
698
693
692
698
700
674
658
659
683
715
702
717
740
762
747
777
784
793
771
753
721
700
690
690
685
677
667
674
693
703
722
717
750
759
732
697
686
680
670
664
661
646
669
688
701
724
703
708
705
683
663
637
622
605
599
588
591
604
627
633
668
686
671
702
684
684
662
667
682
715
732
729
725
718
705
697
689
684
682
683
691
689
669
660
669
686
703
713
700
701
709
714
693
682
679
662
647
645
647
658
690
703
718
678
679
696
681
700
717
690
724
695
707
698
696
663
631
604
589
575
576
566
568
570
587
590
601
607
610
612
604
594
596
609
632
640
675
675
708
685
673
672
685
702
702
698
698
688
676
653
650
648
661
680
688
695
692
693
668
642
636
640
658
674
688
737
792
813
778
835
848
800
824
816
766
776
755
739
714
734
723
705
730
719
764
754
763
798
807
804
784
799
789
774
751
732
708
726
743
736
778
771
773
775
767
760
753
737
697
711
720
722
731
725
721
715
704
696
667
643
646
656
665
684
686
700
684
703
657
635
615
617
627
655
663
721
740
783
785
781
772
739
760
762
780
751
722
741
764
784
788
809
816
821
790
775
802
760
715
730
755
763
724
742
735
730
766
804
825
822
810
785
783
779
800
783
782
786
768
781
753
725
695
683
670
670
648
649
680
699
743
784
817
782
781
729
729
704
691
690
686
693
703
733
726
726
715
710
709
710
680
665
667
681
688
724
724
731
723
719
717
712
715
716
722
693
689
704
725
739
754
769
774
751
734
724
713
674
666
696
742
726
760
821
771
793
867
802
812
836
844
769
773
792
763
723
747
763
733
752
773
741
786
778
744
780
787
746
782
799
756
789
810
769
764
773
752
718
698
684
682
669
660
684
702
764
805
838
752
725
727
708
738
753
788
780
771
747
759
761
746
717
730
742
759
791
798
777
801
796
754
776
751
723
701
685
726
748
769
758
760
749
746
739
725
677
673
671
688
728
751
708
732
737
774
795
823
821
812
799
788
741
744
756
747
771
771
755
776
780
744
741
758
788
773
801
837
826
785
814
826
777
784
752
739
709
721
735
763
747
752
745
825
803
806
759
735
707
680
641
615
609
606
634
661
734
753
751
804
776
864
915
932
847
853
852
846
840
779
810
785
810
797
813
805
780
762
742
730
691
682
679
694
722
735
743
735
729
718
717
709
701
702
719
740
744
733
729
723
693
670
672
682
696
704
722
724
713
691
670
656
678
668
682
722
737
785
798
761
750
754
752
766
768
723
713
699
679
695
717
693
722
695
709
723
740
715
731
732
703
726
735
733
735
731
727
747
741
744
708
661
634
613
627
638
645
679
667
709
738
727
762
769
729
780
782
756
771
751
707
693
689
723
719
771
798
831
794
823
770
777
761
737
766
717
721
749
749
710
750
755
750
731
770
785
747
810
784
729
742
780
813
756
828
840
833
793
820
836
818
774
815
826
812
812
836
843
772
823
812
806
774
802
816
771
824
843
847
806
825
773
739
769
789
729
744
771
794
813
850
829
795
837
857
835
830
840
843
778
823
841
820
856
813
842
862
865
812
852
857
858
813
853
858
815
830
778
794
817
813
817
830
832
778
793
805
785
738
735
735
821
872
869
852
789
815
794
791
772
740
726
754
783
790
779
793
807
762
790
792
787
785
795
784
765
793
798
746
766
796
787
746
767
754
703
711
691
669
674
702
688
707
723
699
729
723
708
690
696
706
690
713
715
711
750
766
744
771
779
773
761
789
799
757
765
759
736
762
777
751
758
759
751
733
763
781
771
758
791
783
738
731
751
773
748
788
808
814
842
837
807
764
775
790
802
757
763
787
791
776
809
842
845
782
788
777
746
728
743
729
793
813
800
825
837
783
742
713
714
700
719
731
760
738
776
797
780
780
773
737
715
738
771
764
785
811
807
758
773
773
746
770
780
765
793
824
823
811
814
811
774
795
797
782
777
790
795
756
771
773
754
729
745
739
708
722
735
737
726
748
751
749
752
778
772
749
773
772
744
761
769
779
773
802
805
805
787
792
787
760
785
810
806
813
836
824
809
814
763
784
770
765
778
754
774
773
747
767
719
700
705
672
690
681
653
624
607
605
604
601
604
598
594
582
570
567
559
559
558
554
562
563
571
576
588
583
582
583
580
577
563
563
566
576
586
596
608
617
620
634
653
669
676
672
638
647
660
648
664
688
682
700
717
719
717
731
750
707
729
725
712
718
722
706
715
741
730
719
732
707
694
678
674
679
682
698
696
668
680
677
649
668
684
681
663
694
728
755
735
758
782
807
775
800
764
806
838
837
823
826
821
774
794
789
756
791
802
787
817
808
768
811
817
776
815
833
810
743
777
779
742
719
722
697
739
757
747
746
747
748
724
759
753
752
788
822
788
772
797
813
751
784
791
782
742
776
811
822
796
760
742
779
834
805
842
864
832
776
791
806
757
793
815
831
822
838
818
790
737
680
651
680
690
748
771
756
799
819
782
800
808
811
768
774
772
771
770
774
757
716
743
749
740
721
718
690
674
667
675
683
697
702
684
669
669
660
652
654
649
641
628
616
617
631
642
661
657
664
664
668
659
656
654
652
652
626
615
612
625
636
661
672
680
651
660
661
668
674
675
673
668
656
635
609
590
595
599
612
640
679
699
712
713
725
725
723
714
711
711
708
698
690
674
646
646
668
656
693
732
765
745
798
761
785
800
750
790
788
732
766
808
811
765
796
813
778
839
866
853
859
882
844
831
835
857
820
839
803
802
801
762
756
783
756
827
841
802
821
805
793
769
744
721
704
735
730
720
723
715
698
679
661
686
716
753
722
704
740
786
831
819
764
806
815
811
779
823
860
860
850
888
908
874
897
903
842
847
854
854
844
853
884
888
852
850
854
815
826
854
879
837
806
832
834
792
845
876
886
808
858
856
857
798
841
863
797
840
855
854
803
845
844
828
802
836
841
819
745
705
700
764
838
898
933
923
882
895
884
879
856
832
772
793
804
816
802
835
846
852
794
834
828
797
784
770
775
739
776
788
808
763
807
814
811
785
812
814
805
754
769
767
754
744
773
799
788
746
756
769
780
782
746
759
768
749
739
749
765
756
798
800
795
768
801
825
807
798
807
819
794
818
821
795
804
807
804
773
778
790
745
774
791
798
781
804
801
770
782
788
770
783
780
756
771
760
741
775
795
783
827
821
797
813
791
759
770
768
732
763
771
758
752
776
778
760
776
788
755
788
792
760
773
814
847
832
857
877
841
879
873
840
879
932
923
881
925
938
895
849
847
801
763
785
790
769
809
811
779
801
801
782
757
785
808
788
780
804
812
768
784
778
741
809
837
757
783
811
829
775
772
731
726
724
721
721
732
726
690
704
697
685
714
745
719
749
757
758
714
727
740
749
730
744
762
779
758
790
811
815
784
812
829
805
810
818
821
777
785
778
764
785
807
807
779
830
825
788
787
776
774
777
763
713
718
714
724
714
712
714
706
689
674
666
665
653
637
615
611
617
635
650
669
712
719
717
728
748
742
734
734
686
658
651
649
655
663
684
708
742
752
750
752
737
707
668
652
643
646
628
625
618
623
625
633
650
662
670
644
648
640
645
646
659
658
660
666
666
664
663
636
634
627
637
660
705
712
717
713
667
665
673
668
669
675
685
697
713
729
759
745
742
752
713
685
688
684
692
715
702
740
772
782
792
781
757
751
731
721
721
718
718
679
649
650
644
667
675
721
723
741
771
792
785
764
766
748
735
688
661
660
692
748
724
750
741
807
875
849
836
912
892
847
894
865
802
848
825
778
854
893
818
910
937
867
949
952
852
901
923
837
869
910
901
838
919
936
856
906
916
888
844
878
898
869
840
897
910
900
838
885
838
841
867
886
849
889
860
858
864
831
822
853
870
810
858
861
812
752
731
735
803
890
936
926
830
841
879
799
835
861
848
809
772
813
826
802
774
797
799
765
731
712
730
758
727
773
797
796
751
778
736
766
766
753
748
759
756
723
699
710
726
721
688
706
728
743
711
747
756
729
742
758
762
747
749
771
795
774
810
813
830
811
772
760
748
724
779
822
842
815
885
907
865
868
872
846
794
797
783
760
725
730
724
726
706
720
729
746
750
720
752
755
741
752
736
717
711
709
700
688
673
657
647
634
610
607
608
617
634
643
648
650
628
626
603
601
600
598
594
583
580
577
571
569
557
548
551
550
555
568
586
599
597
593
579
558
561
554
568
585
606
620
655
677
690
675
686
682
667
685
687
659
668
670
670
653
661
650
632
635
654
643
670
677
695
669
713
711
688
658
637
638
663
697
745
777
771
779
800
813
815
771
793
757
710
683
689
709
688
744
766
749
761
799
814
757
816
799
800
825
759
709
699
736
827
896
913
839
871
893
887
864
863
877
831
762
801
810
848
805
875
896
873
836
861
867
871
836
862
876
859
799
832
819
798
751
789
795
787
755
798
822
787
763
782
785
752
712
734
748
763
731
773
780
774
737
788
799
807
761
788
809
800
752
796
801
828
791
808
835
865
839
829
845
821
804
825
820
762
779
795
760
742
796
822
876
887
854
826
819
801
800
759
768
774
797
794
771
812
817
820
774
804
822
831
810
787
836
824
755
770
771
780
739
786
793
782
759
800
823
757
777
785
788
745
790
816
821
815
820
812
804
808
803
764
805
801
759
810
800
749
755
748
746
709
729
728
695
709
688
666
662
661
651
662
661
685
689
679
649
646
651
672
705
740
750
730
729
747
759
763
751
713
736
747
756
758
721
766
779
751
761
801
817
759
789
774
774
726
772
800
810
778
830
826
776
797
824
823
747
780
780
763
807
805
771
755
758
734
696
716
728
704
751
788
773
787
799
791
737
722
730
736
704
707
718
741
717
751
769
797
762
774
776
733
726
730
735
703
758
765
753
759
745
732
712
692
697
691
685
692
697
695
684
700
709
695
687
698
698
689
672
682
700
721
701
697
703
697
671
695
729
750
738
758
745
734
702
725
739
749
729
753
762
756
733
754
760
771
745
768
765
765
733
770
771
786
749
773
776
751
796
833
849
830
864
852
830
872
877
784
823
830
774
796
792
735
744
739
764
722
767
778
766
758
786
763
758
722
706
684
712
726
732
704
712
719
721
682
664
676
688
711
712
676
689
686
676
655
663
651
642
628
621
625
673
724
770
787
755
767
721
688
675
688
683
687
678
676
662
642
656
678
673
722
729
731
717
761
774
748
751
765
771
717
721
704
708
691
707
745
772
736
768
797
790
732
762
755
729
694
682
686
658
678
692
712
690
695
707
686
697
705
703
679
702
705
700
687
712
725
721
677
676
676
676
664
687
695
683
718
722
681
693
689
675
681
725
732
689
717
738
727
705
729
695
739
704
673
650
641
633
636
629
625
620
621
619
639
637
635
665
680
681
727
736
715
733
734
725
731
732
728
710
702
706
704
705
680
733
746
755
709
713
698
699
677
696
686
677
675
718
754
767
717
745
712
655
627
627
639
658
672
655
675
677
654
642
603
599
591
588
582
577
571
571
565
571
570
563
561
557
556
551
551
550
543
541
537
536
537
533
523
521
522
523
529
545
561
574
589
593
607
611
604
607
617
619
611
603
591
582
577
576
577
574
573
574
563
562
559
544
542
536
541
553
574
598
598
613
608
612
621
634
643
641
620
615
606
601
600
601
593
605
585
573
570
574
575
586
598
610
619
604
604
610
633
637
625
610
596
601
604
608
615
620
620
620
590
582
577
577
584
599
610
627
649
679
686
699
700
702
643
617
607
610
615
629
645
665
627
663
653
642
650
650
661
671
671
663
661
660
636
604
597
602
615
632
650
645
666
687
720
756
778
747
749
751
743
732
721
707
665
675
689
748
793
799
797
781
747
688
689
704
721
723
704
698
696
701
724
754
748
743
724
678
667
662
649
646
629
621
614
604
588
582
573
568
566
551
543
547
538
554
566
588
613
632
627
643
695
742
717
778
824
817
771
801
805
736
783
811
767
802
822
799
798
823
817
778
828
838
761
803
822
795
815
846
816
800
818
809
761
817
824
752
801
811
770
775
803
821
825
765
817
826
785
819
815
764
758
741
712
714
748
731
753
749
743
722
696
676
687
683
650
668
688
728
724
772
809
805
721
757
773
804
811
765
813
826
833
817
782
791
808
787
764
793
837
854
833
884
902
833
865
848
838
820
840
814
800
787
817
782
843
864
846
753
781
785
806
800
855
895
897
958
956
888
863
860
824
799
825
845
789
851
854
813
847
857
868
813
831
843
804
776
813
828
792
818
842
818
854
852
795
835
851
813
809
817
775
716
695
707
763
827
872
885
878
814
813
784
788
781
756
756
752
761
737
716
724
701
707
753
780
803
787
791
797
764
783
780
737
764
768
751
767
791
788
782
816
823
771
795
792
746
800
812
760
801
808
764
767
729
767
779
749
780
779
737
719
746
767
725
765
762
737
735
770
761
709
714
693
700
679
697
703
687
678
699
720
697
735
757
760
747
725
697
719
731
726
708
723
731
713
720
734
716
727
723
716
693
698
712
729
702
738
746
723
722
712
696
678
666
674
710
736
743
716
752
772
763
725
748
757
736
782
809
781
787
784
763
730
767
772
727
766
771
746
702
733
714
692
718
746
718
713
728
749
733
734
758
764
717
749
740
714
676
661
682
753
845
899
940
938
924
936
921
868
785
781
781
784
761
800
813
819
817
815
832
822
767
806
806
812
771
810
833
840
782
785
772
737
735
754
784
752
805
822
830
823
837
827
760
776
724
753
773
769
761
791
820
841
878
870
833
833
830
808
842
858
799
769
718
697
691
715
698
706
723
749
778
765
785
769
775
782
785
760
752
753
760
759
755
813
879
863
812
840
822
793
765
811
756
738
736
722
754
754
727
738
743
704
691
647
650
656
639
656
647
626
621
617
614
608
601
596
599
605
606
606
617
628
618
635
662
701
755
764
807
843
841
766
726
681
688
679
712
716
683
683
689
701
695
719
723
698
749
773
724
667
644
650
686
761
835
888
810
840
776
806
809
809
821
822
804
811
806
789
757
777
783
756
808
844
840
806
891
899
862
823
857
841
775
824
809
749
814
831
803
856
793
842
864
851
776
831
816
810
756
811
819
811
812
813
763
776
776
727
758
784
786
738
764
733
707
722
715
705
736
750
712
762
761
751
719
757
772
776
749
803
817
766
807
798
738
774
780
742
785
763
745
792
778
819
833
823
758
755
778
790
752
794
808
815
767
803
805
806
754
796
787
780
791
758
758
780