571
578
587
580
572
568
571
580
584
594
598
603
604
595
603
606
592
619
614
615
599
613
604
594
584
587
578
583
587
587
579
570
564
573
579
582
586
583
578
578
585
580
604
623
629
641
655
649
647
630
622
621
621
609
587
577
573
570
567
563
556
547
549
561
583
582
563
567
579
599
601
626
635
648
646
646
635
600
592
589
591
578
588
590
586
603
613
625
629
626
621
615
611
603
594
609
614
630
659
682
675
685
679
654
647
641
631
622
620
611
604
607
615
624
616
621
630
628
615
612
606
604
594
594
596
588
591
598
608
604
611
623
622
610
615
616
623
614
614
623
624
615
620
631
633
620
613
613
612
603
605
613
618
608
613
614
615
602
594
596
598
596
596
590
580
583
599
617
628
635
648
655
643
629
620
600
572
560
565
574
619
674
686
674
658
647
685
712
673
716
717
727
724
681
667
661
663
648
655
668
668
674
695
706
694
699
665
646
681
684
678
682
640
654
652
643
658
665
669
634
641
656
667
641
706
688
737
754
756
726
719
715
702
724
743
736
744
756
755
760
786
793
785
772
772
739
715
724
729
729
694
675
660
679
678
688
696
693
702
710
715
725
729
719
715
728
729
732
735
720
719
696
691
687
679
672
663
666
661
658
645
648
656
664
661
663
673
669
660
657
663
668
661
656
655
651
637
631
635
641
636
634
630
616
623
642
648
655
646
654
666
682
681
685
692
698
695
715
721
708
703
712
727
694
675
650
650
674
714
708
729
741
746
712
708
713
720
715
732
722
701
706
707
716
706
715
731
737
720
720
730
744
747
751
730
694
687
681
686
695
691
718
737
749
724
730
731
729
708
682
685
687
693
681
683
680
673
657
681
717
709
710
730
745
742
729
733
738
722
714
729
733
729
707
709
710
707
717
692
694
691
702
708
718
716
703
697
693
698
690
700
705
700
726
750
755
738
759
769
708
699
686
694
710
726
750
748
754
750
721
715
712
688
682
670
686
724
786
848
834
815
813
793
768
729
704
673
670
684
682
697
712
741
765
796
808
801
783
782
772
739
753
757
762
749
767
747
752
763
752
737
731
720
695
706
734
731
746
757
744
731
738
745
730
739
744
739
740
766
779
769
745
736
728
726
730
747
760
757
771
773
755
731
729
711
693
696
700
685
687
704
720
740
739
730
710
714
677
656
637
621
635
652
654
653
659
665
659
674
682
679
683
701
714
704
713
724
740
717
729
757
757
732
739
743
742
745
765
775
760
771
777
758
765
765
740
732
729
747
729
730
726
711
713
722
735
727
701
680
694
710
691
702
706
714
716
709
726
728
720
711
716
700
700
711
742
752
732
747
747
753
732
744
741
737
720
724
731
728
703
712
712
700
690
704
710
703
720
737
741
731
746
747
710
717
724
745
755
751
759
762
759
768
774
753
733
728
719
686
688
686
703
706
743
779
771
766
791
801
777
751
752
749
729
700
693
693
709
698
738
767
783
781
751
758
754
738
717
729
733
748
729
721
710
689
678
692
745
769
790
790
769
739
739
741
747
723
700
699
706
715
704
716
728
730
718
687
679
681
693
683
666
680
704
715
719
730
741
740
735
730
715
680
675
696
706
703
709
741
743
730
741
748
733
732
739
738
719
718
732
732
714
740
772
774
756
756
762
755
712
688
668
649
651
689
727
741
724
754
768
751
717
698
681
659
656
666
677
681
676
703
721
735
706
713
703
695
678
691
709
713
708
722
712
694
699
708
712
698
686
684
685
672
670
671
675
664
655
654
663
680
702
694
691
680
652
643
637
625
641
663
674
675
694
709
703
686
678
680
676
661
670
683
691
683
678
684
688
673
668
691
723
725
737
757
760
719
717
710
709
688
693
687
659
634
621
625
652
697
730
763
735
751
751
739
698
693
688
681
657
680
690
703
710
713
738
738
729
702
698
677
648
652
664
681
676
703
709
712
688
686
689
677
689
716
727
716
707
695
653
644
648
663
661
692
716
736
735
750
764
722
715
673
658
643
636
629
622
620
597
585
579
578
579
575
579
584
593
606
599
596
592
590
572
573
569
576
588
588
585
591
597
587
585
576
571
576
580
570
566
572
587
596
578
567
558
566
576
608
612
610
632
654
660
659
685
706
719
700
709
722
697
683
707
705
693
724
730
740
724
715
704
732
770
763
752
759
772
768
741
764
774
766
756
775
795
761
778
795
800
776
787
768
779
797
800
791
805
814
796
827
814
825
825
807
813
820
804
804
801
795
791
807
804
758
783
804
787
791
809
814
772
743
742
757
783
802
762
772
748
710
711
741
723
730
741
735
713
725
740
719
732
746
738
723
722
700
654
653
660
665
650
646
648
661
683
699
713
721
709
679
677
667
661
642
638
637
643
643
647
650
658
650
665
672
677
651
658
656
644
633
635
632
627
610
594
590
596
596
587
579
575
568
552
548
548
548
548
565
598
606
609
637
660
661
643
654
675
658
647
655
644
635
628
657
678
658
666
669
667
652
671
676
655
631
607
608
623
633
666
677
660
677
685
678
647
647
658
659
652
681
658
628
616
602
597
610
634
640
642
642
636
613
596
591
596
625
646
637
649
655
666
665
663
667
656
626
632
636
646
655
648
643
629
620
611
606
599
591
597
604
615
643
635
669
687
686
721
720
695
690
694
685
661
660
671
643
630
616
638
640
664
688
693
689
696
663
631
608
591
587
584
588
644
686
701
728
734
699
705
699
686
667
677
659
641
656
686
714
737
729
751
773
733
741
727
707
725
706
734
758
763
738
764
776
774
775
826
837
820
819
828
771
710
681
656
649
668
719
757
767
746
704
704
714
741
734
725
731
732
715
733
743
722
728
741
749
728
726
709
689
682
677
668
699
722
734
762
764
737
750
746
700
722
719
710
705
732
722
700
669
634
611
594
584
578
595
604
641
651
638
608
594
577
570
571
571
576
595
608
626
646
645
651
656
642
663
702
731
713
701
688
680
645
648
633
616
613
641
664
664
677
688
682
662
649
638
616
624
622
631
625
630
617
621
653
676
654
676
697
688
673
700
691
688
677
659
658
655
653
687
711
707
711
717
692
658
657
663
677
685
683
659
668
681
690
658
671
665
653
640
642
632
623
638
647
698
727
735
765
782
755
729
727
704
680
682
675
641
640
660
672
685
728
731
764
751
779
765
748
702
666
631
599
583
573
570
593
643
704
771
786
816
861
872
878
870
826
806
774
761
756
733
692
653
634
613
637
678
737
747
790
807
787
792
744
711
698
653
615
601
580
574
565
580
613
652
704
760
805
821
784
783
763
723
759
791
800
771
754
766
797
805
796
805
741
728
709
743
798
822
780
802
800
770
752
726
767
812
826
839
804
771
765
763
770
758
731
719
694
674
687
697
697
683
672
678
692
692
675
662
652
653
691
712
672
685
690
717
696
670
655
670
679
670
720
747
758
831
847
839
817
774
780
769
768
744
713
681
682
690
688
724
768
810
802
824
832
829
805
760
767
765
756
754
719
736
749
779
776
780
797
805
774
782
791
773
742
748
771
790
778
813
821
803
788
786
743
752
728
706
687
712
722
682
705
724
736
748
699
723
749
772
723
713
720
741
749
713
730
735
725
723
742
758
760
785
794
790
766
797
804
787
762
719
706
746
759
784
800
790
755
777
806
813
820
772
754
743
741
727
696
709
715
724
727
695
722
725
724
705
726
730
720
691
688
689
688
665
688
705
734
720
745
744
729
703
715
704
700
678
690
697
704
695
695
711
712
712
690
717
723
724
691
696
700
709
708
686
698
706
714
717
729
751
769
771
745
753
739
711
679
677
676
688
679
696
707
727
714
734
743
735
701
701
696
688
672
688
700
710
687
688
677
674
739
754
760
752
721
710
687
675
685
697
695
692
691
684
664
688
720
736
735
733
710
676
690
700
723
729
717
739
749
734
749
765
740
746
767
756
731
743
743
729
697
710
722
723
708
722
739
723
723
746
757
757
738
737
738
747
729
740
734
729
725
734
730
705
703
673
650
654
667
657
660
670
667
656
662
673
681
678
673
685
692
710
704
716
738
760
757
747
748
746
731
714
715
720
725
698
685
709
755
799
787
777
796
800
791
758
736
738
729
710
701
705
717
731
710
727
727
726
725
748
756
723
712
709
689
676
680
683
682
658
660
659
646
648
660
664
655
671
678
681
668
683
691
692
672
677
679
688
672
689
711
723
705
709
701
673
675
685
688
678
662
665
660
647
623
637
642
651
640
652
673
678
668
670
690
701
675
683
693
694
661
667
668
673
662
691
698
691
671
689
696
690
664
687
690
694
675
710
723
742
705
712
708
682
669
658
668
736
764
789
772
752
733
706
679
682
688
697
688
674
657
655
648
632
626
642
696
726
725
717
718
725
688
698
703
707
688
694
703
709
693
709
711
715
712
687
688
673
668
649
666
697
703
692
676
689
703
690
681
668
653
651
668
668
648
655
679
698
685
705
724
723
697
700
710
727
724
703
718
730
742
738
731
753
770
775
778
753
761
758
753
726
722
740
755
749
733
750
764
731
687
699
690
687
669
677
697
725
744
729
735
737
743
739
723
730
733
727
713
699
717
732
754
739
748
749
707
698
690
684
664
664
670
677
669
677
698
726
733
711
709
703
689
666
676
689
697
705
712
740
737
720
701
708
704
693
682
683
690
670
669
666
656
644
670
694
725
728
751
771
762
750
750
744
698
688
685
678
664
668
677
687
699
698
712
732
748
729
729
721
727
734
724
731
754
773
753
734
737
726
698
703
698
691
677
691
691
688
678
698
712
724
706
717
726
713
705
712
715
694
705
712
721
698
710
711
709
691
712
742
758
734
745
750
743
712
706
700
701
694
709
727
728
713
721
713
682
679
668
661
645
660
667
663
652
639
625
613
607
611
623
638
647
631
626
631
626
617
615
630
636
635
655
683
710
711
741
754
750
732
738
730
710
689
686
677
655
657
655
664
672
668
648
664
679
702
680
686
695
697
676
669
667
663
646
651
671
686
686
690
713
734
742
740
754
759
731
702
701
695
669
671
673
682
693
708
735
756
743
734
721
708
688
668
674
676
677
655
653
649
654
637
637
649
661
659
647
638
629
649
667
646
644
646
640
632
613
601
588
598
621
669
725
771
789
773
761
757
743
728
704
697
687
682
664
681
694
703
699
688
700
705
698
676
688
692
688
675
688
687
694
681
668
679
657
661
677
690
685
670
679
679
663
640
631
630
632
649
665
650
669
692
722
731
708
701
690
682
673
677
693
688
684
654
671
672
691
670
688
710
726
713
693
716
724
727
706
712
708
695
679
685
686
675
676
701
719
716
687
683
692
684
659
646
642
657
658
671
711
718
719
722
725
709
706
699
695
666
670
671
673
655
666
669
675
658
673
689
705
689
697
707
699
679
657
632
609
601
607
613
607
628
669
712
727
701
721
741
736
710
690
686
677
678
664
670
677
690
679
687
722
739
763
746
760
777
789
772
764
767
767
750
740
756
777
771
752
762
772
752
711
718
703
705
678
683
684
675
653
652
643
628
618
615
601
597
597
591
579
575
576
596
614
627
646
646
628
596
623
612
616
611
664
716
715
728
738
743
738
708
671
666
655
642
632
646
646
647
637
649
661
664
662
686
695
660
668
676
672
643
646
652
654
636
633
627
622
603
602
600
602
597
601
619
637
650
639
648
660
667
646
647
654
660
644
661
671
670
653
666
673
691
677
648
659
666
668
666
668
677
687
674
659
659
653
643
619
610
610
607
595
594
615
662
667
661
661
671
672
661
657
646
641
626
617
602
586
569
561
582
662
748
751
734
753
758
747
710
685
675
660
643
634
620
605
594
608
638
650
637
650
664
678
675
656
642
645
677
711
743
749
746
743
736
705
712
731
741
760
764
753
740
722
707
695
667
669
669
685
710
714
706
703
698
681
646
641
621
625
604
617
619
616
635
646
640
632
617
622
625
621
619
602
606
595
643
653
682
657
698
714
715
696
716
724
711
679
689
691
681
664
698
716
704
743
761
737
736
749
755
684
693
686
686
663
681
692
721
688
731
753
764
733
755
765
771
728
731
753
756
752
730
761
769
790
751
748
747
750
716
701
689
707
688
716
721
715
701
717
718
686
681
682
660
636
635
638
640
627
655
684
700
699
726
742
741
709
713
716
720
733
712
695
723
739
729
698
720
735
753
768
802
803
763
751
741
722
688
714
720
726
697
722
736
749
736
754
754
730
695
696
685
679
683
718
746
759
740
751
761
737
693
696
692
688
676
692
711
710
708
729
723
725
685
711
731
761
753
761
772
782
734
723
723
713
697
702
720
729
731
692
708
717
708
679
683
690
692
671
684
682
683
662
676
673
674
657
631
633
640
644
658
633
636
643
638
629
616
624
642
646
631
648
653
670
670
677
696
717
729
709
709
728
747
725
695
707
700
689
669
687
688
688
675
709
736
729
734
747
752
727
699
695
687
671
668
686
711
735
735
761
770
771
743
752
748
738
716
709
687
658
670
706
741
785
824
800
792
791
762
709
707
688
677
645
659
674
686
681
705
728
735
705
702
693
665
678
670
653
640
658
660
669
647
667
666
666
646
653
664
681
664
683
698
714
700
718
720
709
683
676
662
666
673
687
651
676
688
663
656
666
666
680
693
691
694
695
683
654
641
625
610
607
620
637
647
646
628
643
660
687
685
700
716
736
734
746
734
688
679
688
706
710
702
672
689
692
712
704
692
711
726
725
694
671
650
665
743
796
817
811
770
730
743
748
743
724
684
650
648
657
696
735
734
775
813
841
848
813
805
777
759
717
718
728
707
676
689
704
721
713
710
725
748
761
737
755
757
752
713
712
714
716
694
703
708
705
702
729
736
724
692
669
663
641
637
640
640
647
640
661
669
681
660
675
684
674
647
648
648
639
631
620
613
616
637
677
681
658
663
667
651
641
646
673
686
672
659
679
688
697
707
679
672
692
718
755
729
733
744
771
744
700
711
712
703
679
704
729
723
694
722
741
711
732
737
748
735
747
749
758
721
730
722
718
685
693
717
747
732
762
768
771
739
741
728
694
696
693
688
662
675
696
715
722
719
738
762
746
716
723
731
718
699
702
698
684
697
719
743
729
752
766
761
724
725
710
685
659
667
685
709
737
756
733
734
737
750
741
711
713
708
696
677
694
715
722
713
754
786
785
753
756
722
673
672
677
695
694
692
720
758
713
710
704
698
663
659
647
636
625
623
643
660
685
676
682
669
661
644
642
658
666
648
648
666
675
661
684
698
707
701
695
696
687
675
669
679
694
709
698
691
703
704
711
696
706
714
702
659
673
687
694
678
683
680
662
648
658
668
631
641
643
628
626
633
650
662
651
688
707
713
695
721
738
737
703
707
700
701
671
684
695
701
684
709
724
741
744
735
751
743
703
703
694
666
628
641
660
696
688
721
749
766
738
747
736
722
682
690
691
686
663
677
675
675
649
660
691
726
760
742
736
737
727
677
673
663
658
642
653
671
705
695
726
740
742
722
749
750
722
728
739
747
706
720
725
720
698
726
744
735
739
767
789
778
740
755
766
720
692
679
671
727
808
849
869
851
804
791
780
736
725
691
697
697
719
721
694
723
735
750
736
749
754
733
695
686
691
690
676
680
703
736
745
728
721
716
686
701
713
721
702
675
685
690
687
658
653
648
649
640
659
686
714
704
730
757
765
729
743
739
702
683
698
688
674
656
676
690
703
696
723
743
732
715
725
727
722
701
715
718
710
688
709
715
706
702
721
729
735
740
753
760
740
743
750
755
719
716
716
729
700
702
699
710
669
687
681
662
647
649
630
639
664
677
675
661
646
655
636
618
617
614
624
623
614
611
628
641
623
620
623
636
640
645
622
620
618
625
626
623
657
690
722
695
721
730
735
735
696
703
711
704
702
684
683
689
701
711
714
724
727
735
706
708
744
774
768
753
762
764
720
712
715
704
670
639
629
636
718
772
811
821
800
777
766
762
736
693
683
688
685
685
673
673
688
710
726
702
734
725
729
699
719
729
733
708
725
730
719
671
711
719
738
689
716
720
724
693
723
741
729
764
737
723
698
724
749
784
751
755
747
729
715
727
751
729
689
698
693
700
686
712
721
716
707
725
731
710
677
677
673
658
658
661
656
644
653
681
713
720
743
766
790
751
760
756
720
703
715
716
685
698
732
753
729
732
733
720
726
740
734
706
722
729
715
731
744
738
709
727
735
735
722
719
717
690
713
729
748
726
727
709
667
669
673
688
669
709
716
716
678
673
684
693
677
687
697
700
679
686
682
657
638
633
624
628
627
646
655
645
688
748
740
752
751
731
717
732
741
719
691
698
677
671
676
703
733
742
790
828
819
783
770
734
690
698
704
707
687
713
753
765
755
774
789
772
733
733
729
711
722
752
789
797
773
779
786
773
733
735
715
686
709
756
779
742
756
759
718
717
693
650
633
627
630
628
620
624
639
650
642
658
666
666
645
646
659
663
659
641
619
605
614
628
622
610
615
629
639
660
687
691
680
654
646
646
642
627
631
626
636
632
638
662
682
678
665
650
638
674
723
739
745
760
756
747
743
732
711
729
732
743
720
732
729
742
717
714
705
725
746
707
712
710
708
722
704
700
679
682
665
641
657
650
646
661
681
682
671
630
625
604
590
590
585
582
596
598
600
602
599
605
607
600
593
591
570
561
566
570
575
583
592
594
600
593
586
587
582
573
564
558
554
559
559
581
586
572
569
560
556
560
560
568
568
568
565
558
544
532
533
534
540
563
594
606
614
623
614
605
600
592
582
577
558
556
543
546
546
533
542
549
570
587
629
632
669
673
608
607
619
630
630
631
620
605
610
603
595
568
547
552
552
554
566
589
617
634
631
640
643
628
621
606
579
562
554
556
544
566
576
600
611
618
623
619
614
607
605
580
571
562
564
566
573
586
593
595
593
553
556
550
560
580
568
602
597
592
592
592
595
595
592
586
587
579
578
581
579
567
567
558
565
586
606
608
609
583
580
571
570
572
566
572
578
567
562
558
552
556
559
571
541
548
540
554
566
586
591
592
589
589
584
583
564
535
549
547
563
604
638
612
680
711
713
754
761
771
715
686
670
650
614
634
663
660
632
655
689
710
684
646
632
645
653
653
634
622
606
591
592
605
614
607
586
569
552
539
533
537
556
589
644
690
670
682
709
719
729
720
696
675
661
650
633
597
583
581
588
610
634
661
670
672
680
669
672
653
637
615
606
611
606
613
613
614
618
612
615
624
606
599
603
601
575
571
565
563
573
586
596
597
611
626
604
590
586
603
625
635
663
673
667
662
658
636
614
599
601
607
621
634
624
601
590
600
620
646
658
659
644
649
678
704
713
680
653
646
665
693
711
723
727
720
716
700
684
655
652
650
651
628
603
590
593
610
625
640
646
658
664
669
669
667
659
649
650
646
639
618
608
600
612
634
644
642
642
642
601
607
599
601
611
600
612
614
620
626
634
635
631
617
597
587
580
586
598
612
624
635
641
641
647
642
633
618
590
586
581
586
597
617
633
650
657
655
653
660
639
625
609
610
615
604
605
616
633
661
705
708
707
692
675
658
638
626
618
619
597
592
590
610
646
681
696
688
676
642
606
601
580
582
595
623
645
646
630
646
646
671
685
670
671
676
693
697
695
651
639
641
658
673
653
646
646
647
654
661
653
636
632
645
651
651
681
708
713
745
739
716
649
660
671
661
682
679
675
668
664
642
604
604
593
603
619
640
656
666
681
652
689
701
714
704
693
678
655
646
635
641
658
668
669
653
628
608
602
596
602
612
615
601
587
593
600
617
642
646
642
644
662
685
676
693
678
676
653
673
677
651
690
705
703
714
725
711
715
658
679
672
675
641
687
688
719
734
727
720
698
669
619
592
582
582
595
619
644
659
671
655
650
648
643
647
653
669
636
648
657
657
686
714
751
722
753
773
769
765
771
756
774
750
756
763
729
709
682
709
724
681
721
746
747
750
771
787
771
775
764
762
751
759
774
732
712
737
748
729
771
798
784
762
761
756
731
715
722
743
754
771
777
765
746
728
706
695
669
646
664
691
707
712
744
751
745
710
675
647
625
640
657
676
669
686
709
712
725
768
761
768
781
778
774
770
747
731
742
756
777
809
799
762
780
784
767
747
703
686
678
696
721
746
745
776
800
799
768
769
763
747
712
723
729
741
731
771
808
813
796
816
815
777
749
748
731
698
727
731
740
713
741
744
720
737
749
758
750
710
733
713
682
671
669
704
751
770
763
784
795
799
763
756
758
754
753
778
796
808
756
744
710
681
674
673
688
718
736
717
730
735
735
698
727
743
737
725
747
774
793
768
771
747
697
688
701
742
769
799
784
756
756
750
752
747
727
745
755
774
773
785
789
806
788
771
768
756
729
731
737
739
727
744
760
777
750
754
753
737
734
739
740
733
710
725
729
738
729
744
738
718
752
754
733
705
720
720
705
694
712
727
731
740
773
789
779
790
787
773
733
743
736
728
716
729
724
725
729
756
767
741
753
750
729
715
729
721
700
725
749
752
735
757
758
710
726
720
698
701
704
695
677
688
700
724
719
743
759
752
750
755
742
714
733
729
720
722
749
757
751
726
739
748
734
720
727
730
724
706
715
720
712
730
744
725
718
725
715
692
708
716
689
704
725
731
744
759
743
738
722
670
691
698
700
669
666
686
719
742
758
754
746
736
728
711
722
742
763
765
742
754
762
752
724
717
719
736
730
725
732
722
691
701
695
689
677
696
706
715
697
711
717
725
710
727
731
719
688
673
655
651
645
628
622
633
643
683
735
753
752
736
734
712
688
688
696
722
742
753
811
827
813
804
807
812
791
775
803
807
781
766
779
770
745
753
781
779
766
744
750
753
745
719
730
735
720
728
727
713
730
741
704
722
747
762
769
777
747
740
742
747
730
733
757
780
819
812
760
755
762
780
786
755
752
756
758
769
740
754
776
751
733
717
692
671
685
706
706
697
742
797
858
866
826
822
805
775
724
695
712
737
747
742
748
763
759
712
681
670
673
696
714
728
727
719
744
766
787
795
777
776
778
773
737
759
778
782
768
772
786
792
771
785
781
748
766
769
787
763
786
785
782
744
744
756
775
775
790
799
766
715
727
693
689
711
723
714
710
719
716
702
710
693
688
674
681
681
687
664
671
691
697
698
703
709
705
685
695
711
702
673
663
657
667
663
688
714
724
708
727
722
689
683
681
680
669
656
659
653
639
645
660
678
680
673
686
708
720
709
729
750
724
707
705
695
675
689
709
718
696
703
722
718
691
701
712
700
694
711
721
713
731
741
711
673
673
683
688
669
670
691
661
663
672
678
685
668
686
707
703
684
689
697
703
685
711
700
698
666
673
671
662
637
643
638
639
633
620
610
607
614
654
692
743
763
721
745
761
754
717
720
688
659
662
658
646
633
636
634
630
650
673
680
661
677
675
666
649
653
646
637
615
604
603
603
596
604
622
638
631
645
646
633
646
659
660
654
666
690
699
678
632
625
627
629
624
651
661
674
651
668
665
635
651
653
637
617
609
601
584
579
568
561
553
552
556
562
566
574
574
574
574
571
569
566
564
567
567
566
562
561
565
576
599
611
584
587
588
600
615
604
609
608
604
598
586
577
575
580
580
587
584
586
581
578
580
570
583
586
586
573
563
543
544
542
549
552
536
541
543
545
539
537
529
540
550
559
566
572
578
584
585
581
594
596
604
611
604
596
614
681
737
714
743
742
694
658
665
665
669
688
665
662
656
634
649
656
664
681
687
677
673
668
660
642
631
618
617
614
587
597
616
643
657
687
722
683
731
763
732
768
803
789
745
779
792
748
743
782
796
769
839
862
827
841
856
797
819
831
795
787
814
804
745
774
743
726
737
729
743
694
672
662
710
749
782
766
712
682
695
700
683
701
732
705
669
695
698
682
670
659
645
632
619
629
640
668
694
706
677
719
734
718
765
773
798
768
769
769
764
712
737
711
740
784
777
786
838
858
820
812
809
788
749
811
821
811
848
847
833
808
847
860
812
832
815
798
848
859
835
821
835
785
789
790
784
724
786
824
822
771
796
805
786
732
781
775
753
723
763
788
780
793
813
812
770
738
754
767
774
753
779
774
729
741
754
722
738
712
694
717
763
726
727
722