794
787
787
759
766
763
767
769
771
744
759
782
786
753
732
729
721
713
708
697
682
670
717
735
737
720
688
674
659
630
618
622
631
640
680
711
766
789
775
775
738
707
730
773
806
777
763
756
713
668
652
657
711
775
743
705
677
654
644
658
684
725
771
754
777
740
760
797
807
772
799
757
747
772
813
853
883
848
865
859
829
811
848
778
806
775
737
761
788
792
788
774
772
786
790
771
779
749
728
784
771
782
802
762
747
754
743
693
670
669
726
828
891
870
840
780
769
785
800
822
817
768
791
795
811
837
838
789
788
807
855
858
801
795
774
750
753
784
811
801
771
771
781
774
746
772
823
845
827
848
869
897
847
813
815
812
832
781
787
788
779
744
751
744
772
799
824
767
728
729
727
719
708
686
675
697
733
780
806
768
749
764
763
744
726
725
748
782
762
791
824
837
799
817
823
839
802
818
821
840
838
828
860
867
758
783
757
732
751
747
733
751
773
770
769
800
799
743
784
796
822
805
856
898
842
818
871
867
858
880
799
857
901
813
844
879
840
818
841
851
826
836
839
856
936
861
893
933
810
856
886
837
878
931
918
958
918
982
979
924
825
898
971
991
976
951
946
928
961
977
987
951
944
922
952
959
952
856
882
893
888
812
858
910
937
873
939
962
877
910
951
959
904
979
995
928
973
995
972
894
984
1043
996
951
1019
1024
996
886
897
880
808
753
723
785
889
874
817
833
853
755
752
773
811
840
807
806
814
824
819
829
842
859
773
728
705
747
793
855
862
799
817
798
756
743
746
762
774
810
865
892
897
903
846
759
797
836
900
839
903
904
816
872
903
840
924
922
911
944
937
870
909
947
925
922
940
933
857
881
877
819
849
825
776
759
748
737
768
831
808
791
822
820
774
771
787
824
806
867
931
961
921
933
942
884
896
893
851
865
878
853
854
931
963
883
896
920
904
812
869
918
903
873
874
898
859
855
905
925
873
908
928
906
896
917
919
848
882
792
793
805
815
818
817
808
790
775
755
746
839
942
953
976
924
882
899
904
834
835
845
819
811
863
892
810
857
789
852
905
941
915
936
972
950
928
888
901
907
873
950
967
973
931
859
865
844
792
859
839
880
902
932
942
895
927
941
951
884
795
767
827
977
1037
1066
1064
1047
1007
971
894
893
921
992
996
1004
947
970
986
983
895
987
1029
938
994
1025
941
971
975
946
866
943
938
944
897
991
929
918
838
883
900
908
865
868
921
918
845
824
883
984
1018
1003
1031
1028
963
1024
1058
1034
996
1021
1048
995
1024
1002
891
900
942
949
871
944
996
945
870
902
857
807
763
742
755
817
884
846
893
938
979
962
924
957
941
846
921
964
1009
934
952
970
984
974
998
975
942
934
963
964
945
972
946
924
960
947
887
870
909
878
912
958
919
924
957
911
910
956
938
905
961
939
906
952
963
924
949
975
937
840
788
754
857
978
998
997
933
926
945
903
937
920
982
973
979
930
848
804
888
935
968
909
930
925
884
921
946
947
859
879
928
954
887
958
937
885
866
996
945
967
1005
986
953
929
818
840
916
943
936
924
966
983
948
984
1048
1037
1007
1053
1058
1043
1045
1034
997
1003
1063
1056
1072
1086
1041
944
953
877
782
852
965
887
980
1023
990
943
989
1009
1005
981
987
942
918
843
847
872
856
815
883
932
954
862
983
950
926
854
941
938
943
950
918
836
922
973
903
924
1002
998
903
961
903
933
1004
994
905
943
981
1030
978
1066
1122
954
900
857
898
841
852
776
818
775
735
740
760
733
810
836
875
872
828
926
974
977
935
958
896
899
932
858
786
744
785
959
1025
1043
966
912
926
938
854
932
973
965
928
896
829
798
752
719
750
790
799
749
696
718
731
806
810
818
832
840
781
792
805
783
762
718
751
750
759
743
777
817
785
741
772
787
771
722
748
757
717
683
696
709
717
687
700
716
729
734
758
774
734
750
743
699
694
727
766
810
783
753
780
791
786
770
817
835
799
804
810
818
788
827
836
791
839
836
798
764
802
827
805
838
865
819
814
790
764
740
771
789
769
829
820
740
747
723
707
736
782
733
696
721
745
807
798
779
788
796
825
856
845
896
904
879
812
854
866
886
851
825
857
893
873
843
890
924
892
845
881
904
894
855
924
939
913
850
895
905
848
860
887
903
855
932
925
862
924
925
850
860
860
831
826
907
919
926
958
932
826
854
881
843
847
891
913
856
882
932
908
909
964
943
903
951
956
953
938
919
871
771
795
870
940
945
939
976
965
925
949
933
859
883
889
831
809
864
856
896
931
938
833
832
846
843
835
814
852
878
897
853
884
879
880
866
840
878
878
824
913
970
894
928
915
806
816
807
763
766
851
788
866
847
808
772
845
851
800
842
865
788
842
854
807
822
854
878
798
837
830
793
739
793
851
840
764
750
758
748
724
675
654
657
736
836
877
865
847
773
789
789
790
794
742
744
760
759
746
729
708
692
707
718
733
694
713
713
673
660
647
664
713
739
756
783
804
790
830
829
840
804
781
790
797
767
747
798
846
863
810
872
881
828
859
857
811
799
833
781
746
755
745
859
835
859
915
931
883
927
911
795
826
824
782
868
854
881
898
859
840
886
811
716
704
693
747
766
770
773
764
749
744
709
672
640
638
636
646
659
679
696
704
661
660
668
694
657
673
688
693
695
710
713
720
692
703
709
711
706
757
798
777
811
831
800
832
868
871
816
871
896
879
883
926
836
864
944
858
858
826
942
985
863
906
1006
1066
1080
1037
1054
1070
1050
947
995
1063
1055
1106
1139
1092
1026
1091
966
1021
993
954
1059
1116
1058
1103
1131
1096
1135
1052
970
886
908
963
910
960
946
898
1014
1016
960
985
1035
1051
1039
1078
1069
1017
1073
1001
940
891
930
1005
981
829
772
888
1011
1052
1021
1023
1021
995
1007
1049
1038
1029
1018
982
962
985
1000
1015
936
905
901
908
830
892
892
793
820
948
1028
997
952
957
989
962
927
972
1006
1002
964
966
928
901
988
1043
1016
904
926
920
858
943
987
922
1004
996
897
900
951
977
919
968
957
846
835
807
781
835
905
893
977
960
923
869
908
908
843
776
842
870
954
934
978
1018
992
901
918
922
892
898
917
924
891
874
907
928
888
871
903
892
875
903
867
848
935
944
864
913
926
940
869
926
954
891
854
886
874
797
738
703
754
775
787
762
810
860
860
780
810
829
830
840
844
846
850
853
762
838
862
896
881
890
915
917
841
895
895
858
857
940
967
922
898
898
907
813
818
853
854
864
782
769
755
758
867
938
855
955
994
957
900
970
971
898
964
994
877
952
999
929
907
973
964
840
880
924
814
747
823
952
979
975
881
931
833
902
950
942
852
920
957
967
983
980
974
978
977
928
891
932
979
983
919
979
969
852
913
933
883
948
995
915
900
994
910
933
835
792
815
834
778
840
883
832
919
942
956
939
962
959
945
846
893
920
903
896
829
836
907
906
856
936
958
897
832
915
963
931
854
965
989
915
940
923
875
858
888
889
812
886
899
922
855
901
943
951
861
896
897
882
831
929
939
891
767
724
775
855
927
940
867
838
890
898
928
940
952
962
880
907
931
967
962
894
938
946
936
871
819
881
909
877
829
873
866
802
857
862
847
808
883
837
853
809
807
862
911
897
837
892
877
793
804
876
874
928
896
948
935
877
808
796
781
851
893
938
953
888
885
869
849
785
875
950
995
1008
922
1003
1035
1021
962
845
901
940
891
927
920
791
745
730
868
950
978
959
913
896
879
886
867
842
833
858
877
892
874
848
888
891
841
828
868
892
931
895
883
916
928
884
831
845
888
853
897
917
918
833
912
922
927
903
941
941
866
916
902
811
838
821
763
759
782
755
751
842
890
797
808
872
930
917
854
887
950
952
935
872
897
919
926
870
921
937
934
897
957
975
944
881
924
990
957
874
939
926
901
868
961
988
932
960
985
958
853
929
981
938
885
980
1001
864
952
1002
991
921
923
964
938
916
956
949
834
757
740
878
927
922
844
841
883
822
840
870
894
900
931
930
905
875
865
924
964
990
902
926
996
1006
895
914
960
891
804
844
732
807
859
879
860
850
856
787
789
839
860
847
816
804
848
864
874
879
898
900
887
807
809
840
882
901
843
908
925
852
902
857
810
840
818
786
766
820
848
834
840
873
784
733
764
820
825
843
776
783
814
820
814
848
746
710
695
694
672
669
693
720
717
713
701
737
772
803
805
787
775
757
721
727
706
723
725
773
798
811
785
722
742
726
721
710
696
692
684
663
666
659
670
705
704
717
705
708
698
670
644
636
666
772
825
828
888
860
875
875
891
836
892
911
916
919
931
830
854
871
905
929
871
826
860
910
876
848
893
921
852
930
880
861
856
841
782
872
876
832
875
789
733
730
695
692
719
779
774
760
776
751
763
805
829
772
828
793
777
797
828
782
800
848
816
837
803
813
870
892
827
793
870
930
944
883
909
933
927
937
945
918
943
867
915
904
837
934
888
818
792
820
753
711
725
782
819
785
781
770
700
703
709
729
742
750
771
811
789
794
729
739
764
787
788
775
724
729
769
804
834
770
716
693
736
805
854
896
902
947
957
886
929
894
962
925
933
884
831
812
876
924
898
886
864
837
812
727
778
734
814
791
886
845
908
956
892
918
943
909
865
909
946
929
996
908
814
757
720
793
920
961
1005
1021
1041
1028
1030
995
865
851
866
863
827
863
946
993
936
792
732
692
742
723
811
760
803
767
841
881
905
921
923
933
941
940
979
955
926
935
925
869
885
888
821
843
784
752
747
724
769
831
896
861
877
891
907
829
850
729
708
764
964
974
938
948
984
994
882
890
996
1008
946
841
766
748
818
896
965
959
979
977
980
942
895
891
884
864
902
906
898
845
817
821
823
926
898
980
994
929
964
976
903
895
882
926
872
905
950
878
950
983
930
941
919
863
900
917
851
925
959
932
917
916
820
873
882
819
853
878
882
825
826
850
830
807
847
815
825
774
802
804
836
805
780
745
790
891
941
913
875
901
887
858
847
864
805
866
916
968
973
1004
938
889
895
884
861
844
828
795
893
924
954
992
907
923
847
779
803
767
771
835
861
822
860
858
800
855
883
844
831
905
919
893
903
865
819
857
838
885
911
888
956
953
802
726
743
797
834
849
783
819
855
891
894
843
799
783
757
830
884
894
911
894
804
825
769
761
858
810
810
854
927
925
978
973
959
952
866
911
941
976
874
829
817
826
892
933
832
819
849
872
884
849
761
804
776
781
820
764
737
764
791
832
776
873
914
913
911
850
919
947
971
929
960
958
931
930
902
815
852
888
868
945
979
938
959
945
854
883
908
873
887
953
970
989
971
950
961
895
814
761
762
948
999
1022
1001
949
947
837
775
761
749
788
883
963
992
996
1006
989
988
965
954
925
861
879
846
852
922
947
825
898
913
857
895
900
886
844
895
880
845
859
829
774
814
780
786
840
843
938
976
938
936
920
817
839
844
785
761
831
826
833
752
746
789
831
801
836
887
908
911
834
887
914
903
846
884
934
896
835
851
848
844
867
789
823
831
854
832
774
793
802
799
724
725
732
854
919
978
965
984
955
817
833
870
894
899
825
839
842
868
843
831
848
833
795
864
872
801
843
810
865
879
831
802
820
767
798
753
739
735
773
773
768
760
736
718
697
692
679
656
636
630
659
649
668
698
723
713
778
799
833
804
750
725
694
707
725
753
801
854
828
855
823
776
780
755
813
848
822
817
814
756
802
815
806
768
845
849
785
842
857
817
854
859
836
795
812
804
872
842
797
747
704
672
686
747
852
854
842
789
798
821
817
808
779
815
784
828
859
879
871
861
801
795
773
736
729
773
768
749
802
843
846
770
770
767
732
690
682
668
663
676
688
701
711
706
702
698
684
683
662
632
631
631
656
673
636
639
636
640
648
656
646
630
634
637
638
653
640
627
621
620
637
655
639
646
651
647
658
636
620
628
619
632
659
703
722
707
724
759
837
829
811
796
806
784
811
872
922
894
874
893
909
857
742
716
761
891
936
978
874
895
906
847
822
789
902
998
1015
989
1005
994
966
821
879
917
957
900
963
1011
1019
1012
1017
1075
856
962
1010
990
851
786
803
846
844
961
986
961
976
957
864
866
944
858
939
985
940
849
859
929
906
968
939
925
823
861
901
852
897
823
936
985
985
925
993
981
891
952
974
857
810
826
993
1016
983
1013
1054
1067
1069
1021
1034
1017
943
1000
1040
1013
1050
1000
1061
1060
956
994
1032
918
906
976
1000
1031
970
926
993
1020
922
1015
1022
1001
864
916
844
796
813
895
944
962
973
891
970
1017
1041
1036
986
1020
991
950
957
953
798
767
816
996
935
899
975
1014
1030
905
924
929
929
892
887
803
759
795
851
913
913
867
951
982
973
937
928
935
935
928
805
844
905
975
990
987
973
904
969
945
971
994
1020
1027
972
947
913
939
937
881
862
1002
910
970
980
883
855
866
934
1002
1015
1023
928
969
907
943
1019
1060
1065
1062
1006
1016
1033
1009
1041
1026
929
920
961
948
987
1007
981
933
905
971
1003
959
1009
1027
977
1012
1042
971
973
976
984
978
880
819
913
953
915
861
914
925
918
967
918
935
954
961
881
959
998
984
934
983
984
822
815
799
903
895
873
813
900
927
997
956
978
903
911
893
897
872
921
938
946
879
867
931
997
946
979
954
991
966
850
797
801
857
835
911
964
916
900
932
964
959
899
925
946
970
943
963
984
1012
979
983
962
965
987
964
954
972
932
938
982
934
943
936
929
991
913
940
797
794
773
840
896
788
763
860
1023
1063
1004
921
929
1007
1063
1008
1028
1021
1044
1057
1066
1051
1001
980
887
928
974
932
944
944
863
972
1021
1032
967
1023
1053
1045
1058
1062
1063
1049
1033
958
895
874
822
907
939
869
905
986
979
926
960
957
937
976
951
868
949
996
948
951
924
871
972
938
993
1051
1059
1008
1050
1037
1062
1088
1055
1007
1068
1027
927
953
925
1004
952
894
818
850
905
954
975
965
1050
1085
1080
1035
1038
1049
986
1023
1032
1021
917
932
944
1022
1026
976
902
935
1020
995
1058
1111
1035
1077
1049
916
973
976
931
1070
1141
1092
1053
1096
1087
1019
943
1036
1097
1060
1064
1060
1026
1042
1048
963
1007
1063
1025
923
977
906
925
935
905
834
915
857
896
947
985
955
956
1016
977
914
1022
1029
1003
938
1022
1022
944
990
921
792
836
944
965
881
883
892
785
782
853
883
870
819
885
924
927
899
853
816
882
892
920
971
989
979
888
879
881
845
882
923
979
1055
1042
1090
1098
1048
1079
1083
1101
1092
1026
1070
1083
951
878
979
896
885
837
809
939
952
1003
1047
1025
963
1008
990
938
1005
1015
955
953
1008
881
805
893
1012
1049
1006
916
933
950
914
916
954
964
956
956
996
988
982
963
1009
993
957
965
955
896
905
916
841
897
944
981
934
976
1007
978
968
1003
970
1010
1030
983
1006
966
971
978
856
832
927
935
976
962
846
883
887
811
862
864
813
781
796
817
764
740
802
778
795
852
778
774
826
853
829
871
878
799
860
894
847
775
849
892
875
841
875
878
898
903
896
782
730
714
803
864
918
927
885
893
937
954
918
916
855
880
896
863
883
908
902
926
935
917
940
961
939
978
979
952
944
950
908
852
837
833
911
950
911
971
950
888
877
813
855
841
850
847
795
765
815
873
916
918
923
846
923
964
993
935
965
981
923
852
939
1015
1041
1044
1032
1015
1003
929
819
889
959
1004
1010
969
950
974
1001
1003
1003
996
986
956
1004
1005
1014
955
954
981
945
950
999
956
969
1023
986
901
820
904
985
1001
952
969
1055
1082
1052
1043
1088
1080
1034
1060
1094
1076
1046
1083
1109
1068
1099
1087
1045
1008
985
952
926
943
1031
1057
1016
974
1015
1024
1002
1055
1052
1003
1032
1070
1039
1044
1031
938
844
782
876
1024
1089
1079
994
985
951
910
902
908
890
868
815
823
924
934
914
850
869
881
854
796
886
920
884
867
926
965
929
956
1007
1031
941
878
902
956
901
960
992
1004
1013
1032
989
936
973
854
974
1004
1017
1040
997
1026
1063
1079
997
1010
1031
1026
1007
944
860
896
855
1021
1008
983
948
926
932
888
858
977
1029
1043
1016
964
1022
1024
976
984
1017
1010
942
969
1002
952
956
1008
1018
999
1039
1059
1004
1042
1066
1011
1039
1063
984
963
932
952
901
1026
1023
992
1046
1043
968
1030
1024
974
1049
1053
1004
1020
1022
1040
1100
1094
1034
1075
1092
1001
986
943
816
875
974
1008
936
984
961
910
942
935
934
915
889
972
984
915
941
963
895
916
914
881
928
938
939
974
967
916
968
972
901
930
946
903
944
955
877
915
929
873
924
951
927
1006
987
938
1029
977
972
985
968
1022
1031
990
1010
986
906
960
922
905
979
927
977
971
928
940
920
833
901
886
951
998
987
1004
1025
945
970
983
928
925
957
959
909
989
965
911
942
1013
979
980
1063
1024
1027
1042
983
943
923
841
743
784
806
789
896
861
880
898
877
859
837
745
743
742
746
709
750
774
789
775
700
677
682
738
821
849
840
787
822
855
853
842
816
819
851
895
898
867
897
888
865
840
906
969
913
923
948
933
914
951
938
868
909
910
892
884
997
1029
997
1004
989
850
905
905
836
835
837
804
789
796
739
725
748
762
777
798
792
794
786
742
733
745
747
770
782
797
798
782
721
722
737
789
851
863
813
775
768
726
720
730
753
770
775
763
770
771
772
774
765
750
731
775
827
764
762
785
808
869
922
922
886
902
878
938
937
804
808
837
835
854
836
870
873
867
855
856
875
799
848
875
910
946
930
947
926
943
803
832
796
748
742
754
773
821
809
810
740
738
749
744
747
718
723
745
768
794
792
774
784
791
787
773
789
721
724
730
773
790
800
796
809
821
839
797
774
766
772
789
797
795
731
686
669
694
715
766
846
902
856
950
1016
1030
1043
1036
978
940
1002
935
982
983
916
1035
1076
1043
1073
992
1039
1063
1082
1031
873
788
778
939
988
1030
990
974
1023
994
909
851
837
794
798
765
741
755
747
737
745
771
742
751
816
865
901
935
888
933
945
903
850
901
959
951
952
917
868
846
870
823
871
900
854
820
882
879
933
968
923
863
865
936
976
934
943
972
1005
1015
961
1018
1063
979
1002
1048
988
1025
1080
1063
1022
1083
1068
1029
1065
1073
1040
1087
1071
979
1021
1069
996
973
912
865
951
1039
1060
991
1048
1115
1101
1044
1063
1076
1013
997
1004
1007
1105
1119
1105
1050
1072
1077
951
896
854
849
911
988
926
980
978
906
1003
960
863
912
904
849
877
852
783
814
790
726
693
671
687
814
862
870
841
763
772
796
817
768
781
786
785
794
754
790
800
809
763
770
788
748
756
838
857
822
860
859
779
832
865
842
854
981
981
983
992
925
920
983
957
923
965
986
980
976
1019
977
1017
1046
1021
978
968
940
879
953
926
862
939
962
889
939
1002
1015
941
992
1014
979
920
973
996
971
953
1036
1050
976
916
1021
1097
1029
1001
1064
1033
916
927
991
1000
944
973
1019
1007
966
965
957
966
932
964
1030
1036
944
881
865
814
887
915
963
1027
973
955
944
863
928
949
932
924
970
942
917
963
919
841
814
867
935
974
944
862
929
965
955
884
944
982
970
929
882
936
953
952
906
967
904
837
878
932
851
926
938
908
792
790
849
874
852
811
914
873
875
938
965
889
947
969
891
921
932
876
929
966
979
938
943
943
928
920
938
936
878
855
853
852
877
828
837
854
842
816
762
721
680
661
649
657
664
680
683
678
654
629
636
637
637
630
616
613
609
620
626
620
624
619
620
625
628
642
644
653
639
616
620
628
653
675
690
652
680
690
708
720
711
698
686
675
648
630
640
662
702
730
711
707
701
702
690
681
672
683
678
668
658
670
673
667
660
610
620
609
632
649
665
671
632
686
699
705
726
740
729
729
726
714
709
693
696
691
678
663
638
646
651
650
648
667
695
711
719
732
752
750
741
741
727
743
737
712
683
690
718
741
762
754
698
700
685
650
677
696
724
751
800
805
793
805
803
799
785
756
744
709
700
701
729
702
691
692
658
689
679
725
793
821
817
787
811
805
781
750
741
726
719
733
690
673
654
658
674
680
703
733
775
771
778
716
726
715
735
746
763
770
750
755
734
735
670
681
696
719
707
697
729
748
730
762
754
778
727
711
689
719
746
778
801
845
833
823
823
802
779
743
728
704
724
758
791
787
708
738
755
794
779
814
821
825
829
816
783
697
690
661
694
721
750
777
825
844
854
843
782
759
749
787
804
838
879
895
878
843
818
807
838
768
731
735
760
800
844
893
907
799
848
842
852
797
730
738
744
794
825
757
801
820
852
876
895
887
896
880
882
781
848
897
875
910
881
899
896
824
810
792
839
768
781
800
888
954
971
961
1020
972
937
958
938
935
979
1016
1040
1070
1090
1087
1020
989
953
801
764
831
914
967
959
953
988
982
910
921
938
770
741
755
764
778
809
850
917
940
930
894
880
850
825
779
744
726
699
723
718
748
771
784
789
739
760
748
770
765
777
764
767
741
718
703
712
719
747
771
689
724
730
729
767
699
734
722
734
729
736
732
725
723
713
721
723
702
720
713
695
691
705
725
729
718
692
675
642
670
716
742
739
749
739
690
676
675
651
688
723
682
720
714
720
729
730
754
749
698
697
685
727
779
807
817
824
813
796
725
714
699
680
732
757
773
794
802
790
813
832
833
729
743
744
768
742
759
768
797
820
801
839
841
840
778
738
767
803
801
826
794
721
733
688
663
639
628
703
770
795
811
831
819
812
787
772
724
750
784
811
733
799
813
840
853
853
862
822
813
825
831
760
767
797
813
858
878
896
793
808
812
848
855
826
772
747
740
769
814
850
830
800
725
732
749
820
829
779
799
836
830
850
933
971
992
976
951
1011
1020
1009
1010
1009
907
914
970
1015
1008
960
995
1032
1065
1040
989
1001
1057
991
1035
1094
1053
1009
1035
933
842
850
951
1014
1040
1033
959
934
852
803
909
963
971
1015
1012
1022
1002
874
974
1021
991
1001
1061
964
1039
1061
989
1000
980
1020
986
1043
1056
1013
1061
998
842
768
756
789
844
881
949
974
948
991
1010
1016
949
950
929
947
854
930
977
1019
997
920
981
1021
1000
1005
930
945
990
972
966
958
1042
1018
918
983
953
933
900
848
765
848
778
838
820
948
898
783
776
975
1033
1016
1007
968
944
992
989
998
956
913
922
859
840
893
814
845
829
812
839
844
809
763
802
794
823
830
861
795
836
825
862
823
830
885
922
878
956
942
985
1008
1024
1020
1027
974
1026
1063
1045
1054
1027
1051
1036
1031
979
1030
1036
929
1039
1104
1012
1018
1002
1012
930
993
1084
1070
1060
1080
1066
913
1024