744
783
815
774
767
818
813
822
874
803
764
785
787
760
735
731
713
702
701
712
718
729
758
809
830
812
807
790
784
777
757
733
743
754
766
775
798
787
769
763
718
702
701
715
737
739
717
704
706
709
690
682
665
688
722
727
713
689
667
670
691
711
739
739
746
749
732
720
725
708
678
653
637
649
677
688
703
733
739
737
730
749
750
747
721
689
664
654
640
631
654
728
761
769
814
833
842
832
822
779
734
723
697
724
714
736
771
779
800
819
797
793
775
753
765
755
756
758
753
744
717
722
713
725
759
798
829
877
858
858
819
778
760
732
743
749
788
827
831
815
835
830
794
790
780
769
749
768
773
778
760
749
755
760
732
717
698
677
654
662
674
670
681
689
687
672
656
655
687
698
708
726
701
705
715
734
751
791
806
812
780
729
688
663
659
663
687
710
724
742
736
746
757
756
760
770
758
764
754
750
744
713
722
732
731
707
704
713
710
695
684
695
719
729
719
735
735
706
693
706
713
693
678
673
704
739
761
764
770
766
738
749
766
774
770
752
752
749
724
715
713
719
717
710
738
754
742
745
750
746
716
721
670
652
711
695
684
673
665
666
656
641
625
615
610
615
601
618
634
671
738
761
723
776
787
777
730
718
710
718
687
657
630
618
609
609
624
651
678
693
731
772
765
797
816
792
791
801
773
778
770
737
714
703
676
635
623
614
609
632
668
717
721
737
761
747
757
784
778
813
801
794
786
799
808
836
863
843
814
811
792
750
737
736
746
737
746
730
722
755
771
741
764
774
761
750
761
760
722
699
652
651
688
743
729
743
766
757
803
826
788
785
746
695
676
661
653
635
626
619
626
630
623
615
611
618
616
604
598
608
618
622
629
653
675
682
666
681
690
690
665
664
659
649
631
638
623
627
635
651
658
657
665
657
637
642
664
666
642
627
639
646
664
653
651
665
665
682
674
654
666
662
645
643
665
654
645
651
665
655
679
686
670
655
657
691
729
743
763
768
755
747
784
799
818
813
778
772
771
781
778
738
751
733
711
717
695
677
687
699
693
729
727
710
743
761
752
767
778
797
755
766
789
789
783
817
828
786
779
788
793
770
782
770
765
745
775
784
751
742
747
740
716
737
750
734
723
729
743
728
729
744
754
759
786
784
751
751
758
744
760
785
791
779
796
817
800
754
764
761
741
715
688
704
728
746
711
708
704
683
679
684
674
665
669
678
653
628
622
630
633
638
666
693
697
710
727
729
709
691
702
701
681
660
659
650
632
610
605
614
632
640
676
709
706
735
756
769
727
739
723
683
689
706
725
698
701
720
708
671
667
672
686
669
699
712
720
707
713
701
681
654
653
653
651
642
665
683
686
718
707
679
670
654
677
714
718
715
675
670
664
653
636
630
631
645
687
703
732
749
739
743
744
712
669
630
621
618
635
651
638
662
667
665
640
655
663
646
660
671
660
668
698
721
728
704
728
723
700
683
684
697
715
695
711
718
708
686
695
696
670
662
680
698
718
739
766
729
697
673
689
704
703
664
648
630
626
655
695
701
729
732
710
714
711
683
672
660
640
627
638
655
654
701
729
772
781
746
760
785
798
759
753
777
801
756
777
813
813
788
821
824
764
801
820
822
777
789
830
808
780
788
779
741
767
790
778
786
761
777
782
748
755
738
693
675
711
721
701
692
727
757
785
747
721
737
773
772
769
770
755
696
668
640
631
634
645
678
712
695
697
722
747
742
736
757
761
751
719
724
721
701
672
680
685
688
675
692
706
712
708
740
754
727
708
739
770
757
773
772
729
691
691
700
689
689
697
712
683
697
715
705
693
690
674
645
623
604
602
608
612
611
606
606
601
601
595
596
593
591
583
583
575
570
564
561
557
557
561
575
591
592
587
585
583
580
578
571
569
570
573
582
590
604
601
603
598
583
566
569
564
576
599
609
563
582
577
572
564
576
578
584
580
578
562
543
532
530
522
519
506
508
501
502
504
512
516
518
530
531
544
556
564
559
564
548
540
524
524
518
506
503
506
499
509
515
527
558
611
636
671
694
706
686
666
677
682
661
646
607
613
636
661
655
677
718
767
751
775
804
800
763
775
746
754
755
751
738
731
718
693
647
636
628
640
631
649
649
655
670
681
680
682
672
668
656
646
661
674
686
692
695
714
691
682
671
646
639
632
637
642
644
613
601
583
589
600
604
626
646
661
669
672
634
625
646
667
652
670
712
736
732
796
827
785
817
844
797
842
868
840
813
872
878
814
823
771
776
835
776
839
866
804
802
825
773
720
707
680
685
697
815
892
911
837
822
832
777
730
731
739
711
726
797
823
760
763
726
695
709
698
711
737
740
693
722
716
710
683
716
720
722
699
751
745
724
729
752
758
720
729
751
767
707
730
732
704
695
701
729
734
710
728
771
770
713
734
718
725
719
719
711
711
694
649
688
684
688
708
751
793
809
792
774
788
786
785
764
729
738
750
757
752
749
749
734
744
734
729
708
728
744
751
761
760
761
753
734
702
710
714
708
726
732
752
731
762
761
754
717
707
709
717
715
704
730
733
752
729
743
751
749
719
735
753
747
738
746
745
716
685
688
692
688
712
729
745
717
745
741
732
703
696
687
679
666
658
648
664
687
712
715
700
714
700
705
712
705
691
677
687
705
681
686
666
644
646
661
675
673
694
708
728
745
738
694
663
646
648
666
687
696
696
690
709
712
716
697
707
709
713
715
699
707
703
702
692
679
688
670
641
642
635
678
716
723
723
707
680
647
625
634
648
675
707
700
709
707
694
705
704
697
690
666
648
650
654
654
646
664
685
699
698
711
723
729
710
696
701
690
672
656
655
655
660
655
668
674
671
678
689
683
672
678
678
682
670
659
661
662
646
616
627
632
616
613
628
641
645
648
641
646
638
634
623
630
638
634
633
629
623
626
625
630
646
652
650
668
666
649
649
667
682
699
679
689
690
687
662
659
675
679
676
653
670
680
681
671
688
720
735
716
714
716
714
686
687
702
716
722
690
682
670
651
663
676
677
653
660
684
671
658
646
665
707
716
723
729
719
693
725
779
835
857
829
843
838
823
789
771
767
758
738
722
696
706
729
755
771
768
795
821
815
782
788
786
778
763
753
781
795
809
785
795
788
778
754
774
784
762
753
785
789
773
759
774
786
779
754
763
782
794
772
781
794
782
748
753
767
740
727
744
752
742
728
730
725
707
685
695
698
702
686
704
723
735
718
702
723
704
687
661
648
647
669
702
695
693
727
745
719
709
729
752
774
763
776
788
800
768
746
753
731
686
675
656
644
657
678
671
680
688
700
672
679
653
633
624
613
616
648
669
690
700
701
676
684
700
707
729
718
726
723
732
697
698
694
687
669
673
665
659
700
715
702
700
693
688
662
664
671
680
671
709
727
716
728
719
690
688
689
672
663
669
671
675
677
693
700
688
701
714
731
733
733
746
762
736
733
712
673
685
690
673
684
698
713
710
721
727
678
671
651
642
640
680
692
675
681
696
699
665
658
649
641
626
634
647
645
646
660
653
655
635
638
668
690
698
687
707
720
712
690
695
697
705
685
706
710
718
700
723
730
715
709
732
746
729
726
727
722
728
713
693
669
668
678
671
661
675
684
699
691
712
721
693
695
713
726
722
706
726
714
690
700
706
722
696
698
695
696
676
701
722
752
748
749
769
763
734
692
694
688
680
656
655
668
666
647
646
652
667
672
681
698
705
688
675
674
664
658
644
640
649
666
675
660
656
699
724
758
763
722
723
722
723
700
715
736
745
732
735
753
775
758
751
758
770
732
736
766
763
727
726
731
728
693
701
711
717
702
719
725
713
682
666
648
644
646
636
636
626
649
682
678
719
729
740
708
701
696
695
666
678
695
708
689
697
708
703
683
692
707
729
712
743
744
707
700
704
713
684
709
721
700
710
724
723
726
729
728
724
745
759
750
755
771
753
746
751
756
724
733
735
729
716
709
717
716
698
725
731
707
693
677
687
724
748
751
754
746
725
735
744
757
767
775
776
767
762
749
693
709
707
721
704
702
699
678
677
684
692
671
693
699
673
689
711
711
682
691
694
678
690
703
691
662
663
658
657
646
655
686
710
752
778
783
772
785
764
729
722
709
691
698
711
718
702
718
726
725
704
722
715
698
686
688
657
636
629
618
646
663
663
672
676
665
642
654
662
670
657
678
688
704
677
691
694
707
692
724
756
766
740
765
762
733
724
731
731
705
707
720
731
717
722
713
681
657
646
642
652
674
689
688
691
688
659
665
674
685
692
681
685
696
704
706
703
687
701
717
729
717
722
732
734
722
720
734
734
712
721
720
713
700
711
718
677
701
716
700
710
703
683
646
643
652
661
668
654
669
682
692
666
674
680
670
660
672
678
692
669
690
692
687
675
690
688
699
678
686
697
703
688
690
684
686
668
667
673
671
663
645
688
708
710
719
725
722
688
707
712
696
698
717
732
715
720
741
755
734
777
798
796
759
787
782
771
767
778
796
772
789
823
814
764
771
776
772
749
777
812
802
784
812
808
765
812
811
790
770
789
802
768
776
789
793
742
771
774
754
761
792
793
739
732
745
743
703
728
750
778
762
769
767
740
713
725
729
714
708
738
754
737
748
752
744
717
733
737
732
722
751
752
757
739
756
773
760
748
760
771
745
729
726
724
699
710
716
712
688
695
697
705
666
665
670
669
652
648
648
702
738
768
773
776
762
729
692
657
644
642
655
657
651
638
665
690
749
808
810
807
817
814
763
745
738
722
684
686
672
662
644
659
685
702
684
713
719
725
695
706
702
681
666
660
649
637
637
658
643
649
660
672
684
660
670
685
692
685
670
677
688
683
662
665
681
678
683
657
661
665
670
656
671
693
690
681
663
642
650
663
646
663
675
685
674
667
675
688
684
687
700
689
672
656
679
672
688
717
751
722
718
733
740
714
736
760
779
763
730
736
740
748
729
747
767
778
770
774
789
787
771
773
761
752
726
739
753
754
734
758
771
774
750
757
769
744
732
737
735
716
730
738
746
717
729
719
708
679
693
709
729
734
725
754
758
742
717
730
740
736
717
730
738
707
700
722
747
770
775
748
740
740
710
690
711
717
736
749
754
746
756
743
735
733
738
721
729
738
742
730
697
693
689
681
666
683
711
730
724
707
714
721
730
706
677
675
674
680
663
681
706
664
649
636
633
656
692
730
754
729
709
711
724
727
713
684
683
682
672
670
648
648
643
658
655
678
708
728
708
721
728
715
688
688
696
681
659
669
666
660
648
663
683
683
680
706
719
700
699
688
667
650
646
634
625
623
656
717
763
793
792
805
782
764
775
749
736
777
789
776
723
732
731
737
728
693
702
706
714
717
685
708
722
740
733
758
788
794
712
732
717
678
673
700
705
692
689
719
721
707
695
710
703
676
673
677
678
666
668
691
720
748
763
751
700
711
703
688
643
651
668
701
695
722
757
760
750
782
788
747
747
750
739
698
706
708
704
677
696
696
700
683
703
726
735
713
734
724
699
688
702
710
701
700
710
717
692
715
718
692
704
710
710
685
714
715
711
694
714
716
688
719
750
751
719
739
764
771
749
759
779
756
775
781
774
734
741
753
758
772
787
785
745
757
744
716
721
726
746
732
744
767
754
729
734
709
676
686
686
683
671
666
682
688
685
663
673
679
664
674
685
689
690
696
719
704
681
696
687
691
674
687
716
726
730
763
767
733
720
707
686
652
627
630
657
672
673
707
722
742
713
716
732
738
716
724
740
746
740
765
770
756
775
781
720
702
712
725
703
696
722
736
735
751
721
696
714
725
739
742
737
747
740
703
690
690
696
707
710
684
682
681
679
662
655
667
668
665
653
655
664
675
692
676
688
698
703
695
690
702
696
672
658
645
681
702
717
719
716
682
671
686
699
723
739
722
756
761
758
750
719
707
705
698
676
690
693
700
675
692
685
672
654
639
640
629
635
646
660
658
687
691
670
667
674
675
663
666
685
704
694
685
691
690
683
668
683
694
686
678
682
678
671
669
690
714
730
714
729
743
736
691
696
696
693
675
661
668
670
671
661
644
634
650
663
650
657
664
650
656
658
641
646
640
620
615
629
660
682
663
665
673
688
665
661
671
674
663
645
654
679
705
717
718
747
764
739
761
760
742
709
715
699
669
698
725
712
724
760
782
741
755
757
737
704
720
725
719
704
729
745
731
707
724
725
700
702
733
753
726
761
766
741
768
769
728
730
745
721
686
692
694
692
694
721
741
724
731
747
745
697
713
712
687
680
681
683
670
671
690
705
693
680
694
701
688
674
680
682
673
674
700
728
717
728
759
767
721
711
711
708
694
733
742
732
741
770
776
745
767
758
729
687
681
666
653
639
628
632
650
675
676
657
641
639
628
610
604
601
604
615
619
625
660
688
669
652
641
660
700
734
744
704
703
710
699
680
675
689
688
669
667
681
696
708
761
802
809
801
813
809
753
767
770
734
697
696
710
703
683
712
733
718
742
756
769
733
749
745
729
732
746
729
712
729
751
753
774
800
791
761
761
766
741
730
732
707
656
640
652
690
693
729
764
768
755
775
771
728
719
707
673
645
637
631
602
598
602
609
619
615
634
657
676
672
687
685
682
711
744
739
755
779
781
764
733
740
746
687
678
699
710
694
729
743
727
734
738
722
726
743
744
702
705
706
707
674
705
713
715
686
705
725
747
732
739
739
725
688
695
695
680
654
654
677
700
709
675
705
724
742
711
720
709
666
649
633
630
646
652
675
694
677
682
688
702
686
705
720
728
710
722
717
699
677
705
718
728
726
757
781
768
714
704
683
675
658
674
706
736
727
760
788
793
764
775
764
715
714
712
714
689
693
707
723
715
741
740
759
713
745
792
835
819
775
766
742
705
734
729
698
698
716
723
691
703
713
694
664
664
647
633
619
628
648
663
650
667
675
671
653
665
670
656
646
663
672
651
625
613
615
629
647
644
635
633
638
650
646
672
690
702
689
705
724
729
702
708
728
732
725
704
719
720
732
713
732
749
739
709
700
674
672
676
685
706
723
693
679
669
693
728
728
726
732
737
727
756
772
774
764
764
757
754
722
741
756
771
762
752
742
694
677
707
726
751
739
684
681
669
676
687
666
669
661
688
704
700
687
674
646
646
652
674
673
648
636
624
607
592
578
571
575
579
587
657
726
710
708
742
772
774
743
745
754
734
696
678
663
650
631
634
630
633
621
633
646
651
653
642
658
664
656
643
642
652
660
658
647
665
675
668
644
656
664
682
667
676
688
686
665
667
674
666
642
656
664
660
643
650
658
659
652
669
677
679
656
662
663
654
627
629
644
643
644
654
676
680
654
680
702
694
688
703
711
699
714
727
724
737
744
748
704
695
680
678
672
716
756
764
744
742
720
676
686
678
673
657
668
663
648
641
648
664
665
654
674
685
680
659
671
675
676
655
660
668
658
646
639
648
656
708
752
776
783
771
742
691
689
693
706
712
690
661
634
610
621
629
624
632
635
622
618
637
639
639
613
616
616
623
632
624
662
692
730
699
720
714
691
659
661
655
644
623
604
597
604
598
594
607
648
692
690
673
692
676
641
629
632
630
620
609
624
646
661
650
671
669
663
639
648
655
630
626
646
664
668
659
697
700
669
641
627
608
625
650
678
670
666
702
744
753
741
731
735
744
735
729
722
717
729
744
724
772
775
751
773
791
751
740
754
729
705
721
727
700
730
760
727
727
730
716
699
709
691
654
663
666
665
656
693
697
683
673
681
663
643
631
608
604
588
585
587
590
582
599
614
626
631
663
695
701
687
660
634
598
587
571
567
576
581
606
640
642
654
641
676
666
664
687
688
662
643
618
614
616
652
699
694
674
695
704
676
679
668
638
612
603
603
612
630
640
633
645
666
680
659
648
661
667
678
651
652
674
689
678
657
680
687
682
660
656
671
688
686
694
723
743
735
722
736
736
696
704
698
686
680
689
687
647
644
645
644
633
659
679
693
678
695
705
691
676
654
636
623
625
633
656
648
681
700
717
729
692
691
686
658
652
652
654
638
640
635
637
622
629
647
662
673
706
697
686
682
684
657
671
673
676
678
692
706
686
686
688
672
665
672
653
644
675
663
658
649
642
694
734
753
771
790
795
741
758
766
774
765
767
739
746
776
791
752
713
704
711
710
688
740
777
768
812
832
813
791
802
792
751
709
709
707
712
701
693
674
648
625
640
634
652
754
804
778
771
802
790
750
752
749
729
725
701
659
624
629
641
667
667
703
717
719
682
682
691
686
687
695
703
676
695
708
696
658
643
624
626
648
684
685
725
729
740
728
751
764
757
747
756
758
739
722
720
706
675
691
723
748
726
754
755
728
731
716
674
667
668
655
628
619
601
601
608
644
650
644
653
693
687
709
742
747
709
727
724
721
695
712
698
670
690
708
729
704
717
721
694
665
648
638
632
672
706
736
716
744
762
754
755
728
757
759
713
678
680
679
635
649
650
665
635
630
643
658
669
658
647
636
637
674
700
714
737
736
696
705
704
718
706
716
711
697
677
685
700
743
784
798
807
799
805
794
785
749
747
748
731
686
685
689
699
692
720
746
750
721
743
753
734
759
759
721
701
707
708
691
718
711
689
679
659
668
699
695
714
763
806
797
758
760
759
761
739
761
790
797
723
729
718
713
700
746
776
758
762
771
753
698
709
713
721
693
715
714
716
697
713
717
699
692
708
707
687
682
692
687
675
692
693
666
657
667
675
659
655
665
672
680
671
680
683
685
674
682
698
710
692
699
704
679
674
683
695
679
683
690
698
682
695
711
716
693
697
676
670
652
667
698
692
678
687
717
710
689
698
695
665
658
664
654
640
624
631
634
625
634
650
662
643
655
659
656
633
635
635
636
622
618
616
615
604
595
585
577
572
589
622
671
712
721
723
674
663
651
652
634
624
626
622
610
596
582
583
591
604
609
604
606
615
612
604
605
605
606
602
591
602
617
633
646
639
647
650
640
623
627
628
624
607
613
613
615
598
592
610
635
647
645
664
674
676
654
660
664
667
645
648
652
655
635
651
674
683
664
663
659
647
636
624
612
611
623
635
626
632
646
651
657
656
671
679
686
668
700
725
747
725
728
732
733
718
733
758
782
769
737
739
770
851
833
847
843
835
832
828
808
740
739
736
735
718
741
740
712
728
746
736
722
721
707
673
679
696
702
680
685
701
711
690
688
708
731
716
677
681
693
707
688
711
728
717
683
672
650
637
609
604
608
633
661
683
664
678
682
680
665
683
710
729
735
708
678
683
679
689
690
736
787
788
767
787
820
808
783
796
776
751
768
808
811
793
819
789
768
779
777
748
748
756
744
737
768
776
742
742
732
701
678
684
682
670
697
710
718
743
757
737
736
745
733
705
718
728
708
688
687
687
674
672
702
744
753
758
783
774
736
736
742
742
715
701
656
623
640
636
632
630
622
636
655
641
653
658
655
627
626
633
627
626
603
600
603
603
605
602
584
587
602
620
619
636
650
652
629
615
605
595
602
610
609
604
608
604
582
576
576
581
589
590
587
581
570
568
593
620
610
624
642
653
656
649
623
624
604
576
559
550
544
541
538
539
543
563
582
592
587
599
607
623
634
649
681
690
672
681
706
733
760
746
754
753
742
714
732
743
754
746
749
765
723
685
691
701
690
679
697
732
720
709
655
641
644
660
672
640
670
666
666
641
662
648
637
632
643
657
664
659
658
656
662
647
666
664
654
622
621
623
629
650
644
682
674
645
623
622
628
617
617
603
604
627
628
611
620
618
614
597
606
614
622
605
607
604
608
602
621
645
663
648
673
687
687
651
659
662
657
629
641
642
626
604
586
578
592
582
571
580
586
580
592
598
612
600
606
612
610
602
592
580
583
605
631
648
651
655
637
648
672
677
681
664
633
614
600
588
580
572
572
599
633
664
686
715
718
714
688
692
686
654
628
614
610
610
626
656
684
674
688
686
668
670
680
729
742
724
736
723
700
719
729
694
664
660
638
614
613
634
662
654
685
702
686
716
739
761
705
685
688
682
648
648
646
631
619
646
663
683
663
692
687
667
669
686
690
692
672
693
696
692
700
720
722
712
703
709
714
686
709
724
734
714
720
728
728
701
722
763
771
746
767
762
706
708
710
726
719
709
739
742
732
709
743
762
772
747
770
769
775
729
750
750
758
734
750
758
727
744
744
729
740
763
779
739
753
776
751
737
747
747
723
750
742
711
713
715
698
677
677
676
668
725
768
789
758
764
776
737
758
760
720
733
729
751
729
746
784
771
777
770
755
720
750
791
778
708
702
705
738
725
718
709
679
649
651
638
618
609
615
620
606
587
571
568
563
557
561
575
589
593
589
594
603
610
593
590
597
598
602
583
580
580
575
572
571
586
609
610
608
625
641
656
639
648
669
681
671
675
678
672
686
699
695
673
672
658
676
691
702
715
726
715
680
672
679
680
657
657
657
646
632
638
636
616
604
597
598
625
668
693
705
698
663
623
618
632
645
636
659
679
696
705
730
756
760
729
727
710
687
673
677
674
667
655
661
667
659
636
647
656
665
654
663
670
664
650
648
626
607
595
601
599
608
628
644
662
689
724
757
758
741
738
741
723
714
748
762
730
713
730
736
730
729
756
767
746
744
740
704
675
688
711
718
737
753
760
724
709
709
690
665
675
680
679
661
675
673
653
633
639
643
670
664
700
729
739
720
724
726
714
704
711
719
698
722
747
772
782
821
828
800
771
776
771
742
733
748
754
737
729
726
706
685
695
720
712
742
761
735
742
755
753
694
679
663
648
633
625
628
645
671
704
721
688
664
646
632
615
608
606
614
616
595
590
584
583
572
575
568
569
560
558
553
545
547
550
551
543
536
532
526
523
521
517
516
519
535
563
583
593
595
605
595
598
613
632
641
619
597
593
595
595
589
586
584
589
585
581
585
583
577
569
584
606
624
622
623
645
645
639
608
608
600
596
579
580
585
594
584
589
610
627
643
613
597
579
572
569
564
558
528
525
522
519
519
513
505
500
493
488
484
476
474
479
490
500
504
512
503
509
512
510
517
521
522
519
514
499
489
475
487
480
479
483
484
482
481
479
477
472
471
471
467
467
464
458
452
457
455
453
457
461
465
468
461
462
458
455
450
457
456
458
459
462
460
459
455
453
452
450
443
446
445
448
451
457
462
464
471
477
480
487
489
488
498
500
495
494
498
490
476
475
478
479
485
491
494
501
502
500
500
508
511
517
521
522
526
527
504
494
495
499
501
505
511
511
508
504
504
488
503
498
502
505
513
517
525
520
512
507
505
501
498
495
478
487
479
484
498
509
517
526
538
546
548
551
550
540
535
518
511
511
510
505
506
500
483
485
479
479
485
498
514
532
558
579
590
587
580
571
567
567
559
545
528
517
510
511
513
521
513
489
502
506
528
551
569
589
607
605
600
587
598
589
565
555
531
523
507
499
504
506
508
507
510
512
519
526
540
545
546
548
542
540
538
518
495
500
500
510
518
536
560
562
562
560
555
552
544
537
533
534
526
522
513
511
493
489
490
496
502
498
511
520
522
536
546
545
544
543
503
502
504
507
515
522
531
535
540
537
542
543
544
546
553
531
539
523
519
524
526
544
532
534
545
545
542
546
547
538
533
523
499
506
511
519
525
551
555
563
572
559
567
563
563
560
563
560
549
539
528
523
515
512
514
521
534
515
525
520
540
560
571
573
565
556
556
553
542
521
522
522
527
521
509
521
527
548
571
574
569
564
555
538
528
530
531
528
531
529
533
535
535
538
512
512
508
514
528
542
540
546
558
571
559
550
540
541
543
552
551
521
514
509
516
529
544
556
537
557
568
589
616
631
635
638
619
597
579
566
554
543
536
540
545
553
560
522
535
528
534
542
551
563
587
583
561
569
552
519
516
522
539
553
571
571
563
558
552
545
548
547
545
537
534
513
524
531
533
513
540
541
553
563
565
562
565
563
556
542
536
512
517
520
524
529
526
520
500
501
500
507
520
532
544
551
555
556
556
551
542
534
534
530
513
521
531
556
581
600
633
645
607
618
608
609
601
590
581
570
563
553
545
536
531
535
544
536
530
529
534
539
523
509
524
528
540
563
582
598
609
619
619
609
591
571
557
540
517
521
518
533
549
549
586
601
616
628
646
673
714
725
718
699
667
641
613
583
567
556
555
539
534
527
523
533
543
561
572
586
593
598
600
583
585
577
575
567
566
567
567
551
540
544
553
573
597
567
573
567
577
575
599
606
618
618
616
591
578
568
563
562
543
542
532
537
558
582
596
586
548
556
548
556
568
576
579
573
569
562
560
552
537
521
524
509
509
522
539
560
567
555
578
590
614
622
630
629
618
603
587
567
558
550
541
531
527
508
518
514
527
553
604
640
635
629
620
616
595
585
570
571
576
586
584
578
571
566
547
544
537
543
563
582
590
595
587
583
551
534
531
542
554
577
595
602
597
599
587
584
581
584
585
562
563
559
557
556
560
578
602
604
600
592
581
569
562
555
566
559
572
588
604
607
612
609
604
599
596
557
551
548
559
570
585
599
615
631
586
612
599
593
581
569
562
553
549
546
527
516
516
516
519
530
550
562
563
568
570
568
566
546
530
530
539
557
567
577
585
582
573
538
550
545
544
550
568
573
572
574
582
592
599
601
591
574
555
550
547
555
563
557
537
547
552
565
580
591
597
591
585
583
573
569
564
560
557
538
543
533
538
552
575
596
593
606
619
649
650
661
671
672
663
646
626
611
574
572
570
563
597
607
642
681
707
714
689
678
651
625
596
571
558
545
525
512
495
500
492
493
499
512
541
593
594
567
590
604
632
655
657
649
638
607
597
579
563
554
539
528
514
513
521
521
509
506
518
551
579
598
604
598
584
577
561
550
545
545
547
526
534
524
524
535
526
546
557
570
575
589
584
577
567
558
541
533
517
514
508
517
538
553
570
564
573
552
547
550
549
542
532
524
523
527
536
543
546
535
533
536
537
547
563
585
589
597
595
594
579
571
574
580
591
564
574
573
578
591
599
599
596
587
582
559
553
549
547
554
577
583
592
607
617
613
606
577
573
551
550
562
570
596
608
602
604
595
586
595
595
601
596
598
598
596
563
563
557
563
580
604
620
644
642
637
639
620
575
580
564
571
588
600
616
641
676
699
683
662
634
613
597
588
579
576
582
587
563
564
557
566
573
581
588
593
596
596
585
576
562
555
550
540
529
533
549
570
593
611
587
593
595
594
589
588
584
570
560
562
570
568
559
541
545
560
577
597
620
656
667
666
670
657
640
596
611
597
599
600
604
604
589
576
569
570
577
556
556
547
552
560
570
583
591
588
568
542
528
521
514
514
512
516
519
524
515
536
530
544
557
562
571
568
566
563
555
554
548
543
539
536
534
536
533
527
528
544
563
593
619
606
581
594
601
614
629
623
617
598
588
578
573
547
539
558
581
620
670
658
666
669
664
641
620
591
585
588
581
565
555
553
541
542
545
560
578
598
605
612
620
614
626
619
623
609
594
583
563
546
552
564
604
650
668
673
668
667
665
657
650
640
635
612
606
601
601
599
572
570
570
585
604
612
624
637
640
643
635
623
589
574
571
579
591
613
635
654
645
631
631
647
673
672
641
584
585
575
582
592
603
605
596
585
576
558
549
538
550
586
628
631
632
627
598
609
605
610
614
624
609
600
586
584
562
571
560
562
583
639
666
688
712
719
725
707
679
658
640
635
637
631
619
577
581
567
576
596
618
637
646
652
619
637
646
658
652
650
628
585
604
605
625
655
671
675
673
674
664
655
640
621
606
579
572
564
573
594
633
676
688
695
685
673
658
646
616
607
595
584
593
605
626
647
652
668
661
662
644
632
626
640
632
642
646
646
628
616
641
688
693
714
746
751
731
752
738
694
721
715
690
670
679
660
652
621
606
602
597
612
642
668
653
662
667
672
662
673
676
653
675
687
685
724
734
708
720
689
698
686
645
653
631
633
655
660
703
716
718
730
724
705
726
731
684
669
687
742
755
748
755
781
793
738
758
772
794
775
772
747
661
699
651
658
647
668
652
680
691
667
701
706
664
671
647
626
626
609
595
589
602
651
693
714
688
670
684
678
662
638
620
599
604
601
597
600
607
608
605
630
620
631
668
714
757
771
753
795
787
746
737
741
735
691
720
738
742
720
746
756
761
732
697
730
724
744
710
736
733
716
692
715
717
711
723
752
741
698
701
709
693
677
709
720
709
736
720
690
647
647
668
692
705
691
739
756
739
729
704
674
647
656
666
655
684
703
711
694
720
705
667
673
661
647
638
643
629
612
605
616
625
607
602
594
588
597
613
625
643
643
626
641
645
652
627
646
642
658
644
664
670
682
655
665
675
679
663
680
681
660
685
683
684
647
642
661
660
662
634
645
636
646
665
680
682
670
694
691
681
666
695
691
678
658
645
630
639
648
649
628
654
667
680
676
666
692
688
700
700
685
660
673
674
680
684
698
672
710
711
727