628
615
600
593
591
582
581
572
568
563
561
566
562
566
568
573
573
577
579
572
566
565
568
562
554
560
559
552
561
566
569
578
584
580
578
575
566
563
557
558
558
560
563
602
667
732
739
811
833
829
825
779
784
771
732
695
706
695
696
711
729
726
714
729
714
733
724
726
725
701
685
675
673
672
663
673
680
690
708
699
696
703
717
698
682
687
686
690
681
659
645
648
662
677
717
730
729
740
728
719
723
718
700
678
665
644
641
631
628
631
629
633
646
637
653
663
661
657
656
663
668
662
651
638
619
619
632
632
642
661
681
674
683
673
670
648
638
621
609
596
592
602
608
605
603
601
604
602
594
589
586
581
572
565
565
567
578
585
580
580
603
605
609
619
648
662
657
646
659
680
671
654
653
643
638
619
618
636
650
650
651
654
658
643
647
643
644
655
687
680
671
670
656
635
625
621
620
613
618
624
616
622
625
629
633
625
605
601
597
606
618
613
618
617
622
635
635
638
623
611
606
605
620
633
646
653
647
642
653
652
649
643
631
625
626
633
648
648
661
666
667
668
658
646
643
652
624
641
630
644
658
685
702
696
724
724
716
737
764
750
715
720
743
733
683
675
693
704
735
763
741
762
766
754
724
727
731
711
705
709
703
719
764
757
737
721
707
689
653
645
649
652
701
746
753
822
884
847
876
870
804
798
821
848
838
776
793
783
857
834
852
922
926
854
806
775
767
814
800
820
838
833
830
820
785
792
823
794
850
908
924
882
911
874
918
963
945
951
954
948
895
919
941
924
946
937
911
881
867
818
789
812
790
758
765
802
830
867
880
846
864
854
796
815
820
808
839
849
805
830
831
800
813
831
829
818
826
840
806
801
802
809
795
821
828
799
827
819
791
813
832
824
818
818
788
771
804
775
813
828
856
849
868
879
850
866
863
815
825
855
828
859
829
818
821
830
796
773
782
785
787
806
835
816
845
841
807
827
830
798
772
786
806
766
751
733
748
801
843
864
870
867
832
846
842
832
816
783
835
858
870
872
878
871
839
811
784
765
783
801
790
801
829
834
813
805
812
786
774
815
824
779
815
823
801
790
807
784
778
836
866
827
851
865
842
866
875
846
839
833
813
817
786
765
788
826
853
848
846
864
863
861
891
919
922
916
940
913
949
961
923
854
886
886
843
863
911
938
886
898
883
856
841
835
814
813
855
835
826
834
861
841
858
822
781
767
816
859
830
868
909
948
911
941
940
864
863
881
893
854
873
921
967
962
1025
1005
997
981
977
946
892
938
937
913
843
864
896
862
899
920
871
881
929
973
922
877
847
793
811
859
875
867
898
912
884
868
886
860
813
818
821
828
874
887
866
862
875
876
837
826
804
831
828
822
864
885
834
859
816
749
727
770
764
758
760
755
717
705
688
703
683
693
688
687
705
695
690
683
686
688
718
722
741
708
675
678
674
643
660
645
649
645
628
619
620
629
621
640
652
697
670
676
702
733
775
741
782
821
828
779
790
862
898
906
854
885
889
827
826
811
801
774
817
836
840
792
802
779
773
826
843
818
858
853
826
832
845
858
853
879
869
840
900
923
894
938
922
890
954
943
842
834
807
782
839
898
899
967
1012
988
984
945
841
879
917
920
829
929
914
897
925
878
929
936
907
870
918
948
901
965
1025
988
933
864
898
951
948
904
949
996
890
920
896
855
879
909
846
928
996
915
968
978
896
951
980
911
812
786
839
899
957
973
882
868
925
914
903
892
868
876
863
889
894
893
935
938
926
954
913
806
792
837
896
885
1001
1061
988
1018
979
902
914
904
876
932
914
906
960
962
934
979
932
947
908
796
733
750
811
779
823
808
899
951
944
988
978
1008
1013
958
899
913
928
854
902
938
850
882
859
786
825
850
794
850
853
811
835
802
745
748
718
693
681
711
742
712
769
811
780
815
861
884
876
795
831
821
811
754
735
708
723
817
889
907
893
827
843
869
863
819
818
835
812
781
730
753
768
771
740
778
788
741
756
801
799
760
779
758
732
772
780
799
811
776
788
806
785
836
890
879
880
899
859
837
874
888
839
915
975
968
1054
1037
963
977
940
868
883
957
996
936
937
877
920
985
960
962
983
944
979
966
916
957
944
869
972
1042
995
1006
1051
1005
980
998
942
916
962
967
924
1029
978
932
963
969
987
1035
985
982
916
831
836
785
793
922
883
951
983
968
1007
1006
888
835
819
786
771
876
926
879
939
972
925
980
996
904
944
936
881
923
935
864
885
878
826
874
922
863
879
944
912
945
975
990
942
939
916
897
921
923
885
935
925
901
943
972
940
876
863
841
784
803
752
712
718
693
672
671
701
723
741
737
736
730
711
699
687
667
655
651
644
632
641
646
649
642
641
637
616
620
609
616
632
650
657
657
662
662
655
644
635
625
620
604
612
602
612
630
648
660
685
641
659
649
666
668
672
665
656
646
645
626
617
610
618
618
615
605
621
649
666
677
679
666
650
630
593
605
595
609
636
663
702
709
734
748
777
790
786
765
742
727
698
652
631
633
630
667
723
734
762
793
827
791
770
769
775
712
752
736
754
773
775
780
777
727
746
760
734
768
786
770
825
825
794
831
842
778
792
804
804
776
790
798
772
809
823
810
787
752
721
719
697
685
703
750
813
860
829
883
911
887
842
815
773
756
756
760
756
739
726
706
705
694
658
670
643
648
667
689
709
708
713
720
720
723
712
708
706
702
663
667
658
678
697
715
718
722
696
658
647
633
643
668
688
670
679
701
722
747
754
798
838
843
832
801
772
743
701
688
667
657
652
670
682
661
646
624
603
597
572
589
606
607
666
670
705
742
795
828
788
806
851
821
822
820
813
781
815
787
855
866
822
898
896
867
833
865
905
940
852
898
924
813
765
744
812
855
901
937
881
940
969
900
920
943
931
922
909
907
885
848
810
833
834
836
856
836
827
800
772
784
810
809
772
810
776
735
770
782
789
779
781
846
879
884
849
851
844
802
838
854
863
819
833
795
809
818
851
810
838
820
770
771
767
741
768
772
787
752
771
783
753
759
727
736
752
762
735
770
770
772
813
799
783
781
767
746
776
771
710
729
709
732
779
778
750
792
790
761
796
780
744
785
800
815
775
813
806
773
747
742
748
742
734
781
800
772
821
817
758
802
809
796
750
789
784
740
774
768
754
708
744
754
775
733
752
755
736
739
763
729
772
766
733
739
757
770
766
757
793
820
818
776
825
859
854
797
822
812
776
793
796
747
782
798
789
767
821
849
809
848
813
754
774
771
748
753
792
803
748
787
769
739
727
714
709
738
759
760
754
769
762
727
721
720
788
836
883
908
907
870
859
834
840
850
824
848
850
870
826
846
811
776
769
755
727
717
703
695
696
743
784
764
802
839
787
780
760
791
835
838
826
777
810
795
811
794
812
823
776
829
879
909
862
875
881
828
849
847
789
775
791
810
806
832
850
853
792
813
802
791
742
750
746
762
739
792
817
816
774
800
778
750
758
788
799
781
819
829
797
824
856
837
827
830
784
779
766
766
769
727
755
745
715
728
711
698
712
694
709
736
712
756
755
765
764
759
718
740
746
746
720
756
762
759
736
783
805
806
770
805
811
798
739
760
754
731
759
783
824
783
818
811
810
762
794
816
787
811
848
818
767
808
795
759
800
823
785
758
780
796
814
796
793
813
825
813
834
868
850
858
855
828
797
797
813
824
831
834
862
859
805
829
816
803
775
726
704
695
715
763
807
832
799
817
796
784
745
711
713
740
773
804
801
778
800
727
728
735
763
811
822
819
875
892
901
947
956
935
917
934
934
915
881
898
885
849
855
902
867
801
763
752
840
870
894
898
852
896
934
947
920
880
862
875
873
875
925
938
906
854
866
858
804
861
883
843
840
843
818
776
825
835
784
748
752
742
734
705
767
807
864
876
875
897
903
839
823
825
820
787
807
839
840
796
813
852
850
821
863
836
860
875
844
856
826
842
795
782
785
774
775
777
756
734
735
734
740
728
765
761
768
752
739
743
712
713
708
679
648
640
627
611
625
630
651
684
688
672
659
630
621
610
608
602
610
631
648
642
617
614
618
630
627
637
649
650
646
654
676
692
697
683
708
692
694
698
697
671
656
648
666
673
664
667
681
721
751
722
751
716
684
660
635
626
615
625
644
667
710
731
704
674
676
656
697
733
779
755
748
714
685
661
647
637
638
653
647
631
625
619
620
611
614
638
633
663
687
696
740
727
756
767
774
763
761
749
771
785
766
783
797
759
793
777
735
781
795
762
794
766
816
859
793
848
882
847
870
873
816
786
792
791
735
734
832
930
982
1007
996
869
938
961
921
868
816
834
846
886
891
863
908
938
929
882
799
758
792
803
821
729
743
749
728
796
766
747
777
768
805
838
837
847
856
810
815
797
763
775
781
755
776
780
707
711
704
662
657
646
629
634
642
621
619
617
597
585
578
578
579
583
578
584
582
589
590
604
613
619
625
654
672
670
695
716
679
711
731
715
686
686
708
729
694
717
719
685
694
700
694
673
657
659
639
666
657
631
618
608
610
621
609
596
594
587
578
584
599
616
612
628
650
650
661
692
720
726
746
765
741
744
738
721
730
728
732
748
723
710
713
703
706
722
744
722
765
779
765
795
802
754
804
814
776
776
758
750
784
759
734
776
811
848
842
799
817
827
813
760
729
679
672
666
655
664
672
685
741
799
787
862
918
943
960
953
932
940
950
942
854
866
867
863
797
830
864
872
845
877
868
833
842
856
817
855
871
824
835
773
726
707
699
714
725
739
754
737
766
894
896
864
803
793
787
781
780
770
757
748
760
758
761
716
704
696
709
717
735
729
730
720
698
706
736
715
703
722
754
817
861
879
875
839
824
782
723
741
744
776
780
773
736
749
785
773
789
829
810
789
764
765
746
714
694
701
728
747
749
754
755
756
763
773
778
753
761
757
743
733
716
692
693
666
665
664
684
698
685
672
676
683
688
702
707
692
703
707
703
686
706
687
650
632
618
615
612
630
656
669
659
671
672
679
670
655
675
680
679
657
656
652
655
650
649
654
648
666
654
668
670
680
663
676
686
667
665
656
639
642
643
632
652
683
694
674
694
693
687
713
740
741
699
721
722
731
733
713
676
663
666
653
686
706
724
736
702
733
733
706
742
768
751
742
754
737
706
730
746
721
758
783
798
762
779
734
737
729
710
712
688
684
682
695
678
664
652
648
646
637
622
641
669
698
720
724
757
755
760
735
725
698
701
736
747
727
709
722
729
724
757
778
799
811
770
767
757
746
739
789
785
838
854
861
824
873
873
877
888
864
870
877
850
858
874
824
837
804
796
821
826
777
798
824
841
793
832
843
820
787
801
815
773
779
782
758
789
774
750
720
694
692
712
733
756
735
708
710
713
692
734
753
744
721
748
754
751
779
782
729
705
682
720
816
828
763
736
729
748
744
752
757
730
725
712
712
700
715
749
770
786
784
749
779
779
799
788
782
759
742
719
700
724
725
768
788
767
807
819
766
753
731
754
738
745
738
727
736
743
756
761
747
780
791
790
771
762
734
701
726
728
680
667
641
647
647
655
646
648
636
612
589
580
565
559
547
544
551
564
572
587
606
645
679
735
770
799
838
846
864
824
842
839
840
822
771
780
746
732
715
744
744
741
741
716
739
737
724
693
652
640
627
623
632
653
677
647
661
646
667
699
694
675
709
721
714
708
735
764
734
726
738
735
721
708
728
722
685
693
694
700
674
687
684
690
726
738
692
736
725
742
757
724
720
747
753
739
730
738
693
684
698
730
756
775
785
748
704
675
658
662
688
722
771
808
809
825
813
778
746
747
782
833
830
829
879
888
813
770
806
788
802
759
802
811
826
830
813
802
752
729
754
790
790
727
697
684
713
738
758
800
788
798
789
808
834
854
869
860
870
853
849
833
790
807
790
767
803
796
763
792
820
769
819
825
796
776
729
717
696
723
725
767
804
816
806
827
825
734
768
749
738
746
724
721
689
675
660
667
698
733
758
750
747
749
732
733
703
678
693
735
771
774
781
794
798
762
772
769
737
712
724
715
692
717
755
771
788
841
863
836
861
876
890
861
895
902
854
788
810
876
907
1743
784
763
726
714
694
702
673
643
633
625
642
648
649
686
701
693
711
693
677
661
654
634
643
662
672
698
717
712
748
736
713
725
741
711
757
751
789
793
790
749
761
741
710
715
737
746
731
765
767
731
760
717
689
674
680
727
791
764
747
723
740
776
802
813
792
795
753
727
717
729
756
819
852
864
863
860
813
739
788
806
833
871
835
818
835
829
836
790
830
795
806
821
762
725
692
714
749
764
757
783
771
793
772
775
790
742
787
810
821
809
850
857
824
861
795
783
763
737
751
784
771
814
814
819
831
805
791
784
794
787
833
877
854
840
749
738
726
745
759
863
882
861
977
938
949
902
850
843
828
876
922
863
905
892
870
771
723
791
729
702
689
683
680
704
729
750
762
775
756
767
766
773
774
771
780
786
770
732
739
725
711
702
687
654
661
663
650
642
633
650
667
693
700
682
723
743
818
830
817
797
777
743
716
698
698
719
713
707
702
713
708
716
729
723
757
775
743
791
806
783
800
798
759
709
689
702
710
704
691
684
700
695
695
664
656
651
652
688
734
716
767
761
768
741
795
793
779
812
776
845
872
798
850
855
856
830
844
844
827
781
783
765
747
745
775
718
695
729
757
778
773
806
813
799
757
772
761
746
729
713
694
694
742
755
808
772
730
694
669
649
625
610
598
603
621
649
656
645
644
650
668
711
752
794
780
813
811
809
812
762
707
674
660
654
698
711
746
800
850
878
896
895
854
810
768
776
765
797
817
835
852
845
819
850
873
834
771
745
753
815
847
864
865
806
822
849
856
867
849
830
828
836
852
867
836
876
879
873
869
855
828
773
761
756
730
766
768
760
754
819
862
854
853
799
804
778
741
755
791
817
842
819
854
869
851
832
839
850
841
828
861
881
853
866
832
794
812
823
790
811
823
819
810
828
793
818
844
841
834
856
849
873
877
863
823
807
790
780
794
795
801
842
875
880
868
876
871
835
790
811
854
855
823
820
798
735
744
730
733
780
767
741
741
775
750
744
723
711
701
684
667
661
661
653
665
692
691
684
671
678
717
768
803
786
798
844
859
819
843
847
835
830
812
773
757
778
787
805
829
855
821
851
852
812
819
826
790
815
834
800
819
830
789
813
819
818
785
814
816
815
809
848
856
840
882
897
859
853
834
855
827
819
796
812
832
825
805
817
781
722
693
679
700
728
767
759
772
780
740
713
690
680
689
688
703
748
754
746
760
767
743
763
756
735
739
713
734
758
733
740
740
725
755
703
683
658
654
647
638
654
670
676
717
764
779
755
781
810
777
795
805
779
785
803
816
824
792
780
749
714
748
773
799
824
865
860
822
777
744
793
807
820
817
810
812
831
822
823
796
812
810
829
814
835
832
806
789
783
778
768
766
780
758
740
755
721
746
769
751
815
834
838
783
784
792
777
774
803
755
739
787
846
889
907
869
895
913
915
907
934
922
907
915
911
911
897
912
903
876
832
848
830
775
831
858
842
856
877
835
831
810
787
827
849
817
815
789
789
782
756
735
746
771
760
813
827
815
800
799
787
741
747
767
804
777
825
842
826
770
742
771
771
790
802
759
792
771
733
715
702
722
761
802
794
796
799
792
792
799
737
693
670
658
654
648
655
710
796
823
838
820
834
814
789
768
792
799
781
776
771
773
788
793
800
790
793
780
762
736
723
735
771
786
746
719
707
694
729
755
761
737
740
750
770
791
794
783
769
787
778
779
770
722
686
659
661
650
660
706
753
776
739
715
717
742
771
770
740
724
717
706
721
744
762
768
771
792
781
754
770
776
757
730
701
721
767
801
813
823
808
798
815
833
844
862
867
854
845
817
801
798
770
759
703
700
696
727
761
783
784
791
792
787
733
707
723
718
733
731
756
792
813
821
818
794
763
719
738
697
729
700
703
743
789
805
763
813
853
840
794
717
702
718
742
765
750
739
747
765
771
810
829
829
804
774
740
789
770
830
834
785
819
793
795
843
809
751
791
821
826
813
777
756
759
770
793
795
806
807
811
823
829
813
812
784
751
706
678
662
677
711
749
701
688
673
674
682
706
726
721
745
739
720
681
654
629
608
485
703
576
568
562
560
558
567
555
567
584
582
580
579
583
589
580
599
616
615
609
605
615
611
612
631
684
720
759
767
744
728
708
674
652
650
653
641
630
621
601
597
591
597
604
614
618
611
636
668
693
676
707
720
733
699
703
702
679
699
702
694
670
660
692
722
760
760
778
796
801
751
778
782
746
765
770
746
749
757
764
775
742
748
742
753
745
691
675
666
680
667
649
665
681
669
685
706
688
707
729
736
749
706
703
688
699
730
719
742
743
714
771
785
751
766
769
739
751
754
766
716
683
711
712
712
693
715
758
764
733
737
731
750
723
745
758
745
736
742
784
773
747
776
769
720
702
722
740
753
739
711
720
761
793
805
773
742
736
750
733
755
783
784
786
795
809
791
798
775
737
707
702
699
684
681
673
709
776
844
867
845
782
756
760
776
771
756
727
737
762
764
786
793
767
740
756
734
720
737
710
729
694
666
649
640
658
665
699
707
724
751
760
745
766
775
748
771
769
746
779
804
787
805
806
768
766
784
763
767
795
817
788
807
808
774
773
748
715
718
761
730
759
740
795
804
804
847
799
841
860
817
822
826
788
823
817
797
792
801
820
832
763
815
778
752
761
786
772
740
754
764
740
768
760
752
719
721
720
702
714
702
744
755
771
768
765
783
792
785
819
824
785
724
716
734
774
807
815
801
823
844
858
844
857
864
836
843
846
839
869
813
750
768
766
787
783
825
857
839
891
917
906
881
889
840
844
834
839
889
896
903
875
879
879
853
851
854
816
837
798
796
830
864
872
846
796
807
840
854
844
844
838
831
783
722
690
676
667
668
666
676
709
740
776
802
778
802
821
838
825
813
772
742
752
771
741
760
784
809
840
833
859
793
829
848
820
823
818
770
748
765
761
765
768
779
799
804
797
802
813
775
807
814
788
750
738
774
788
789
793
764
756
771
787
803
790
797
807
807
814
810
810
788
779
785
805
807
787
811
828
808
809
809
798
754
754
755
730
738
737
740
726
751
768
791
781
819
838
808
809
805
757
749
753
769
753
772
774
770
741
768
774
764
796
779
763
772
793
783
756
757
750
735
714
724
738
777
790
777
750
749
754
725
763
792
797
769
813
841
850
844
858
871
847
843
848
869
812
833
838
823
857
848
869
851
822
831
852
890
894
903
889
889
860
791
762
747
734
703
690
676
648
660
661
676
667
663
671
685
681
729
726
727
722
753
767
765
718
752
746
729
764
769
731
768
785
783
784
806
792
767
784
793
777
768
777
748
735
755
770
764
796
820
817
789
808
803
774
763
716
686
686
705
690
714
706
679
658
650
680
702
733
766
779
753
769
776
797
782
746
775
784
788
768
728
722
706
700
694
691
756
732
776
790
762
781
738
760
761
738
749
731
730
712
707
670
677
654
634
642
634
616
643
664
702
731
729
730
729
710
703
686
675
674
662
645
663
687
718
679
692
730
777
778
755
762
768
746
712
689
637
637
615
616
631
642
653
642
616
605
599
597
606
619
652
676
683
668
673
666
673
676
680
672
671
641
657
656
664
673
694
719
709
695
725
739
755
757
753
742
752
749
706
711
712
721
723
732
721
736
753
767
758
756
761
746
728
675
688
670
650
679
686
714
752
754
779
789
799
814
816
802
786
725
684
698
721
762
793
814
845
827
843
794
808
798
782
737
745
744
741
756
768
766
764
748
749
729
720
725
745
746
764
788
742
766
761
761
770
789
788
803
817
819
835
818
797
780
770
758
753
692
705
686
691
705
717
702
693
728
755
767
738
779
797
808
789
777
746
786
813
762
810
832
844
836
854
775
771
759
792
837
850
856
866
856
786
766
809
820
799
852
823
864
919
849
878
851
884
853
910
943
958
910
896
798
825
816
813
823
827
873
909
844
852
803
818
770
841
853
846
845
902
928
855
889
886
813
846
842
831
824
816
783
813
843
831
894
904
892
917
966
929
946
978
983
934
949
936
861
877
825
841
779
750
758
827
875
913
940
915
882
876
882
880
834
867
892
868
891
896
851
828
787
779
780
828
850
863
817
826
818
768
787
804
793
776
819
834
825
814
818
818
800
828
826
785
826
854
854
786
809
807
808
810
855
888
853
860
878
866
844
898
916
893
891
889
846
883
897
874
843
883
889
826
872
902
844
867
910
899
866
905
882
858
863
827
857
883
830
843
851
801
815
809
756
797
768
785
846
838
803
813
807
759
794
773
798
808
828
787
819
827
803
795
827
850
813
843
855
841
793
819
807
813
859
847
801
838
860
855
809
784
800
813
809
778
838
844
797
846
866
843
814
854
863
820
842
822
813
842
813
822
821
770
789
778
723
722
720
774
787
812
823
803
799
798
764
786
790
799
812
808
829
855
850
863
867
836
848
851
799
810
813
781
810
818
797
801
810
822
780
780
753
727
734
727
724
720
703
705
720
709
741
762
738
741
745
764
763
762
735
749
750
755
795
800
802
878
896
894
906
903
810
788
798
798
781
777
789
808
797
769
817
815
857
871
893
874
852
864
860
839
780
793
795
805
768
836
873
874
871
899
917
867
858
858
813
860
858
829
858
872
872
886
831
801
814
803
753
729
761
792
821
844
824
756
779
774
777
776
762
712
698
685
698
719
772
790
813
817
810
799
820
828
823
767
791
802
794
825
843
817
824
854
826
834
851
831
795
831
865
832
871
885
878
847
862
860
825
861
864
824
866
874
839
849
870
835
841
855
858
847
873
883
826
830
814
759
795
819
799
825
837
854
810
817
833
838
825
806
809
806
786
827
846
864
812
817
755
793
792
805
794
747
782
787
790
762
795
813
834
808
810
813
815
783
804
832
843
799
808
779
737
750
729
777
837
785
856
855
785
800
789
730
744
752
758
762
773
805
825
807
820
827
837
827
836
840
862
837
817
846
852
825
820
833
837
795
821
810
762
785
790
756
787
780
773
816
804
808
823
829
783
805
802
769
778
788
797
778
816
823
791
820
831
794
816
815
797
753
766
771
767
763
803
826
802
822
834
802
797
811
773
765
779
776
747
772
782
751
766
737
739
770
731
768
767
781
764
789
819
813
782
798
753
730
714
749
807
855
881
835
834
823
799
758
756
729
694
701
723
765
782
809
805
798
791
777
782
770
744
759
769
773
739
761
767
755
735
751
736
695
717
715
685
725
734
726
722
772
789
779
810
813
761
775
771
730
725
722
716
692
718
729
729
784
819
839
843
851
830
851
837
757
754
756
748
747
732
709
710
725
733
720
721
711
682
680
661
661
666
649
650
651
634
638
640
648
684
684
688
714
720
696
725
745
754
712
730
720
675
672
640
642
656
666
677
681
666
665
673
667
650
637
634
618
626
627
633
615
609
601
601
581
567
563
557
559
559
570
584
581
582
576
588
603
617
634
641
649
655
638
640
644
644
637
632
608
583
591
612
652
675
707
729
746
798
799
824
831
786
779
806
771
727
735
748
677
670
656
671
709
725
745
743
773
768
770
732
769
784
768
824
866
838
897
913
914
879
873
855
793
797
770
792
812
827
852
811
827
841
807
717
738
707
672
655
650
683
758
729
709
709
725
736
728
693
689
698
682
683
739
766
811
812
863
887
874
859
807
809
830
831
769
838
859
845
855
860
832
889
888
813
853
869
847
828
873
881
887
866
801
824
821
877
886
856
925
924
857
854
794
858
865
867
828
832
846
772
823
843
851
788
854
853
802
811
805
774
726
779
794
829
790
833
837
811
785
804
798
771
789
747
801
792
753
810
804
796