725
721
698
690
696
710
690
677
665
646
646
627
620
624
644
646
647
623
639
636
623
632
625
612
604
604
613
618
629
672
698
726
773
729
750
789
833
828
892
909
901
860
844
809
816
800
859
839
846
798
858
872
883
936
854
917
855
783
739
759
769
696
732
751
728
754
827
765
765
785
821
805
899
920
889
938
966
922
931
980
864
936
965
825
861
855
813
899
941
919
964
990
1026
1069
1012
1023
1062
997
817
768
901
1032
1069
988
929
975
1027
1039
1024
1023
1040
1006
997
979
920
966
944
973
886
805
814
814
813
905
879
895
917
866
920
925
864
857
929
988
979
902
945
978
983
927
969
886
819
799
790
790
781
783
799
782
734
743
759
738
775
786
818
785
807
786
777
747
786
766
748
774
735
675
673
725
748
728
704
703
761
785
749
829
860
913
856
879
784
883
878
914
960
955
907
953
990
1042
976
1043
1015
1024
1059
989
1018
1009
946
979
1007
841
967
1012
940
984
1031
921
887
326
532
826
870
802
821
851
889
915
826
869
904
896
906
971
1006
954
998
1019
937
914
1033
993
891
920
867
834
870
820
778
867
939
905
945
996
983
869
950
981
974
1020
1026
1001
1018
1016
945
1010
1047
1004
960
1006
1027
910
934
1066
1002
1015
1051
1055
1021
1024
1027
1000
974
1030
961
978
952
817
865
896
869
832
889
838
902
863
862
806
871
820
784
771
754
710
718
738
756
729
712
746
745
750
727
725
712
741
771
769
863
918
961
929
930
961
969
916
935
974
927
857
995
1024
993
998
887
954
990
904
940
986
852
933
984
972
874
919
981
953
971
1001
977
936
1024
1048
942
928
955
880
762
748
832
1001
1040
1018
973
952
1000
1028
1024
960
1003
1051
1048
1034
1012
959
954
945
941
896
927
967
915
887
918
911
892
816
855
873
875
870
885
904
870
880
883
907
850
887
893
885
820
852
841
830
793
870
911
944
872
897
907
907
913
882
857
968
1018
1002
938
960
967
915
846
879
919
893
969
964
897
931
925
859
917
926
876
979
1008
955
961
954
860
827
804
751
791
877
957
910
876
922
932
935
916
921
962
980
951
866
919
957
945
870
816
825
899
925
885
852
867
898
851
922
963
968
920
977
947
832
870
894
940
849
936
822
812
819
953
859
792
749
751
771
768
763
749
763
788
809
797
848
929
962
927
978
917
882
808
779
811
739
790
829
844
779
838
876
865
849
927
950
872
907
869
830
882
855
859
826
817
826
820
798
793
823
808
760
737
821
812
814
908
895
979
1014
943
979
1008
947
941
1014
1049
998
1021
1051
1027
1022
1049
990
958
993
993
955
953
863
913
961
931
1015
997
913
828
892
893
818
878
869
881
911
840
850
875
831
804
884
926
848
875
920
937
848
918
936
867
881
955
937
878
942
934
855
937
932
867
800
835
872
806
782
815
820
747
705
741
765
807
752
822
844
794
839
876
908
843
858
885
848
886
947
953
912
953
997
967
919
955
966
887
924
954
873
885
831
898
878
811
857
831
779
817
802
849
836
756
797
839
803
890
931
852
887
880
778
716
690
772
884
916
887
865
779
784
771
772
736
765
823
844
900
873
837
818
790
770
836
847
830
824
820
796
811
813
782
813
832
838
779
841
862
838
875
783
813
806
781
773
855
862
805
875
881
799
836
863
833
796
854
888
818
766
727
712
729
801
786
774
828
812
780
808
853
789
756
758
793
739
708
705
718
692
726
735
735
699
691
725
773
802
757
724
696
708
731
745
709
799
834
924
964
934
938
939
920
818
848
857
806
854
883
801
845
846
774
845
878
817
861
879
847
857
881
888
838
901
937
870
911
947
930
876
893
810
829
811
744
792
800
785
803
799
762
725
723
737
685
659
687
757
811
822
847
887
932
891
897
868
776
828
829
794
813
819
834
788
869
901
888
829
877
897
813
826
862
863
816
849
831
765
828
870
815
904
938
857
833
852
774
803
777
820
785
869
882
834
861
933
933
856
876
851
813
854
875
790
738
808
908
885
873
795
778
771
787
745
758
732
719
735
834
859
831
850
873
802
844
865
854
775
854
916
850
893
962
903
922
967
900
863
861
824
880
920
915
904
939
896
905
930
855
920
922
877
851
913
903
837
889
901
819
833
794
735
729
833
887
895
871
841
751
752
753
807
854
855
831
791
781
808
809
755
795
800
789
760
753
713
778
798
732
808
839
776
825
818
757
750
784
807
773
854
885
842
887
897
848
806
847
844
779
807
822
742
781
788
742
719
711
749
729
769
804
824
795
841
871
843
873
842
744
757
780
799
771
851
892
827
885
928
867
826
820
815
722
769
794
765
730
752
781
763
781
807
753
777
792
743
743
732
706
682
717
718
679
705
738
786
743
821
834
794
773
818
787
854
843
756
734
697
713
714
684
712
716
686
698
694
676
692
681
670
654
618
632
621
635
660
652
671
676
680
680
680
643
682
687
694
695
716
702
692
690
679
670
643
674
727
732
725
806
832
797
879
865
882
939
865
907
959
880
930
944
882
959
976
898
958
955
991
990
946
1008
1039
1034
1061
1020
991
1027
967
830
782
830
934
984
928
963
949
938
969
927
867
815
788
893
938
922
979
975
983
984
817
748
838
914
992
951
970
1003
1011
951
928
801
806
985
986
993
984
995
987
882
887
929
978
952
1019
936
919
905
861
883
804
874
850
918
909
857
832
895
932
937
961
972
915
923
855
796
840
933
948
919
854
923
996
983
964
1025
1048
976
993
1073
1025
948
995
1011
932
990
1017
936
942
867
832
756
898
933
947
937
873
913
956
969
979
975
986
994
1003
990
979
991
994
913
934
973
883
917
880
854
889
897
832
890
887
826
888
914
872
893
896
834
817
788
819
940
965
938
983
970
881
894
919
847
899
934
864
930
986
992
965
895
820
870
936
945
886
927
920
931
854
917
982
976
974
1000
1022
896
895
900
886
868
935
965
889
923
960
930
955
961
918
938
989
926
924
972
960
950
991
972
935
960
874
828
893
926
877
953
989
963
920
966
986
944
942
971
951
934
983
989
907
878
872
814
883
909
923
944
872
865
842
835
788
760
801
836
827
834
842
905
967
960
923
952
938
859
918
926
921
948
958
914
965
934
866
881
881
827
957
1025
958
1007
1051
985
931
785
708
668
674
729
744
736
758
805
818
763
807
805
781
760
785
778
770
749
776
805
775
814
854
823
828
837
785
784
752
749
781
847
845
869
877
783
842
839
779
812
808
783
800
791
754
744
726
744
774
729
756
751
731
709
689
676
652
668
701
736
723
790
837
853
870
896
867
775
807
823
782
779
841
816
742
794
825
765
765
729
723
748
790
806
760
814
876
811
837
830
747
800
817
790
726
725
674
709
746
748
739
800
807
768
853
834
769
798
810
760
824
871
868
827
872
888
791
868
888
811
897
910
867
953
965
934
984
1003
956
958
954
869
960
980
888
907
954
954
1008
1062
1033
1064
1044
979
977
995
975
945
973
939
940
926
856
843
938
853
854
897
824
823
753
765
693
696
707
744
774
767
756
662
644
651
664
673
670
659
646
653
650
646
641
643
653
663
643
654
658
693
703
705
719
710
701
650
643
633
645
650
660
646
640
640
644
660
675
699
721
712
696
690
669
676
688
692
664
628
627
639
656
680
689
699
662
661
674
693
694
690
663
685
687
691
727
688
696
711
739
768
770
785
791
757
684
719
732
748
804
792
817
710
729
751
719
746
738
744
762
794
803
817
832
762
779
831
792
801
862
911
911
923
826
869
925
859
950
928
995
937
971
977
982
996
936
977
894
928
955
899
1019
989
940
938
847
918
1006
976
1067
925
854
891
792
882
890
896
929
851
874
932
959
902
972
1024
947
936
1063
1084
998
1028
1077
999
959
990
1005
986
1018
1075
1060
1009
1021
977
966
1006
983
906
987
1021
938
983
1008
959
1048
981
837
786
877
1043
1060
1012
923
923
927
958
922
979
1004
970
908
926
940
940
932
848
885
863
1566
804
803
762
759
785
839
862
813
833
869
885
899
868
918
891
966
941
868
859
826
826
865
821
1572
769
730
808
896
889
967
1040
962
1030
1017
972
965
894
870
876
813
751
783
799
782
790
825
842
800
797
778
806
899
878
843
890
870
840
766
819
828
803
866
885
820
904
883
865
903
853
828
855
819
759
808
819
783
817
855
825
810
818
786
821
787
760
796
791
793
738
730
707
763
796
777
800
831
802
759
797
821
765
800
817
850
837
896
869
817
830
891
953
968
915
861
920
949
908
921
951
929
857
875
901
916
955
993
1030
1030
1072
1052
998
973
989
870
874
848
884
975
907
1061
1071
1003
1005
969
868
926
898
943
1024
992
965
948
944
880
858
937
895
906
916
856
873
862
837
934
972
918
924
920
826
843
861
795
865
871
861
796
840
826
1543
746
722
750
762
727
823
891
903
920
996
998
934
945
923
826
872
819
721
719
695
666
665
667
708
760
728
804
812
764
844
801
809
804
729
742
751
710
792
837
795
839
832
825
849
802
792
791
731
765
813
825
792
881
856
884
927
830
854
864
812
730
677
683
731
822
896
925
863
864
856
788
755
850
944
956
887
886
911
860
867
912
882
838
905
881
820
826
780
728
790
826
803
870
912
883
915
958
916
837
862
837
828
884
900
839
926
944
899
942
931
868
941
967
926
982
979
930
969
937
958
963
878
923
946
876
916
944
846
857
871
854
819
914
915
896
931
941
857
824
805
807
733
809
868
865
916
875
806
825
810
760
703
653
678
700
665
696
726
734
683
739
746
724
738
794
823
725
757
766
767
722
813
841
840
820
852
849
792
804
791
756
760
752
693
681
731
783
803
764
851
908
864
886
907
854
832
874
884
806
864
818
847
886
838
863
944
980
946
993
981
939
964
956
843
903
952
928
980
1034
1011
1002
1015
954
941
976
958
960
1023
1030
973
988
991
922
877
814
739
815
811
881
812
871
899
866
922
947
898
935
943
885
896
937
907
901
952
895
910
950
776
865
926
831
916
918
780
807
836
783
782
790
732
696
742
753
756
737
805
836
782
829
889
899
860
836
773
688
746
757
725
803
884
879
857
921
909
849
917
931
852
921
913
841
829
814
838
775
825
781
820
852
922
928
874
894
846
842
863
840
814
846
867
824
949
928
868
912
831
880
812
906
904
912
791
890
954
937
838
872
849
807
728
789
856
911
858
883
805
751
772
768
703
699
683
694
709
648
657
645
653
646
646
645
635
633
604
618
622
645
663
681
700
695
690
674
631
628
620
629
627
635
647
640
626
622
616
614
604
594
605
620
641
654
660
644
633
615
606
603
584
582
578
583
584
599
622
599
642
662
692
704
696
698
709
688
688
684
668
669
629
635
619
640
670
714
720
731
730
745
746
729
697
632
647
630
651
665
678
683
699
711
734
676
717
724
756
742
714
732
729
725
656
664
665
711
722
725
716
679
666
673
703
734
761
762
767
757
759
703
685
658
654
675
709
716
663
727
726
725
729
700
707
722
697
686
684
686
702
708
724
725
730
729
729
732
723
725
706
651
645
604
626
626
646
682
702
716
710
690
710
706
657
681
693
714
729
741
718
711
722
712
674
668
687
740
758
711
727
735
758
755
746
736
725
719
712
646
652
662
723
760
714
743
749
767
796
803
794
761
764
701
713
724
758
800
800
801
750
743
746
784
793
794
780
764
771
755
740
725
745
752
750
678
670
662
638
639
627
648
666
629
659
656
678
699
705
731
741
751
761
770
680
695
691
698
725
748
675
688
675
698
728
749
767
760
791
802
784
772
774
749
740
686
680
706
730
744
780
795
798
745
747
736
823
784
891
881
874
940
883
937
977
945
993
975
962
1003
928
1008
979
1033
1074
984
1023
970
1047
994
1026
1040
1021
988
837
780
969
1026
1030
958
954
991
933
947
985
1015
957
1004
981
896
879
804
908
938
879
956
988
887
839
928
913
874
873
912
947
928
921
965
926
948
979
933
901
967
976
970
977
976
924
936
901
863
970
985
906
963
868
875
919
872
877
893
881
808
891
917
870
938
958
893
938
918
869
911
900
839
899
885
847
866
835
775
792
805
791
764
824
773
837
867
811
835
886
863
824
828
852
784
806
799
769
782
852
883
821
855
804
770
814
821
735
786
819
805
852
929
980
952
971
982
940
950
950
940
866
885
788
746
758
867
1001
995
997
1000
946
990
1000
981
976
945
951
903
965
1019
895
800
771
802
781
880
921
877
897
944
872
887
924
945
855
918
908
831
902
953
965
929
977
959
890
951
930
839
822
843
833
892
919
942
811
790
747
771
893
810
877
842
801
838
737
781
765
769
811
783
853
942
903
929
956
923
914
949
940
932
936
927
911
973
961
938
961
938
847
906
905
827
892
915
802
777
757
735
779
778
764
840
763
817
785
826
835
861
858
825
808
824
899
912
873
895
841
869
854
851
891
889
843
861
883
826
864
861
796
844
852
846
777
852
880
868
798
844
793
793
799
820
737
795
847
875
891
889
938
917
830
873
862
780
783
750
763
837
767
832
846
832
896
896
898
893
769
708
741
783
795
772
804
858
878
879
868
823
865
843
821
779
808
808
760
772
811
802
819
843
783
835
870
860
872
841
885
913
874
916
965
933
944
925
865
892
897
859
907
952
902
946
950
888
944
905
818
879
922
966
953
1038
1018
1000
990
883
869
876
885
817
874
942
938
919
942
946
895
959
959
877
883
837
880
923
921
917
979
959
914
925
832
769
764
732
812
904
898
885
915
849
948
981
920
936
941
875
869
854
831
772
840
859
845
844
802
817
911
915
913
798
745
744
737
739
796
805
826
834
857
831
867
891
855
875
848
783
812
810
749
702
687
788
913
977
951
948
944
940
865
930
881
767
811
820
835
823
837
778
730
739
724
794
811
812
807
742
721
770
801
826
811
803
842
878
902
924
873
817
835
831
783
888
936
911
947
926
869
926
903
929
993
987
1004
983
895
861
919
912
851
952
959
941
982
942
935
978
978
913
889
972
995
916
914
946
939
988
1044
1034
1063
1085
1021
993
1012
1010
979
1021
955
817
776
819
785
771
747
781
857
1025
1015
1043
905
774
727
678
693
693
778
837
843
960
972
938
996
974
912
956
903
876
932
936
870
953
817
739
689
649
628
662
691
668
686
678
668
756
874
908
883
806
761
694
699
671
649
649
647
649
716
707
701
713
672
690
707
731
745
732
716
711
690
681
677
661
647
646
651
661
652
656
629
621
608
616
629
644
645
637
595
591
592
602
636
673
688
710
691
689
688
694
694
715
737
741
752
759
767
762
741
679
669
654
678
716
693
674
695
699
677
669
676
650
649
631
635
637
639
646
647
659
670
670
681
690
656
646
648
637
647
623
627
616
604
601
603
619
616
610
612
613
614
621
630
649
678
685
646
634
650
655
675
688
686
685
672
670
670
666
665
643
645
652
689
671
696
702
725
728
736
729
645
660
653
665
644
627
650
670
687
704
683
714
730
734
731
737
708
693
678
616
626
630
661
685
695
720
733
735
709
736
721
710
689
674
673
649
615
684
712
739
736
745
730
711
640
669
677
688
706
734
736
738
736
776
773
782
780
732
726
708
717
721
717
713
702
688
705
704
698
699
687
701
631
643
628
643
650
649
656
671
648
642
654
658
683
700
670
704
685
689
679
694
704
714
726
715
719
705
645
658
638
655
678
697
696
693
678
688
702
714
743
751
725
710
683
697
698
727
695
706
693
691
679
689
688
695
702
683
681
692
696
708
706
720
701
671
644
646
659
685
675
617
624
604
613
632
662
672
669
697
717
703
638
609
605
622
621
656
688
719
724
740
750
749
751
740
765
771
801
822
793
694
694
704
729
727
728
747
756
753
771
764
751
763
720
708
742
799
838
840
808
762
723
729
718
686
688
704
742
756
761
756
717
706
694
645
622
635
639
641
659
653
641
599
594
594
581
588
599
600
609
596
604
617
637
616
611
600
614
627
636
594
610
612
637
659
688
694
697
659
658
644
632
649
663
655
683
685
685
649
645
628
623
657
678
679
684
614
595
579
550
557
564
569
576
563
588
591
599
591
616
643
643
656
676
679
671
662
682
714
729
670
699
711
733
767
792
710
735
725
744
760
780
795
805
802
777
730
677
654
640
638
636
632
651
679
743
768
852
865
918
914
949
959
953
912
843
944
918
966
1010
1032
933
993
1009
992
855
792
743
944
1035
1036
1012
979
936
945
929
920
908
880
828
866
894
876
893
861
865
806
764
751
792
783
783
843
885
894
946
944
842
885
940
978
980
977
972
989
994
972
974
979
940
986
1008
883
885
860
782
854
874
904
823
891
917
845
864
884
888
803
859
869
818
859
906
938
924
854
923
980
969
937
876
879
842
839
794
757
737
795
811
811
821
874
879
876
925
949
897
927
920
816
857
882
858
893
936
921
921
955
954
841
850
816
797
833
852
921
937
938
930
909
924
933
904
867
799
804
842
898
948
852
896
905
872
810
829
841
875
819
854
880
840
770
787
770
759
752
772
780
746
772
812
837
870
762
778
816
883
919
844
889
939
966
913
1001
998
985
1022
983
973
947
924
925
873
788
786
792
796
832
885
906
874
889
897
792
807
817
759
765
785
765
810
858
863
836
879
906
872
867
907
937
893
952
976
941
966
976
928
950
989
973
942
923
819
859
879
826
854
874
886
888
935
915
834
865
884
829
854
836
768
798
846
866
870
952
1005
964
991
912
810
865
881
873
915
904
832
869
870
828
897
929
894
928
943
886
931
955
924
936
936
950
939
871
835
815
859
815
817
771
749
735
738
768
718
736
735
707
694
676
680
658
656
618
607
604
621
634
636
647
646
636
628
618
615
630
631
636
648
665
685
691
693
694
681
647
628
612
615
623
626
625
614
603
592
606
613
633
640
657
660
674
694
695
681
685
680
691
658
650
653
667
690
706
696
691
684
705
715
706
661
675
681
711
721
733
736
725
732
717
704
781
854
819
873
860
863
889
852
883
904
826
871
931
920
818
860
906
938
1014
985
998
982
981
996
923
973
1012
995
874
834
874
948
948
1022
1006
953
1005
948
916
842
981
994
1088
1064
988
998
1029
964
1021
954
998
913
982
1050
1084
1082
1001
1039
1053
1014
1028
1029
957
812
767
905
1029
1047
1044
999
950
956
984
1005
1011
999
1012
1003
1002
987
1023
1041
964
963
1009
992
867
911
940
905
953
988
950
966
954
871
808
891
931
901
904
845
845
813
810
781
771
778
753
750
680
686
689
692
701
711
726
736
736
718
722
722
680
693
705
761
769
733
743
729
728
737
740
751
762
756
737
720
727
680
695
712
755
821
872
842
848
734
741
740
744
810
842
860
847
884
908
884
945
988
997
1001
952
965
870
929
1001
976
976
960
777
804
826
850
886
866
876
857
823
729
744
732
791
796
777
700
736
737
776
819
769
783
800
792
836
850
832
855
791
838
870
902
935
895
881
903
884
923
882
974
968
982
934
912
939
890
775
725
703
772
901
856
944
996
1013
941
984
1054
1074
1032
1050
1095
1076
1047
1037
1005
1031
1095
1033
990
1048
1005
979
872
843
825
947
964
926
889
954
985
1005
938
1007
1034
955
994
1028
971
1002
1079
1051
998
1034
1039
884
791
750
919
1037
1063
1042
982
1009
996
963
968
958
934
980
994
1000
961
967
992
997
965
980
981
920
885
787
796
838
772
835
867
813
752
780
764
760
838
861
828
859
905
959
948
1012
1032
978
898
947
970
921
936
979
974
957
1010
951
1007
958
963
961
956
860
923
964
942
918
988
951
878
949
970
876
924
871
829
875
926
930
874
817
809
873
865
830
893
915
863
885
945
990
982
1039
1023
952
960
959
879
940
972
918
942
979
918
923
927
897
986
1020
974
982
980
917
947
927
908
952
979
931
979
958
955
992
964
915
942
902
891
902
852
898
919
889
943
952
930
849
876
855
842
875
924
898
841
793
846
848
848
868
792
863
845
813
915
938
983
1004
1004
1024
986
979
963
888
807
835
852
853
943
910
979
971
1011
1007
925
940
960
900
956
939
928
931
889
1017
1064
1048
1012
1031
995
925
984
1023
968
1021
1075
1014
1040
1065
999
923
956
962
883
976
976
911
989
935
854
922
906
857
907
836
839
878
906
844
903
861
954
1014
996
956
960
916
892
896
942
897
932
888
875
794
826
764
724
713
780
840
858
863
860
810
785
779
777
743
789
790
813
777
814
841
795
791
829
830
820
829
813
766
780
790
771
833
813
880
853
861
884
809
821
795
753
770
770
716
756
787
760
830
856
840
863
900
878
871
884
856
876
858
856
735
729
733
739
768
870
857
813
835
863
854
901
914
938
872
915
899
845
746
802
823
846
839
889
875
906
893
865
845
772
789
779
792
761
759
782
798
804
839
803
729
724
762
837
888
859
906
840
802
912
900
879
813
866
900
849
766
722
788
854
916
845
834
865
896
916
925
925
925
946
966
965
956
828
778
742
763
751
771
784
785
803
817
835
843
829
819
828
755
705
709
753
766
765
788
753
753
781
818
831
828
789
784
798
762
813
853
769
825
798
754
747
754
777
798
821
840
783
728
720
745
778
732
731
789
853
824
904
936
900
789
839
916
975
848
950
978
985
983
997
994
986
949
940
992
1018
994
907
938
938
867
842
938
969
1057
1038
923
831
891
991
1021
920
1005
1043
964
1003
1004
900
790
831
952
1022
1005
1055
1008
983
1008
972
892
957
971
899
960
1014
971
981
977
957
969
891
822
895
965
902
870
940
938
819
744
712
752
861
914
922
926
929
869
911
903
898
940
926
880
849
782
762
730
732
772
804
799
792
896
915
888
921
929
888
823
918
939
905
815
904
968
960
946
847
826
884
939
969
951
894
944
931
843
896
947
971
975
885
935
909
857
948
940
934
832
862
830
770
874
906
887
854
934
970
929
856
762
715
717
731
720
708
723
744
842
924
911
856
890
911
940
898
882
935
970
966
908
926
973
995
947
854
921
942
923
990
976
908
872
822
730
743
756
819
835
804
790
870
876
808
859
858
877
863
760
789
830
842
875
902
951
958
891
911
904
924
867
799
854
923
979
972
907
952
961
956
896
940
964
994
909
927
926
878
771
736
780
843
906
940
952
887
894
916
919
895
913
898
909
914
893
942
945
930
822
865
918
938
902
827
870
861
856
739
789
761
735
804
817
803
767
809
813
805
769
788
803
774
851
853
837
840
854
859
781
834
838
844
772
788
793
750
718
698
702
760
762
744
734
718
703
691
688
704
719
740
756
761
766
781
793
819
814
807
794
734
731
731
727
717
736
719
691
674
741
761
754
733
754
776
746
742
767
729
725
703
690
680
692
757
713
685
706
733
748
747
746
726