680
705
713
685
719
728
715
730
735
718
719
730
684
682
671
676
680
690
692
677
669
664
651
641
637
640
651
661
667
672
668
668
679
686
693
710
725
673
678
676
656
655
659
650
656
676
679
702
712
702
705
696
677
671
664
672
668
683
688
685
692
715
715
707
722
721
721
690
710
712
688
698
703
688
676
674
663
649
636
644
647
657
664
655
651
669
683
709
690
703
724
723
707
702
687
676
661
666
674
687
676
681
695
696
680
676
674
674
666
679
691
701
694
701
702
700
688
680
680
681
666
660
663
670
669
672
659
638
632
651
668
662
670
658
665
659
658
656
652
637
630
628
620
609
611
607
609
596
602
598
590
592
585
585
590
599
598
604
622
634
623
616
633
623
617
621
632
638
633
619
620
611
615
627
646
644
636
636
627
635
636
628
636
637
642
635
652
680
679
697
719
716
695
697
701
679
677
676
666
646
642
637
637
623
621
611
619
624
628
631
620
612
613
624
623
625
627
632
645
644
637
626
616
615
617
628
632
634
636
644
679
682
680
708
731
734
715
721
729
713
694
725
754
731
736
769
761
756
758
742
732
769
767
732
718
733
815
843
854
858
865
838
868
895
880
867
844
810
797
772
746
720
716
709
722
770
783
768
738
756
752
730
723
730
742
759
747
764
780
778
779
768
771
795
796
778
801
822
810
768
750
735
754
766
739
757
768
771
748
777
795
807
774
795
815
806
786
791
782
727
693
704
728
710
757
766
762
776
763
764
752
734
721
722
710
693
716
769
815
805
734
740
735
707
698
674
672
637
668
633
650
646
639
635
626
619
616
606
597
592
590
583
580
583
591
600
595
607
653
646
709
751
696
756
730
708
720
686
672
678
701
699
741
779
770
747
785
771
743
794
794
766
808
747
691
703
724
700
695
697
713
704
723
709
711
706
680
679
676
658
657
666
676
666
684
706
698
720
734
695
687
667
682
691
718
742
742
709
717
729
726
703
705
704
714
708
680
678
688
702
688
688
721
722
736
745
738
748
763
770
743
733
700
709
707
702
698
681
658
639
651
672
693
718
734
728
729
718
695
720
721
714
712
718
716
685
668
660
656
660
668
682
690
688
656
657
662
670
680
688
690
695
682
688
658
661
660
669
676
683
681
667
659
653
650
631
622
617
637
669
708
748
754
758
763
718
737
764
715
723
755
771
754
788
804
762
798
813
749
779
804
771
775
762
755
742
754
752
754
756
751
737
710
713
716
704
673
691
701
694
711
724
731
723
702
740
764
743
755
778
785
744
748
721
694
705
721
754
771
813
817
811
760
781
801
770
757
792
803
791
779
814
854
857
883
929
958
938
929
960
972
945
988
1003
947
943
939
938
906
938
942
889
882
835
772
805
809
805
812
808
812
857
885
907
860
905
938
897
884
896
858
854
899
894
876
909
886
828
807
771
805
796
779
802
811
814
785
776
820
795
803
811
785
795
793
801
787
729
713
679
704
718
747
727
728
745
726
722
739
755
779
783
820
838
834
817
838
865
864
817
847
868
901
882
866
887
898
889
842
873
838
771
740
809
858
906
908
854
895
901
906
891
884
894
896
845
883
891
872
836
875
902
903
856
899
916
896
862
858
804
748
735
719
728
751
740
739
771
726
754
742
733
756
782
807
771
808
828
834
767
777
793
804
825
854
869
885
846
849
848
868
858
863
896
918
919
874
870
864
869
823
854
896
881
847
869
885
865
846
859
850
817
823
802
732
701
696
728
761
795
829
818
784
828
842
857
805
823
822
840
825
841
845
838
788
809
802
792
775
807
801
771
776
753
734
758
763
761
771
740
755
786
803
770
769
779
784
751
797
821
821
789
825
849
855
820
834
815
768
761
773
767
729
750
750
721
735
759
785
771
762
768
755
729
755
766
768
743
769
794
763
730
728
772
785
769
721
724
735
761
781
774
757
810
831
841
821
813
782
728
744
741
741
707
721
732
753
764
802
813
802
786
805
825
836
806
830
851
860
816
841
876
870
826
851
888
889
837
859
864
853
805
831
851
847
814
831
826
775
807
848
863
833
778
746
779
828
861
874
854
818
825
820
819
820
793
785
807
825
847
853
813
834
834
840
796
723
692
687
721
737
732
780
802
822
780
775
784
779
758
725
736
745
753
729
765
778
802
780
771
757
744
764
773
731
761
766
780
751
782
807
830
796
822
837
837
827
806
814
784
757
799
815
831
785
813
854
876
852
816
860
876
872
805
818
845
843
835
843
900
909
889
822
832
811
757
723
712
703
727
716
727
724
717
697
699
713
732
730
713
716
698
684
688
730
785
814
798
813
818
793
779
787
789
786
777
767
755
719
727
733
731
728
754
723
690
660
682
719
789
838
850
938
934
926
889
884
867
836
821
835
826
776
806
832
853
827
812
832
830
813
806
822
821
801
796
805
813
749
713
735
744
759
770
742
781
825
859
828
849
857
863
859
830
876
902
896
853
883
875
806
838
847
850
820
849
875
872
818
841
838
828
790
810
814
820
786
817
829
848
796
816
833
875
851
817
742
756
751
717
739
744
753
738
765
804
822
834
791
830
855
845
814
834
853
763
710
702
735
788
836
830
797
842
843
834
817
833
841
832
819
828
845
844
851
846
801
838
844
848
797
825
844
859
811
815
825
837
831
831
860
856
845
817
824
819
771
793
816
829
829
785
805
800
777
776
772
774
765
805
812
821
793
812
812
817
783
810
807
809
778
805
803
780
773
785
789
790
766
785
778
779
754
760
773
765
760
786
781
780
765
793
788
771
733
768
781
796
786
828
836
819
808
828
825
823
793
813
801
770
778
791
791
783
817
819
802
824
813
800
776
799
809
792
771
802
797
786
757
769
762
762
728
757
765
773
760
791
797
802
763
781
778
772
748
769
790
778
770
795
807
789
787
802
802
771
756
760
753
719
692
700
734
756
767
766
775
793
791
791
754
765
767
781
755
779
832
865
857
815
846
837
827
794
759
786
793
788
773
774
811
829
842
800
804
816
813
749
774
748
722
747
763
741
754
744
744
785
794
762
790
790
793
776
785
813
818
797
807
817
827
799
824
830
804
771
790
804
814
771
797
837
844
809
813
815
809
775
796
813
810
777
806
825
828
826
855
849
816
843
834
818
802
841
819
802
830
850
830
807
837
851
808
780
820
839
833
777
768
778
777
748
718
740
764
792
793
788
825
823
784
808
819
812
790
820
847
813
801
840
832
791
813
826
813
819
838
856
812
823
824
830
768
775
796
819
813
826
862
891
852
838
856
842
797
804
814
816
829
863
862
802
816
813
801
771
808
830
791
847
867
856
803
822
825
803
786
798
813
782
775
809
791
738
695
682
680
713
740
783
821
848
848
834
773
797
797
803
802
806
800
765
786
793
811
828
806
812
811
798
761
784
781
763
765
798
776
752
768
771
756
740
761
760
736
729
749
763
746
775
780
777
756
792
773
744
721
729
753
770
791
772
825
843
829
805
773
781
782
778
757
789
798
805
783
797
786
776
760
779
773
789
768
805
846
829
791
791
793
784
747
770
764
780
756
799
817
813
768
796
809
804
783
800
787
790
761
802
807
811
789
825
821
797
760
792
806
802
767
782
788
808
776
816
841
831
807
859
888
837
790
791
792
779
756
797
815
816
794
844
839
826
764
759
756
722
722
716
694
691
699
680
688
693
691
678
679
688
673
653
658
671
708
694
727
779
830
831
843
872
878
824
836
852
867
822
845
860
854
816
874
908
889
907
932
916
873
823
762
780
800
802
773
754
771
758
744
729
709
689
702
736
760
784
799
815
823
795
823
852
881
879
863
830
845
867
870
857
898
936
931
878
932
962
947
916
884
914
935
902
854
882
902
894
843
856
821
800
823
829
797
764
795
792
772
724
760
762
771
740
788
804
801
756
782
782
761
736
752
749
719
734
764
761
748
773
757
759
761
751
719
730
743
761
752
770
773
780
764
798
806
812
766
785
783
785
747
758
734
723
749
762
792
780
786
826
841
813
813
822
824
807
789
816
843
846
889
894
891
878
915
929
909
879
871
864
781
743
771
829
819
769
793
771
762
782
802
755
768
771
772
754
773
796
810
789
784
804
816
778
804
817
817
793
824
847
777
751
722
738
760
750
796
797
772
771
740
744
774
751
782
804
805
767
783
795
781
746
759
743
729
716
702
688
699
730
711
753
783
798
747
726
746
758
753
753
775
796
791
768
797
806
764
796
823
820
749
743
751
743
692
680
682
711
767
801
801
812
773
787
801
804
804
787
760
731
716
751
780
802
818
812
825
814
753
767
773
755
749
787
828
806
821
818
793
757
787
784
754
763
794
806
767
783
809
819
785
790
800
819
771
750
734
724
767
822
845
834
841
837
786
824
837
830
797
824
847
811
834
861
822
848
834
787
805
810
804
785
774
800
799
740
782
806
790
753
739
756
775
803
774
799
822
824
798
806
840
841
797
793
832
825
789
801
813
811
757
747
765
777
767
763
802
791
736
775
787
770
731
752
750
726
709
732
738
718
744
742
737
691
720
719
735
719
737
737
705
731
736
725
764
808
820
780
821
810
763
763
764
768
709
743
774
797
765
788
792
791
737
764
770
768
732
769
770
780
749
797
797
745
780
787
786
765
805
803
763
750
751
763
734
790
823
816
763
738
731
810
841
854
874
863
820
822
830
829
811
839
852
849
820
809
826
842
845
806
833
840
825
773
784
780
779
741
771
787
805
780
779
770
722
703
687
721
771
782
763
798
818
824
808
827
831
781
813
825
814
806
837
829
777
786
789
814
787
817
812
805
765
817
809
796
759
800
833
849
821
860
863
815
809
832
852
840
861
861
823
815
828
824
790
827
825
805
834
866
853
844
875
849
822
828
858
801
778
756
728
735
810
885
862
822
786
818
835
836
832
786
765
784
803
811
835
809
779
818
859
872
884
841
846
848
854
866
857
863
876
881
843
845
828
817
810
857
861
798
815
835
806
785
829
842
814
864
898
887
852
870
890
837
863
881
891
854
884
899
878
864
868
858
820
832
826
828
823
840
841
800
825
825
818
813
846
860
815
784
795
808
813
818
885
893
863
859
883
854
773
746
769
829
877
916
938
945
938
883
891
897
891
893
883
852
813
811
839
852
872
845
877
874
859
802
812
826
813
786
788
812
820
788
815
841
834
799
814
822
797
770
792
800
755
779
776
744
753
733
733
767
743
760
772
766
733
733
743
759
727
744
779
809
782
818
845
855
810
830
831
792
760
764
767
768
752
790
814
808
782
811
802
753
741
770
770
748
788
809
813
795
814
807
763
741
744
751
725
739
715
706
663
676
681
692
691
716
732
719
729
736
729
701
714
713
711
683
668
675
676
693
708
694
702
707
723
705
726
720
723
688
680
695
704
717
713
714
746
760
759
733
729
735
734
709
732
738
734
724
737
764
798
796
756
726
700
720
757
783
797
797
777
791
813
833
825
835
835
854
863
874
906
912
896
874
896
901
879
920
930
912
919
938
943
854
918
932
885
848
844
825
813
785
779
810
791
766
790
790
758
784
805
818
789
846
856
848
844
858
868
829
846
835
828
812
878
939
949
948
984
960
889
885
902
891
913
928
910
858
873
895
854
875
928
946
920
925
925
899
880
927
959
989
962
950
963
971
910
923
942
970
916
942
939
888
921
943
873
862
860
850
799
813
860
835
783
835
869
836
813
776
765
804
818
798
822
831
825
780
805
826
871
859
922
957
930
887
898
876
809
813
813
818
790
803
793
735
725
737
751
760
737
771
785
783
752
771
777
783
757
779
792
816
781
803
800
803
790
827
849
788
815
789
759
810
762
767
778
787
769
770
764
747
737
745
742
756
807
864
849
879
896
870
885
887
864
869
844
817
840
853
885
891
905
915
880
872
896
906
869
887
883
871
835
864
862
799
817
814
799
767
811
836
831
810
852
865
825
839
840
809
781
795
784
766
797
810
825
820
876
893
853
853
856
817
820
848
835
792
811
829
821
794
822
828
797
829
842
810
833
845
793
802
817
798
774
784
780
748
767
797
816
799
838
868
846
872
896
904
855
882
880
828
844
856
846
906
931
904
902
906
897
853
810
793
854
903
928
915
890
831
859
888
887
871
898
904
898
881
920
937
928
916
939
931
890
880
853
814
838
846
828
792
785
765
734
719
755
787
771
780
779
763
729
761
819
802
843
864
860
816
803
774
734
768
765
728
765
824
825
793
848
873
806
896
922
838
869
875
813
837
859
855
799
800
812
816
818
781
824
844
843
809
813
833
835
770
766
732
723
720
806
864
834
870
923
926
899
948
947
922
954
969
921
874
896
874
821
842
849
839
841
869
855
808
839
843
785
736
772
820
853
821
807
839
871
868
821
827
765
741
729
723
721
707
691
695
691
710
716
711
709
705
699
677
672
662
669
685
696
709
703
694
689
687
686
698
695
698
695
705
698
693
687
686
707
727
739
713
681
684
669
674
697
713
720
708
712
688
702
727
725
720
769
778
743
786
817
766
746
722
750
789
815
830
815
858
835
813
845
803
802
853
834
886
901
844
881
896
850
859
891
852
875
933
921
928
967
949
922
945
924
862
905
909
856
934
944
910
922
921
918
878
901
909
911
944
903
896
833
835
805
792
835
833
787
813
811
789
726
736
744
771
739
778
771
773
748
717
708
689
680
637
653
643
648
649
652
649
651
639
620
605
591
589
582
583
584
588
598
603
601
590
591
597
613
635
649
648
634
662
657
658
656
650
665
642
663
662
660
640
668
677
686
694
735
728
724
716
710
712
700
699
670
702
723
731
762
780
808
808
828
803
776
690
694
698
719
767
720
751
769
771
783
774
816
818
763
770
774
757
801
789
830
839
855
865
871
852
795
780
777
791
760
796
794
798
866
904
854
879
894
876
890
923
876
822
872
897
814
867
904
912
940
940
902
869
801
759
783
801
820
866
862
849
842
818
773
808
765
759
810
831
859
888
914
922
923
921
908
876
839
805
784
735
720
711
712
735
774
803
783
793
799
815
797
819
813
798
804
801
767
775
800
825
825
835
833
847
837
816
807
809
814
816
773
771
781
792
797
806
800
771
727
754
804
827
882
908
884
923
950
900
897
904
859
881
884
827
872
896
865
865
806
756
796
852
859
853
825
820
778
741
701
674
695
723
760
780
793
791
810
824
808
774
771
758
750
702
696
670
680
680
676
701
701
678
646
641
624
620
623
612
614
609
603
598
612
636
656
683
718
735
715
732
749
733
720
768
788
779
773
769
753
735
725
684
684
681
656
650
627
655
694
737
768
818
875
821
866
851
838
822
795
786
780
767
758
702
695
690
702
707
760
803
819
833
859
859
830
803
801
845
873
791
786
815
857
901
897
921
914
813
835
822
793
826
851
890
922
918
912
878
771
773
804
799
815
858
865
859
864
874
881
898
885
850
845
829
753
766
771
800
837
861
875
853
804
791
791
796
813
807
814
813
847
875
909
907
914
910
907
845
892
905
876
933
959
958
958
957
978
950
928
920
826
831
889
913
908
908
902
874
838
770
757
751
756
760
787
796
773
771
779
789
797
793
782
779
769
757
730
733
716
706
728
748
769
794
757
767
808
845
832
871
920
911
887
902
877
812
820
864
847
889
905
869
896
890
879
895
873
887
864
876
879
849
858
862
854
876
899
885
894
910
881
790
755
730
732
771
810
839
869
870
926
938
931
938
941
920
905
863
848
859
872
903
895
886
900
883
925
940
910
943
949
935
937
955
950
926
949
881
835
878
911
922
963
955
975
942
964
966
877
915
925
911
987
1008
964
971
949
942
971
961
964
991
946
949
955
947
998
1009
973
1004
1017
967
1014
1022
982
993
1009
989
959
979
982
953
975
984
951
952
974
987
967
991
979
929
961
973
951
958
943
888
933
951
897
909
935
895
937
931
900
901
928
928
885
922
943
908
919
926
888
885
892
877
854
879
908
886
933
932
928
907
940
972
949
951
960
948
912
910
885
851
858
862
827
794
824
882
873
869
890
899
844
882
903
836
793
772
813
928
979
991
995
988
998
1010
980
999
987
963
967
941
911
931
923
932
941
983
961
869
897
908
864
893
893
845
872
860
822
848
869
829
798
823
889
895
869
880
896
872
862
888
887
862
888
921
924
902
944
967
944
938
948
951
921
938
951
941
915
939
964
923
936
961
964
993
968
1005
1010
979
1002
995
959
1002
1021
999
1023
1006
964
982
979
934
956
912
938
951
894
903
888
846
875
919
943
958
998
998
976
983
990
948
935
944
949
932
979
967
910
926
929
918
871
938
973
943
973
995
955
976
979
950
920
933
906
927
978
947
955
984
961
925
934
909
889
923
927
920
971
987
957
968
969
952
947
968
963
918
947
968
956
990
992
961
974
971
936
962
962
938
932
959
944
915
957
945
909
941
953
961
997
978
968
977
952
951
938
939
954
932
917
943
957
932
978
980
926
953
955
932
963
980
947
981
984
938
952
950
916
927
932
875
886
895
840
762
750
775
806
840
854
850
821
794
771
791
834
821
828
854
883
896
896
879
902
893
839
889
886
904
951
918
976
1019
937
965
948
869
898
902
876
921
945
919
929
958
952
939
961
946
932
944
957
908
951
983
949
979
999
951
960
934
872
884
889
882
857
918
948
940
916
930
914
866
904
909
858
860
877
852
823
862
862
777
764
784
776
765
769
749
771
764
732
729
720
689
679
693
724
715
780
815
875
846
937
939
927
954
885
913
924
862
897
918
862
916
948
897
927
903
838
828
897
875
890
952
976
924
946
982
983
968
1019
1036
996
1035
1049
1007
1043
1044
999
987
999
920
949
972
939
967
989
964
972
982
944
934
916
890
852
822
800
787
764
767
749
744
731
704
717
711
721
722
716
693
688
659
657
645
658
691
724
729
703
715
715
709
712
717
724
698
693
701
673
688
690
718
724
729
741
747
732
695
668
663
679
664
662
662
673
677
647
661
660
675
704
731
711
694
686
687
683
669
687
726
750
771
746
737
704
700
724
735
729
676
685
684
686
720
715
730
751
764
763
756
773
754
725
716
704
719
734
757
788
739
785
818
776
816
834
797
814
854
876
836
829
801
876
908
855
919
939
913
933
963
958
905
960
945
870
930
958
910
968
982
924
947
967
950
925
978
1005
976
1023
1015
1064
1068
1019
999
983
947
927
963
934
955
947
868
884
915
979
983
966
964
909
920
879
778
771
734
716
706
751
808
856
837
890
938
943
912
908
851
825
825
859
903
938
926
998
1009
981
1021
1039
958
927
930
870
901
963
957
919
890
888
921
925
876
880
926
951
924
913
942
947
932
876
932
950
963
967
939
898
949
922
886
910
905
860
898
919
880
871
927
950
904
907
908
898
944
976
958
997
986
991
999
964
1001
988
992
1004
968
1002
1002
936
933
989
1032
997
1041
1040
997
994
1014
969
910
896
842
849
980
1021
1010
1024
1015
971
930
938
920
859
908
929
899
958
966
935
925
931
913
863
894
900
878
912
931
924
891
944
933
895
937
942
897
918
918
897
822
787
768
804
861
890
905
907
907
864
876
891
896
869
898
907
888
885
913
930
906
953
945
922
948
959
923
928
934
922
925
941
941
938
955
956
940
958
948
942
983
987
947
987
984
947
928
922
896
919
932
936
910
938
928
867
825
820
884
939
985
989
975
988
978
940
968
947
924
890
931
939
932
942
977
971
983
983
950
951
938
884
901
904
887
870
868
875
906
881
864
921
956
940
929
968
976
935
850
874
909
907
873
914
919
854
865
860
816
824
822
833
820
896
911
871
903
907
874
874
917
910
916
921
915
947
973
958
926
930
918
885
916
942
907
909
924
916
917
930
909
899
925
906
884
912
896
874
913
922
906
925
918
907
948
932
906
936
918
854
912
934
897
933
945
910
929
927
926
925
943
928
928
965
971
938
957
954
921
954
973
966
985
991
952
938
953
959
942
993
997
965
1012
1024
1013
989
990
967
953
973
973
948
949
951
947
928
974
957
921
921
901
817
789
826
862
882
843
878
896
854
872
878
861
815
845
822
851
889
853
874
878
871
868
910
921
895
937
968
955
931
955
956
938
965
954
919
956
934
921
966
963
944
945
891
884
902
867
784
795
856
906
932
911
897
903
901
863
849
874
906
904
938
958
958
961
942
911
898
927
930
897
916
939
904
905
883
842
868
875
873
875
899
856
836
841
816
798
806
760
782
756
737
774
773
825
872
855
806
825
826
780
808
828
812
801
837
806
845
851
810
836
844
826
832
852
816
853
837
781
774
797
809
791
843
886
901
890
887
882
837
856
848
819
823
839
842
838
890
906
892
879
838
846
831
782
775
793
767
752
798
818
789
819
819
811
801
783
734
743
718
697
722
764
743
767
782
772
743
774
794
758
785
793
766
810
819
786
809
827
767
797
802
780
813
852
857
838
883
894
830
851
854
805
812
833
828
766
778
786
808
800
780
752
717
707
677
669
654
655
661
665
669
679
687
664
678
687
701
715
723
707
706
724
716
742
742
734
718
691
677
660
646
628
636
643
646
627
631
641
629
655
635
667
683
701
743
756
754
770
759
755
743
734
694
697
693
701
719
742
790
813
831
818
873
835
880
872
848
873
908
880
916
951
923
946
1002
1012
958
978
990
972
931
971
990
937
931
891
967
980
940
959
983
979
961
942
982
1004
982
1027
1037
1016
1039
1031
984
1008
1024
1006
1005
1027
1011
1004
1002
968
872
941
944
927
919
925
934
934
925
886
912
919
920
892
839
831
897
839
915
936
894
925
883
894
922
890
935
945
929
927
877
920
894
897
929
939
923
968
979
931
955
927
954
857
832
808
828
866
878
863
914
948
927
850
853
839
819
845
790
747
735
698
716
730
731
682
698
687
686
680
667
670
658
648
636
624
618
614
601
606
624
658
666
700
741
740
773
822
812
814
797
720
704
710
709
706
721
720
722
737
736
741
735
703
660
660
639
622
626
625
627
650
657
670
673
673
677
678
673
661
651
626
615
602
612
635
659
678
695
713
696
711
758
786
791
762
767
757
760
745
730
655
650
638
646
653
669
705
743
755
781
739
743
752
775
765
766
764
722
744
749
769
707
725
731
741
770
741
741
725
741
756
761
771
759
746
737
717
664
669
669
675
715
746
749
714
705
727
734
735
750
757
758
737
728
705
687
680
655
662
690
750
764
777
774
761
740
736
686
684
711
717
729
806
849
859
920
963
931
929
955
938
871
910
937
901
939
910
951
965
907
943
950
903
912
882
867
913
920
914
871
906
898
851
909
920
874
833
845
947
988
944
975
946
952
968
935
957
1003
996
1005
1009
950
1018
1048
1014
1019
958
974
985
974
992
1021
1004
995
1008
980
1010
1011
962
994
1007
979
1010
1012
962
993
989
952
988
997
969
965
961
957
930
976
970
965
976
966
935
970
962
929
915
937
941
914
967
1002
992
1001
1021
1008
940
953
941
904
894
925
942
939
977
985
959
976
983
983
932
951
951
928
978
986
889
850
779
778
854
901
917
888
884
879
866
870
868
876
869
872
900
912
878
938
963
954
972
982
978
987
986
971
957
962
962
950
964
946
914
959
931
864
909
935
928
961
948
922
860
862
887
915
920
872
830
857
856
853
802
802
854
853
841
845
854
841
796
724
710
698
698
701
739
748
768
868
944
913
960
979
986
934
955
941
932
856
887
888
862
821
867
895
882
863
937
952
910
870
900
907
876
835
877
878
880
847
878
900
890
899
939
942
893
917
945
930
882
888
897
905
854
918
904
858
859
883
889
818
872
884
850
781
817
771
824
840
822
839
858
858
822
786
819
823
834
790
852
870
858
826
873
864
838
839
860
854
797
840
856
851
833
822
776
798
823
805
736
716
750
810
853
855
801
764
794
821
828
785
807
854
889
900
895
890
897
889
885
883
885
876
832
885
901
909
923
937
923
887
901
883
838